EUROPEAN CLIMATE ASSESSMENT & DATASET (ECA&D), file created on: 10-05-2011
THESE DATA CAN BE USED FREELY PROVIDED THAT THE FOLLOWING SOURCE IS ACKNOWLEDGED: 

Klein Tank, A.M.G. and Coauthors, 2002. Daily dataset of 20th-century surface
air temperature and precipitation series for the European Climate Assessment.
Int. J. of Climatol., 22, 1441-1453.
Data and metadata available at http://eca.knmi.nl

FILE FORMAT (MISSING VALUE CODE = -999999):

THIS FILE HOLDS DATA FOR STATION UKRAINE                                  TERNOPOL                                 (STAID:   1490)
LATITUDE: dd:mm:ss +49:34:12
LONGITUDE: ddd:mm:ss +025:36:00
ELEVATION: m  334

DATA IS FOR INDEX Mean of daily mean temperature (TG) with unit 0.01 Temperature (&#176;C)

01-06 SOUID: Source identifier
08-11 YEAR : YYYY
13-20 ANNUAL DATA VALUES
21-28 WINTER HALF YEAR DATA VALUES
29-36 SUMMER HALF YEAR DATA VALUES
37-44 WINTER (DJF) DATA VALUES
45-52 SPRING (MAM) DATA VALUES
53-60 SUMMER (JJA) DATA VALUES
61-68 AUTUMN (SON) DATA VALUES
69-76 JANUARY DATA VALUES
etc. 
157-164 DECEMBER DATA VALUES

1490   1995 -999999 -999999 -999999 -999999 747     1831    682     -404    168     258     733     1250    1741    1930    1821    1288    910     -199    -609    
1490   1996 -999999 -999999 -999999 -787    678     1729    788     -921    -827    -500    697     1720    1705    1694    1788    1027    818     519     -507    
1490   1997 -999999 -999999 -999999 -999999 686     1736    677     -588    -33     202     390     1430    1654    1793    1755    1196    571     280     -290    
1490   1998 -999999 -999999 -999999 -87     773     1770    603     -109    169     22      1032    1299    1805    1820    1683    1275    746     -246    -613    
1490   1999 -999999 -999999 -999999 -350    784     1895    799     -221    -222    225     991     1195    1956    2018    1716    1479    830     87      -184    
1490   2000 -999999 -999999 -999999 -204    941     1742    918     -471    50      216     1186    1444    1654    1723    1849    1135    989     606     96      
1490   2001 -999999 -999999 -999999 -121    843     1823    789     -191    -276    263     897     1373    1528    2064    1868    1235    1022    103     -698    
1490   2002 -999999 -999999 -999999 -238    934     1898    836     -314    337     439     781     1581    1701    2093    1892    1333    747     434     -835    
1490   2003 -999999 -999999 -999999 -999999 792     1837    765     -443    -756    -13     597     1787    1734    1909    1864    1328    531     421     -92     
1490   2004 -999999 -999999 -999999 -327    761     1767    859     -633    -250    217     808     1241    1603    1894    1802    1290    953     311     -70     
1490   2005 -999999 -999999 -999999 -245    739     1764    827     -144    -564    -72     886     1369    1582    1935    1789    1468    886     122     -95     
1490   2006 -999999 -999999 -999999 -483    685     -999999 962     -817    -557    -135    907     1331    1670    1941    1838    1475    949     464     122     
1490   2007 -999999 -999999 -999999 52      1004    1947    737     206     -216    614     830     1576    1839    2041    1959    1366    837     5       -283    
1490   2008 -999999 -999999 -999999 -126    898     1831    889     -268    211     398     932     1365    1734    1847    1899    1259    978     409     8       
1490   2009 -999999 -999999 -999999 -167    823     1852    952     -360    -144    119     1006    1374    1731    2006    1821    1538    814     508     -318    
1490   2010 775     -16     1613    -554    876     1987    830     -914    -409    191     899     1538    1788    2114    2049    1281    536     685     -490    
1490   2011 -999999 -999999 -999999 -392    -999999 -999999 -999999 -210    -476    81      915     -999999 -999999 -999999 -999999 -999999 -999999 -999999 -999999 
