EUROPEAN CLIMATE ASSESSMENT & DATASET (ECA&D), file created on: 10-05-2011
THESE DATA CAN BE USED FREELY PROVIDED THAT THE FOLLOWING SOURCE IS ACKNOWLEDGED: 

Klein Tank, A.M.G. and Coauthors, 2002. Daily dataset of 20th-century surface
air temperature and precipitation series for the European Climate Assessment.
Int. J. of Climatol., 22, 1441-1453.
Data and metadata available at http://eca.knmi.nl

FILE FORMAT (MISSING VALUE CODE = -999999):

THIS FILE HOLDS DATA FOR STATION BELARUS                                  MOGILEV;AMSG                             (STAID:    638)
LATITUDE: dd:mm:ss +53:54:00
LONGITUDE: ddd:mm:ss +030:19:12
ELEVATION: m  152

DATA IS FOR INDEX Mean of daily mean temperature (TG) with unit 0.01 Temperature (&#176;C)

01-06 SOUID: Source identifier
08-11 YEAR : YYYY
13-20 ANNUAL DATA VALUES
21-28 WINTER HALF YEAR DATA VALUES
29-36 SUMMER HALF YEAR DATA VALUES
37-44 WINTER (DJF) DATA VALUES
45-52 SPRING (MAM) DATA VALUES
53-60 SUMMER (JJA) DATA VALUES
61-68 AUTUMN (SON) DATA VALUES
69-76 JANUARY DATA VALUES
etc. 
157-164 DECEMBER DATA VALUES

638    1995 -999999 -999999 -999999 -999999 737     1772    586     -540    15      236     723     1253    1855    1723    1738    1219    751     -225    -879    
638    1996 540     -999999 1390    -924    605     1682    719     -975    -917    -519    757     1576    1563    1671    1812    950     727     480     -691    
638    1997 574     -60     1297    -527    527     1729    540     -630    -231    -12     385     1186    1654    1815    1716    988     509     138     -687    
638    1998 -999999 -999999 -999999 -392    617     -999999 -999999 -230    -239    -113    678     1287    1852    -999999 -999999 -999999 567     -999999 -620    
638    1999 -999999 -999999 -999999 -999999 687     1923    -999999 -403    -543    54      959     991     2039    2028    1695    1319    715     -212    -140    
638    2000 -999999 -999999 -999999 -999999 -999999 -999999 -999999 -999999 -999999 28      1042    1146    1502    1750    1670    990     783     -999999 -999999 
638    2001 -999999 -999999 -999999 -999999 -999999 -999999 -999999 -999999 -999999 -139    1019    1175    1522    2262    1798    1207    747     -5      -1003   
638    2002 -999999 -999999 1491    -456    832     1879    537     -411    81      332     759     1372    1656    2110    1865    1155    375     70      -1038   
638    2003 -999999 -999999 -999999 -840    646     1696    608     -641    -840    -148    472     1576    1443    2018    1626    1128    492     208     -187    
638    2004 -999999 -999999 -999999 -501    573     1687    653     -692    -616    27      625     1070    1443    1781    1831    1262    747     -54     -88     
638    2005 629     -142    1429    -352    517     1698    728     -214    -797    -505    739     1332    1492    1849    1740    1380    694     110     -345    
638    2006 618     -292    1412    -725    481     1756    766     -854    -1003   -411    656     1204    1647    1846    1776    1339    793     165     189     
638    2007 735     -999999 1456    -258    865     1808    611     -53     -1008   529     597     1450    1764    1711    1948    1240    697     -109    -161    
638    2008 749     38      1396    -195    743     1718    728     -365    -51     213     894     1122    1507    1815    1826    1182    864     137     -187    
638    2009 654     -999999 1385    -368    628     1665    771     -474    -454    -53     731     1210    1603    1812    1578    1371    600     349     -489    
638    2010 670     -254    1653    -781    744     2098    682     -1294   -538    -158    863     1532    1874    2285    2128    1205    417     432     -767    
638    2011 -999999 -253    -999999 -739    -999999 -999999 -999999 -495    -979    -176    770     -999999 -999999 -999999 -999999 -999999 -999999 -999999 -999999 
