EUROPEAN CLIMATE ASSESSMENT & DATASET (ECA&D), file created on: 10-05-2011
THESE DATA CAN BE USED FREELY PROVIDED THAT THE FOLLOWING SOURCE IS ACKNOWLEDGED: 

Klein Tank, A.M.G. and Coauthors, 2002. Daily dataset of 20th-century surface
air temperature and precipitation series for the European Climate Assessment.
Int. J. of Climatol., 22, 1441-1453.
Data and metadata available at http://eca.knmi.nl

FILE FORMAT (MISSING VALUE CODE = -999999):

THIS FILE HOLDS DATA FOR STATION ESTONIA                                  PJARNU                                   (STAID:    699)
LATITUDE: dd:mm:ss +58:22:00
LONGITUDE: ddd:mm:ss +024:30:00
ELEVATION: m    8

DATA IS FOR INDEX Mean of daily mean temperature (TG) with unit 0.01 Temperature (&#176;C)

01-06 SOUID: Source identifier
08-11 YEAR : YYYY
13-20 ANNUAL DATA VALUES
21-28 WINTER HALF YEAR DATA VALUES
29-36 SUMMER HALF YEAR DATA VALUES
37-44 WINTER (DJF) DATA VALUES
45-52 SPRING (MAM) DATA VALUES
53-60 SUMMER (JJA) DATA VALUES
61-68 AUTUMN (SON) DATA VALUES
69-76 JANUARY DATA VALUES
etc. 
157-164 DECEMBER DATA VALUES

699    1936 697     -999999 1404    -999999 576     1869    595     -197    -772    52      505     1170    1909    1995    1705    1116    381     295     141     
699    1937 663     -80     1478    -339    630     1801    802     -743    -424    -149    675     1366    1727    1805    1869    1405    742     262     -639    
699    1938 714     -5      1356    -382    466     1778    940     -332    -152    85      351     958     1438    1936    1948    1479    825     521     -541    
699    1939 643     48      1358    -328    421     1898    510     -431    22      -97     326     1030    1646    1912    2126    1071    270     197     -391    
699    1940 413     -554    1279    -1026   248     1686    687     -1264   -1452   -716    181     1278    1613    1900    1543    1129    649     284     -263    
699    1941 -999999 -279    -999999 -753    159     -999999 -999999 -1176   -826    -374    33      816     1296    -999999 -999999 -999999 321     -237    -648    
699    1942 327     -723    1173    -1121   -1      1560    686     -1487   -1239   -1083   179     906     1323    1595    1753    1257    823     -28     -184    
699    1943 675     -29     1269    -345    476     1644    804     -797    -23     34      373     1017    1653    1659    1620    1276    927     205     113     
699    1944 -999999 118     -999999 -96     340     1703    -999999 -119    -294    -144    211     950     1368    1932    1797    -999999 -999999 -999999 -999999 
699    1945 -999999 -999999 -999999 -999999 -999999 -999999 536     -999999 -999999 -999999 -999999 -999999 -999999 -999999 1775    1014    480     118     -580    
699    1946 542     -213    1297    -520    371     1669    529     -416    -568    -333    401     1048    1521    1823    1658    1313    338     -58     -296    
699    1947 466     -431    1294    -774    250     1724    613     -820    -1253   -565    248     1069    1662    1822    1685    1256    557     27      -215    
699    1948 606     -166    1286    -473    468     1634    690     -490    -731    -172    345     1227    1554    1731    1615    1217    661     194     60      
699    1949 710     80      1296    -46     472     1552    841     -82     -124    -243    392     1265    1414    1716    1521    1448    775     302     73      
699    1950 549     -97     1267    -497    475     1558    699     -1189   -363    -191    502     1115    1435    1595    1638    1299    670     130     -99     
699    1951 543     -169    1228    -432    198     1634    685     -682    -524    -535    314     819     1456    1607    1835    1317    716     21      95      
699    1952 474     -101    1137    -129    70      1538    503     -94     -407    -956    331     844     1374    1649    1584    1020    481     8       -180    
699    1953 605     -195    1323    -490    447     1729    747     -534    -785    -212    518     1037    1766    1773    1648    1182    847     209     -279    
699    1954 568     -163    1291    -670    501     1625    701     -617    -1162   -58     209     1344    1523    1722    1628    1293    692     117     -10     
699    1955 478     -126    1161    -339    -8      1647    809     -398    -639    -558    -88     621     1258    1829    1841    1481    832     113     -641    
699    1956 399     -317    1104    -812    166     1547    504     -577    -1247   -432    67      859     1700    1551    1395    1038    624     -154    -111    
699    1957 598     -75     1179    -137    234     1580    703     -137    -168    -515    254     964     1358    1780    1595    1096    728     283     -123    
699    1958 492     -153    1137    -446    154     1516    797     -569    -668    -607    168     903     1388    1623    1535    1184    805     403     -339    
699    1959 637     75      1312    -263    523     1768    567     -293    -144    6       517     1047    1582    1922    1795    980     578     141     -536    
699    1960 539     -302    1277    -699    326     1684    583     -775    -792    -443    265     1153    1614    1816    1619    1168    478     106     206     
699    1961 701     126     1265    8       559     1645    749     -185    2       134     469     1069    1772    1644    1522    1096    875     270     -305    
699    1962 508     -69     1123    -286    215     1429    684     -173    -389    -715    467     902     1264    1560    1459    1070    792     185     -377    
699    1963 467     -392    1351    -847    293     1669    749     -1105   -1083   -814    264     1426    1450    1800    1749    1384    777     86      -436    
699    1964 566     -166    1223    -484    254     1653    736     -202    -835    -423    174     1008    1642    1773    1545    1174    851     180     -152    
699    1965 513     -72     1206    -373    291     1531    618     -288    -711    -364    398     841     1544    1521    1528    1391    725     -267    -246    
699    1966 472     -318    1233    -774    377     1696    633     -1102   -995    -86     126     1083    1735    1804    1549    1076    665     156     -449    
699    1967 590     -163    1285    -627    520     1591    940     -1052   -353    44      423     1091    1416    1718    1635    1406    1032    379     -710    
699    1968 513     -180    1266    -782    382     1669    586     -1132   -486    -167    456     859     1661    1563    1784    1261    462     40      -165    
699    1969 440     -346    1237    -641    195     1671    678     -999    -771    -669    313     944     1588    1730    1694    1134    679     221     -649    
699    1970 476     -310    1244    -883    380     1673    594     -982    -1031   -152    214     1072    1661    1708    1650    1138    541     105     -315    
699    1971 601     -87     1242    -266    362     1623    588     -147    -345    -381    357     1110    1442    1709    1713    1094    655     14      -84     
699    1972 642     -127    1341    -427    386     1854    640     -907    -281    -164    270     1047    1728    2035    1794    1141    560     221     225     
699    1973 613     89      1299    -84     510     1775    444     -254    -238    -7      426     1107    1707    2004    1613    911     424     -3      -400    
699    1974 687     -44     1235    -234    419     1584    795     -265    -15     -3      394     865     1508    1646    1596    1390    705     293     95      
699    1975 757     164     1396    -40     620     1704    759     -18     -213    87      444     1322    1475    1852    1779    1478    692     111     -4      
699    1976 430     -161    1156    -466    324     1513    456     -713    -697    -384    260     1092    1267    1701    1563    1022    216     139     -348    
699    1977 518     -226    1146    -520    344     1553    669     -549    -679    -166    140     1052    1531    1583    1543    1002    659     347     -335    
699    1978 453     -138    1161    -590    423     1528    673     -538    -929    -95     299     1059    1440    1599    1542    1006    556     461     -1055   
699    1979 524     -307    1247    -929    428     1632    641     -843    -885    -108    255     1131    1689    1518    1692    1178    558     189     -179    
699    1980 511     -231    1262    -552    252     1709    620     -707    -783    -485    466     782     1793    1758    1578    1181    698     -21     -167    
699    1981 584     -86     1250    -289    375     1612    717     -315    -394    -346    173     1291    1490    1770    1571    1173    817     159     -459    
699    1982 615     -112    1218    -553    425     1597    778     -706    -488    -21     283     1008    1281    1775    1724    1207    663     469     104     
699    1983 690     87      1368    -135    555     1664    740     46      -601    -214    586     1292    1422    1846    1716    1318    795     105     -136    
699    1984 636     -35     1292    -283    542     1570    730     -235    -492    -270    531     1364    1488    1564    1656    1126    927     131     -206    
699    1985 426     -289    1205    -889    374     1608    647     -1138   -1371   -168    171     1111    1452    1618    1748    1103    825     7       -389    
699    1986 567     -167    1275    -605    525     1687    680     -470    -992    -54     459     1168    1712    1749    1600    938     687     416     -523    
699    1987 405     -314    1113    -821    210     1468    638     -1449   -455    -550    253     930     1374    1633    1393    1071    711     129     -228    
699    1988 636     -15     1364    -249    420     1799    615     -247    -273    -194    171     1274    1821    2016    1562    1318    675     -151    -381    
699    1989 -999999 79      -999999 -93     700     1696    -999999 46      72      202     685     1213    1669    1815    1603    1332    728     -999999 -326    
699    1990 -999999 -999999 1302    -999999 704     1634    657     -999999 -999999 235     765     1085    1549    1648    1701    1027    711     231     -78     
699    1991 719     92      1282    -162    506     1675    801     -50     -380    76      513     931     1371    1833    1811    1211    763     429     40      
699    1992 -999999 -999999 -999999 -999999 -999999 -999999 -999999 -999999 -999999 -999999 -999999 -999999 -999999 -999999 -999999 -999999 -999999 -999999 -999999 
699    1993 -999999 -999999 -999999 -999999 -999999 -999999 -999999 -999999 -999999 -999999 -999999 -999999 -999999 -999999 -999999 -999999 -999999 -999999 -999999 
699    1994 -999999 -999999 -999999 -999999 -999999 -999999 -999999 -999999 -999999 -999999 -999999 -999999 -999999 1936    -999999 -999999 -999999 -999999 -999999 
699    1995 -999999 -999999 -999999 -999999 -999999 -999999 -999999 -999999 -999999 -999999 552     -999999 -999999 -999999 1681    1238    -999999 -999999 -999999 
699    1996 -999999 -999999 -999999 -999999 -999999 1644    748     -999999 -999999 -237    338     -999999 1446    1608    1870    1022    786     436     -421    
699    1997 636     50      1312    -311    400     1816    576     -326    -173    -13     304     907     1644    1897    1901    1193    453     87      -299    
699    1998 618     -41     1305    -210    545     1596    505     -34     -308    -166    634     1171    1598    1679    1510    1224    680     -395    -243    
699    1999 -999999 -999999 -999999 -999999 548     1797    810     -367    -426    42      751     850     1832    1936    1627    1387    752     255     -30     
699    2000 -999999 -999999 -999999 -80     700     1635    863     -138    -76     55      871     1165    1491    1741    1671    1106    986     498     90      
699    2001 -999999 -999999 -999999 -999999 532     1811    815     -999999 -444    -153    648     1124    1504    2179    1785    1331    925     141     -610    
699    2002 720     -999999 1527    -267    746     1919    516     -150    -16     142     650     1440    1743    2029    1983    1274    258     26      -738    
699    2003 684     -260    1374    -618    507     1787    729     -576    -531    -24     383     1158    1473    2122    1755    1322    545     365     129     
699    2004 691     21      1377    -282    621     1687    728     -650    -327    54      654     1156    1407    1782    1862    1380    720     84      126     
699    2005 596     -66     1272    -189    277     1617    824     -108    -629    -616    397     1055    1396    1784    1662    1316    801     340     -327    
699    2006 706     -999999 1387    -497    363     1753    909     -423    -765    -500    506     1087    1570    1887    1795    1456    952     318     437     
699    2007 746     203     1390    -166    741     1766    702     -91     -916    410     594     1215    1627    1775    1892    1216    745     146     199     
699    2008 783     227     1300    110     672     1607    785     -35     171     133     779     1109    1451    1674    1690    1078    927     344     54      
699    2009 653     120     1330    -178    567     1610    742     -222    -384    -42     622     1122    1423    1751    1649    1396    516     321     -374    
699    2010 543     -284    1462    -799    583     1867    604     -1242   -779    -175    631     1295    1468    2201    1918    1222    510     81      -705    
699    2011 -999999 -259    -999999 -677    -999999 -999999 -999999 -351    -1008   -142    589     -999999 -999999 -999999 -999999 -999999 -999999 -999999 -999999 
