EUROPEAN CLIMATE ASSESSMENT & DATASET (ECA&D), file created on: 10-05-2011
THESE DATA CAN BE USED FREELY PROVIDED THAT THE FOLLOWING SOURCE IS ACKNOWLEDGED: 

Klein Tank, A.M.G. and Coauthors, 2002. Daily dataset of 20th-century surface
air temperature and precipitation series for the European Climate Assessment.
Int. J. of Climatol., 22, 1441-1453.
Data and metadata available at http://eca.knmi.nl

FILE FORMAT (MISSING VALUE CODE = -999999):

THIS FILE HOLDS DATA FOR STATION RUSSIAN FEDERATION                       TERIBERKA                                (STAID:   1068)
LATITUDE: dd:mm:ss +69:12:00
LONGITUDE: ddd:mm:ss +035:06:00
ELEVATION: m   33

DATA IS FOR INDEX Mean of daily mean temperature (TG) with unit 0.01 Temperature (&#176;C)

01-06 SOUID: Source identifier
08-11 YEAR : YYYY
13-20 ANNUAL DATA VALUES
21-28 WINTER HALF YEAR DATA VALUES
29-36 SUMMER HALF YEAR DATA VALUES
37-44 WINTER (DJF) DATA VALUES
45-52 SPRING (MAM) DATA VALUES
53-60 SUMMER (JJA) DATA VALUES
61-68 AUTUMN (SON) DATA VALUES
69-76 JANUARY DATA VALUES
etc. 
157-164 DECEMBER DATA VALUES

1068   1995 -999999 -999999 -999999 -999999 -999999 -999999 -999999 -370    -999999 -370    -63     353     850     990     899     706     120     -999999 -999999 
1068   1996 -999999 -999999 -999999 -999999 -210    -999999 -999999 -999999 -999999 -383    -326    72      586     1008    -999999 629     347     -999999 -999999 
1068   1997 -999999 -999999 -999999 -999999 -999999 -999999 -999999 -999999 -999999 -999999 -999999 -999999 -999999 -999999 -999999 -999999 108     -999999 -999999 
1068   1998 -999999 -999999 -999999 -999999 -999999 -999999 -999999 -797    -999999 -637    -380    192     -999999 1011    952     513     161     -999999 -630    
1068   1999 -999999 -999999 -999999 -999999 -999999 -999999 -999999 -1165   -983    -565    -88     -53     995     1276    972     807     401     -196    -628    
1068   2000 -999999 -999999 -999999 -999999 -37     -999999 413     -558    -999999 -376    -79     355     853     1203    1096    786     561     -64     -617    
1068   2001 -999999 -999999 -999999 -669    -273    1144    183     -364    -1051   -889    -140    218     939     1380    1100    918     97      -462    -547    
1068   2002 -999999 -999999 -999999 -644    -83     976     40      -628    -760    -613    30      335     681     1352    892     546     29      -529    -999999 
1068   2003 -999999 -999999 -999999 -999999 -999999 -999999 -999999 -999999 -999999 -243    -144    416     -999999 -999999 1146    769     276     -1      -483    
1068   2004 -999999 -999999 -999999 -999999 -5      1226    -999999 -655    -818    -455    38      388     771     1619    1244    843     212     -330    -999999 
1068   2005 -999999 -999999 -999999 -999999 -135    1166    -999999 -572    -642    -729    -112    380     961     1244    1303    881     496     164     -487    
1068   2006 -999999 -999999 -999999 -999999 -999999 1082    -999999 -619    -999999 -653    48      -999999 1028    1123    1095    -999999 121     -280    -146    
1068   2007 -999999 -999999 -999999 -999999 121     1005    418     -537    -1240   -24     65      303     690     997     1298    804     585     -159    -44     
1068   2008 -999999 -180    573     -300    -217    917     269     -361    -516    -615    -262    225     764     1088    895     719     315     -230    -133    
1068   2009 -999999 -999999 -999999 -532    -68     909     301     -626    -866    -507    -84     385     722     950     1048    929     142     -127    -598    
1068   2010 98      -546    745     -878    -35     1043    275     -967    -1090   -652    126     427     809     1329    994     787     356     -320    -663    
1068   2011 -999999 -487    -999999 -890    -999999 -999999 -999999 -874    -1160   -314    161     -999999 -999999 -999999 -999999 -999999 -999999 -999999 -999999 
