EUROPEAN CLIMATE ASSESSMENT & DATASET (ECA&D), file created on: 10-05-2011
THESE DATA CAN BE USED FREELY PROVIDED THAT THE FOLLOWING SOURCE IS ACKNOWLEDGED: 

Klein Tank, A.M.G. and Coauthors, 2002. Daily dataset of 20th-century surface
air temperature and precipitation series for the European Climate Assessment.
Int. J. of Climatol., 22, 1441-1453.
Data and metadata available at http://eca.knmi.nl

FILE FORMAT (MISSING VALUE CODE = -999999):

THIS FILE HOLDS DATA FOR STATION RUSSIAN FEDERATION                       KARGOPOL                                 (STAID:   1124)
LATITUDE: dd:mm:ss +61:30:00
LONGITUDE: ddd:mm:ss +038:55:48
ELEVATION: m  124

DATA IS FOR INDEX Mean of daily mean temperature (TG) with unit 0.01 Temperature (&#176;C)

01-06 SOUID: Source identifier
08-11 YEAR : YYYY
13-20 ANNUAL DATA VALUES
21-28 WINTER HALF YEAR DATA VALUES
29-36 SUMMER HALF YEAR DATA VALUES
37-44 WINTER (DJF) DATA VALUES
45-52 SPRING (MAM) DATA VALUES
53-60 SUMMER (JJA) DATA VALUES
61-68 AUTUMN (SON) DATA VALUES
69-76 JANUARY DATA VALUES
etc. 
157-164 DECEMBER DATA VALUES

1124   1995 -999999 -999999 -999999 -999999 -999999 1498    -999999 -788    -356    -131    296     1024    1672    1428    1406    1009    500     -632    -1222   
1124   1996 -999999 -999999 -999999 -1265   77      -999999 364     -1182   -1393   -585    31      761     1362    1591    1484    682     295     116     -954    
1124   1997 -999999 -999999 -999999 -999999 -999999 -999999 102     -1443   -827    -437    30      662     1480    1611    1525    806     75      -527    -1279   
1124   1998 -999999 -999999 -999999 -999999 -21     1581    -999999 -916    -1711   -642    -235    887     1596    1794    1329    975     386     -706    -898    
1124   1999 -999999 -999999 -999999 -999999 143     1685    247     -1308   -1098   -453    447     501     1873    1833    1355    934     569     -797    -439    
1124   2000 -999999 -999999 -999999 -713    345     -999999 398     -1053   -634    -351    579     853     1543    1975    1393    895     607     -386    -934    
1124   2001 -999999 -999999 -999999 -999999 297     -999999 -999999 -699    -1300   -744    687     804     1453    1984    1378    1049    173     -438    -1431   
1124   2002 -999999 -999999 -999999 -999999 288     1542    -16     -856    -999999 -334    315     841     1414    1889    1294    902     -37     -790    -1490   
1124   2003 -999999 -875    -999999 -1367   303     1555    427     -1633   -938    -349    146     1108    1067    1987    1607    1027    431     -158    -534    
1124   2004 -999999 -999999 -999999 -874    266     1534    -999999 -1188   -929    -280    145     930     1306    1812    1467    1073    372     -508    -557    
1124   2005 -999999 -999999 -999999 -999999 229     -999999 607     -622    -999999 -841    270     1152    1410    1759    1583    1117    532     176     -889    
1124   2006 -999999 -999999 -999999 -1250   116     1573    411     -1317   -1563   -901    300     988     1692    1536    1505    1139    309     -281    -61     
1124   2007 -999999 -999999 -999999 -846    503     1603    361     -777    -1797   141     320     1046    -999999 1777    1730    985     477     -436    -285    
1124   2008 -999999 -999999 -999999 -547    215     1441    473     -842    -531    -344    323     689     1255    1703    1361    811     601     22      -337    
1124   2009 -999999 -999999 -999999 -661    208     1511    405     -974    -650    -358    8       986     1409    1635    1486    1145    167     -73     -1097   
1124   2010 -999999 -999999 -999999 -1379   396     1740    272     -1724   -1300   -624    426     1385    1371    2240    1592    1015    269     -417    -1535   
1124   2011 -999999 -999999 -999999 -1435   -999999 -999999 -999999 -1194   -1577   -436    322     -999999 -999999 -999999 -999999 -999999 -999999 -999999 -999999 
