EUROPEAN CLIMATE ASSESSMENT & DATASET (ECA&D), file created on: 10-05-2011
THESE DATA CAN BE USED FREELY PROVIDED THAT THE FOLLOWING SOURCE IS ACKNOWLEDGED: 

Klein Tank, A.M.G. and Coauthors, 2002. Daily dataset of 20th-century surface
air temperature and precipitation series for the European Climate Assessment.
Int. J. of Climatol., 22, 1441-1453.
Data and metadata available at http://eca.knmi.nl

FILE FORMAT (MISSING VALUE CODE = -999999):

THIS FILE HOLDS DATA FOR STATION BELARUS                                  GRODNO;AIRPORT                           (STAID:    631)
LATITUDE: dd:mm:ss +53:40:48
LONGITUDE: ddd:mm:ss +023:49:48
ELEVATION: m  117

DATA IS FOR INDEX Mean of daily mean temperature (TG) with unit 0.01 Temperature (&#176;C)

01-06 SOUID: Source identifier
08-11 YEAR : YYYY
13-20 ANNUAL DATA VALUES
21-28 WINTER HALF YEAR DATA VALUES
29-36 SUMMER HALF YEAR DATA VALUES
37-44 WINTER (DJF) DATA VALUES
45-52 SPRING (MAM) DATA VALUES
53-60 SUMMER (JJA) DATA VALUES
61-68 AUTUMN (SON) DATA VALUES
69-76 JANUARY DATA VALUES
etc. 
157-164 DECEMBER DATA VALUES

631    1995 -999999 -999999 -999999 -999999 718     1797    676     -334    199     260     747     1148    1786    1825    1779    1288    887     -92     -695    
631    1996 -999999 -999999 -999999 -999999 582     1661    801     -908    -694    -376    636     1489    1552    1598    1834    1048    833     523     -696    
631    1997 -999999 -999999 -999999 -999999 628     1765    672     -574    55      182     476     1222    1644    1800    1850    1213    602     206     -342    
631    1998 -999999 -999999 -999999 -83     749     1649    568     -19     139     65      896     1309    1700    1676    1574    1260    725     -323    -405    
631    1999 -999999 -999999 -999999 -299    746     1875    756     -179    -321    254     972     1038    1915    1981    1735    1489    737     42      -20     
631    2000 -999999 -999999 -999999 -53     915     1661    -999999 -229    91      251     1146    1349    1631    1649    1702    1076    1038    -999999 97      
631    2001 -999999 -999999 -999999 -999999 -999999 -999999 -999999 -137    -999999 -999999 964     1233    1492    2190    -999999 -999999 874     186     -623    
631    2002 -999999 -999999 -999999 -204    944     1952    712     -185    255     382     845     1562    1673    2129    2051    1314    590     233     -846    
631    2003 -999999 -999999 -999999 -641    728     1807    712     -433    -646    121     567     1472    1586    2027    1802    1264    495     397     40      
631    2004 -999999 -999999 -999999 -287    689     1671    808     -685    -224    211     765     1090    1469    1688    1856    1320    880     223     89      
631    2005 -999999 -999999 -999999 -147    612     1735    844     -23     -538    -245    828     1267    1524    1952    1723    1496    829     252     -173    
631    2006 -999999 -999999 -999999 -538    597     1856    986     -788    -665    -300    746     1321    1659    2101    1796    1539    994     403     364     
631    2007 -999999 -999999 1506    -999999 937     1830    707     146     -552    603     760     1460    1806    1786    1895    1314    759     47      -12     
631    2008 -999999 -999999 -999999 15      784     1734    813     -120    187     281     877     1180    1620    1773    1805    1231    872     316     11      
631    2009 748     -999999 1467    -220    764     1719    805     -402    -273    120     929     1248    1572    1889    1691    1456    581     371     -306    
631    2010 -999999 -999999 1569    -589    796     1981    715     -1074   -384    175     819     1414    1710    2202    2022    1213    493     431     -719    
631    2011 -999999 -999999 -999999 -551    -999999 -999999 -999999 -270    -667    41      944     -999999 -999999 -999999 -999999 -999999 -999999 -999999 -999999 
