EUROPEAN CLIMATE ASSESSMENT & DATASET (ECA&D), file created on: 10-05-2011
THESE DATA CAN BE USED FREELY PROVIDED THAT THE FOLLOWING SOURCE IS ACKNOWLEDGED: 

Klein Tank, A.M.G. and Coauthors, 2002. Daily dataset of 20th-century surface
air temperature and precipitation series for the European Climate Assessment.
Int. J. of Climatol., 22, 1441-1453.
Data and metadata available at http://eca.knmi.nl

FILE FORMAT (MISSING VALUE CODE = -999999):

THIS FILE HOLDS DATA FOR STATION GERMANY                                  HAMBURG FUHLSBUETTEL                     (STAID:     47)
LATITUDE: dd:mm:ss +53:38:06
LONGITUDE: ddd:mm:ss +009:59:24
ELEVATION: m   11

DATA IS FOR INDEX Mean of daily mean temperature (TG) with unit 0.01 Temperature (&#176;C)

01-06 SOUID: Source identifier
08-11 YEAR : YYYY
13-20 ANNUAL DATA VALUES
21-28 WINTER HALF YEAR DATA VALUES
29-36 SUMMER HALF YEAR DATA VALUES
37-44 WINTER (DJF) DATA VALUES
45-52 SPRING (MAM) DATA VALUES
53-60 SUMMER (JJA) DATA VALUES
61-68 AUTUMN (SON) DATA VALUES
69-76 JANUARY DATA VALUES
etc. 
157-164 DECEMBER DATA VALUES

47     1891 798     -999999 1326    -999999 660     1553    981     -378    72      203     573     1200    1443    1702    1512    1511    1065    364     260     
47     1892 764     295     1341    61      681     1581    827     -162    87      146     698     1200    1455    1544    1740    1394    844     243     -34     
47     1893 831     177     1393    -176    841     1677    873     -635    174     472     834     1217    1565    1737    1724    1264    1045    303     230     
47     1894 878     387     1361    119     927     1591    869     -95     234     587     1022    1175    1419    1829    1520    1188    839     582     190     
47     1895 793     196     1443    -163    793     1646    925     -218    -493    224     876     1282    1571    1661    1705    1553    779     447     48      
47     1896 829     326     1357    69      757     1674    817     32      130     515     658     1095    1770    1751    1505    1354    947     147     23      
47     1897 831     224     1384    -84     774     1719    808     -303    41      467     734     1119    1721    1617    1818    1282    776     368     275     
47     1898 888     394     1316    302     680     1572    921     360     268     305     655     1079    1504    1416    1794    1438    800     530     463     
47     1899 872     445     1371    354     731     1666    957     301     294     271     790     1134    1510    1831    1652    1294    835     747     -221    
47     1900 877     287     1382    -7      631     1708    944     100     112     149     615     1128    1593    1843    1684    1410    941     482     415     
47     1901 828     253     1444    -43     758     1709    973     -336    -227    203     825     1248    1493    1927    1700    1449    1033    434     116     
47     1902 750     365     1232    128     635     1520    755     433     -196    318     705     884     1606    1528    1428    1234    787     244     -37     
47     1903 902     372     1329    179     834     1563    984     153     446     642     550     1303    1535    1646    1507    1415    1004    531     58      
47     1904 865     345     1378    74      784     1630    868     17      151     304     871     1179    1491    1748    1646    1321    847     436     349     
47     1905 849     386     1399    179     770     1740    747     -23     214     481     538     1283    1749    1810    1660    1333    572     343     185     
47     1906 920     284     1446    166     840     1665    1084    148     165     280     876     1366    1548    1734    1708    1429    1037    786     -82     
47     1907 833     349     1302    -29     770     1486    979     81      -92     333     712     1264    1446    1493    1518    1368    1246    313     239     
47     1908 836     403     1361    171     722     1673    826     3       280     328     574     1259    1697    1788    1536    1294    950     231     74      
47     1909 798     210     1304    -31     659     1543    939     -36     -142    150     770     1060    1447    1546    1633    1356    1130    326     265     
47     1910 937     464     1430    277     863     1694    877     227     347     477     793     1315    1776    1626    1684    1375    977     275     329     
47     1911 991     422     1508    272     883     1778    997     176     315     447     756     1441    1523    1837    1966    1499    941     554     388     
47     1912 858     407     1339    106     846     1672    763     -176    106     616     782     1139    1584    1914    1516    1083    750     456     494     
47     1913 951     441     1390    267     956     1558    1046    23      286     625     894     1346    1548    1583    1544    1415    984     743     376     
47     1914 978     514     1481    280     891     1760    940     -5      488     501     1045    1134    1546    1924    1804    1418    936     465     450     
47     1915 834     389     1371    235     732     1631    781     105     143     214     774     1209    1686    1631    1577    1338    732     275     288     
47     1916 880     360     1334    282     822     1520    905     446     101     298     876     1293    1307    1623    1623    1262    915     539     238     
47     1917 838     237     1478    -9      629     1825    969     -87     -196    -19     484     1417    1951    1752    1777    1467    810     636     0       
47     1918 913     387     1370    134     912     1548    884     160     255     456     863     1416    1325    1694    1617    1285    951     414     469     
47     1919 786     395     1345    226     761     1530    747     164     28      311     698     1270    1528    1497    1565    1500    702     40      74      
47     1920 917     367     1424    246     1017    1613    770     274     401     700     1019    1332    1539    1772    1526    1346    755     209     108     
47     1921 971     421     1452    287     1012    1649    883     502     246     685     903     1445    1428    1769    1742    1404    1143    95      221     
47     1922 770     251     1310    -39     773     1559    716     -255    -89     352     618     1344    1535    1597    1545    1201    568     383     379     
47     1923 827     379     1281    254     791     1508    916     334     28      549     727     1094    1125    1879    1508    1330    1065    349     -135    
47     1924 814     202     1350    -154    727     1581    934     -169    -157    239     607     1332    1532    1685    1525    1406    989     404     338     
47     1925 902     459     1444    377     866     1700    783     381     416     220     883     1494    1488    1921    1685    1166    900     279     -49     
47     1926 922     336     1419    125     839     1656    945     63      385     442     983     1097    1466    1858    1637    1463    756     621     266     
47     1927 849     477     1325    255     801     1620    875     324     165     704     690     1007    1323    1808    1718    1383    986     251     -231    
47     1928 863     301     1302    77      730     1543    984     161     318     318     782     1093    1356    1690    1578    1296    938     719     94      
47     1929 769     143     1361    -349    674     1604    1015    -311    -882    222     450     1344    1404    1705    1699    1544    973     529     425     
47     1930 926     454     1432    281     802     1727    971     347     48      363     853     1194    1833    1714    1636    1354    958     602     155     
47     1931 873     339     1417    111     812     1665    874     135     34      127     689     1617    1576    1767    1649    1179    875     568     195     
47     1932 975     382     1548    216     804     1861    977     341     103     200     786     1426    1636    1999    1941    1478    918     537     297     
47     1933 922     413     1513    115     928     1806    976     -95     148     655     795     1331    1707    1918    1789    1523    1012    391     -160    
47     1934 1067    383     1607    115     1025    1811    1080    187     340     523     1134    1421    1751    1929    1751    1648    1052    541     485     
47     1935 929     477     1436    293     769     1749    993     63      334     375     819     1114    1763    1791    1693    1426    946     608     186     
47     1936 866     432     1349    189     715     1699    822     363     7       460     565     1115    1718    1737    1643    1301    717     451     280     
47     1937 874     295     1462    120     842     1702    917     -145    235     231     874     1422    1613    1735    1756    1355    1046    345     -16     
47     1938 934     445     1383    170     816     1701    1059    307     223     739     604     1098    1542    1681    1875    1481    921     779     -88     
47     1939 888     417     1437    174     735     1759    868     321     300     266     809     1131    1704    1777    1795    1393    646     572     -91     
47     1940 683     -19     1353    -525    740     1637    867     -848    -643    227     714     1278    1749    1667    1499    1197    805     600     -81     
47     1941 741     146     1320    -262    580     1715    779     -598    -91     233     521     984     1646    1982    1516    1252    812     273     302     
47     1942 737     25      1362    -306    614     1617    985     -705    -538    -37     714     1169    1384    1617    1843    1428    1092    433     353     
47     1943 921     480     1426    246     938     1650    916     6       393     594     942     1277    1478    1755    1711    1378    1022    345     110     
47     1944 886     368     1415    209     725     1737    887     420     89      203     838     1138    1424    1806    1970    1293    898     470     50      
47     1945 928     382     1421    87      929     1677    946     -175    418     635     827     1321    1608    1756    1663    1332    1049    453     209     
47     1946 861     374     1449    139     859     1655    884     -53     274     307     938     1334    1460    1852    1646    1448    723     486     -113    
47     1947 830     11      1558    -415    798     1803    976     -443    -717    77      838     1480    1788    1790    1830    1608    781     546     275     
47     1948 931     419     1434    219     934     1628    946     260     116     523     1012    1269    1544    1694    1644    1434    912     494     237     
47     1949 938     411     1401    274     788     1543    1077    263     326     231     948     1192    1392    1634    1598    1636    1091    503     405     
47     1950 873     480     1400    242     828     1712    859     6       324     538     677     1265    1691    1688    1757    1308    814     456     -76     
47     1951 886     290     1367    80      681     1632    957     157     166     214     723     1107    1548    1630    1715    1466    709     705     449     
47     1952 786     387     1338    239     811     1572    657     121     141     190     1047    1204    1410    1642    1658    1047    729     191     32      
47     1953 932     262     1406    54      868     1673    1009    98      29      467     855     1280    1676    1710    1633    1266    1091    666     344     
47     1954 797     335     1286    -55     743     1520    943     -139    -403    390     572     1260    1563    1442    1556    1309    1061    455     406     
47     1955 789     278     1336    41      556     1651    928     -97     -209    8       680     984     1370    1794    1780    1393    875     518     305     
47     1956 738     229     1262    -116    688     1475    882     62      -756    315     483     1260    1358    1717    1347    1388    880     380     350     
47     1957 892     473     1296    331     758     1637    899     249     401     569     718     985     1614    1753    1545    1149    995     549     145     
47     1958 833     307     1330    90      592     1577    994     5       124     16      509     1248    1439    1642    1645    1477    1040    463     342     
47     1959 934     431     1475    142     945     1760    898     40      33      634     954     1247    1580    1918    1775    1357    947     388     269     
47     1960 860     364     1327    147     785     1566    953     119     45      395     687     1269    1586    1560    1553    1293    922     646     223     
47     1961 906     475     1388    217     892     1559    1045    -25     480     609     1025    1045    1629    1523    1527    1578    1117    437     -75     
47     1962 742     332     1198    123     581     1416    877     290     156     54      742     954     1367    1420    1460    1234    1009    385     -203    
47     1963 749     68      1376    -425    745     1647    987     -601    -476    253     775     1208    1603    1723    1615    1321    872     772     -144    
47     1964 820     257     1396    -41     730     1605    886     -63     92      21      871     1302    1606    1646    1564    1373    749     541     130     
47     1965 784     327     1260    131     684     1471    791     227     25      268     682     1101    1506    1440    1467    1354    903     112     260     
47     1966 858     280     1362    79      800     1620    914     -135    116     406     666     1324    1725    1587    1550    1310    1084    344     273     
47     1967 945     484     1380    278     850     1639    1026    184     388     618     636     1289    1494    1780    1637    1425    1129    522     193     
47     1968 886     407     1416    87      835     1680    1041    -10     78      513     934     1061    1668    1618    1753    1453    1116    550     -119    
47     1969 820     260     1424    -35     618     1745    1017    157     -153    -22     691     1187    1609    1832    1790    1415    1059    575     -359    
47     1970 800     186     1320    -244    596     1663    966     -267    -91     185     476     1123    1719    1602    1671    1312    970     615     223     
47     1971 905     390     1387    188     752     1655    905     62      290     180     694     1379    1437    1766    1754    1269    976     469     529     
47     1972 839     414     1323    157     832     1626    807     -255    200     553     743     1196    1485    1790    1599    1106    761     554     315     
47     1973 884     437     1381    258     760     1709    848     186     274     519     535     1218    1646    1792    1686    1390    762     394     161     
47     1974 927     447     1306    335     807     1526    876     430     421     508     810     1104    1440    1481    1655    1337    698     600     602     
47     1975 960     521     1446    479     724     1777    927     620     188     390     673     1108    1496    1860    1966    1551    825     410     368     
47     1976 883     329     1436    207     692     1767    981     156     88      117     690     1268    1693    1924    1682    1339    1004    598     15      
47     1977 906     435     1299    129     796     1592    965     80      310     598     602     1182    1549    1613    1613    1214    1093    583     382     
47     1978 838     452     1286    172     765     1562    975     181     -69     495     539     1254    1555    1557    1574    1220    1045    657     -23     
47     1979 780     217     1320    -241    744     1554    897     -423    -281    293     686     1250    1604    1489    1569    1312    883     497     414     
47     1980 795     328     1310    111     661     1570    902     -235    156     248     675     1062    1523    1544    1641    1406    861     440     203     
47     1981 843     372     1398    98      928     1595    914     -18     111     612     752     1415    1488    1643    1650    1423    801     521     -327    
47     1982 922     216     1454    -174    808     1749    1078    -256    88      465     734     1223    1620    1877    1746    1509    1040    685     281     
47     1983 972     501     1494    261     843     1829    976     522     -50     480     847     1202    1626    1980    1873    1419    992     515     169     
47     1984 864     370     1327    152     747     1566    972     213     70      248     797     1197    1351    1567    1774    1258    1113    542     202     
47     1985 797     250     1372    -171    810     1601    841     -479    -243    327     780     1320    1432    1731    1635    1317    1004    197     458     
47     1986 844     267     1351    6       798     1649    955     3       -492    355     643     1391    1631    1736    1578    1105    1016    743     312     
47     1987 786     275     1310    -54     657     1519    1010    -521    56      36      932     1013    1343    1674    1535    1355    996     678     297     
47     1988 966     518     1425    368     847     1644    939     469     335     326     782     1432    1538    1714    1678    1390    975     452     468     
47     1989 1025    597     1466    471     955     1709    1015    453     493     727     729     1401    1658    1775    1694    1524    1113    405     285     
47     1990 1035    621     1428    475     1004    1682    972     485     675     758     832     1415    1538    1658    1845    1261    1113    538     273     
47     1991 909     476     1381    155     831     1676    962     303     -138    709     773     1008    1324    1922    1770    1469    928     491     260     
47     1992 1015    492     1554    318     956     1870    896     241     462     571     822     1472    1901    1905    1803    1405    701     588     289     
47     1993 885     416     1391    251     973     1543    729     331     120     445     1045    1433    1524    1592    1513    1228    840     117     368     
47     1994 1008    383     1514    250     922     1844    974     399     -47     573     916     1276    1511    2217    1794    1344    813     770     450     
47     1995 946     512     1484    368     808     1827    1001    148     522     378     826     1222    1490    2008    1971    1364    1223    408     -244    
47     1996 758     171     1347    -247    684     1650    886     -286    -209    115     878     1064    1482    1604    1858    1178    975     502     -99     
47     1997 937     382     1466    81      811     1845    854     -132    518     544     676     1209    1616    1798    2114    1356    784     425     307     
47     1998 944     516     1410    432     950     1597    829     395     610     580     897     1371    1611    1574    1607    1390    880     215     177     
47     1999 1033    412     1557    248     961     1755    1097    381     179     610     943     1329    1554    1934    1772    1798    972     526     342     
47     2000 1031    531     1460    382     1004    1618    1095    331     480     530     1033    1451    1605    1561    1686    1413    1132    738     394     
47     2001 926     495     1418    258     804     1705    1034    157     220     308     757     1347    1395    1864    1845    1275    1288    529     64      
47     2002 985     556     1525    318     923     1811    917     359     554     543     834     1390    1669    1760    1999    1478    803     473     -63     
47     2003 959     290     1552    -23     905     1884    915     67      -77     505     876     1331    1770    1938    1940    1437    600     719     329     
47     2004 950     421     1436    240     884     1664    1000    58      340     483     973     1200    1484    1620    1884    1441    1039    520     341     
47     2005 963     460     1455    271     853     1665    1082    392     59      371     931     1259    1560    1830    1601    1535    1164    545     247     
47     2006 1032    344     1578    78      740     1861    1287    -131    120     105     789     1329    1660    2227    1689    1755    1296    808     673     
47     2007 1040    751     1500    550     1073    1713    924     571     391     730     1132    1357    1712    1689    1738    1359    907     507     340     
47     2008 1023    535     1483    436     910     1756    1009    494     476     485     795     1447    1678    1845    1744    1372    1005    648     271     
47     2009 982     452     1532    166     1025    1716    1062    49      180     537     1234    1312    1434    1839    1866    1492    837     863     96      
47     2010 823     323     1439    -88     787     1804    917     -312    -44     481     892     993     1570    2113    1720    1327    944     478     -343    
47     2011 -999999 314     -999999 -3      -999999 -999999 -999999 211     137     442     1200    -999999 -999999 -999999 -999999 -999999 -999999 -999999 -999999 
