EUROPEAN CLIMATE ASSESSMENT & DATASET (ECA&D), file created on: 10-05-2011
THESE DATA CAN BE USED FREELY PROVIDED THAT THE FOLLOWING SOURCE IS ACKNOWLEDGED: 

Klein Tank, A.M.G. and Coauthors, 2002. Daily dataset of 20th-century surface
air temperature and precipitation series for the European Climate Assessment.
Int. J. of Climatol., 22, 1441-1453.
Data and metadata available at http://eca.knmi.nl

FILE FORMAT (MISSING VALUE CODE = -999999):

THIS FILE HOLDS DATA FOR STATION DENMARK                                  FSN ALBORG                               (STAID:    671)
LATITUDE: dd:mm:ss +57:06:00
LONGITUDE: ddd:mm:ss +009:51:00
ELEVATION: m    3

DATA IS FOR INDEX Mean of daily mean temperature (TG) with unit 0.01 Temperature (&#176;C)

01-06 SOUID: Source identifier
08-11 YEAR : YYYY
13-20 ANNUAL DATA VALUES
21-28 WINTER HALF YEAR DATA VALUES
29-36 SUMMER HALF YEAR DATA VALUES
37-44 WINTER (DJF) DATA VALUES
45-52 SPRING (MAM) DATA VALUES
53-60 SUMMER (JJA) DATA VALUES
61-68 AUTUMN (SON) DATA VALUES
69-76 JANUARY DATA VALUES
etc. 
157-164 DECEMBER DATA VALUES

671    1958 -999999 -999999 -999999 -999999 419     -999999 1004    -150    -214    -191    428     982     1388    -999999 1516    1393    992     600     207     
671    1959 875     -999999 1372    -999999 792     1653    910     -28     122     457     775     1144    1445    1767    1742    1342    910     491     245     
671    1960 -999999 266     -999999 -7      651     1546    848     -103    -180    199     577     1254    1549    1518    1571    1300    762     486     211     
671    1961 851     390     1296    161     818     1489    1001    -41     324     583     769     1099    1505    1508    1455    1419    1138    440     -51     
671    1962 697     295     1141    75      490     1372    832     147     134     -50     631     893     1310    1438    1367    1195    946     351     -30     
671    1963 655     30      1241    -372    537     1512    931     -550    -555    -28     545     1095    1502    1511    1521    1260    899     635     -95     
671    1964 -999999 -999999 1227    -10     656     1428    -999999 45      16      -24     739     1125    1363    1443    1477    1200    -999999 508     121     
671    1965 689     -999999 1183    41      547     1403    805     67      -75     125     609     895     1393    1381    1435    1378    936     95      -82     
671    1966 699     -999999 1212    -250    587     1517    834     -352    -330    293     352     1109    1554    1537    1460    1241    908     350     123     
671    1967 824     340     1260    80      706     1533    983     -72     200     519     554     1041    1371    1609    1614    1352    1007    588     60      
671    1968 767     310     1287    -51     688     1573    879     -160    -54     409     712     925     1558    1523    1639    1361    886     389     -33     
671    1969 732     163     1308    -85     492     1630    944     44      -285    -61     594     946     1494    1656    1742    1428    1040    359     -178    
671    1970 -999999 75      -999999 -323    476     1601    860     -333    -473    -10     323     1111    1707    1484    1625    1225    887     405     194     
671    1971 804     -999999 1245    166     595     1515    848     70      244     103     545     1135    1352    1618    1571    1242    910     390     449     
671    1972 780     316     1250    103     681     1542    810     -142    -5      271     648     1097    1369    1722    1530    1115    800     514     362     
671    1973 -999999 443     1273    253     721     1587    -999999 138     264     564     533     1058    1446    1773    1533    1292    676     -999999 107     
671    1974 840     -999999 1259    244     717     1473    820     293     327     343     780     1029    1431    1448    1539    1321    663     482     392     
671    1975 891     -999999 1342    335     641     1668    904     441     139     269     534     1116    1394    1684    1918    1384    886     441     366     
671    1976 747     287     -999999 135     524     1655    827     2       30      -16     561     1062    1461    1793    1699    1163    860     458     -85     
671    1977 760     222     1198    -120    612     1508    889     -144    -134    338     428     1063    1479    1522    1523    1157    988     521     277     
671    1978 768     -999999 1236    61      618     1535    960     153     -272    204     506     1140    1542    1495    1569    1147    993     741     -91     
671    1979 682     -999999 1221    -304    562     1480    869     -398    -432    113     524     1034    1468    1476    1497    1317    832     460     161     
671    1980 745     185     -999999 -80     612     1590    835     -190    -219    51      663     1124    1523    1665    1581    1378    787     341     252     
671    1981 720     269     1294    81      695     1515    842     -63     53      227     573     1281    1397    1592    1552    1357    752     438     -528    
671    1982 -999999 74      1308    -376    679     1610    962     -483    -89     359     625     1052    1415    1730    1678    1322    951     599     175     
671    1983 812     -999999 1282    151     656     1594    845     403     -145    335     649     984     1418    1696    1665    1278    901     354     125     
671    1984 791     235     1264    22      615     1560    916     -36     -26     68      629     1150    1420    1587    1669    1122    1035    588     257     
671    1985 -999999 140     -999999 -306    560     1486    750     -696    -498    107     461     1102    1335    1611    1512    1141    958     123     103     
671    1986 693     -999999 1197    -234    588     1520    841     -298    -549    165     449     1145    1477    1603    1478    1011    867     643     174     
671    1987 -999999 124     -999999 -154    420     1393    880     -543    -76     -320    671     932     1190    1545    1439    1200    936     491     240     
671    1988 -999999 -999999 1323    249     613     1615    822     293     210     132     513     1212    1659    1646    1543    1341    815     294     303     
671    1989 -999999 -999999 -999999 427     791     1576    931     510     472     572     622     1147    1437    1746    1540    1342    997     435     187     
671    1990 -999999 -999999 1353    367     873     1631    856     381     565     609     785     1222    1519    1647    1722    1203    939     386     192     
671    1991 -999999 -999999 1292    38      687     1581    -999999 101     -194    442     657     961     1213    1800    1719    1362    816     463     291     
671    1992 -999999 -999999 -999999 302     767     1685    771     255     362     402     601     1293    1751    1732    1581    1302    577     434     195     
671    1993 -999999 -999999 -999999 152     769     1403    679     140     119     307     728     1288    1358    1430    1416    1114    735     187     125     
671    1994 816     226     1296    46      676     1609    850     172     -180    277     702     1048    1268    1892    1666    1195    752     607     341     
671    1995 760     365     1275    187     595     1620    858     -68     299     261     580     942     1359    1708    1784    1256    1047    265     -343    
671    1996 632     57      1182    -318    480     1517    793     -268    -344    -31     635     841     1349    1462    1734    1054    924     395     -198    
671    1997 781     231     1303    -92     575     1711    780     -230    179     315     525     884     1449    1727    1947    1268    706     369     186     
671    1998 733     352     1180    240     665     1368    714     145     405     306     575     1112    1303    1417    1382    1277    771     93      -16     
671    1999 809     224     1298    51      666     1522    949     123     46      305     743     954     1324    1640    1598    1529    851     470     100     
671    2000 847     369     1254    191     765     1444    931     200     278     314     776     1206    1359    1498    1471    1199    1012    580     257     
671    2001 -999999 332     1270    108     568     1572    -999999 93      -40     64      544     1096    1284    1738    1685    1248    1165    -999999 -7      
671    2002 953     -999999 1518    -999999 882     1805    860     285     468     447     811     1384    1623    1782    2005    1481    708     395     12      
671    2003 904     240     1459    -15     766     1782    932     12      -75     364     747     1188    1620    1896    1825    1459    685     662     405     
671    2004 908     392     1421    183     866     1658    931     -73     220     449     878     1271    1461    1631    1876    1391    909     494     358     
671    2005 885     369     1363    232     654     1621    1061    333     -19     105     771     1088    1432    1787    1637    1446    1107    627     243     
671    2006 972     314     1500    56      630     1798    1239    -129    54      -31     709     1215    1568    2008    1809    1672    1240    804     683     
671    2007 977     691     1421    473     936     1683    895     505     204     664     963     1184    1678    1635    1736    1319    871     497     407     
671    2008 969     512     1426    442     823     1694    971     415     507     374     804     1289    1541    1822    1715    1364    998     549     238     
671    2009 912     410     1450    145     875     1687    993     111     81      456     993     1179    1480    1789    1785    1457    795     734     33      
671    2010 698     180     1368    -231    674     1697    821     -408    -326    223     749     1052    1438    1925    1720    1305    886     269     -526    
671    2011 -999999 170     -999999 -176    -999999 -999999 -999999 38      -27     364     1077    -999999 -999999 -999999 -999999 -999999 -999999 -999999 -999999 
