EUROPEAN CLIMATE ASSESSMENT & DATASET (ECA&D), file created on: 10-05-2011
THESE DATA CAN BE USED FREELY PROVIDED THAT THE FOLLOWING SOURCE IS ACKNOWLEDGED: 

Klein Tank, A.M.G. and Coauthors, 2002. Daily dataset of 20th-century surface
air temperature and precipitation series for the European Climate Assessment.
Int. J. of Climatol., 22, 1441-1453.
Data and metadata available at http://eca.knmi.nl

FILE FORMAT (MISSING VALUE CODE = -999999):

THIS FILE HOLDS DATA FOR STATION ITALY                                    CATANIA/SIGONELLA                        (STAID:   2103)
LATITUDE: dd:mm:ss +37:24:00
LONGITUDE: ddd:mm:ss +014:55:12
ELEVATION: m   22

DATA IS FOR INDEX Mean of daily mean temperature (TG) with unit 0.01 Temperature (&#176;C)

01-06 SOUID: Source identifier
08-11 YEAR : YYYY
13-20 ANNUAL DATA VALUES
21-28 WINTER HALF YEAR DATA VALUES
29-36 SUMMER HALF YEAR DATA VALUES
37-44 WINTER (DJF) DATA VALUES
45-52 SPRING (MAM) DATA VALUES
53-60 SUMMER (JJA) DATA VALUES
61-68 AUTUMN (SON) DATA VALUES
69-76 JANUARY DATA VALUES
etc. 
157-164 DECEMBER DATA VALUES

2103   1951 1709    -999999 2116    -999999 1485    2402    1862    1045    1123    1284    1415    1753    2159    2448    2590    2317    1783    1490    1065    
2103   1952 1796    1259    2259    1010    1505    2572    2053    986     976     1244    1533    1740    2395    2626    2688    2562    2041    1556    1182    
2103   1953 1675    1262    2116    997     1393    2388    1891    815     993     970     1425    1785    2151    2522    2483    2315    1964    1391    1244    
2103   1954 1657    1299    2043    1039    1443    2305    1847    852     1018    1300    1336    1689    2236    2341    2336    2312    1780    1450    1195    
2103   1955 1727    1382    2055    1273    1440    2334    1828    1310    1319    1235    1328    1755    2125    2461    2411    2235    1838    1411    1261    
2103   1956 1644    1264    2078    1070    1409    2337    1821    1119    814     1116    1389    1722    2040    2449    2512    2340    1741    1386    1064    
2103   1957 1677    1241    2038    1079    1362    2324    1916    986     1197    1075    1365    1646    2197    2310    2462    2239    1955    1552    1115    
2103   1958 1757    1344    2117    1097    1482    2399    1960    1002    1183    1251    1372    1820    2167    2399    2624    2306    1958    1616    1348    
2103   1959 1715    1391    2093    1134    1502    2346    1903    1027    1016    1350    1438    1717    2123    2418    2488    2360    1815    1538    1245    
2103   1960 1781    1386    2120    1213    1514    2401    1988    1105    1294    1315    1408    1815    2222    2429    2546    2284    1996    1683    1255    
2103   1961 1812    1398    2232    1156    1588    2468    2028    1112    1094    1227    1632    1905    2266    2527    2605    2447    2004    1633    1249    
2103   1962 1820    1398    2286    1147    1594    2556    2017    1219    949     1285    1535    1960    2223    2648    2787    2545    2016    1489    1089    
2103   1963 1772    1303    2196    1040    1458    2522    1965    1015    1014    1171    1462    1733    2203    2576    2777    2409    1846    1643    1344    
2103   1964 1733    1380    2126    1146    1535    2421    1892    966     1126    1345    1406    1850    2271    2484    2504    2225    1923    1528    1149    
2103   1965 1736    1291    2159    1024    1458    2494    1920    1075    829     1207    1360    1802    2232    2707    2534    2303    1841    1617    1252    
2103   1966 1726    1352    2138    1181    1446    2446    1866    1058    1237    1105    1486    1750    2272    2465    2594    2249    2027    1317    1113    
2103   1967 1731    1279    2136    1039    1461    2427    1992    938     1069    1190    1363    1827    2048    2556    2664    2336    2019    1620    1095    
2103   1968 1801    1323    2278    1055    1576    2564    1951    915     1160    1126    1611    1993    2340    2686    2660    2360    1911    1582    1250    
2103   1969 1766    1360    2199    1111    1592    2452    1949    995     1084    1322    1420    2029    2222    2479    2649    2374    1853    1623    1093    
2103   1970 1803    1357    2239    1130    1532    2568    1916    1149    1152    1262    1583    1754    2359    2601    2737    2391    1831    1528    1243    
2103   1971 1724    1296    2239    1123    1485    2588    1754    1091    1026    1041    1495    1919    2326    2591    2839    2241    1721    1301    1040    
2103   1972 1762    1255    2208    1075    1546    2516    1840    1036    1153    1275    1536    1826    2392    2588    2564    2332    1692    1503    1227    
2103   1973 1817    1291    2290    1142    1500    2623    1992    1115    1076    1120    1346    2028    2395    2794    2673    2484    2019    1471    1230    
2103   1974 1753    1373    2216    1165    1503    2524    1865    1115    1148    1235    1406    1865    2328    2576    2662    2440    1775    1384    1061    
2103   1975 1759    1255    2213    1023    1536    2492    1929    993     1015    1284    1428    1893    2265    2612    2592    2471    1877    1439    1188    
2103   1976 1701    1274    2129    1061    1452    2442    1836    962     1031    1134    1356    1864    2233    2592    2493    2218    1925    1363    1211    
2103   1977 1819    1399    2217    1226    1587    2549    1942    1164    1313    1406    1453    1897    2327    2695    2617    2294    1937    1597    1097    
2103   1978 1728    1347    2147    1091    1482    2470    1794    981     1206    1258    1395    1790    2320    2500    2586    2276    1807    1297    1284    
2103   1979 1774    1318    2199    1170    1512    2544    1895    1027    1204    1275    1381    1875    2393    2637    2598    2294    2005    1384    1175    
2103   1980 1709    1311    2120    1066    1417    2460    1962    965     1058    1269    1286    1692    2183    2505    2683    2356    1953    1578    962     
2103   1981 1738    1282    2196    933     1553    2491    1886    866     975     1341    1515    1802    2397    2525    2548    2377    2068    1207    1178    
2103   1982 1790    1308    2213    1150    1380    2608    2020    1286    968     1104    1361    1675    2552    2654    2615    2409    2072    1579    1150    
2103   1983 1710    1295    2181    994     1501    2474    1886    974     845     1118    1500    1884    2179    2643    2591    2271    1889    1498    1065    
2103   1984 1700    1269    2104    1020    1451    2406    1890    1027    963     1161    1363    1826    2190    2498    2521    2208    1906    1556    1155    
2103   1985 1769    1327    2211    1103    1518    2530    1913    996     1163    1180    1493    1879    2394    2622    2570    2292    1871    1576    1159    
2103   1986 1738    1324    2187    1074    1549    2457    1906    997     1065    1256    1408    1977    2182    2481    2699    2356    1923    1438    1022    
2103   1987 1776    1230    2223    1023    1320    2588    2080    985     1066    938     1384    1641    2239    2734    2779    2543    2172    1522    1261    
2103   1988 -999999 1437    -999999 1214    1592    2649    1928    1281    1092    1275    1562    1963    2340    2854    2735    2290    2050    1365    1019    
2103   1989 1743    -999999 2167    1013    1493    2482    1874    948     1078    1267    1494    1716    2201    2590    2647    2341    1762    1523    1300    
2103   1990 1838    1385    2253    1236    1575    2535    2062    1073    1344    1308    1537    1880    2371    2635    2594    2491    2113    1579    1101    
2103   1991 1748    1388    2166    1058    1483    2514    1978    1025    1049    1434    1375    1637    2251    2635    2648    2437    2022    1473    934     
2103   1992 -999999 -999999 2107    971     1488    2354    2003    961     1021    1176    1482    1807    2116    2363    2574    2292    2067    1661    1261    
2103   1993 -999999 -999999 -999999 1063    1466    2416    -999999 1023    902     1115    1439    1843    2220    2424    2605    2338    1991    1549    -999999 
2103   1994 -999999 -999999 -999999 -999999 -999999 -999999 -999999 1073    1116    1274    1467    -999999 2248    2540    2815    2464    2045    1558    1203    
2103   1995 1715    -999999 2101    -999999 1434    2418    1806    1012    1240    1195    1331    1773    2179    2543    2524    2237    1801    1380    1322    
2103   1996 1726    1328    2113    1197    1477    2394    1855    1184    1077    1191    1409    1830    2203    2415    2559    2246    1801    1521    1245    
2103   1997 1766    1351    2153    1199    1437    2479    1958    1191    1159    1176    1230    1897    2406    2507    2519    2354    1935    1584    1195    
2103   1998 -999999 -999999 2263    1118    1518    2605    1901    1051    1108    1123    1587    1820    2384    2748    2680    2359    1998    1354    1037    
2103   1999 -999999 -999999 2312    -999999 1622    2609    2048    1042    -999999 1239    1542    2058    2438    2600    2785    2435    2129    1577    1263    
2103   2000 1834    1371    2294    1078    1617    2557    2061    932     1030    1264    1587    1999    2308    2625    2723    2509    2027    1650    1280    
2103   2001 -999999 -999999 2342    1177    1678    2664    2145    1144    1104    1566    1459    2023    2474    2727    2785    2545    2223    1647    1046    
2103   2002 1843    1401    2289    1057    1606    2620    2012    898     1246    1346    1575    1894    2414    2734    2704    2396    1994    1648    1235    
2103   2003 1876    1372    2365    1121    1556    2775    2064    1193    914     1212    1423    2029    2603    2861    2855    2396    2145    1649    1157    
2103   2004 1791    1378    2209    1087    1488    2554    1982    1055    1046    1204    1531    1730    2322    2614    2719    2325    2116    1502    1292    
2103   2005 1772    1322    2277    1031    1538    2601    1961    896     893     1195    1415    2001    2367    2741    2689    2427    1943    1514    1123    
2103   2006 1790    1324    2260    1060    1635    2561    1860    961     1101    1286    1605    2004    2351    2661    2664    2260    1945    1374    1206    
2103   2007 -999999 1366    -999999 1190    1632    2611    1960    1166    1197    1307    1577    2010    2471    2615    2752    2394    2044    1456    1132    
2103   2008 1778    1328    2240    1064    1569    2569    1900    1107    945     1285    1527    1893    2343    2695    2662    2303    1894    1504    1144    
2103   2009 1789    1302    2265    1073    1540    2579    1886    1134    922     1175    1474    1967    2321    2665    2744    2373    1815    1473    1294    
2103   2010 1807    1338    2251    1157    1570    2574    1929    1020    1150    1253    1564    1894    2304    2689    2720    2318    1901    1569    1238    
2103   2011 -999999 -999999 -999999 1096    -999999 -999999 -999999 1058    981     1225    1535    -999999 -999999 -999999 -999999 -999999 -999999 -999999 -999999 
