EUROPEAN CLIMATE ASSESSMENT & DATASET (ECA&D), file created on: 10-05-2011
THESE DATA CAN BE USED FREELY PROVIDED THAT THE FOLLOWING SOURCE IS ACKNOWLEDGED: 

Klein Tank, A.M.G. and Coauthors, 2002. Daily dataset of 20th-century surface
air temperature and precipitation series for the European Climate Assessment.
Int. J. of Climatol., 22, 1441-1453.
Data and metadata available at http://eca.knmi.nl

FILE FORMAT (MISSING VALUE CODE = -999999):

THIS FILE HOLDS DATA FOR STATION POLAND                                   TERESPOL                                 (STAID:    922)
LATITUDE: dd:mm:ss +52:04:00
LONGITUDE: ddd:mm:ss +023:37:00
ELEVATION: m  133

DATA IS FOR INDEX Mean of daily mean temperature (TG) with unit 0.01 Temperature (&#176;C)

01-06 SOUID: Source identifier
08-11 YEAR : YYYY
13-20 ANNUAL DATA VALUES
21-28 WINTER HALF YEAR DATA VALUES
29-36 SUMMER HALF YEAR DATA VALUES
37-44 WINTER (DJF) DATA VALUES
45-52 SPRING (MAM) DATA VALUES
53-60 SUMMER (JJA) DATA VALUES
61-68 AUTUMN (SON) DATA VALUES
69-76 JANUARY DATA VALUES
etc. 
157-164 DECEMBER DATA VALUES

922    1944 -999999 -999999 -999999 -999999 -999999 -999999 824     -999999 -999999 -999999 -999999 -999999 -999999 -999999 -999999 1301    913     256     -274    
922    1945 700     59      1383    -323    668     1704    722     -618    -51     121     659     1225    1566    1800    1743    1286    705     174     -256    
922    1946 739     26      1572    -301    853     1867    595     -383    -259    155     884     1520    1775    1983    1839    1407    397     -13     -500    
922    1947 690     -342    1553    -810    744     1841    774     -814    -1148   -41     792     1481    1834    1984    1704    1502    511     317     33      
922    1948 788     91      1516    -129    872     1727    770     9       -450    97      1030    1494    1680    1779    1721    1379    750     181     -262    
922    1949 836     71      1470    -141    763     1664    884     -71     -84     -100    837     1554    1529    1785    1674    1424    800     431     191     
922    1950 776     94      1517    -291    916     1732    772     -1026   -9      176     1059    1518    1685    1802    1708    1310    689     319     45      
922    1951 818     92      1546    -157    714     1876    788     -306    -217    -1      911     1238    1782    1845    1997    1489    429     459     132     
922    1952 716     30      1460    -52     536     1806    673     -50     -250    -546    1026    1145    1573    1903    1934    1163    693     162     -192    
922    1953 776     27      1512    -300    777     1864    746     -316    -401    181     808     1342    1825    2028    1738    1315    845     76      -211    
922    1954 681     -192    1471    -766    705     1806    831     -935    -1194   178     477     1451    1919    1736    1767    1458    807     228     148     
922    1955 726     48      1423    -187    457     1821    862     -364    -363    -204    429     1146    1605    1927    1924    1485    854     248     -57     
922    1956 584     -113    1381    -519    552     1725    605     -219    -1333   -236    565     1327    1892    1726    1564    1199    776     -167    -172    
922    1957 792     74      1425    -78     673     1789    790     -185    147     45      843     1136    1813    1905    1649    1190    818     360     -251    
922    1958 749     26      1399    -237    552     1716    840     -363    -82     -325    445     1533    1570    1839    1736    1241    925     351     55      
922    1959 796     224     1494    -99     818     1913    640     -126    -240    340     814     1299    1730    2156    1845    1093    624     205     -268    
922    1960 756     -43     1394    -374    661     1755    788     -417    -442    24      642     1316    1770    1814    1683    1116    824     422     268     
922    1961 810     259     1472    -56     871     1748    907     -485    60      453     954     1209    1808    1732    1705    1415    1012    291     -461    
922    1962 686     6       1384    -315    630     1593    840     -104    -386    -345    1067    1182    1448    1622    1704    1271    793     460     -530    
922    1963 668     -309    1618    -944    719     1904    975     -1413   -884    -307    783     1684    1681    2010    2015    1510    826     593     -570    
922    1964 695     -104    1474    -550    518     1845    815     -466    -618    -398    719     1239    2019    1919    1603    1332    836     277     -160    
922    1965 647     14      1356    -364    573     1640    679     -284    -679    35      643     1045    1623    1695    1602    1521    701     -186    -45     
922    1966 789     5       1470    -254    867     1751    818     -544    -166    247     897     1460    1708    1872    1670    1192    1053    202     -184    
922    1967 833     96      1543    -370    887     1783    1029    -719    -189    388     807     1465    1696    1937    1712    1626    1068    393     -250    
922    1968 725     98      1463    -359    784     1759    771     -624    -192    181     920     1254    1858    1683    1739    1316    739     258     -442    
922    1969 605     -191    1424    -625    599     1712    851     -849    -581    -295    644     1450    1663    1815    1657    1295    750     511     -856    
922    1970 668     -154    1381    -736    658     1700    739     -652    -697    -13     725     1265    1684    1738    1677    1178    659     382     -17     
922    1971 759     55      1433    -205    710     1747    677     -445    -147    -112    720     1524    1590    1782    1865    1089    775     164     237     
922    1972 742     48      1497    -302    828     1852    683     -966    -168    235     830     1418    1760    2088    1705    1157    542     354     -79     
922    1973 736     129     1389    -137    764     1693    636     -354    38      268     754     1271    1619    1783    1676    1210    586     114     -172    
922    1974 782     127     1333    -102    720     1607    770     -235    121     348     660     1149    1451    1611    1755    1356    681     275     168     
922    1975 878     277     1524    90      898     1785    782     179     -95     417     720     1552    1661    1882    1808    1498    764     85      -17     
922    1976 632     -66     1328    -364    593     1579    748     -425    -668    -170    785     1171    1448    1785    1501    1263    578     407     -134    
922    1977 753     144     1332    -177    797     1635    767     -291    -99     386     651     1348    1693    1615    1597    1068    817     415     -220    
922    1978 638     72      1261    -368    694     1565    763     -325    -581    271     665     1145    1488    1620    1585    1047    776     466     -586    
922    1979 685     -89     1431    -649    759     1701    690     -677    -688    136     655     1483    1960    1462    1690    1327    521     229     38      
922    1980 597     -83     1273    -326    432     1611    720     -694    -322    -275    622     954     1561    1668    1603    1219    816     121     -130    
922    1981 750     75      1424    -269    760     1729    825     -479    -189    289     528     1455    1736    1829    1621    1354    862     257     -325    
922    1982 788     54      1438    -362    748     1723    878     -396    -365    256     576     1406    1512    1815    1835    1458    794     384     94      
922    1983 863     258     1541    12      961     1745    795     225     -313    310     980     1594    1645    1812    1775    1420    829     135     -147    
922    1984 757     90      1401    -167    785     1587    821     -98     -263    61      910     1388    1411    1582    1763    1333    971     153     -170    
922    1985 604     -186    1411    -769    780     1664    640     -1041   -1133   25      804     1512    1483    1656    1848    1137    765     12      41      
922    1986 714     -40     1435    -386    828     1721    729     -201    -1062   106     932     1450    1679    1761    1722    1049    732     407     -144    
922    1987 590     -169    1339    -605    502     1642    772     -1429   -202    -361    625     1245    1628    1804    1493    1225    767     323     -66     
922    1988 765     145     1470    -80     740     1754    638     -101    -73     15      687     1518    1631    1941    1685    1334    671     -91     -77     
922    1989 916     244     1480    128     948     1714    810     173     306     480     974     1390    1605    1816    1719    1362    955     108     62      
922    1990 888     380     1377    195     930     1657    794     120     426     605     859     1325    1650    1637    1682    1088    841     451     -63     
922    1991 772     169     1423    -203    727     1749    846     -86     -488    304     736     1140    1571    1878    1793    1402    752     388     -220    
922    1992 830     189     1493    -115    766     1916    687     -131    15      327     665     1302    1748    1916    2080    1220    559     287     -65     
922    1993 740     92      1411    -101    826     1606    542     -63     -184    -2      836     1645    1538    1645    1632    1145    800     -328    138     
922    1994 847     116     1530    -22     820     1818    811     161     -403    266     941     1258    1546    2074    1824    1517    658     265     -40     
922    1995 785     187     1482    -28     788     1824    722     -265    247     264     800     1300    1767    1953    1751    1300    939     -80     -587    
922    1996 651     -236    1441    -680    716     1727    836     -747    -709    -256    794     1614    1680    1670    1829    1035    875     596     -609    
922    1997 746     109     1411    -358    698     1776    706     -526    107     229     487     1373    1683    1797    1844    1253    583     287     -206    
922    1998 784     174     1484    15      843     1725    589     19      256     116     988     1429    1800    1782    1595    1300    742     -281    -370    
922    1999 868     46      1559    -211    859     1899    775     -89     -171    410     1001    1170    1940    2042    1716    1473    772     81      -1      
922    2000 917     179     1497    -32     993     1723    926     -224    141     296     1215    1475    1742    1677    1751    1109    1051    616     138     
922    2001 808     308     1511    -24     837     1841    817     -93     -127    229     900     1383    1494    2137    1880    1241    1020    184     -626    
922    2002 885     197     1614    -166    1007    1944    783     -152    329     441     892     1685    1719    2122    1984    1250    709     391     -777    
922    2003 792     -86     1538    -599    818     1862    779     -389    -635    150     712     1589    1687    2038    1854    1316    550     477     50      
922    2004 795     118     1411    -205    757     1739    845     -558    -100    288     810     1175    1580    1785    1847    1249    968     315     143     
922    2005 839     175     1557    -62     740     1828    914     15      -375    -67     927     1366    1636    2055    1788    1552    913     277     -97     
922    2006 817     -67     1573    -478    688     1865    1025    -801    -541    -185    895     1366    1661    2089    1839    1547    1030    500     324     
922    2007 916     429     1569    114     1018    1883    762     249     -269    678     828     1543    1831    1911    1905    1375    792     119     -66     
922    2008 926     236     1498    38      875     1823    896     -46     237     370     953     1288    1689    1863    1914    1263    979     443     88      
922    2009 839     221     1538    -107    856     1795    886     -308    -99     202     1024    1348    1676    1957    1746    1462    699     503     -224    
922    2010 802     -999999 1623    -476    933     2009    798     -906    -283    331     946     1501    1800    2186    2034    1242    570     589     -517    
922    2011 -999999 45      -999999 -373    -999999 -999999 -999999 -156    -456    209     1001    -999999 -999999 -999999 -999999 -999999 -999999 -999999 -999999 
