EUROPEAN CLIMATE ASSESSMENT & DATASET (ECA&D), file created on: 10-05-2011
THESE DATA CAN BE USED FREELY PROVIDED THAT THE FOLLOWING SOURCE IS ACKNOWLEDGED: 

Klein Tank, A.M.G. and Coauthors, 2002. Daily dataset of 20th-century surface
air temperature and precipitation series for the European Climate Assessment.
Int. J. of Climatol., 22, 1441-1453.
Data and metadata available at http://eca.knmi.nl

FILE FORMAT (MISSING VALUE CODE = -999999):

THIS FILE HOLDS DATA FOR STATION CYPRUS                                   LARNACA                                  (STAID:     23)
LATITUDE: dd:mm:ss +34:52:59
LONGITUDE: ddd:mm:ss +033:37:59
ELEVATION: m    1

DATA IS FOR INDEX Mean of daily mean temperature (TG) with unit 0.01 Temperature (&#176;C)

01-06 SOUID: Source identifier
08-11 YEAR : YYYY
13-20 ANNUAL DATA VALUES
21-28 WINTER HALF YEAR DATA VALUES
29-36 SUMMER HALF YEAR DATA VALUES
37-44 WINTER (DJF) DATA VALUES
45-52 SPRING (MAM) DATA VALUES
53-60 SUMMER (JJA) DATA VALUES
61-68 AUTUMN (SON) DATA VALUES
69-76 JANUARY DATA VALUES
etc. 
157-164 DECEMBER DATA VALUES

23     1976 -999999 -999999 -999999 -999999 -999999 2522    2056    -999999 -999999 -999999 1665    2028    2394    2603    2565    2343    2106    1717    1390    
23     1977 -999999 -999999 2369    -999999 -999999 2650    2066    -999999 -999999 -999999 1650    2112    2414    2767    2762    2491    2000    1710    1213    
23     1978 -999999 -999999 2345    -999999 -999999 2624    2027    -999999 -999999 -999999 1620    2180    2474    2762    2631    2389    2168    1520    1365    
23     1979 -999999 -999999 2356    -999999 -999999 2615    2169    -999999 -999999 -999999 1708    2054    2538    2710    2595    2503    2181    1822    1278    
23     1980 -999999 -999999 2303    -999999 -999999 2582    2103    -999999 -999999 -999999 1641    1995    2399    2642    2699    2425    2115    1768    1319    
23     1981 -999999 -999999 2351    -999999 -999999 2637    2118    -999999 -999999 -999999 1703    1957    2491    2685    2731    2527    2296    1524    1434    
23     1982 -999999 -999999 2345    -999999 -999999 2568    2069    -999999 1024    -999999 1712    2074    2426    2584    2690    2550    2178    1474    1182    
23     1983 -999999 -999999 2324    -999999 -999999 2587    2100    -999999 -999999 -999999 1649    2073    2410    2695    2650    2452    2037    1814    1384    
23     1984 -999999 -999999 2314    -999999 1712    2559    2093    -999999 -999999 1371    1590    2126    2430    2612    2630    2489    2183    1618    1199    
23     1985 -999999 -999999 2371    -999999 -999999 2617    2105    -999999 -999999 -999999 1733    2115    2384    2654    2797    2530    1988    1801    1339    
23     1986 1942    1524    2392    1293    1790    2609    2091    1239    1301    1464    1932    1980    2493    2621    2710    2612    2154    1507    1259    
23     1987 1906    1448    2340    1298    1567    2623    2099    1290    1351    1122    1594    1985    2392    2708    2762    2584    2071    1643    1335    
23     1988 1935    1463    2443    1256    1729    2735    2035    1209    1221    1290    1762    2136    2463    2911    2823    2542    2088    1475    1267    
23     1989 1931    1395    2420    1124    1862    2608    2091    988     1118    1407    1967    2215    2408    2719    2691    2506    2045    1725    1332    
23     1990 1947    1455    2364    1181    1744    2620    2190    1036    1174    1402    1726    2104    2467    2672    2717    2484    2257    1828    1441    
23     1991 1926    1575    2350    1275    1776    2593    2146    1212    1161    1516    1763    2048    2436    2636    2703    2500    2215    1721    1152    
23     1992 1828    1373    2313    1022    1619    2582    2115    1011    893     1225    1638    1995    2368    2613    2758    2492    2170    1682    1058    
23     1993 1917    1381    2348    1047    1620    2661    2185    1084    994     1267    1642    1952    2476    2725    2777    2500    2418    1629    1474    
23     1994 2001    1593    2449    1368    1808    2648    2266    1375    1243    1387    1855    2184    2497    2673    2770    2712    2451    1645    1193    
23     1995 1945    1555    2403    1259    1736    2700    2054    1284    1306    1430    1643    2132    2582    2731    2782    2534    2157    1467    1246    
23     1996 1980    1453    2413    1241    1727    2705    2149    1177    1305    1355    1589    2232    2562    2777    2773    2525    2070    1855    1512    
23     1997 1926    1515    2344    1297    1654    2632    2145    1295    1063    1265    1541    2152    2501    2794    2596    2461    2186    1788    1402    
23     1998 2033    1529    2487    1282    1792    2757    2266    1184    1257    1340    1869    2170    2548    2768    2949    2607    2292    1898    1463    
23     1999 2051    1629    2485    1364    1846    2739    2233    1335    1289    1475    1773    2288    2558    2814    2839    2620    2315    1761    1490    
23     2000 2000    1515    2512    1236    1758    2821    2205    1045    1168    1295    1800    2182    2693    2911    2856    2614    2194    1808    1410    
23     2001 2062    -999999 2484    1372    1953    2722    2189    1340    1363    1710    1888    2251    2578    2754    2829    2593    2230    1743    1380    
23     2002 2013    1553    2429    1272    1750    2747    2280    1080    1363    1512    1673    2062    2550    2842    2844    2591    2338    1911    1347    
23     2003 2020    1575    2474    1307    1778    2735    2206    1445    1111    1267    1674    2389    2546    2816    2837    2560    2247    1810    1471    
23     2004 1990    1577    2391    1302    1768    2661    2265    1221    1207    1489    1752    2062    2489    2772    2715    2543    2390    1857    1357    
23     2005 1990    1600    2416    1291    1795    2664    2140    1309    1197    1460    1796    2130    2478    2738    2769    2573    2151    1696    1522    
23     2006 1976    1547    2430    1338    1775    2681    2164    1213    1273    1407    1776    2141    2525    2734    2778    2611    2216    1662    1333    
23     2007 2026    1528    2459    1283    1769    2759    2252    1198    1320    1423    1655    2225    2594    2852    2825    2587    2325    1841    1411    
23     2008 2045    1598    2481    1242    1896    2762    2254    1093    1221    1680    1887    2122    2623    2790    2869    2584    2237    1941    1466    
23     2009 2070    1626    2482    1394    1768    2804    2267    1365    1346    1388    1778    2138    2676    2867    2864    2553    2404    1840    1566    
23     2010 2124    1706    2501    1468    1862    2755    2370    1426    1405    1571    1831    2183    2507    2755    2994    2720    2358    2033    1655    
23     2011 -999999 1702    -999999 1450    -999999 -999999 -999999 1354    1328    1460    1719    -999999 -999999 -999999 -999999 -999999 -999999 -999999 -999999 
