EUROPEAN CLIMATE ASSESSMENT & DATASET (ECA&D), file created on: 10-05-2011
THESE DATA CAN BE USED FREELY PROVIDED THAT THE FOLLOWING SOURCE IS ACKNOWLEDGED: 

Klein Tank, A.M.G. and Coauthors, 2002. Daily dataset of 20th-century surface
air temperature and precipitation series for the European Climate Assessment.
Int. J. of Climatol., 22, 1441-1453.
Data and metadata available at http://eca.knmi.nl

FILE FORMAT (MISSING VALUE CODE = -999999):

THIS FILE HOLDS DATA FOR STATION FINLAND                                  HATTULA LEPAA                            (STAID:    709)
LATITUDE: dd:mm:ss +61:07:48
LONGITUDE: ddd:mm:ss +024:19:48
ELEVATION: m   91

DATA IS FOR INDEX Mean of daily mean temperature (TG) with unit 0.01 Temperature (&#176;C)

01-06 SOUID: Source identifier
08-11 YEAR : YYYY
13-20 ANNUAL DATA VALUES
21-28 WINTER HALF YEAR DATA VALUES
29-36 SUMMER HALF YEAR DATA VALUES
37-44 WINTER (DJF) DATA VALUES
45-52 SPRING (MAM) DATA VALUES
53-60 SUMMER (JJA) DATA VALUES
61-68 AUTUMN (SON) DATA VALUES
69-76 JANUARY DATA VALUES
etc. 
157-164 DECEMBER DATA VALUES

709    1959 -999999 -999999 -999999 -999999 -999999 1610    463     -999999 -999999 -999999 -999999 939     1453    1737    1635    904     418     67      -647    
709    1960 403     -438    1221    -894    280     1657    387     -1034   -1007   -443    212     1068    1654    1801    1515    1053    266     -153    -153    
709    1961 557     -126    1162    -271    390     1577    659     -504    -144    -72     214     1021    1713    1595    1428    984     847     139     -581    
709    1962 344     -284    1046    -603    146     1323    576     -559    -677    -895    486     859     1209    1453    1305    949     693     83      -831    
709    1963 338     -574    1241    -1077   165     1548    574     -1150   -1269   -1017   236     1278    1369    1660    1610    1264    543     -84     -497    
709    1964 412     -356    1123    -647    201     1483    530     -361    -1114   -663    322     948     1416    1582    1448    998     695     -109    -287    
709    1965 362     -238    1102    -517    173     1448    423     -424    -875    -486    324     687     1494    1419    1434    1248    558     -541    -572    
709    1966 280     -663    1113    -1222   198     1603    496     -1539   -1590   -379    14      954     1655    1732    1423    875     472     143     -530    
709    1967 420     -300    1171    -841    444     1526    726     -1306   -670    68      295     962     1349    1635    1588    1174    742     263     -1127   
709    1968 334     -440    1142    -1162   302     1581    319     -1654   -673    -184    367     725     1626    1532    1586    1002    185     -225    -293    
709    1969 291     -549    1153    -831    132     1586    464     -1113   -1114   -776    324     853     1506    1668    1582    966     510     -86     -916    
709    1970 323     -555    1131    -1166   243     1589    397     -1177   -1429   -301    89      937     1625    1647    1496    967     389     -164    -335    
709    1971 409     -287    1115    -451    186     1536    351     -340    -701    -605    159     1004    1378    1672    1552    893     398     -240    -354    
709    1972 488     -363    1220    -659    248     1725    465     -1044   -573    -376    181     938     1631    1927    1614    1005    410     -18     122     
709    1973 419     -53     1160    -199    378     1669    150     -240    -510    -125    274     983     1623    1925    1459    664     217     -434    -883    
709    1974 538     -302    1086    -469    233     1469    600     -376    -115    -206    221     683     1379    1556    1470    1193    485     125     5       
709    1975 548     -4      1171    -195    439     1472    561     -221    -387    -63     273     1101    1254    1663    1490    1220    438     29      -291    
709    1976 227     -436    1015    -806    151     1404    252     -1305   -822    -674    132     994     1248    1528    1432    729     69      -37     -605    
709    1977 332     -450    1015    -818    248     1399    445     -812    -1060   -301    130     911     1349    1467    1381    832     444     60      -523    
709    1978 242     -396    1030    -854    251     1414    440     -744    -1342   -349    159     940     1400    1504    1339    815     340     169     -1431   
709    1979 373     -535    1143    -1195   372     1534    452     -1009   -1138   -177    181     1105    1553    1486    1564    945     353     62      -554    
709    1980 311     -487    1154    -884    171     1552    370     -1082   -1026   -690    491     722     1630    1595    1434    1044    452     -388    -485    
709    1981 350     -415    1092    -609    147     1460    488     -580    -779    -744    109     1075    1328    1666    1381    963     569     -70     -804    
709    1982 415     -392    1087    -945    368     1460    534     -1318   -687    -63     249     913     1122    1650    1597    958     380     270     -164    
709    1983 473     -188    1236    -463    411     1538    479     -278    -998    -398    509     1126    1383    1711    1514    1151    535     -251    -438    
709    1984 463     -332    1159    -563    366     1433    548     -626    -628    -599    442     1257    1337    1558    1401    936     655     51      -264    
709    1985 194     -542    1063    -1250   219     1503    461     -1789   -1743   -258    56      853     1353    1554    1597    939     659     -221    -812    
709    1986 342     -457    1100    -1052   401     1536    501     -1030   -1342   -77     197     1077    1613    1655    1341    694     519     289     -952    
709    1987 191     -617    987     -1288   124     1326    457     -2022   -846    -680    257     798     1296    1461    1218    871     626     -130    -604    
709    1988 438     -228    1219    -498    259     1677    376     -381    -509    -388    78      1082    1643    1937    1449    1097    448     -419    -817    
709    1989 598     -135    1236    -331    584     1555    509     -108    -39     127     566     1058    1585    1661    1422    1109    465     -45     -660    
709    1990 534     -118    1135    -397    515     1492    352     -545    58      39      579     928     1391    1545    1536    808     472     -229    -212    
709    1991 483     -235    1113    -514    323     1536    569     -503    -860    -140    366     745     1262    1685    1652    943     526     238     -215    
709    1992 510     -5      1171    -285    431     1542    274     -308    -335    49      124     1109    1526    1629    1470    1143    -71     -238    -13     
709    1993 423     -178    1054    -228    503     1363    179     -311    -374    -81     295     1287    1159    1572    1350    624     311     -403    -430    
709    1994 415     -459    1163    -789    312     1556    443     -568    -1433   -322    507     758     1277    1865    1517    1032    445     -148    -94     
709    1995 480     -71     1158    -230    373     1580    486     -429    -159    -52     264     905     1704    1511    1529    1018    753     -322    -995    
709    1996 359     -487    1077    -966    222     1483    568     -711    -1209   -479    283     864     1354    1439    1651    850     635     216     -640    
709    1997 467     -174    1174    -600    260     1699    412     -633    -520    -121    118     778     1574    1763    1757    1031    258     -47     -418    
709    1998 411     -278    1112    -446    224     1443    399     -280    -661    -549    283     939     1410    1563    1354    1104    488     -397    -404    
709    1999 492     -348    1224    -662    340     1644    623     -720    -885    -226    511     739     1784    1759    1392    1154    605     110     -405    
709    2000 599     -117    1167    -404    468     1495    680     -433    -372    -220    581     1045    1419    1610    1453    875     808     351     37      
709    2001 -999999 -999999 -999999 -999999 -999999 -999999 -999999 -999999 -999999 -999999 -999999 -999999 -999999 -999999 -999999 -999999 -999999 -999999 -999999 
709    2002 -999999 -999999 -999999 -999999 -999999 -999999 -999999 -999999 -999999 -999999 -999999 -999999 -999999 -999999 -999999 -999999 -999999 -999999 -999999 
709    2003 -999999 -999999 -999999 -999999 -999999 -999999 -999999 -999999 -999999 -999999 -999999 -999999 -999999 -999999 -999999 -999999 -999999 -999999 -999999 
709    2004 -999999 -999999 -999999 -999999 -999999 -999999 -999999 -999999 -999999 -999999 -999999 -999999 -999999 -999999 -999999 -999999 -999999 -999999 -999999 
709    2005 -999999 -999999 -999999 -999999 -999999 -999999 -999999 -999999 -999999 -999999 -999999 -999999 -999999 -999999 -999999 -999999 -999999 -999999 -999999 
709    2006 -999999 -999999 -999999 -999999 -999999 -999999 -999999 -999999 -999999 -999999 -999999 -999999 -999999 -999999 -999999 -999999 -999999 -999999 -999999 
709    2007 -999999 -999999 -999999 -999999 -999999 -999999 -999999 -999999 -999999 -999999 -999999 -999999 -999999 -999999 -999999 -999999 -999999 -999999 -999999 
709    2008 -999999 -999999 1179    -999999 485     1523    562     -999999 -70     -143    582     1020    1449    1645    1472    864     711     126     -21     
709    2009 494     -82     1248    -369    444     1552    552     -506    -603    -244    441     1135    1377    1693    1580    1239    275     152     -676    
709    2010 373     -482    1351    -1006   440     1771    424     -1334   -1008   -330    483     1169    1438    2154    1711    1118    420     -264    -1168   
709    2011 -999999 -523    -999999 -1039   -999999 -999999 -999999 -706    -1266   -219    567     -999999 -999999 -999999 -999999 -999999 -999999 -999999 -999999 
