EUROPEAN CLIMATE ASSESSMENT & DATASET (ECA&D), file created on: 10-05-2011
THESE DATA CAN BE USED FREELY PROVIDED THAT THE FOLLOWING SOURCE IS ACKNOWLEDGED: 

Klein Tank, A.M.G. and Coauthors, 2002. Daily dataset of 20th-century surface
air temperature and precipitation series for the European Climate Assessment.
Int. J. of Climatol., 22, 1441-1453.
Data and metadata available at http://eca.knmi.nl

FILE FORMAT (MISSING VALUE CODE = -999999):

THIS FILE HOLDS DATA FOR STATION FRANCE                                   DIJON                                    (STAID:    745)
LATITUDE: dd:mm:ss +47:22:48
LONGITUDE: ddd:mm:ss +004:55:48
ELEVATION: m    0

DATA IS FOR INDEX Mean of daily mean temperature (TG) with unit 0.01 Temperature (&#176;C)

01-06 SOUID: Source identifier
08-11 YEAR : YYYY
13-20 ANNUAL DATA VALUES
21-28 WINTER HALF YEAR DATA VALUES
29-36 SUMMER HALF YEAR DATA VALUES
37-44 WINTER (DJF) DATA VALUES
45-52 SPRING (MAM) DATA VALUES
53-60 SUMMER (JJA) DATA VALUES
61-68 AUTUMN (SON) DATA VALUES
69-76 JANUARY DATA VALUES
etc. 
157-164 DECEMBER DATA VALUES

745    1958 1074    -999999 1611    -999999 909     1855    1107    288     552     398     781     1544    1663    1952    1944    1763    1072    487     412     
745    1959 1191    590     1764    343     1188    2039    1170    269     348     923     1100    1537    1843    2255    2012    1820    1165    526     426     
745    1960 1088    609     1580    364     1159    1801    1108    200     473     852     1012    1610    1881    1709    1816    1441    1093    789     165     
745    1961 1161    647     1671    367     1157    1829    1216    245     725     878     1305    1291    1782    1845    1858    1949    1223    476     339     
745    1962 996     520     1570    344     884     1854    1044    425     259     371     1030    1256    1689    1851    2018    1561    1179    387     -121    
745    1963 972     276     1590    -191    1021    1825    1205    -299    -150    625     1108    1332    1722    1999    1750    1619    1089    910     -106    
745    1964 1078    467     1722    83      1053    1996    1104    -166    552     544     1079    1536    1884    2209    1891    1718    937     661     90      
745    1965 1015    464     1482    164     986     1740    1011    294     102     673     942     1344    1744    1706    1771    1375    1113    540     510     
745    1966 1100    592     1613    429     1081    1768    1149    48      762     596     1168    1481    1820    1742    1742    1723    1347    370     388     
745    1967 1082    599     1590    346     1025    1907    1149    150     516     804     950     1319    1693    2137    1882    1541    1338    561     45      
745    1968 1035    532     1533    195     1009    1779    1113    128     426     685     1078    1267    1666    1907    1761    1509    1322    501     153     
745    1969 1043    520     1604    205     1021    1845    1183    316     140     650     991     1420    1537    2081    1907    1669    1231    647     -140    
745    1970 1034    453     1598    132     865     1909    1131    193     365     421     796     1376    1913    1869    1946    1676    990     733     95      
745    1971 1046    414     1680    138     1028    1911    1042    16      320     330     1246    1516    1610    2144    1968    1578    1118    428     227     
745    1972 1043    565     1506    332     1031    1783    1045    188     599     827     960     1303    1571    1922    1850    1408    1105    619     150     
745    1973 1067    463     1705    143     978     2054    1069    37      252     601     801     1525    1941    2019    2198    1726    980     504     164     
745    1974 1112    582     1585    386     1075    1861    965     487     518     832     1054    1340    1675    1877    2025    1524    722     658     591     
745    1975 1074    591     1631    538     954     1935    1049    531     488     552     985     1327    1694    2012    2090    1662    901     588     28      
745    1976 1137    452     1741    203     1071    2107    1114    288     298     606     1038    1567    2120    2232    1969    1500    1202    638     154     
745    1977 1111    658     1518    393     1049    1785    1139    356     697     903     851     1386    1657    1908    1786    1502    1266    646     339     
745    1978 1025    590     1519    283     983     1775    1011    196     318     753     843     1349    1634    1876    1811    1588    1086    356     429     
745    1979 1065    481     1583    227     1002    1855    1153    -145    415     737     890     1375    1816    1975    1774    1658    1224    576     450     
745    1980 1002    600     1537    380     953     1779    1011    106     599     644     895     1316    1615    1729    1986    1663    997     372     94      
745    1981 1072    472     1593    129     1185    1812    1063    124     175     1038    1150    1366    1678    1842    1911    1602    1076    509     330     
745    1982 1122    541     1667    341     989     1957    1165    328     369     616     942     1406    1861    2142    1865    1773    1024    702     390     
745    1983 1085    560     1655    311     908     2091    1063    363     165     683     932     1111    1826    2379    2059    1606    1094    487     247     
745    1984 1003    470     1473    249     814     1804    1130    265     233     477     903     1065    1603    1888    1915    1447    1132    811     266     
745    1985 954     410     1563    10      917     1781    1041    -444    230     459     1005    1290    1528    1997    1811    1734    1137    249     403     
745    1986 976     351     1544    80      867     1851    1143    207     -420    452     715     1429    1768    1958    1825    1549    1220    659     244     
745    1987 983     409     1562    39      879     1791    1199    -328    219     430     1073    1141    1538    1939    1886    1785    1221    591     266     
745    1988 1112    606     1600    403     1044    1828    1089    553     390     604     1071    1456    1678    1836    1964    1579    1225    458     492     
745    1989 1096    607     1623    339     1123    1896    1083    182     343     910     840     1608    1680    2034    1966    1584    1220    442     279     
745    1990 1127    610     1627    386     1092    1921    1157    158     756     814     855     1601    1684    1997    2073    1526    1312    628     92      
745    1991 1055    533     1635    97      1008    1963    1125    217     -29     929     880     1209    1582    2118    2178    1824    1013    543     113     
745    1992 1093    460     1671    165     1071    1977    1072    60      335     691     949     1571    1733    2049    2143    1557    913     752     335     
745    1993 1061    541     1616    312     1066    1885    899     438     148     630     1107    1463    1814    1879    1960    1456    948     292     517     
745    1994 1205    602     1665    445     1105    2057    1198    379     438     1014    856     1435    1795    2304    2065    1509    1185    900     515     
745    1995 1116    693     1602    496     985     1951    1117    311     679     576     994     1385    1618    2197    2029    1362    1386    593     220     
745    1996 1013    540     1554    234     966     1868    1002    276     204     539     1058    1304    1805    1918    1879    1347    1090    566     142     
745    1997 1139    538     1672    202     1136    1949    1164    -74     575     933     993     1479    1704    1926    2209    1700    1113    680     390     
745    1998 1082    618     1633    381     1076    1920    991     351     405     750     937     1538    1795    1953    2007    1549    1094    328     226     
745    1999 1134    515     1706    288     1134    1918    1141    368     266     778     993     1626    1647    2093    2004    1854    1152    417     333     
745    2000 1175    568     1677    374     1101    1910    1225    252     548     701     1017    1582    1876    1797    2056    1722    1190    764     579     
