EUROPEAN CLIMATE ASSESSMENT & DATASET (ECA&D), file created on: 10-05-2011
THESE DATA CAN BE USED FREELY PROVIDED THAT THE FOLLOWING SOURCE IS ACKNOWLEDGED: 

Klein Tank, A.M.G. and Coauthors, 2002. Daily dataset of 20th-century surface
air temperature and precipitation series for the European Climate Assessment.
Int. J. of Climatol., 22, 1441-1453.
Data and metadata available at http://eca.knmi.nl

FILE FORMAT (MISSING VALUE CODE = -999999):

THIS FILE HOLDS DATA FOR STATION HUNGARY                                  SOPRON                                   (STAID:   2041)
LATITUDE: dd:mm:ss +47:40:48
LONGITUDE: ddd:mm:ss +016:36:00
ELEVATION: m  233

DATA IS FOR INDEX Mean of daily mean temperature (TG) with unit 0.01 Temperature (&#176;C)

01-06 SOUID: Source identifier
08-11 YEAR : YYYY
13-20 ANNUAL DATA VALUES
21-28 WINTER HALF YEAR DATA VALUES
29-36 SUMMER HALF YEAR DATA VALUES
37-44 WINTER (DJF) DATA VALUES
45-52 SPRING (MAM) DATA VALUES
53-60 SUMMER (JJA) DATA VALUES
61-68 AUTUMN (SON) DATA VALUES
69-76 JANUARY DATA VALUES
etc. 
157-164 DECEMBER DATA VALUES

2041   1958 1075    -999999 1708    -999999 948     1951    1126    11      418     129     827     1886    1730    2090    2026    1658    1158    561     360     
2041   1959 1089    517     1678    181     1161    1953    1038    68      107     811     1138    1535    1762    2111    1981    1521    1063    528     365     
2041   1960 1042    413     1632    103     1017    1928    1145    -85     24      561     1045    1445    1926    1865    1993    1506    1176    751     265     
2041   1961 1119    572     1761    162     1252    1963    1205    -180    427     985     1381    1395    1955    1908    2026    1897    1234    483     -110    
2041   1962 965     337     1647    14      930     1924    1033    71      87      240     1201    1359    1690    1907    2168    1543    1161    392     -292    
2041   1963 955     111     1755    -422    1015    2034    1217    -573    -399    338     1179    1535    1925    2169    2005    1704    1077    876     -452    
2041   1964 1004    216     1761    -273    966     2050    1116    -431    86      154     1184    1566    2075    2114    1960    1654    991     706     -19     
2041   1965 965     361     1600    -35     966     1857    965     74      -175    546     958     1395    1826    1945    1799    1663    943     289     234     
2041   1966 1109    410     1707    203     1149    1909    1156    -292    717     595     1273    1583    1908    1925    1895    1650    1408    401     230     
2041   1967 1118    522     1730    165     1131    2016    1170    -37     317     788     1028    1573    1835    2213    1995    1717    1289    501     145     
2041   1968 1058    473     1707    100     1180    1933    1125    -105    271     726     1260    1555    1923    1977    1898    1617    1159    598     -193    
2041   1969 1009    280     1717    -139    1067    1906    1225    -172    -43     308     1085    1806    1772    2075    1867    1674    1271    729     -329    
2041   1970 1014    333     1659    -146    924     1990    1119    -179    95      403     973     1396    1971    1991    2008    1600    1003    758     99      
2041   1971 1094    399     1750    103     1057    2038    1037    -111    344     309     1182    1685    1769    2098    2237    1502    1118    489     447     
2041   1972 1040    499     1654    176     1140    1974    984     -212    302     838     1059    1518    1910    2079    1931    1405    927     623     80      
2041   1973 1066    425     1717    116     1061    2002    1038    -6      291     631     915     1633    1831    2054    2116    1732    994     390     158     
2041   1974 1133    525     1686    292     1145    1966    989     202     540     862     1079    1491    1716    1973    2201    1637    781     556     515     
2041   1975 1074    533     1683    383     1100    1890    1050    412     205     700     1007    1591    1676    2038    1949    1819    1014    318     91      
2041   1976 984     314     1601    86      926     1891    1040    171     -9      279     1044    1460    1855    2106    1711    1414    1085    621     45      
2041   1977 1040    511     1578    142     1081    1900    1050    -11     420     904     870     1463    1851    1944    1904    1416    1142    589     -57     
2041   1978 928     398     1516    -14     945     1785    938     66      -55     665     857     1310    1682    1810    1860    1562    1069    179     50      
2041   1979 996     302     1591    -63     1030    1854    1014    -344    122     716     856     1511    1980    1767    1819    1602    911     531     434     
2041   1980 898     382     1506    124     796     1851    937     -320    268     466     727     1192    1736    1847    1965    1552    1013    244     69      
2041   1981 1052    384     1661    42      1126    1941    1102    -93     161     883     1002    1488    1875    1966    1981    1637    1118    551     -4      
2041   1982 1033    317     1696    -148    997     1984    1178    -306    -131    639     834     1514    1897    2056    1997    1865    1128    542     278     
2041   1983 1127    524     1792    234     1177    2089    1046    475     -84     743     1203    1586    1820    2339    2099    1680    1146    309     104     
2041   1984 963     355     1543    78      890     1823    1075    111     15      424     876     1369    1715    1838    1912    1532    1172    518     41      
2041   1985 933     224     1662    -245    1001    1869    987     -539    -236    351     1080    1574    1598    2039    1961    1699    1020    239     329     
2041   1986 999     257     1727    -27     1090    1943    1082    53      -508    332     1206    1736    1790    1963    2072    1577    1145    523     -14     
2041   1987 959     216     1661    -146    806     1899    1174    -431    24      39      1078    1311    1785    2111    1797    1875    1128    519     233     
2041   1988 1065    489     1699    277     1004    2003    947     261     342     441     993     1577    1756    2180    2065    1601    1066    170     290     
2041   1989 1104    498     1656    270     1176    1904    1058    63      478     908     1148    1470    1664    2083    1956    1596    1187    387     256     
2041   1990 1101    576     1659    284     1200    1963    1036    5       625     994     988     1612    1767    1965    2151    1445    1043    619     -37     
2041   1991 971     368     1616    -67     936     1967    1037    74      -258    715     904     1187    1741    2114    2037    1695    922     499     -73     
2041   1992 1140    429     1829    167     1100    2198    1045    173     418     635     1089    1576    1887    2178    2520    1697    920     522     38      
2041   1993 1035    350     1724    57      1102    1960    938     192     -71     462     1090    1753    1845    1972    2058    1603    1105    100     222     
2041   1994 1197    495     1832    278     1167    2181    1152    447     154     896     1053    1546    1911    2350    2273    1834    913     718     192     
2041   1995 1070    488     1709    253     1048    2037    1008    14      585     525     1112    1508    1738    2330    2034    1509    1251    255     -60     
2041   1996 921     197     1614    -194    959     1921    1044    -266    -259    232     1035    1613    1927    1876    1959    1251    1152    724     -231    
2041   1997 1042    406     1671    -36     1017    1975    1034    -270    439     633     781     1628    1885    1951    2086    1673    904     529     223     
2041   1998 1107    515     1752    364     1106    2065    994     217     682     551     1206    1564    1982    2057    2154    1530    1137    309     -132    
2041   1999 1096    376     1764    -4      1198    1983    1104    -15     151     782     1227    1584    1869    2116    1959    1814    1151    346     109     
2041   2000 1211    452     1841    164     1289    2085    1265    -126    531     700     1407    1764    2081    1955    2221    1608    1351    834     202     
2041   2001 1124    615     1760    219     1203    2096    1102    51      434     801     1020    1783    1826    2170    2285    1460    1411    426     -228    
2041   2002 1176    516     1813    150     1205    2165    1105    99      626     771     1031    1807    2109    2264    2121    1522    1020    775     -59     
2041   2003 1139    376     1916    -89     1188    2318    1055    -59     -155    694     1027    1837    2296    2199    2459    1652    855     666     107     
2041   2004 1033    379     1655    93      991     1954    1095    -130    316     464     1150    1365    1800    2014    2043    1544    1172    565     78      
2041   2005 1016    368     1693    17      1018    1944    1055    115     -159    389     1133    1535    1905    2067    1858    1648    1117    398     105     
2041   2006 -999999 290     1784    -74     1032    2069    1333    -317    -2      412     1192    1496    1940    2384    1883    1820    1381    799     359     
2041   2007 1219    -999999 1846    496     1304    2174    974     555     584     836     1351    1726    2151    2245    2125    1459    1003    461     79      
2041   2008 -999999 -999999 -999999 322     1205    2083    1136    395     504     747     1184    1636    2069    2099    2079    1520    1156    732     272     
2041   2009 -999999 -999999 -999999 100     1260    2081    1215    -133    180     635     1497    1640    1847    2200    2202    1833    1100    699     185     
2041   2010 1015    -999999 1711    35      1094    2043    1000    -199    113     638     1137    1509    1902    2240    1982    1477    849     680     -278    
2041   2011 -999999 327     -999999 -76     -999999 -999999 -999999 18      43      632     1317    -999999 -999999 -999999 -999999 -999999 -999999 -999999 -999999 
