EUROPEAN CLIMATE ASSESSMENT & DATASET (ECA&D), file created on: 10-05-2011
THESE DATA CAN BE USED FREELY PROVIDED THAT THE FOLLOWING SOURCE IS ACKNOWLEDGED: 

Klein Tank, A.M.G. and Coauthors, 2002. Daily dataset of 20th-century surface
air temperature and precipitation series for the European Climate Assessment.
Int. J. of Climatol., 22, 1441-1453.
Data and metadata available at http://eca.knmi.nl

FILE FORMAT (MISSING VALUE CODE = -999999):

THIS FILE HOLDS DATA FOR STATION ROMANIA                                  TULCEA                                   (STAID:    967)
LATITUDE: dd:mm:ss +45:10:59
LONGITUDE: ddd:mm:ss +028:49:00
ELEVATION: m    4

DATA IS FOR INDEX Mean of daily mean temperature (TG) with unit 0.01 Temperature (&#176;C)

01-06 SOUID: Source identifier
08-11 YEAR : YYYY
13-20 ANNUAL DATA VALUES
21-28 WINTER HALF YEAR DATA VALUES
29-36 SUMMER HALF YEAR DATA VALUES
37-44 WINTER (DJF) DATA VALUES
45-52 SPRING (MAM) DATA VALUES
53-60 SUMMER (JJA) DATA VALUES
61-68 AUTUMN (SON) DATA VALUES
69-76 JANUARY DATA VALUES
etc. 
157-164 DECEMBER DATA VALUES

967    1886 -999999 -999999 -999999 -999999 -999999 -999999 -999999 -999999 -999999 -999999 -999999 -999999 -999999 -999999 -999999 -999999 1155    684     739     
967    1887 1189    489     1930    187     1153    2206    1359    79      -305    511     992     1950    1978    2395    2251    2019    1201    863     300     
967    1888 1028    326     1885    -231    1153    2208    1111    -646    -356    564     1207    1689    2050    2386    2182    1775    1295    255     -115    
967    1889 1097    206     1919    -214    1090    2333    1233    -602    106     291     1161    1820    2143    2522    2328    1512    1450    731     -356    
967    1890 -999999 -999999 -999999 -238    1218    -999999 1242    -23     -337    507     1338    1789    -999999 2506    2573    1741    1153    852     -471    
967    1891 -999999 -999999 -999999 -402    1144    -999999 1263    -373    -355    615     964     1848    2245    2447    -999999 1897    1300    590     55      
967    1892 -999999 390     -999999 -1      1187    -999999 -999999 -294    254     437     1200    1924    -999999 -999999 -999999 -999999 -999999 -999999 -999999 
967    1893 -999999 -999999 -999999 -999999 -999999 -999999 -999999 -999999 -999999 -999999 -999999 -999999 -999999 -999999 -999999 -999999 -999999 -999999 -999999 
967    1894 -999999 -999999 -999999 -999999 -999999 -999999 -999999 -999999 -999999 -999999 -999999 -999999 -999999 -999999 -999999 -999999 -999999 -999999 -999999 
967    1895 -999999 -999999 -999999 -999999 -999999 -999999 -999999 -999999 -999999 -999999 -999999 -999999 -999999 -999999 -999999 -999999 -999999 -999999 -999999 
967    1896 -999999 -999999 -999999 -999999 -999999 -999999 -999999 -999999 -999999 -999999 -999999 -999999 -999999 -999999 -999999 -999999 -999999 -999999 -999999 
967    1897 -999999 -999999 -999999 -999999 -999999 -999999 -999999 -999999 -999999 -999999 -999999 -999999 -999999 -999999 -999999 -999999 -999999 -999999 -999999 
967    1898 -999999 -999999 -999999 -999999 -999999 -999999 -999999 -999999 -999999 -999999 -999999 -999999 -999999 -999999 -999999 -999999 -999999 -999999 -999999 
967    1899 -999999 -999999 -999999 -999999 -999999 -999999 -999999 -999999 -999999 -999999 -999999 -999999 -999999 -999999 -999999 -999999 -999999 -999999 -999999 
967    1900 -999999 -999999 -999999 -999999 -999999 -999999 -999999 -999999 -999999 -999999 -999999 -999999 -999999 -999999 -999999 -999999 -999999 -999999 -999999 
967    1901 -999999 -999999 -999999 -999999 -999999 -999999 -999999 -999999 -999999 -999999 -999999 -999999 -999999 -999999 -999999 -999999 -999999 -999999 -999999 
967    1902 -999999 -999999 -999999 -999999 -999999 -999999 -999999 -999999 -999999 -999999 -999999 -999999 -999999 -999999 -999999 -999999 -999999 -999999 -999999 
967    1903 -999999 -999999 -999999 -999999 -999999 -999999 -999999 -999999 -999999 -999999 -999999 -999999 -999999 -999999 -999999 -999999 -999999 -999999 -999999 
967    1904 -999999 -999999 -999999 -999999 -999999 -999999 -999999 -999999 -999999 -999999 -999999 -999999 -999999 -999999 -999999 -999999 -999999 -999999 -999999 
967    1905 -999999 -999999 -999999 -999999 -999999 -999999 -999999 -999999 -999999 -999999 -999999 -999999 -999999 -999999 -999999 -999999 -999999 -999999 -999999 
967    1906 -999999 -999999 -999999 -999999 -999999 -999999 -999999 -999999 -999999 -999999 -999999 -999999 -999999 -999999 -999999 -999999 -999999 -999999 -999999 
967    1907 -999999 -999999 -999999 -999999 -999999 -999999 -999999 -999999 -999999 -999999 -999999 -999999 -999999 -999999 -999999 -999999 -999999 -999999 -999999 
967    1908 -999999 -999999 -999999 -999999 -999999 -999999 -999999 -999999 -999999 -999999 -999999 -999999 -999999 -999999 -999999 -999999 -999999 -999999 -999999 
967    1909 -999999 -999999 -999999 -999999 -999999 -999999 -999999 -999999 -999999 -999999 -999999 -999999 -999999 -999999 -999999 -999999 -999999 -999999 -999999 
967    1910 -999999 -999999 -999999 -999999 -999999 -999999 -999999 -999999 -999999 -999999 -999999 -999999 -999999 -999999 -999999 -999999 -999999 -999999 -999999 
967    1911 -999999 -999999 -999999 -999999 -999999 -999999 -999999 -999999 -999999 -999999 -999999 -999999 -999999 -999999 -999999 -999999 -999999 -999999 -999999 
967    1912 -999999 -999999 -999999 -999999 -999999 -999999 -999999 -999999 -999999 -999999 -999999 -999999 -999999 -999999 -999999 -999999 -999999 -999999 -999999 
967    1913 -999999 -999999 -999999 -999999 -999999 -999999 -999999 -999999 -999999 -999999 -999999 -999999 -999999 -999999 -999999 -999999 -999999 -999999 -999999 
967    1914 -999999 -999999 -999999 -999999 -999999 -999999 -999999 -999999 -999999 -999999 -999999 -999999 -999999 -999999 -999999 -999999 -999999 -999999 -999999 
967    1915 -999999 -999999 -999999 -999999 -999999 -999999 -999999 -999999 -999999 -999999 -999999 -999999 -999999 -999999 -999999 -999999 -999999 -999999 -999999 
967    1916 -999999 -999999 -999999 -999999 -999999 -999999 -999999 -999999 -999999 -999999 -999999 -999999 -999999 -999999 -999999 -999999 -999999 -999999 -999999 
967    1917 -999999 -999999 -999999 -999999 -999999 -999999 -999999 -999999 -999999 -999999 -999999 -999999 -999999 -999999 -999999 -999999 -999999 -999999 -999999 
967    1918 -999999 -999999 -999999 -999999 -999999 -999999 -999999 -999999 -999999 -999999 -999999 -999999 -999999 -999999 -999999 -999999 -999999 -999999 -999999 
967    1919 -999999 -999999 -999999 -999999 -999999 -999999 -999999 -999999 -999999 -999999 -999999 -999999 -999999 -999999 -999999 -999999 -999999 -999999 -999999 
967    1920 -999999 -999999 -999999 -999999 -999999 -999999 -999999 -999999 -999999 -999999 -999999 -999999 -999999 -999999 -999999 -999999 -999999 -999999 -999999 
967    1921 -999999 -999999 -999999 -999999 -999999 -999999 -999999 -999999 -999999 -999999 -999999 -999999 -999999 -999999 -999999 -999999 -999999 -999999 -999999 
967    1922 -999999 -999999 -999999 -999999 -999999 -999999 -999999 -999999 -999999 -999999 -999999 -999999 -999999 -999999 -999999 -999999 -999999 -999999 -999999 
967    1923 -999999 -999999 -999999 -999999 -999999 -999999 -999999 -999999 -999999 -999999 -999999 -999999 -999999 -999999 -999999 -999999 -999999 -999999 -999999 
967    1924 -999999 -999999 -999999 -999999 -999999 -999999 -999999 -999999 -999999 -999999 -999999 -999999 -999999 -999999 -999999 -999999 -999999 -999999 -999999 
967    1925 -999999 -999999 -999999 -999999 -999999 -999999 -999999 -999999 -999999 -999999 -999999 -999999 -999999 -999999 -999999 -999999 -999999 -999999 -999999 
967    1926 -999999 -999999 -999999 -999999 -999999 -999999 -999999 -999999 -999999 -999999 -999999 -999999 -999999 -999999 -999999 -999999 -999999 -999999 -999999 
967    1927 -999999 -999999 -999999 -999999 -999999 -999999 -999999 -999999 -999999 -999999 -999999 -999999 -999999 -999999 -999999 -999999 -999999 -999999 -999999 
967    1928 -999999 -999999 -999999 -999999 -999999 -999999 -999999 -999999 -999999 -999999 -999999 -999999 -999999 -999999 -999999 -999999 -999999 -999999 -999999 
967    1929 -999999 -999999 -999999 -999999 -999999 -999999 -999999 -999999 -999999 -999999 -999999 -999999 -999999 -999999 -999999 -999999 -999999 -999999 -999999 
967    1930 -999999 -999999 -999999 -999999 -999999 -999999 -999999 -999999 -999999 -999999 -999999 -999999 -999999 -999999 -999999 -999999 -999999 -999999 -999999 
967    1931 -999999 -999999 -999999 -999999 -999999 -999999 -999999 -999999 -999999 -999999 -999999 -999999 -999999 -999999 -999999 -999999 -999999 -999999 -999999 
967    1932 -999999 -999999 -999999 -999999 -999999 -999999 -999999 -999999 -999999 -999999 -999999 -999999 -999999 -999999 -999999 -999999 -999999 -999999 -999999 
967    1933 -999999 -999999 -999999 -999999 -999999 -999999 -999999 -999999 -999999 -999999 -999999 -999999 -999999 -999999 -999999 -999999 -999999 -999999 -999999 
967    1934 -999999 -999999 -999999 -999999 -999999 -999999 -999999 -999999 -999999 -999999 -999999 -999999 -999999 -999999 -999999 -999999 -999999 -999999 -999999 
967    1935 -999999 -999999 -999999 -999999 -999999 -999999 -999999 -999999 -999999 -999999 -999999 -999999 -999999 -999999 -999999 -999999 -999999 -999999 -999999 
967    1936 -999999 -999999 -999999 -999999 -999999 -999999 -999999 -999999 -999999 -999999 -999999 -999999 -999999 -999999 -999999 -999999 -999999 -999999 -999999 
967    1937 -999999 -999999 -999999 -999999 -999999 -999999 -999999 -999999 -999999 -999999 -999999 -999999 -999999 -999999 -999999 -999999 -999999 -999999 -999999 
967    1938 -999999 -999999 -999999 -999999 -999999 -999999 -999999 -999999 -999999 -999999 -999999 -999999 -999999 -999999 -999999 -999999 -999999 -999999 -999999 
967    1939 -999999 -999999 -999999 -999999 -999999 -999999 -999999 -999999 -999999 -999999 -999999 -999999 -999999 -999999 -999999 -999999 -999999 -999999 -999999 
967    1940 -999999 -999999 -999999 -999999 -999999 -999999 1226    -999999 -999999 -999999 -999999 -999999 -999999 -999999 -999999 1729    1127    826     -379    
967    1941 -999999 315     -999999 -168    1087    -999999 -999999 -335    252     412     1245    1609    -999999 -999999 -999999 -999999 -999999 -999999 -999999 
967    1942 -999999 -999999 -999999 -999999 -999999 -999999 -999999 -999999 -999999 -999999 -999999 -999999 -999999 -999999 -999999 -999999 -999999 -999999 -999999 
967    1943 -999999 -999999 -999999 -999999 -999999 -999999 -999999 -999999 -999999 -999999 -999999 -999999 -999999 -999999 -999999 -999999 -999999 -999999 -999999 
967    1944 -999999 -999999 -999999 -999999 -999999 -999999 -999999 -999999 -999999 -999999 -999999 -999999 -999999 -999999 -999999 -999999 -999999 -999999 -999999 
967    1945 -999999 -999999 -999999 -999999 -999999 -999999 -999999 -999999 -999999 -999999 -999999 -999999 -999999 -999999 -999999 -999999 -999999 -999999 -999999 
967    1946 1111    -999999 2010    -999999 1124    2394    1064    -336    58      434     1127    1811    2266    2456    2456    1919    760     522     -203    
967    1947 1061    139     1886    -404    1240    2191    1012    -826    -158    721     1295    1705    2136    2349    2086    1731    744     571     307     
967    1948 1022    372     1774    218     986     2104    1036    418     -89     256     1065    1639    1977    2148    2183    1611    1152    341     -472    
967    1949 1077    223     1732    -138    976     2017    1132    61      12      231     900     1794    1848    2179    2018    1626    941     837     399     
967    1950 1123    321     1917    -81     1164    2179    1170    -730    105     372     1307    1817    2065    2356    2114    1823    1029    661     506     
967    1951 1166    470     1936    185     1162    2292    1111    -13     48      555     1211    1720    2143    2355    2373    1793    733     819     189     
967    1952 1131    363     1839    171     879     2190    1272    214     106     118     1117    1409    1908    2257    2395    1933    1305    577     203     
967    1953 1004    363     1819    -4      900     2263    964     -121    -105    280     937     1485    2177    2377    2232    1685    1061    143     -180    
967    1954 974     -96     1886    -703    908     2297    1220    -893    -1073   276     805     1640    2268    2297    2324    1963    1130    570     240     
967    1955 1051    401     1695    143     837     2040    1171    55      133     256     684     1567    1877    2193    2045    1781    1353    373     225     
967    1956 939     226     1764    -125    840     2155    931     44      -679    -14     1020    1518    2010    2195    2255    1561    1131    93      61      
967    1957 1071    297     1827    73      927     2241    1127    -153    338     311     1000    1473    2132    2374    2214    1749    1029    608     -258    
967    1958 1101    315     1788    -4      1003    2133    1041    -94     376     244     828     1933    1919    2224    2249    1541    1017    565     350     
967    1959 1077    386     1809    97      1034    2222    961     30      -109    423     1080    1601    1964    2487    2205    1489    893     503     266     
967    1960 1179    340     1769    130     913     2184    1338    107     8       248     962     1533    2096    2267    2187    1547    1476    987     682     
967    1961 1143    660     1827    241     1174    2153    1198    -81     110     744     1288    1495    2113    2167    2178    1710    1080    808     43      
967    1962 1129    387     1839    28      1064    2166    1267    63      -28     327     1131    1735    2002    2195    2295    1654    1191    958     -45     
967    1963 1064    244     1901    -296    969     2274    1325    -820    6       175     953     1778    2107    2416    2293    1834    1145    1001    -165    
967    1964 1081    299     1788    -204    920     2178    1221    -366    -72     250     1053    1461    2252    2220    2065    1666    1348    644     423     
967    1965 1032    460     1704    96      904     2070    1059    75      -241    451     719     1536    2069    2167    1974    1737    1001    441     357     
967    1966 1227    496     1858    284     1211    2162    1308    -41     563     662     1290    1685    1908    2335    2234    1671    1532    714     130     
967    1967 1120    395     1865    -142    1104    2190    1298    -422    -134    511     1102    1699    2006    2315    2242    1802    1299    794     141     
967    1968 1124    463     1866    50      1230    2086    1178    -227    247     522     1271    1898    2097    2143    2020    1754    1061    724     -36     
967    1969 1038    227     1794    -185    952     2100    1237    -407    -104    106     967     1783    2041    2045    2213    1694    1022    1002    34      
967    1970 1164    483     1831    85      1127    2174    1149    76      150     598     1249    1538    2022    2387    2107    1663    968     821     319     
967    1971 1129    490     1788    258     1039    2144    1047    267     181     361     1019    1735    2043    2154    2231    1519    987     637     344     
967    1972 1106    338     1883    -18     1156    2228    1094    -363    -35     444     1333    1697    2162    2333    2186    1570    981     734     203     
967    1973 1030    380     1755    84      981     2048    1045    -232    303     294     1080    1573    1910    2203    2027    1721    1087    324     26      
967    1974 1068    298     1710    -15     906     2069    1200    -296    251     392     810     1514    1947    2065    2190    1712    1358    525     294     
967    1975 1201    541     1940    218     1242    2225    1164    288     57      675     1246    1806    2189    2303    2183    1898    1181    413     97      
967    1976 1054    278     1764    -79     1045    2046    1115    -11     -341    293     1164    1682    2036    2208    1894    1585    992     773     325     
967    1977 1122    531     1759    282     1058    2126    1136    -22     571     561     1013    1600    1994    2225    2155    1542    950     923     -72     
967    1978 1056    401     1716    -33     1050    2040    1089    -82     64      605     1031    1514    2014    2118    1985    1621    1142    502     87      
967    1979 1151    410     1842    44      1168    2131    1134    -15     63      649     1008    1843    2229    2059    2108    1790    937     682     385     
967    1980 1025    320     1715    27      888     2073    1145    -255    -53     212     998     1458    1955    2196    2065    1599    1275    556     253     
967    1981 1148    468     1792    120     1043    2174    1185    -33     142     586     976     1565    2215    2168    2140    1669    1405    472     395     
967    1982 1120    418     1808    56      1027    2112    1204    -94     -153    429     920     1730    2065    2108    2160    1848    1171    594     567     
967    1983 1153    564     1882    336     1232    2125    1059    291     130     590     1247    1861    2025    2302    2044    1793    1119    262     94      
967    1984 1088    349     1755    118     973     2023    1253    248     6       340     921     1658    1961    2081    2025    1870    1358    527     23      
967    1985 977     150     1828    -370    1022    2107    1038    -401    -770    85      1173    1812    1952    2164    2201    1646    972     498     262     
967    1986 1106    357     1908    109     1102    2229    1081    231     -196    326     1214    1769    2160    2193    2333    1763    1028    454     -85     
967    1987 978     114     1770    -220    722     2158    1177    -471    -91     -162    859     1474    2088    2375    2010    1796    958     785     66      
967    1988 1088    430     1841    95      1057    2236    925     101     120     544     975     1648    2057    2424    2222    1695    969     110     141     
967    1989 1204    439     1835    234     1260    2137    1105    177     400     824     1310    1646    1923    2214    2266    1629    1174    509     322     
967    1990 1234    571     1832    263     1223    2189    1243    -7      498     923     1108    1634    2100    2311    2152    1666    1136    930     312     
967    1991 1082    465     1811    107     972     2199    1188    107     -119    379     1040    1497    2077    2358    2159    1716    1224    623     -160    
967    1992 1132    386     1830    -40     1066    2235    1197    7       37      567     1065    1565    2019    2217    2462    1625    1263    700     16      
967    1993 1073    391     1791    35      973     2134    1002    70      17      255     958     1707    2113    2123    2167    1658    1280    60      388     
967    1994 1247    483     1992    284     1257    2258    1264    372     70      676     1300    1797    2072    2404    2292    2071    1219    503     104     
967    1995 1131    488     1867    186     1100    2268    1015    -40     525     619     1134    1546    2203    2410    2188    1701    1063    278     -95     
967    1996 1065    121     1849    -227    985     2212    1216    -357    -227    48      978     1928    2202    2323    2111    1522    1138    989     88      
967    1997 1054    423     1751    -29     1031    2136    1039    -274    111     472     792     1821    2107    2226    2072    1458    1038    621     136     
967    1998 1154    466     1910    227     1151    2256    1098    215     341     439     1369    1651    2210    2329    2228    1660    1273    355     -266    
967    1999 1224    384     1942    6       1145    2342    1165    40      269     620     1244    1573    2251    2502    2269    1795    1174    525     366     
967    2000 1230    446     1925    131     1233    2252    1257    -255    293     567     1311    1824    2102    2375    2273    1639    1104    1033    467     
967    2001 1184    654     1894    315     1182    2286    1181    199     275     819     1113    1612    1940    2546    2360    1762    1256    523     -270    
967    2002 1229    493     1926    115     1202    2317    1294    20      648     800     1051    1750    2189    2539    2219    1782    1205    898     -378    
967    2003 1087    239     1891    -302    1021    2289    1136    -97     -445    209     888     1962    2242    2272    2352    1598    1076    736     140     
967    2004 1162    433     1814    26      1136    2141    1252    -211    159     690     1142    1575    2008    2220    2192    1729    1332    691     388     
967    2005 1149    499     1868    191     1050    2191    1173    243     -85     375     1048    1726    2010    2313    2245    1842    1122    556     303     
967    2006 1139    338     1877    -62     1087    2241    1239    -391    -101    502     1089    1671    2114    2288    2316    1765    1246    705     379     
967    2007 -999999 422     -999999 162     116     244     116     53      38      69      114     175     230     256     242     173     123     53      -999999 
967    2008 -999999 -999999 -999999 -999999 122     226     119     -999999 40      85      122     167     213     227     236     161     124     73      53      
967    2009 -999999 -999999 192     -999999 113     227     130     14      31      53      114     172     217     245     219     182     133     76      30      
967    2010 1263    -999999 2019    -999999 1199    2422    1366    -212    178     618     1179    1798    2127    2494    2634    1855    1024    1229    174     
967    2011 -999999 472     -999999 7       -999999 -999999 -999999 -106    -53     540     1000    -999999 -999999 -999999 -999999 -999999 -999999 -999999 -999999 
