EUROPEAN CLIMATE ASSESSMENT & DATASET (ECA&D), file created on: 10-05-2011
THESE DATA CAN BE USED FREELY PROVIDED THAT THE FOLLOWING SOURCE IS ACKNOWLEDGED: 

Klein Tank, A.M.G. and Coauthors, 2002. Daily dataset of 20th-century surface
air temperature and precipitation series for the European Climate Assessment.
Int. J. of Climatol., 22, 1441-1453.
Data and metadata available at http://eca.knmi.nl

FILE FORMAT (MISSING VALUE CODE = -999999):

THIS FILE HOLDS DATA FOR STATION FINLAND                                  KAJAANI AIRPORT                          (STAID:    725)
LATITUDE: dd:mm:ss +64:16:12
LONGITUDE: ddd:mm:ss +027:40:12
ELEVATION: m  134

DATA IS FOR INDEX Mean of daily mean temperature (TG) with unit 0.01 Temperature (&#176;C)

01-06 SOUID: Source identifier
08-11 YEAR : YYYY
13-20 ANNUAL DATA VALUES
21-28 WINTER HALF YEAR DATA VALUES
29-36 SUMMER HALF YEAR DATA VALUES
37-44 WINTER (DJF) DATA VALUES
45-52 SPRING (MAM) DATA VALUES
53-60 SUMMER (JJA) DATA VALUES
61-68 AUTUMN (SON) DATA VALUES
69-76 JANUARY DATA VALUES
etc. 
157-164 DECEMBER DATA VALUES

725    1959 189     -999999 939     -999999 197     1416    140     -1113   -710    -171    48      709     1297    1510    1436    608     130     -317    -1222   
725    1960 183     -773    1102    -1294   159     1577    62      -1328   -1336   -589    148     917     1433    1881    1413    792     -178    -421    -593    
725    1961 287     -486    934     -640    -19     1494    467     -772    -546    -410    -281    625     1547    1625    1311    755     730     -93     -1106   
725    1962 82      -625    849     -1023   -150    1155    355     -1024   -931    -1339   257     645     1058    1287    1116    714     389     -39     -1191   
725    1963 80      -862    1037    -1405   -35     1296    358     -1543   -1490   -1333   87      1145    1095    1406    1380    1082    318     -324    -970    
725    1964 146     -639    888     -973    -77     1300    230     -653    -1318   -920    -88     778     1178    1412    1305    712     501     -533    -690    
725    1965 56      -601    870     -953    -118    1279    84      -831    -1381   -747    21      378     1252    1312    1273    975     218     -944    -954    
725    1966 -78     -1157   869     -1706   -247    1392    208     -2078   -2126   -1147   -329    734     1428    1541    1207    603     97      -72     -935    
725    1967 167     -615    991     -1208   211     1410    484     -1742   -919    -129    134     625     1181    1475    1565    940     422     93      -1698   
725    1968 5       -839    869     -1699   10      1327    -24     -2136   -1232   -476    12      495     1384    1296    1301    708     -280    -491    -553    
725    1969 -8      -923    866     -1238   -229    1365    247     -1660   -1527   -1072   -101    490     1235    1461    1395    688     309     -258    -1150   
725    1970 88      -763    950     -1420   1       1484    129     -1361   -1784   -414    -194    604     1436    1665    1350    813     187     -617    -777    
725    1971 33      -715    834     -957    -218    1329    11      -821    -1306   -1009   -252    607     1198    1391    1394    634     133     -737    -938    
725    1972 275     -728    1078    -1047   26      1643    170     -1170   -1033   -644    45      678     1493    1906    1524    791     174     -455    -75     
725    1973 133     -414    997     -567    147     1517    -140    -721    -940    -517    131     828     1459    1841    1250    445     -131    -736    -1389   
725    1974 295     -691    946     -904    -117    1458    333     -878    -397    -587    -181    415     1327    1633    1409    1051    254     -302    -247    
725    1975 252     -360    963     -615    222     1271    301     -787    -832    -287    2       944     1148    1480    1182    1001    180     -275    -807    
725    1976 -50     -816    810     -1267   -72     1202    -93     -1779   -1211   -1013   -61     858     974     1396    1228    431     -268    -435    -760    
725    1977 88      -705    846     -986    -10     1297    125     -955    -1271   -586    -58     614     1224    1503    1161    611     45      -276    -1048   
725    1978 -61     -797    830     -1339   -21     1268    136     -1165   -1855   -566    -213    712     1263    1386    1155    654     52      -296    -1984   
725    1979 117     -921    957     -1637   84      1420    153     -1452   -1459   -423    -259    921     1365    1471    1422    789     -85     -237    -759    
725    1980 9       -789    947     -1153   -91     1415    -21     -1341   -1372   -957    139     553     1548    1455    1246    725     169     -963    -1134   
725    1981 77      -887    915     -1123   -148    1347    236     -955    -1298   -1183   -130    871     1146    1662    1227    679     368     -344    -1216   
725    1982 147     -745    886     -1400   143     1242    325     -1929   -1018   -346    52      721     823     1542    1347    801     136     44      -485    
725    1983 174     -502    1047    -864    192     1373    113     -784    -1373   -615    279     915     1274    1599    1243    948     255     -868    -908    
725    1984 222     -706    1009    -910    148     1310    270     -1070   -742    -908    259     1095    1239    1489    1200    747     370     -312    -729    
725    1985 -81     -916    896     -1734   -29     1395    247     -2439   -2066   -412    -238    557     1259    1491    1430    849     390     -501    -1434   
725    1986 95      -816    937     -1552   188     1437    312     -1655   -1570   -186    -80     812     1593    1635    1088    514     347     73      -1542   
725    1987 -54     -934    841     -1719   -79     1206    241     -2196   -1388   -910    -31     705     1271    1282    1068    738     598     -624    -1237   
725    1988 168     -625    1064    -1053   37      1564    122     -883    -1039   -592    -119    816     1485    1898    1307    970     263     -872    -1273   
725    1989 389     -481    1120    -748    399     1493    301     -554    -381    -75     355     916     1527    1567    1387    948     193     -235    -1017   
725    1990 246     -479    948     -827    190     1369    45      -1330   -61     -375    304     644     1231    1509    1363    617     268     -758    -481    
725    1991 215     -664    948     -940    4       1418    385     -1105   -1264   -704    184     538     1264    1534    1451    696     397     63      -578    
725    1992 220     -280    939     -670    153     1317    -41     -767    -663    -142    -254    842     1382    1386    1185    1073    -418    -766    -259    
725    1993 146     -551    851     -580    171     1259    -77     -757    -739    -393    -72     971     993     1524    1252    396     24      -655    -876    
725    1994 150     -824    983     -1241   67      1409    183     -1140   -1756   -628    289     547     1220    1656    1346    816     235     -503    -426    
725    1995 243     -353    976     -551    174     1414    186     -672    -553    -222    36      703     1543    1376    1325    854     470     -776    -1225   
725    1996 148     -709    892     -1136   0       1354    348     -738    -1466   -568    13      555     1202    1332    1524    700     382     -40     -1183   
725    1997 170     -575    964     -1104   -105    1544    189     -1147   -968    -518    -306    501     1384    1725    1517    935     47      -410    -802    
725    1998 125     -685    908     -976    -140    1369    219     -765    -1401   -838    -212    629     1298    1577    1229    900     338     -586    -790    
725    1999 236     -656    1038    -1111   136     1468    432     -1407   -1139   -397    346     467     1633    1611    1164    1001    465     -170    -812    
725    2000 328     -425    985     -796    182     1383    426     -840    -732    -470    223     795     1266    1597    1284    720     593     -40     -502    
725    2001 143     -475    1026    -805    -57     1442    247     -641    -1324   -1002   263     580     1336    1699    1286    973     322     -555    -1314   
725    2002 143     -613    1076    -996    208     1521    -115    -1064   -570    -492    294     826     1391    1719    1450    753     -231    -864    -1531   
725    2003 217     -919    1007    -1408   175     1460    317     -1804   -835    -241    -72     831     1074    1920    1372    881     218     -146    -669    
725    2004 232     -537    1026    -941    141     1399    281     -1135   -1026   -483    128     776     1191    1592    1407    1009    230     -393    -572    
725    2005 -999999 -544    1091    -695    -29     1529    572     -576    -962    -1027   197     750     1366    1684    1532    989     516     226     -886    
725    2006 -999999 -999999 -999999 -1052   -2      -999999 328     -882    -1406   -1153   298     859     1424    1566    -999999 1032    278     -325    -91     
725    2007 309     -425    1030    -852    347     1454    286     -855    -1691   17      212     807     1251    1548    1557    774     453     -376    -162    
725    2008 296     -300    863     -440    69      1241    351     -593    -575    -569    151     626     1146    1393    1179    659     474     -132    -280    
725    2009 -999999 -999999 -999999 -779    123     1418    362     -1074   -1006   -548    10      904     1231    1520    1513    1051    35      9       -1005   
725    2010 89      -801    1133    -1357   169     1509    214     -1719   -1346   -809    282     1041    1142    1984    1385    909     333     -603    -1580   
725    2011 -999999 -857    -999999 -1479   -999999 -999999 -999999 -1073   -1816   -486    335     -999999 -999999 -999999 -999999 -999999 -999999 -999999 -999999 
