EUROPEAN CLIMATE ASSESSMENT & DATASET (ECA&D), file created on: 10-05-2011
THESE DATA CAN BE USED FREELY PROVIDED THAT THE FOLLOWING SOURCE IS ACKNOWLEDGED: 

Klein Tank, A.M.G. and Coauthors, 2002. Daily dataset of 20th-century surface
air temperature and precipitation series for the European Climate Assessment.
Int. J. of Climatol., 22, 1441-1453.
Data and metadata available at http://eca.knmi.nl

FILE FORMAT (MISSING VALUE CODE = -999999):

THIS FILE HOLDS DATA FOR STATION EGYPT                                    BAHARIA                                  (STAID:    317)
LATITUDE: dd:mm:ss +28:19:59
LONGITUDE: ddd:mm:ss +028:54:00
ELEVATION: m  127

DATA IS FOR INDEX Mean of daily mean temperature (TG) with unit 0.01 Temperature (&#176;C)

01-06 SOUID: Source identifier
08-11 YEAR : YYYY
13-20 ANNUAL DATA VALUES
21-28 WINTER HALF YEAR DATA VALUES
29-36 SUMMER HALF YEAR DATA VALUES
37-44 WINTER (DJF) DATA VALUES
45-52 SPRING (MAM) DATA VALUES
53-60 SUMMER (JJA) DATA VALUES
61-68 AUTUMN (SON) DATA VALUES
69-76 JANUARY DATA VALUES
etc. 
157-164 DECEMBER DATA VALUES

317    1994 2217    -999999 -999999 -999999 2205    2920    2387    1412    1381    1658    2374    2602    2737    3044    2963    2831    2574    1749    1274    
317    1995 2213    1691    2776    1321    2135    3057    2287    1235    1464    1813    2112    2479    3133    3055    2986    2883    2305    1672    1344    
317    1996 2230    1670    2745    1401    2232    2892    2354    1344    1521    1812    2104    2776    2791    2904    2980    2901    2269    1896    1416    
317    1997 2196    1666    2717    1386    2117    2989    2285    1433    1303    1644    2053    2651    2946    3042    2978    2612    2339    1902    1362    
317    1998 2266    1673    2845    1402    2240    3013    2382    1339    1515    1572    2416    2737    2815    3095    3121    2869    2422    1854    1395    
317    1999 -999999 -999999 -999999 -999999 -999999 -999999 -999999 -999999 -999999 -999999 -999999 -999999 -999999 -999999 -999999 -999999 -999999 -999999 -999999 
317    2000 -999999 -999999 -999999 -999999 -999999 -999999 -999999 -999999 -999999 -999999 -999999 -999999 -999999 -999999 -999999 -999999 -999999 -999999 1474    
317    2001 -999999 -999999 2792    -999999 2300    2988    2356    1408    1394    2031    2242    2638    2789    3022    3146    2889    2331    1847    1445    
317    2002 -999999 -999999 2826    1418    2264    3032    2452    1212    1616    1922    2236    2620    2823    3206    3066    2985    2425    1946    1505    
317    2003 -999999 1721    -999999 1461    2181    3029    2464    1506    1363    1579    2271    2712    3005    3026    3055    2820    2568    2003    1438    
317    2004 2292    1806    2782    1445    2318    2972    2414    1339    1565    1940    2212    2783    2836    3091    2986    2756    2454    2031    1497    
317    2005 -999999 -999999 -999999 1490    2261    3026    2329    1445    1536    1897    2289    2576    2881    3114    3073    2862    2340    1801    1577    
317    2006 -999999 -999999 -999999 1513    2269    3038    2340    1337    1630    1910    2274    2599    2938    3001    3171    2885    2406    1744    1439    
317    2007 -999999 -999999 -999999 1440    2313    3083    2416    1338    1563    1891    2273    2745    3022    3095    3132    2729    2537    1972    1479    
317    2008 -999999 1794    -999999 1373    2382    3103    2450    1264    1376    2122    2363    2668    3091    3042    3175    2967    2359    2045    1664    
317    2009 -999999 -999999 -999999 1592    2233    -999999 2480    1524    1586    1778    2391    2552    3030    3129    3010    2907    2604    1885    1676    
317    2010 -999999 -999999 -999999 -999999 2422    3133    2613    1606    1881    2136    2429    2721    3086    3098    3210    2968    2732    2139    1700    
317    2011 -999999 -999999 -999999 1595    -999999 -999999 -999999 1467    1613    1823    2205    -999999 -999999 -999999 -999999 -999999 -999999 -999999 -999999 
