EUROPEAN CLIMATE ASSESSMENT & DATASET (ECA&D), file created on: 10-05-2011
THESE DATA CAN BE USED FREELY PROVIDED THAT THE FOLLOWING SOURCE IS ACKNOWLEDGED: 

Klein Tank, A.M.G. and Coauthors, 2002. Daily dataset of 20th-century surface
air temperature and precipitation series for the European Climate Assessment.
Int. J. of Climatol., 22, 1441-1453.
Data and metadata available at http://eca.knmi.nl

FILE FORMAT (MISSING VALUE CODE = -999999):

THIS FILE HOLDS DATA FOR STATION FRANCE                                   BASTIA                                   (STAID:    758)
LATITUDE: dd:mm:ss +42:33:00
LONGITUDE: ddd:mm:ss +009:28:48
ELEVATION: m   12

DATA IS FOR INDEX Mean of daily mean temperature (TG) with unit 0.01 Temperature (&#176;C)

01-06 SOUID: Source identifier
08-11 YEAR : YYYY
13-20 ANNUAL DATA VALUES
21-28 WINTER HALF YEAR DATA VALUES
29-36 SUMMER HALF YEAR DATA VALUES
37-44 WINTER (DJF) DATA VALUES
45-52 SPRING (MAM) DATA VALUES
53-60 SUMMER (JJA) DATA VALUES
61-68 AUTUMN (SON) DATA VALUES
69-76 JANUARY DATA VALUES
etc. 
157-164 DECEMBER DATA VALUES

758    1958 1491    -999999 1858    -999999 1210    2119    1671    881     945     879     1115    1633    1917    2158    2275    2032    1664    1316    1042    
758    1959 1506    1158    1900    936     1313    2213    1557    846     917     1143    1228    1565    1989    2371    2272    1958    1512    1202    1024    
758    1960 1495    1099    1866    941     1288    2159    1617    852     948     1050    1217    1594    2091    2170    2213    1901    1637    1314    939     
758    1961 1569    1142    1971    937     1372    2196    1738    853     1029    1076    1455    1587    2022    2279    2279    2196    1723    1294    1001    
758    1962 1505    1136    1934    955     1262    2205    1651    1016    836     920     1338    1531    1957    2267    2383    2116    1672    1165    815     
758    1963 1495    995     1948    711     1324    2235    1658    602     716     976     1335    1661    1964    2425    2307    1976    1603    1396    925     
758    1964 1570    1125    2012    877     1395    2313    1660    785     925     1110    1322    1750    2163    2423    2347    2050    1624    1306    1016    
758    1965 1524    1109    1889    872     1311    2188    1678    911     671     1087    1252    1592    1996    2287    2275    1915    1720    1397    1117    
758    1966 1557    1209    1960    1022    1403    2183    1675    830     1128    1057    1441    1713    2123    2202    2222    2051    1802    1167    927     
758    1967 1579    1149    1956    899     1383    2247    1764    838     937     1206    1277    1664    1916    2434    2381    2046    1814    1432    955     
758    1968 1537    1179    1930    924     1382    2158    1685    815     1006    1049    1368    1730    1978    2325    2164    2001    1750    1302    939     
758    1969 1515    1126    1908    886     1348    2142    1707    895     816     1028    1283    1729    1871    2247    2298    1999    1730    1393    835     
758    1970 1540    1161    1919    956     1250    2194    1720    1050    986     964     1271    1516    2032    2216    2330    2139    1657    1365    922     
758    1971 1510    1096    1945    912     1266    2237    1587    892     922     812     1366    1624    1909    2343    2447    1961    1585    1214    998     
758    1972 1535    1184    1860    1026    1365    2144    1572    975     1110    1215    1321    1559    1947    2294    2185    1838    1524    1356    1083    
758    1973 1548    1133    1970    982     1255    2278    1719    991     859     965     1152    1646    2060    2360    2406    2181    1737    1238    932     
758    1974 1535    1190    1930    1012    1331    2207    1539    1067    1039    1115    1259    1616    2029    2230    2357    2078    1345    1200    1046    
758    1975 1551    1100    1947    993     1321    2211    1673    1007    919     1069    1277    1617    1939    2355    2330    2152    1652    1216    1032    
758    1976 1533    1132    1914    970     1315    2215    1612    906     972     1006    1242    1695    2104    2357    2179    1892    1687    1255    1080    
758    1977 1584    1246    1888    1097    1400    2138    1711    1045    1175    1228    1334    1636    1915    2275    2218    1936    1816    1378    1025    
758    1978 1521    1228    1853    989     1316    2115    1610    935     1009    1191    1212    1540    1926    2177    2236    2012    1599    1219    1151    
758    1979 1564    1170    1945    1013    1342    2264    1642    880     1006    1153    1200    1668    2194    2282    2313    1999    1713    1214    1108    
758    1980 1481    1173    1842    1000    1243    2113    1655    911     980     1100    1151    1476    1877    2087    2367    2077    1667    1222    833     
758    1981 1547    1086    1930    791     1389    2178    1717    748     791     1231    1370    1565    2061    2160    2311    2105    1771    1273    1131    
758    1982 1649    1214    2063    1043    1349    2389    1815    1067    920     1093    1259    1692    2220    2521    2419    2252    1774    1422    1095    
758    1983 1587    1235    1987    1007    1389    2272    1712    1064    846     1175    1349    1642    2004    2475    2328    2107    1701    1329    964     
758    1984 1488    1121    1823    901     1210    2116    1678    927     805     988     1208    1435    1871    2265    2203    1940    1673    1421    1095    
758    1985 1555    1131    1984    885     1323    2257    1726    643     920     1021    1342    1606    1990    2417    2354    2181    1759    1237    1149    
758    1986 1577    1157    1988    946     1381    2253    1759    914     757     1089    1241    1809    1988    2341    2422    2110    1828    1335    1023    
758    1987 1586    1135    2005    925     1224    2293    1849    827     925     859     1309    1507    1985    2437    2448    2329    1856    1363    1145    
758    1988 1600    1264    1990    1073    1411    2271    1695    1103    964     1139    1326    1765    1972    2393    2438    2026    1882    1170    982     
758    1989 1605    1218    2003    995     1430    2316    1629    959     1051    1248    1314    1723    2058    2415    2468    2019    1599    1270    1093    
758    1990 1624    1226    2011    1099    1403    2285    1783    928     1294    1178    1270    1757    2080    2354    2415    2175    1909    1261    849     
758    1991 1530    1161    1947    849     1273    2290    1694    880     816     1222    1178    1415    1949    2428    2483    2214    1628    1242    854     
758    1992 1594    1109    2005    895     1397    2266    1753    921     911     1088    1293    1807    1957    2304    2527    2122    1712    1426    1036    
758    1993 1588    1154    2019    933     1348    2311    1706    939     814     971     1316    1756    2152    2276    2501    2097    1776    1243    1150    
758    1994 1695    1246    2088    1053    1451    2418    1828    1042    957     1278    1317    1753    2061    2567    2615    2191    1728    1569    1201    
758    1995 1597    1273    1961    1080    1342    2286    1704    872     1178    1090    1282    1653    1943    2496    2407    1966    1821    1322    1098    
758    1996 1581    1212    1988    1033    1370    2300    1645    1101    892     1022    1355    1732    2131    2370    2394    1928    1657    1349    1015    
758    1997 1657    1238    2031    1054    1435    2305    1793    1035    1117    1247    1266    1787    2127    2318    2465    2210    1814    1354    1104    
758    1998 1614    1241    2056    1054    1416    2358    1674    1009    1048    1101    1369    1776    2142    2449    2475    2108    1723    1189    939     
758    1999 1651    1138    2111    923     1459    2393    1777    986     834     1129    1387    1858    2178    2454    2541    2233    1835    1263    1052    
758    2000 1652    1209    2058    1001    1470    2309    1771    878     1077    1145    1365    1897    2200    2301    2422    2145    1763    1407    1202    
758    2001 1653    1304    2042    1080    1531    2349    1757    1031    999     1397    1308    1880    2139    2386    2515    2002    1973    1296    864     
758    2002 1647    1216    2032    931     1460    2326    1768    845     1100    1237    1419    1724    2216    2381    2376    2066    1766    1472    1128    
758    2003 1705    1201    2232    944     1460    2654    1763    962     721     1118    1358    1902    2516    2624    2818    2154    1715    1423    1075    
758    2004 -999999 1216    2013    1043    1294    2352    1810    1006    1047    1027    1302    1552    2159    2400    2500    2184    1874    1338    1095    
758    2005 -999999 -999999 -999999 870     1404    2376    1708    818     687     984     1326    1896    2258    2460    2411    2110    1729    1283    864     
758    2006 1665    1114    2124    846     1483    2410    1807    773     907     1114    1468    1866    2134    2639    2448    2169    1809    1442    1155    
758    2007 1647    1307    2069    1129    1539    2311    1652    1113    1118    1189    1544    1885    2207    2343    2379    2043    1685    1226    995     
758    2008 1619    1169    2026    995     1403    2327    1735    1054    932     1104    1359    1734    2104    2399    2471    2048    1789    1365    1013    
758    2009 1658    1193    2122    941     1511    2389    1765    923     883     1162    1474    1884    2198    2426    2535    2196    1734    1365    1041    
758    2010 1574    1162    2040    936     1384    2350    1657    816     953     1052    1372    1729    2111    2545    2386    2077    1648    1248    910     
758    2011 -999999 1120    -999999 920     -999999 -999999 -999999 921     930     1051    1397    -999999 -999999 -999999 -999999 -999999 -999999 -999999 -999999 
