EUROPEAN CLIMATE ASSESSMENT & DATASET (ECA&D), file created on: 10-05-2011
THESE DATA CAN BE USED FREELY PROVIDED THAT THE FOLLOWING SOURCE IS ACKNOWLEDGED: 

Klein Tank, A.M.G. and Coauthors, 2002. Daily dataset of 20th-century surface
air temperature and precipitation series for the European Climate Assessment.
Int. J. of Climatol., 22, 1441-1453.
Data and metadata available at http://eca.knmi.nl

FILE FORMAT (MISSING VALUE CODE = -999999):

THIS FILE HOLDS DATA FOR STATION SPAIN                                    IZANA                                    (STAID:   1388)
LATITUDE: dd:mm:ss +28:18:32
LONGITUDE: ddd:mm:ss -016:29:57
ELEVATION: m 2371

DATA IS FOR INDEX Mean of daily mean temperature (TG) with unit 0.01 Temperature (&#176;C)

01-06 SOUID: Source identifier
08-11 YEAR : YYYY
13-20 ANNUAL DATA VALUES
21-28 WINTER HALF YEAR DATA VALUES
29-36 SUMMER HALF YEAR DATA VALUES
37-44 WINTER (DJF) DATA VALUES
45-52 SPRING (MAM) DATA VALUES
53-60 SUMMER (JJA) DATA VALUES
61-68 AUTUMN (SON) DATA VALUES
69-76 JANUARY DATA VALUES
etc. 
157-164 DECEMBER DATA VALUES

1388   1940 -999999 -999999 -999999 -999999 -999999 -999999 -999999 -999999 -999999 -999999 779     -999999 -999999 -999999 -999999 -999999 -999999 -999999 -999999 
1388   1941 -999999 -999999 -999999 -999999 -999999 -999999 -999999 -999999 -999999 -999999 -999999 -999999 -999999 -999999 -999999 -999999 -999999 -999999 -999999 
1388   1942 -999999 -999999 -999999 -999999 -999999 -999999 -999999 -999999 -999999 -999999 -999999 -999999 -999999 -999999 -999999 -999999 -999999 -999999 -999999 
1388   1943 -999999 -999999 -999999 -999999 -999999 -999999 -999999 -999999 -999999 -999999 -999999 -999999 -999999 -999999 -999999 -999999 -999999 -999999 -999999 
1388   1944 -999999 -999999 -999999 -999999 -999999 -999999 -999999 -999999 -999999 -999999 -999999 -999999 -999999 -999999 -999999 -999999 -999999 -999999 -999999 
1388   1945 -999999 -999999 -999999 -999999 -999999 -999999 -999999 -999999 -999999 -999999 -999999 -999999 -999999 -999999 -999999 -999999 -999999 -999999 -999999 
1388   1946 -999999 -999999 -999999 -999999 -999999 -999999 -999999 -999999 -999999 -999999 -999999 -999999 -999999 -999999 -999999 -999999 -999999 -999999 -999999 
1388   1947 -999999 -999999 -999999 -999999 -999999 -999999 -999999 -999999 -999999 -999999 -999999 -999999 -999999 -999999 -999999 -999999 -999999 -999999 -999999 
1388   1948 -999999 -999999 -999999 -999999 -999999 -999999 -999999 603     -999999 -999999 -999999 -999999 1451    -999999 -999999 -999999 -999999 917     535     
1388   1949 -999999 -999999 -999999 -999999 -999999 -999999 -999999 -999999 -999999 99      -999999 -999999 -999999 -999999 -999999 -999999 -999999 777     262     
1388   1950 -999999 -999999 -999999 -999999 -999999 -999999 -999999 -999999 -999999 779     -999999 -999999 1518    -999999 -999999 -999999 870     767     -999999 
1388   1951 -999999 -999999 -999999 -999999 738     1661    1003    394     176     696     734     789     1436    1734    1799    1442    872     688     400     
1388   1952 -999999 -999999 1321    -999999 787     1630    1142    136     426     735     586     1041    1462    1702    1721    1390    1288    713     737     
1388   1953 -999999 -999999 -999999 -999999 725     1584    -999999 372     82      190     757     1213    1170    1755    1830    -999999 833     806     421     
1388   1954 -999999 -999999 -999999 -999999 688     1649    1135    255     160     466     395     1157    1308    1852    1776    1525    1234    626     206     
1388   1955 1016    -999999 1409    -999999 831     1607    1022    649     527     376     894     1226    1382    1706    1725    1509    800     766     554     
1388   1956 -999999 -999999 1268    326     581     1575    1046    244     186     265     477     947     1435    1732    1553    1449    1058    629     326     
1388   1957 -999999 -999999 1292    -999999 751     1625    983     116     573     771     539     943     1355    1815    1698    1374    767     796     65      
1388   1958 -999999 -999999 -999999 -999999 864     1616    -999999 404     613     836     648     1101    1290    1726    1808    1551    -999999 514     483     
1388   1959 -999999 -999999 1280    441     764     1577    999     534     279     557     890     849     1407    1613    1711    1212    1091    670     790     
1388   1960 -999999 -999999 1332    691     740     1655    1154    546     744     633     637     939     1365    1764    1827    1442    1076    940     300     
1388   1961 -999999 -999999 -999999 -999999 -999999 -999999 -999999 -999999 -999999 -999999 -999999 -999999 -999999 1959    -999999 -999999 -999999 -999999 -999999 
1388   1962 -999999 -999999 -999999 -999999 -999999 -999999 -999999 -999999 -999999 -999999 -999999 -999999 -999999 -999999 -999999 -999999 -999999 -999999 -999999 
1388   1963 -999999 -999999 -999999 -999999 -999999 -999999 -999999 -999999 -999999 -999999 -999999 -999999 -999999 -999999 -999999 -999999 -999999 -999999 -999999 
1388   1964 -999999 -999999 -999999 -999999 -999999 -999999 -999999 -999999 -999999 -999999 -999999 -999999 -999999 -999999 -999999 -999999 -999999 -999999 -999999 
1388   1965 -999999 -999999 1363    -999999 932     1652    913     234     368     864     740     1168    1492    1729    1731    1258    747     733     688     
1388   1966 -999999 -999999 -999999 830     954     1657    1048    861     958     532     1149    1204    1374    1742    1881    1465    1028    590     521     
1388   1967 -999999 -999999 -999999 496     -999999 1678    -999999 694     227     679     480     805     1357    1834    1834    1376    -999999 -999999 -999999 
1388   1968 -999999 -999999 -999999 -999999 708     1668    1209    345     374     266     840     1013    1480    1867    1650    1572    1199    818     531     
1388   1969 -999999 -999999 -999999 -999999 -999999 1673    986     727     487     847     -999999 1001    1238    1905    1861    1348    862     753     -999999 
1388   1970 -999999 -999999 -999999 -999999 836     1675    -999999 563     534     401     961     1145    1239    1906    1859    1577    1032    652     169     
1388   1971 -999999 -999999 -999999 -999999 401     1580    990     641     221     241     352     604     1299    1697    1740    1317    1215    390     295     
1388   1972 -999999 -999999 -999999 -999999 633     1509    921     276     358     305     671     937     1240    1622    1657    1121    1002    627     326     
1388   1973 -999999 -999999 1424    -999999 889     1647    1067    532     357     631     824     1209    1406    1681    1845    1533    979     675     381     
1388   1974 -999999 -999999 -999999 -999999 -999999 1666    994     600     -999999 -999999 529     1078    1382    1774    1832    1397    884     693     397     
1388   1975 -999999 -999999 -999999 -999999 640     1690    1124    420     556     729     543     640     1267    1983    1807    1355    1278    739     294     
1388   1976 -999999 -999999 1136    -999999 533     1479    1036    314     264     457     428     702     1353    1378    1703    1238    959     914     511     
1388   1977 -999999 -999999 1274    -999999 902     1498    1053    452     700     934     827     943     1295    1554    1627    1392    869     894     567     
1388   1978 -999999 -999999 -999999 -999999 735     1640    1030    327     713     686     648     876     1343    1862    1706    1474    1008    609     729     
1388   1979 -999999 -999999 1356    -999999 832     1623    980     -999999 933     478     837     1123    1302    1693    1863    1281    888     768     630     
1388   1980 -999999 -999999 1380    503     737     1736    1051    382     501     465     725     1039    1429    1909    1859    1272    1038    836     376     
1388   1981 -999999 -999999 1304    -999999 769     1614    1072    439     217     835     474     994     1415    1717    1704    1503    929     778     754     
1388   1982 -999999 -999999 1243    -999999 606     1552    1091    667     418     439     472     892     1371    1631    1647    1395    1041    840     453     
1388   1983 -999999 -999999 1373    453     856     1650    1164    491     410     816     795     954     1574    1688    1685    1516    1165    813     475     
1388   1984 -999999 620     1339    451     635     1719    1069    261     630     373     801     742     1505    1968    1679    1312    1210    669     481     
1388   1985 -999999 -999999 -999999 -999999 -999999 1777    1184    308     527     562     613     846     1398    1977    1943    1456    1210    865     580     
1388   1986 -999999 -999999 1413    -999999 847     1645    1071    418     -999999 559     672     1296    1197    1881    1841    1568    869     785     583     
1388   1987 1112    -999999 1443    685     983     1640    1091    697     783     754     1092    1090    1458    1755    1700    1556    899     822     678     
1388   1988 -999999 674     1447    542     848     1727    1116    487     449     687     875     985     1132    1980    2050    1637    1011    672     497     
1388   1989 -999999 -999999 -999999 -999999 763     1629    1020    328     -999999 643     678     967     1353    1795    1732    1524    997     539     656     
1388   1990 -999999 663     1306    556     722     1713    1087    206     820     755     371     1018    1328    1808    1991    1259    1157    825     381     
1388   1991 -999999 -999999 -999999 373     -999999 1742    1029    385     353     544     -999999 1106    1471    1749    1981    1414    901     763     413     
1388   1992 -999999 -999999 -999999 -999999 -999999 1551    -999999 468     293     532     878     1196    1144    1749    1735    1503    932     -999999 347     
1388   1993 -999999 -999999 -999999 -999999 -999999 1708    -999999 242     149     534     961     746     1473    1945    1700    1286    943     -999999 472     
1388   1994 -999999 -999999 -999999 -999999 -999999 1862    1128    -999999 -999999 -999999 -999999 1167    1639    1999    1933    1456    1016    907     638     
1388   1995 1050    -999999 1351    658     794     1640    1093    602     741     477     571     1328    1377    1768    1767    1268    1190    817     640     
1388   1996 998     656     1379    478     777     1709    1067    445     340     479     873     963     1464    1842    1812    1306    1214    675     479     
1388   1997 -999999 -999999 1286    -999999 761     1540    1188    333     544     570     723     989     1314    1611    1687    1375    1193    997     860     
1388   1998 1118    873     1445    757     826     1787    1231    621     799     764     892     825     1408    2009    1933    1588    1223    883     426     
1388   1999 -999999 -999999 1516    -999999 900     1772    -999999 -999999 275     371     967     1346    1638    1873    1802    1456    -999999 -999999 585     
1388   2000 -999999 -999999 -999999 -999999 -999999 -999999 -999999 -999999 -999999 -999999 -999999 -999999 -999999 -999999 -999999 -999999 -999999 -999999 -999999 
1388   2001 -999999 -999999 -999999 -999999 -999999 -999999 -999999 -999999 -999999 -999999 -999999 -999999 -999999 -999999 1846    -999999 1268    -999999 -999999 
