EUROPEAN CLIMATE ASSESSMENT & DATASET (ECA&D), file created on: 10-05-2011
THESE DATA CAN BE USED FREELY PROVIDED THAT THE FOLLOWING SOURCE IS ACKNOWLEDGED: 

Klein Tank, A.M.G. and Coauthors, 2002. Daily dataset of 20th-century surface
air temperature and precipitation series for the European Climate Assessment.
Int. J. of Climatol., 22, 1441-1453.
Data and metadata available at http://eca.knmi.nl

FILE FORMAT (MISSING VALUE CODE = -999999):

THIS FILE HOLDS DATA FOR STATION BELARUS                                  MOZYR                                    (STAID:    657)
LATITUDE: dd:mm:ss +52:00:00
LONGITUDE: ddd:mm:ss +029:12:00
ELEVATION: m  173

DATA IS FOR INDEX Mean of daily mean temperature (TG) with unit 0.01 Temperature (&#176;C)

01-06 SOUID: Source identifier
08-11 YEAR : YYYY
13-20 ANNUAL DATA VALUES
21-28 WINTER HALF YEAR DATA VALUES
29-36 SUMMER HALF YEAR DATA VALUES
37-44 WINTER (DJF) DATA VALUES
45-52 SPRING (MAM) DATA VALUES
53-60 SUMMER (JJA) DATA VALUES
61-68 AUTUMN (SON) DATA VALUES
69-76 JANUARY DATA VALUES
etc. 
157-164 DECEMBER DATA VALUES

657    1995 -999999 -999999 -999999 -999999 831     1906    696     -432    139     318     836     1338    1956    1931    1830    1354    803     -127    -715    
657    1996 -999999 -999999 1508    -855    723     1763    821     -1056   -788    -428    893     1748    1692    1753    1840    1082    821     560     -666    
657    1997 -999999 -999999 -999999 -466    644     1845    664     -612    -93     73      467     1385    1723    1925    1888    1108    602     270     -572    
657    1998 -999999 -999999 -999999 -999999 -999999 1845    557     -144    39      40      930     1434    1957    1880    1704    1396    703     -432    -555    
657    1999 -999999 -999999 1662    -379    870     2068    708     -235    -339    298     1124    1168    2240    2174    1802    1458    765     -102    -79     
657    2000 863     -999999 1545    -209    957     1813    843     -483    -50     144     1240    1445    1712    1832    1893    1129    972     409     29      
657    2001 775     170     1591    -174    824     1973    758     -216    -354    146     1027    1305    1578    2368    1972    1307    873     91      -846    
657    2002 -999999 -999999 -999999 -326    964     2047    717     -330    237     385     922     1565    1809    2339    1994    1322    569     259     -970    
657    2003 728     -231    1537    -740    805     1824    708     -499    -753    -1      633     1776    1618    2098    1750    1306    560     283     -130    
657    2004 744     -2      1453    -370    738     1808    765     -602    -377    237     784     1194    1596    1902    1920    1302    877     114     -67     
657    2005 -999999 -3      -999999 -244    707     1850    859     -134    -562    -296    932     1493    1638    2028    1882    1542    885     147     -207    
657    2006 -999999 -999999 -999999 -582    683     1873    886     -802    -760    -194    880     1368    1730    2015    1883    1486    894     279     204     
657    2007 896     -999999 1629    -84     1011    1973    763     130     -632    615     746     1663    1961    1924    2034    1422    832     33      -128    
657    2008 884     146     1545    -132    915     1866    864     -318    63      384     1005    1359    1708    1928    1956    1294    1038    260     -96     
657    2009 816     -999999 1575    -259    826     1857    905     -399    -286    187     954     1358    1841    1994    1737    1548    750     423     -388    
657    2010 821     -93     1776    -616    914     2211    835     -1042   -396    80      972     1692    2003    2357    2271    1348    554     613     -609    
657    2011 -999999 -52     -999999 -524    -999999 -999999 -999999 -302    -681    55      978     -999999 -999999 -999999 -999999 -999999 -999999 -999999 -999999 
