EUROPEAN CLIMATE ASSESSMENT & DATASET (ECA&D), file created on: 10-05-2011
THESE DATA CAN BE USED FREELY PROVIDED THAT THE FOLLOWING SOURCE IS ACKNOWLEDGED: 

Klein Tank, A.M.G. and Coauthors, 2002. Daily dataset of 20th-century surface
air temperature and precipitation series for the European Climate Assessment.
Int. J. of Climatol., 22, 1441-1453.
Data and metadata available at http://eca.knmi.nl

FILE FORMAT (MISSING VALUE CODE = -999999):

THIS FILE HOLDS DATA FOR STATION FINLAND                                  ALAJARVI MOKSY                           (STAID:    719)
LATITUDE: dd:mm:ss +63:03:00
LONGITUDE: ddd:mm:ss +024:16:48
ELEVATION: m  202

DATA IS FOR INDEX Mean of daily mean temperature (TG) with unit 0.01 Temperature (&#176;C)

01-06 SOUID: Source identifier
08-11 YEAR : YYYY
13-20 ANNUAL DATA VALUES
21-28 WINTER HALF YEAR DATA VALUES
29-36 SUMMER HALF YEAR DATA VALUES
37-44 WINTER (DJF) DATA VALUES
45-52 SPRING (MAM) DATA VALUES
53-60 SUMMER (JJA) DATA VALUES
61-68 AUTUMN (SON) DATA VALUES
69-76 JANUARY DATA VALUES
etc. 
157-164 DECEMBER DATA VALUES

719    1959 -999999 -999999 -999999 -999999 -999999 1327    217     -999999 -999999 -999999 -999999 683     1185    1422    1368    638     227     -216    -948    
719    1960 204     -620    1008    -1077   148     1419    137     -1128   -1161   -519    97      865     1353    1635    1266    808     -40     -351    -429    
719    1961 331     -365    924     -504    121     1383    465     -674    -398    -298    -70     724     1482    1469    1201    720     701     -34     -899    
719    1962 101     -523    818     -861    -110    1075    368     -811    -874    -1241   280     644     963     1196    1061    750     438     -88     -1147   
719    1963 128     -768    991     -1279   12      1237    366     -1339   -1359   -1149   130     1061    1029    1340    1334    1026    367     -295    -709    
719    1964 188     -524    847     -826    14      1203    286     -564    -1230   -750    100     694     1113    1297    1195    664     501     -314    -521    
719    1965 125     -434    857     -733    -46     1222    152     -682    -1025   -615    127     355     1230    1216    1220    988     324     -863    -859    
719    1966 -13     -975    823     -1523   -114    1311    226     -1808   -1944   -793    -261    706     1378    1430    1128    533     193     -47     -810    
719    1967 187     -506    927     -1041   216     1305    471     -1492   -798    -92     55      679     1099    1344    1466    897     431     86      -1487   
719    1968 35      -722    836     -1471   41      1246    -28     -1897   -999    -458    124     461     1304    1236    1199    676     -246    -508    -489    
719    1969 74      -775    885     -1006   -66     1307    218     -1250   -1307   -892    83      615     1173    1384    1360    674     276     -297    -1009   
719    1970 146     -698    936     -1258   90      1384    187     -1195   -1601   -405    -63     734     1328    1560    1262    770     226     -437    -561    
719    1971 142     -514    837     -684    -83     1263    61      -562    -956    -837    -148    735     1142    1343    1300    621     156     -596    -581    
719    1972 262     -574    951     -822    20      1467    200     -1035   -851    -558    -40     657     1442    1660    1297    664     195     -259    -79     
719    1973 132     -279    858     -424    128     1343    -140    -480    -743    -355    43      694     1296    1629    1103    354     -192    -581    -1254   
719    1974 296     -564    840     -732    -40     1263    331     -609    -290    -429    -100    408     1146    1416    1223    928     211     -141    -248    
719    1975 280     -259    885     -475    221     1158    312     -574    -616    -215    56      817     994     1282    1192    945     199     -203    -583    
719    1976 2       -641    747     -999    -37     1095    -6      -1498   -909    -853    -67     810     931     1237    1113    427     -132    -308    -752    
719    1977 181     -568    835     -859    70      1243    254     -746    -1103   -410    -49     665     1211    1389    1128    645     229     -111    -772    
719    1978 61      -586    870     -1061   81      1269    222     -877    -1584   -485    -44     768     1288    1376    1144    667     125     -122    -1638   
719    1979 199     -715    961     -1346   198     1380    220     -1165   -1225   -297    -57     940     1347    1385    1405    718     61      -115    -717    
719    1980 125     -654    982     -1025   17      1393    119     -1216   -1148   -801    291     571     1475    1444    1263    838     247     -733    -763    
719    1981 145     -672    919     -861    -45     1290    287     -788    -1049   -985    -58     908     1155    1566    1146    768     386     -296    -1093   
719    1982 200     -602    858     -1185   181     1210    326     -1556   -876    -197    47      690     847     1445    1326    761     154     68      -382    
719    1983 235     -406    1016    -711    245     1279    207     -594    -1205   -540    346     934     1156    1489    1188    967     298     -646    -679    
719    1984 282     -548    993     -737    225     1247    334     -915    -607    -749    330     1097    1140    1434    1165    771     452     -225    -541    
719    1985 -1      -740    872     -1463   34      1336    267     -2004   -1885   -332    -208    634     1208    1379    1418    776     414     -395    -1154   
719    1986 150     -665    911     -1314   266     1340    339     -1429   -1366   -118    -55     959     1435    1465    1123    509     386     120     -1326   
719    1987 17      -812    822     -1534   -34     1166    293     -2088   -1151   -816    80      639     1205    1316    978     699     580     -410    -888    
719    1988 251     -445    1046    -778    89      1516    177     -650    -797    -525    -82     866     1464    1790    1291    917     252     -640    -927    
719    1989 403     -319    1052    -507    407     1376    302     -279    -294    -33     384     869     1385    1430    1313    916     222     -229    -891    
719    1990 338     -351    960     -642    279     1342    163     -916    -62     -198    347     692     1192    1430    1398    681     300     -498    -342    
719    1991 312     -441    944     -705    136     1382    419     -730    -1079   -359    246     525     1181    1534    1425    732     421     105     -358    
719    1992 349     -127    1015    -412    289     1373    57      -460    -418    -61     -119    1033    1468    1400    1255    1032    -311    -538    -134    
719    1993 292     -355    935     -366    380     1253    49      -442    -539    -192    191     1136    1005    1499    1246    496     135     -486    -624    
719    1994 285     -578    1038    -919    195     1455    257     -818    -1358   -390    372     609     1200    1754    1403    870     229     -326    -248    
719    1995 354     -227    1029    -383    253     1447    325     -537    -362    -135    130     759     1587    1397    1362    926     548     -505    -966    
719    1996 282     -512    976     -921    167     1410    395     -620    -1194   -379    153     726     1245    1370    1610    726     459     -2      -771    
719    1997 335     -330    1062    -721    67      1645    243     -734    -650    -302    -116    613     1529    1800    1602    914     71      -249    -527    
719    1998 269     -448    975     -629    56      1360    289     -516    -868    -632    60      739     1282    1555    1240    954     408     -499    -587    
719    1999 361     -471    1102    -826    234     1505    508     -983    -918    -290    408     589     1695    1579    1248    1086    440     1       -597    
719    2000 478     -268    1078    -553    287     1436    579     -555    -503    -396    321     938     1300    1630    1373    880     679     174     -148    
719    2001 -999999 -999999 -999999 -999999 -999999 -999999 -999999 -999999 -999999 -999999 -999999 -999999 -999999 -999999 -999999 -999999 -999999 -999999 -999999 
719    2002 -999999 -999999 -999999 -999999 -999999 -999999 -999999 -999999 -999999 -999999 -999999 -999999 -999999 -999999 -999999 -999999 -999999 -999999 -999999 
719    2003 -999999 -999999 -999999 -999999 -999999 -999999 -999999 -999999 -999999 -999999 -999999 -999999 -999999 -999999 -999999 -999999 -999999 -999999 -999999 
719    2004 -999999 -999999 -999999 -999999 -999999 -999999 -999999 -999999 -999999 -999999 -999999 -999999 -999999 -999999 -999999 -999999 -999999 -999999 -999999 
719    2005 -999999 -999999 -999999 -999999 -999999 -999999 -999999 -999999 -999999 -999999 -999999 -999999 -999999 -999999 -999999 -999999 -999999 -999999 -999999 
719    2006 -999999 -999999 -999999 -999999 -999999 -999999 -999999 -999999 -999999 -999999 -999999 -999999 -999999 -999999 -999999 -999999 -999999 -999999 -999999 
719    2007 -999999 -999999 -999999 -999999 -999999 -999999 -999999 -999999 -999999 -999999 -999999 -999999 -999999 -999999 -999999 -999999 -999999 -999999 -999999 
719    2008 -999999 -999999 -999999 -999999 201     1272    345     -999999 -329    -398    300     704     1203    1419    1192    673     486     -100    -215    
719    2009 283     -302    1031    -586    237     1331    355     -771    -792    -453    225     938     1191    1444    1353    1016    2       61      -878    
719    2010 146     -684    1120    -1205   245     1511    190     -1498   -1242   -578    285     1029    1164    1935    1422    852     297     -582    -1430   
719    2011 -999999 -735    -999999 -1253   -999999 -999999 -999999 -842    -1513   -411    392     -999999 -999999 -999999 -999999 -999999 -999999 -999999 -999999 
