EUROPEAN CLIMATE ASSESSMENT & DATASET (ECA&D), file created on: 10-05-2011
THESE DATA CAN BE USED FREELY PROVIDED THAT THE FOLLOWING SOURCE IS ACKNOWLEDGED: 

Klein Tank, A.M.G. and Coauthors, 2002. Daily dataset of 20th-century surface
air temperature and precipitation series for the European Climate Assessment.
Int. J. of Climatol., 22, 1441-1453.
Data and metadata available at http://eca.knmi.nl

FILE FORMAT (MISSING VALUE CODE = -999999):

THIS FILE HOLDS DATA FOR STATION POLAND                                   TORUN                                    (STAID:   2027)
LATITUDE: dd:mm:ss +53:01:48
LONGITUDE: ddd:mm:ss +018:34:48
ELEVATION: m   69

DATA IS FOR INDEX Mean of daily mean temperature (TG) with unit 0.01 Temperature (&#176;C)

01-06 SOUID: Source identifier
08-11 YEAR : YYYY
13-20 ANNUAL DATA VALUES
21-28 WINTER HALF YEAR DATA VALUES
29-36 SUMMER HALF YEAR DATA VALUES
37-44 WINTER (DJF) DATA VALUES
45-52 SPRING (MAM) DATA VALUES
53-60 SUMMER (JJA) DATA VALUES
61-68 AUTUMN (SON) DATA VALUES
69-76 JANUARY DATA VALUES
etc. 
157-164 DECEMBER DATA VALUES

2027   1961 833     -999999 1413    -999999 869     1669    951     -305    198     575     919     1115    1814    1618    1579    1428    1074    349     -385    
2027   1962 697     122     1326    -182    626     1552    812     18      -178    -164    1002    1052    1446    1568    1639    1238    856     341     -494    
2027   1963 660     -254    1529    -863    692     1812    968     -1251   -840    -172    791     1461    1653    1937    1840    1468    827     613     -495    
2027   1964 735     -23     1468    -433    575     1799    820     -361    -443    -287    763     1257    1928    1823    1650    1379    719     365     -5      
2027   1965 650     79      1308    -188    498     1599    677     -64     -530    -65     614     949     1610    1615    1572    1480    745     -196    -15     
2027   1966 790     23      1421    -234    742     1773    856     -520    -161    257     690     1278    1785    1820    1715    1222    1063    276     -12     
2027   1967 876     273     1459    -93     856     1724    1019    -340    90      543     670     1350    1573    1908    1686    1549    1125    379     -79     
2027   1968 791     238     1450    -149    794     1767    854     -300    -63     353     918     1115    1831    1695    1776    1359    837     367     -409    
2027   1969 661     -49     1433    -453    609     1748    881     -518    -430    -163    581     1409    1649    1897    1693    1344    800     503     -896    
2027   1970 669     -152    1335    -740    579     1668    811     -692    -619    -31     571     1196    1650    1684    1670    1223    804     405     81      
2027   1971 821     183     1435    -43     743     1748    738     -265    66      2       714     1513    1515    1829    1892    1116    866     227     315     
2027   1972 774     193     1421    -102    776     1793    729     -608    -8      352     721     1253    1627    2047    1699    1153    618     420     -5      
2027   1973 794     243     1398    -5      749     1747    699     -160    166     417     590     1235    1647    1825    1765    1308    616     175     -94     
2027   1974 831     219     1340    23      742     1623    795     -14     194     431     698     1095    1480    1572    1811    1368    644     377     277     
2027   1975 911     325     1521    185     790     1827    877     296     -39     361     632     1373    1589    1949    1934    1625    802     205     127     
2027   1976 712     83      1371    -138    602     1679    788     -197    -358    -107    663     1252    1568    1874    1591    1256    661     451     -140    
2027   1977 809     216     1321    -111    756     1678    840     -168    -16     493     557     1210    1781    1619    1638    1103    885     530     18      
2027   1978 736     240     1302    -111    725     1620    837     -69     -300    331     615     1224    1581    1653    1624    1098    851     561     -408    
2027   1979 742     17      1440    -500    767     1716    758     -580    -513    160     676     1462    1966    1500    1691    1337    662     278     189     
2027   1980 680     63      1297    -192    528     1630    795     -620    -140    4       617     967     1563    1665    1661    1293    850     241     37      
2027   1981 805     215     1441    -92     847     1707    880     -229    -85     446     628     1460    1693    1758    1669    1418    847     376     -378    
2027   1982 847     114     1460    -322    757     1795    975     -414    -159    391     547     1326    1560    1907    1910    1484    946     495     94      
2027   1983 921     364     1555    98      945     1828    850     368     -197    426     905     1503    1673    1964    1841    1421    887     242     -66     
2027   1984 800     180     1393    -48     763     1621    867     50      -132    79      860     1353    1439    1580    1840    1269    1066    260     -106    
2027   1985 680     -17     1394    -567    824     1631    706     -788    -831    228     776     1466    1440    1734    1714    1210    834     70      192     
2027   1986 757     53      1404    -266    800     1705    814     -122    -934    183     731     1483    1613    1817    1680    1076    843     523     50      
2027   1987 640     -34     1311    -444    518     1595    850     -1214   -138    -258    719     1101    1532    1732    1517    1251    876     421     104     
2027   1988 852     289     1481    105     777     1756    744     112     98      115     708     1504    1659    1879    1725    1386    807     36      158     
2027   1989 977     368     1518    254     962     1763    923     233     385     581     895     1408    1577    1885    1822    1500    1056    209     119     
2027   1990 949     470     1424    288     963     1728    839     242     527     665     834     1385    1694    1704    1784    1124    943     447     5       
2027   1991 814     262     1405    -99     735     1738    880     15      -341    449     797     960     1459    1891    1855    1448    817     377     -42     
2027   1992 892     264     1559    16      812     1975    750     -86     187     331     739     1364    1838    2006    2075    1308    547     401     -27     
2027   1993 800     186     1432    -3      921     1601    583     64      -51     168     915     1679    1529    1650    1622    1174    759     -190    202     
2027   1994 896     180     1536    32      829     1888    833     188     -330    387     894     1208    1583    2183    1889    1434    682     386     157     
2027   1995 852     293     1505    127     789     1870    828     -96     340     296     801     1269    1659    2054    1891    1330    1056    90      -500    
2027   1996 685     -93     1403    -543    690     1719    856     -565    -566    -96     803     1367    1674    1591    1890    1074    946     546     -479    
2027   1997 828     194     1448    -226    714     1826    787     -400    246     323     546     1270    1679    1798    1997    1372    700     292     78      
2027   1998 847     296     1483    184     881     1698    684     104     391     221     973     1452    1726    1755    1616    1363    807     -121    -153    
2027   1999 932     163     1580    -64     884     1862    929     53      -96     453     915     1285    1712    2053    1815    1686    843     261     131     
2027   2000 984     300     1531    105     1038    1728    1032    -71     264     368     1237    1514    1752    1637    1796    1238    1207    645     202     
2027   2001 862     383     1479    70      798     1823    892     -7      8       218     809     1367    1498    2016    1945    1211    1125    330     -250    
2027   2002 947     356     1641    53      1032    1951    830     54      388     490     855     1745    1734    2008    2105    1370    732     391     -539    
2027   2003 848     44      1546    -374    839     1859    804     -216    -366    235     745     1533    1822    1926    1829    1400    512     509     165     
2027   2004 847     186     1444    -94     803     1748    910     -497    62      371     848     1193    1573    1744    1921    1366    992     371     190     
2027   2005 874     267     1517    61      720     1784    972     151     -182    39      809     1315    1574    2041    1732    1612    971     332     19      
2027   2006 910     41      1623    -331    700     1949    1147    -805    -195    -89     852     1343    1735    2294    1812    1681    1115    647     466     
2027   2007 967     546     1566    287     1003    1882    802     398     -34     630     888     1488    1900    1866    1882    1357    829     218     100     
2027   2008 954     349     1494    208     848     1835    923     134     402     409     813     1322    1725    1917    1858    1311    966     492     83      
2027   2009 875     262     1539    -80     879     1803    934     -295    -24     331     1005    1304    1571    1945    1887    1507    690     613     -79     
2027   2010 749     99      1523    -367    815     1916    793     -788    -220    363     831     1251    1638    2178    1924    1293    634     456     -623    
2027   2011 -999999 63      -999999 -354    -999999 -999999 -999999 -6      -442    324     1046    -999999 -999999 -999999 -999999 -999999 -999999 -999999 -999999 
