EUROPEAN CLIMATE ASSESSMENT & DATASET (ECA&D), file created on: 10-05-2011
THESE DATA CAN BE USED FREELY PROVIDED THAT THE FOLLOWING SOURCE IS ACKNOWLEDGED: 

Klein Tank, A.M.G. and Coauthors, 2002. Daily dataset of 20th-century surface
air temperature and precipitation series for the European Climate Assessment.
Int. J. of Climatol., 22, 1441-1453.
Data and metadata available at http://eca.knmi.nl

FILE FORMAT (MISSING VALUE CODE = -999999):

THIS FILE HOLDS DATA FOR STATION RUSSIAN FEDERATION                       PAVELETZ                                 (STAID:     92)
LATITUDE: dd:mm:ss +53:46:59
LONGITUDE: ddd:mm:ss +039:15:00
ELEVATION: m  209

DATA IS FOR INDEX Mean of daily mean temperature (TG) with unit 0.01 Temperature (&#176;C)

01-06 SOUID: Source identifier
08-11 YEAR : YYYY
13-20 ANNUAL DATA VALUES
21-28 WINTER HALF YEAR DATA VALUES
29-36 SUMMER HALF YEAR DATA VALUES
37-44 WINTER (DJF) DATA VALUES
45-52 SPRING (MAM) DATA VALUES
53-60 SUMMER (JJA) DATA VALUES
61-68 AUTUMN (SON) DATA VALUES
69-76 JANUARY DATA VALUES
etc. 
157-164 DECEMBER DATA VALUES

92     1936 542     -999999 1504    -999999 369     2113    424     -518    -1415   -469    293     1281    2029    2389    1919    1075    207     -3      -375    
92     1937 524     -416    1448    -826    537     1766    654     -1261   -859    -260    682     1194    1726    1811    1760    1504    551     -91     -611    
92     1938 605     -351    1580    -781    481     2083    815     -952    -781    -255    420     1277    1690    2363    2182    1509    687     248     -1215   
92     1939 474     -999999 1409    -979    316     1988    344     -1026   -655    -606    305     1250    1831    2146    1982    902     205     -71     -734    
92     1940 325     -750    1380    -1329   296     1803    547     -1970   -1279   -662    301     1248    1626    1955    1825    1298    176     166     -821    
92     1941 -999999 -629    1140    -1102   -3      1693    -999999 -1425   -1055   -804    42      755     1294    2079    1694    938     -999999 -999999 -999999 
92     1942 -999999 -999999 1221    -999999 38      1651    407     -999999 -1270   -1125   94      1146    1422    1854    1670    1103    580     -466    -833    
92     1943 419     -649    1373    -1137   423     1740    491     -1568   -998    -635    592     1317    1710    1777    1730    1089    510     -126    -452    
92     1944 470     -233    1300    -506    401     1657    524     -479    -591    -278    215     1260    1571    1795    1602    1334    489     -250    -1065   
92     1945 233     -695    1213    -1223   106     1696    336     -1309   -1303   -779    224     875     1560    1796    1728    1068    252     -308    -1109   
92     1946 417     -583    1455    -962    354     1971    223     -969    -792    -595    355     1302    2131    1834    1955    1128    -26     -426    -1001   
92     1947 402     -759    1359    -1191   345     1807    407     -1239   -1348   -550    471     1091    1740    1895    1784    1152    275     -201    -400    
92     1948 466     -481    1427    -783    437     1858    417     -860    -1110   -621    335     1594    2117    1693    1772    1028    445     -221    -641    
92     1949 507     -390    1377    -707    490     1705    475     -554    -951    -465    340     1592    1732    1738    1646    1185    389     -149    -523    
92     1950 351     -571    1307    -1077   558     1514    462     -1835   -851    -441    835     1290    1513    1599    1429    1164    424     -202    -766    
92     1951 376     -644    1413    -1225   467     1823    252     -1340   -1606   -450    859     1005    1766    1877    1823    1130    189     -561    -312    
92     1952 412     -523    1293    -557    88      1727    521     -560    -817    -1099   261     1106    1708    1762    1711    1186    485     -106    -726    
92     1953 408     -551    1409    -1098   453     1877    342     -1015   -1603   -429    585     1207    1965    1908    1761    1005    463     -444    -655    
92     1954 407     -766    1508    -1349   354     2024    537     -1737   -1686   -616    319     1358    2004    2114    1953    1271    520     -180    -583    
92     1955 422     -354    1311    -648    244     1740    568     -687    -678    -543    183     1089    1579    1838    1799    1354    771     -428    -1286   
92     1956 249     -794    1286    -1505   296     1764    190     -1174   -2094   -629    389     1131    2172    1566    1565    875     438     -752    -598    
92     1957 550     -471    1464    -611    478     1759    526     -900    -305    -704    593     1549    1681    1859    1733    1347    409     -174    -535    
92     1958 413     -434    1253    -727    331     1634    425     -770    -891    -675    306     1361    1490    1809    1597    921     571     -220    -644    
92     1959 417     -349    1397    -666    473     1873    140     -604    -761    -474    598     1299    1753    2130    1730    837     173     -590    -1174   
92     1960 476     -692    1401    -989    251     1942    318     -885    -902    -785    356     1185    1910    2202    1714    1009    310     -365    -89     
92     1961 547     -227    1402    -424    529     1908    412     -713    -476    -59     433     1210    1983    1985    1757    1021    543     -332    -855    
92     1962 479     -454    1317    -809    535     1553    590     -639    -945    -542    752     1401    1415    1735    1505    1072    586     111     -793    
92     1963 346     -695    1466    -1257   288     1769    660     -1880   -1081   -1124   256     1732    1452    1951    1895    1470    582     -69     -1114   
92     1964 425     -618    1363    -1147   232     1822    510     -1012   -1328   -797    360     1137    1917    1963    1589    1194    602     -270    -326    
92     1965 369     -449    1260    -842    215     1681    354     -1054   -1177   -535    169     1009    1660    1770    1613    1321    298     -556    -209    
92     1966 563     -357    1512    -615    823     1826    488     -785    -877    -73     944     1601    1636    1993    1843    1025    596     -162    -1081   
92     1967 453     -638    1477    -1362   729     1749    636     -1604   -1406   -228    622     1790    1632    1765    1846    1174    804     -75     -1014   
92     1968 369     -575    1383    -1249   466     1745    354     -1604   -1121   -461    561     1301    1801    1622    1813    1179    265     -378    -588    
92     1969 274     -762    1279    -1223   299     1630    498     -1699   -1400   -823    592     1138    1479    1758    1648    1032    389     77      -1002   
92     1970 463     -492    1377    -981    454     1740    489     -1071   -859    -501    588     1280    1613    1990    1612    1154    515     -203    -650    
92     1971 460     -429    1349    -756    313     1763    501     -495    -1163   -641    286     1293    1712    1834    1742    1202    334     -27     -672    
92     1972 547     -609    1616    -1161   483     2182    520     -1634   -1178   -496    597     1351    1977    2232    2332    1169    481     -90     -241    
92     1973 450     -310    1335    -615    587     1679    251     -1174   -409    -427    833     1365    1760    1715    1565    752     272     -272    -617    
92     1974 547     -392    1285    -741    395     1663    792     -1208   -361    -162    308     1035    1583    1790    1615    1358    887     127     -460    
92     1975 612     -165    1593    -617    856     1787    420     -512    -908    -189    1017    1746    1916    1856    1593    1412    329     -477    -546    
92     1976 240     -681    1182    -1115   325     1487    222     -1306   -1517   -615    564     1032    1417    1573    1468    1019    -162    -178    -466    
92     1977 449     -528    1391    -871    635     1730    453     -1369   -769    -236    703     1441    1709    1848    1634    990     242     136     -999    
92     1978 341     -465    1205    -1017   481     1547    463     -964    -1096   -152    489     1108    1380    1634    1621    972     309     112     -1406   
92     1979 465     -580    1410    -1219   581     1736    438     -1215   -1016   -283    231     1785    1765    1703    1740    1203    316     -200    -555    
92     1980 341     -593    1240    -936    172     1629    451     -1267   -988    -878    488     914     1714    1736    1440    1138    465     -249    -455    
92     1981 598     -343    1468    -592    349     2031    551     -685    -642    -518    207     1352    2011    2234    1848    1124    675     -151    -376    
92     1982 477     -340    1288    -790    469     1614    533     -981    -1035   -232    486     1153    1380    1777    1678    1232    346     26      -211    
92     1983 569     -238    1442    -454    681     1648    474     -481    -693    -450    1003    1499    1470    1809    1661    1187    500     -265    -495    
92     1984 429     -452    1422    -839    634     1619    487     -631    -1429   -451    653     1700    1589    1745    1520    1301    574     -417    -1079   
92     1985 -999999 -707    -999999 -1211   353     1717    398     -1048   -1536   -808    453     1428    1552    1633    1961    1043    484     -335    -715    
92     1986 429     -536    1412    -1034   611     1798    354     -747    -1704   -304    813     1331    1894    1765    1736    911     397     -247    -853    
92     1987 238     -718    1254    -1212   228     1683    226     -1879   -870    -855    172     1365    1812    1700    1541    909     228     -460    -866    
92     1988 476     -534    1474    -889    532     1922    308     -939    -859    -328    492     1430    1938    2145    1685    1126    463     -671    -830    
92     1989 671     -276    1496    -500    680     1878    505     -392    -255    19      734     1290    2039    1873    1728    1298    545     -331    -547    
92     1990 583     -156    1273    -450    670     1600    496     -664    -105    163     771     1080    1447    1754    1593    972     510     5       -573    
92     1991 -999999 -338    -999999 -701    541     1815    -999999 -647    -903    -466    671     1424    1916    1848    1684    -999999 740     -137    -637    
92     1992 513     -239    1381    -669    546     1779    410     -645    -729    -57     464     1229    1715    1800    1820    1234    253     -253    -722    
92     1993 405     -385    1244    -646    531     1557    70      -550    -668    -394    514     1471    1414    1718    1535    776     417     -994    -479    
92     1994 383     -580    1312    -766    329     1576    583     -447    -1437   -634    613     1015    1459    1686    1580    1506    507     -262    -1110   
92     1995 618     -331    1537    -721    786     1808    532     -736    -274    -102    939     1525    1988    1762    1682    1318    584     -307    -996    
92     1996 430     -659    1412    -1190   484     1759    602     -1338   -1238   -685    476     1659    1643    1857    1773    1030    517     261     -851    
92     1997 456     -326    1337    -838    470     1819    368     -951    -699    -252    398     1263    1857    1849    1751    872     371     -141    -924    
92     1998 470     -408    1418    -848    544     1850    275     -750    -874    -166    388     1405    1981    1970    1604    1136    515     -833    -837    
92     1999 596     -440    1481    -669    483     1966    393     -492    -680    -349    888     924     2048    2228    1625    1160    651     -640    -297    
92     2000 576     -309    1385    -543    593     1746    503     -859    -469    -258    1028    1023    1574    1925    1732    1009    632     -136    -320    
92     2001 554     -227    1507    -516    598     1889    526     -488    -765    -333    953     1185    1619    2308    1731    1220    408     -48     -1224   
92     2002 589     -259    1477    -702    708     1888    478     -661    -171    159     687     1277    1709    2239    1712    1210    361     -134    -1361   
92     2003 477     -617    1342    -1115   434     1652    563     -844    -1143   -615    400     1515    1287    1968    1688    1155    503     34      -354    
92     2004 551     -202    1333    -599    550     1720    549     -658    -799    30      437     1180    1500    1828    1824    1201    587     -143    -433    
92     2005 568     -370    1471    -618    444     1758    682     -411    -1052   -825    562     1599    1583    1889    1795    1371    663     12      -490    
92     2006 -999999 -521    1399    -1072   363     1796    -999999 -1258   -1510   -623    473     1241    1850    1743    1796    1270    652     -999999 -999999 
92     2007 -999999 -999999 -999999 -999999 754     1911    532     -216    -1212   249     486     1526    1716    1893    2126    1239    675     -318    -999999 
92     2008 -999999 -999999 -999999 -999999 769     1801    666     -943    -417    156     983     1168    1527    1930    1946    1097    799     102     -999999 
