EUROPEAN CLIMATE ASSESSMENT & DATASET (ECA&D), file created on: 10-05-2011
THESE DATA CAN BE USED FREELY PROVIDED THAT THE FOLLOWING SOURCE IS ACKNOWLEDGED: 

Klein Tank, A.M.G. and Coauthors, 2002. Daily dataset of 20th-century surface
air temperature and precipitation series for the European Climate Assessment.
Int. J. of Climatol., 22, 1441-1453.
Data and metadata available at http://eca.knmi.nl

FILE FORMAT (MISSING VALUE CODE = -999999):

THIS FILE HOLDS DATA FOR STATION CROATIA                                  HVAR                                     (STAID:   1686)
LATITUDE: dd:mm:ss +43:10:00
LONGITUDE: ddd:mm:ss +016:27:00
ELEVATION: m   20

DATA IS FOR INDEX Mean of daily mean temperature (TG) with unit 0.01 Temperature (&#176;C)

01-06 SOUID: Source identifier
08-11 YEAR : YYYY
13-20 ANNUAL DATA VALUES
21-28 WINTER HALF YEAR DATA VALUES
29-36 SUMMER HALF YEAR DATA VALUES
37-44 WINTER (DJF) DATA VALUES
45-52 SPRING (MAM) DATA VALUES
53-60 SUMMER (JJA) DATA VALUES
61-68 AUTUMN (SON) DATA VALUES
69-76 JANUARY DATA VALUES
etc. 
157-164 DECEMBER DATA VALUES

1686   1858 -999999 -999999 2132    -999999 1492    2410    1768    -999999 -999999 1081    1556    1841    2348    2546    2335    2154    1879    1168    1032    
1686   1859 -999999 -999999 -999999 885     1506    -999999 -999999 694     934     1155    1495    1879    2186    2690    2643    2079    -999999 1395    900     
1686   1860 -999999 -999999 -999999 -999999 1407    2370    -999999 -999999 741     949     1396    1876    2262    2330    2500    2265    1759    -999999 993     
1686   1861 -999999 -999999 -999999 -999999 1340    2463    -999999 805     -999999 1040    1337    1642    2275    2497    2592    2207    1798    1556    808     
1686   1862 -999999 -999999 -999999 849     1628    -999999 1852    849     894     1285    1611    1986    2331    -999999 2410    2169    1934    1463    825     
1686   1863 -999999 -999999 -999999 -999999 -999999 -999999 -999999 1071    -999999 -999999 -999999 -999999 -999999 -999999 -999999 -999999 -999999 -999999 -999999 
1686   1864 1539    -999999 1963    -999999 1374    2278    1673    471     988     1217    1165    1733    2114    2395    2322    2031    1583    1408    1027    
1686   1865 -999999 1111    -999999 913     1464    2390    1792    1065    620     926     1463    2002    2155    2525    2484    2185    1777    1413    1002    
1686   1866 -999999 -999999 -999999 1045    -999999 -999999 1652    950     1195    1290    1549    -999999 -999999 -999999 -999999 2196    1635    1199    1044    
1686   1867 1657    1211    2158    1064    1541    2387    1721    1085    1061    1227    1500    1896    2234    2430    2492    2384    1725    1054    762     
1686   1868 1677    1058    2163    839     1493    2445    1783    856     904     1039    1339    2096    2438    2440    2456    2194    1972    1175    1176    
1686   1869 1609    1173    2102    978     1492    2328    1646    657     1115    936     1433    2104    2177    2482    2321    2072    1638    1230    1113    
1686   1870 1546    1073    2037    881     1385    2349    1611    695     830     915     1303    1935    2248    2516    2280    1916    1493    1428    942     
1686   1871 1549    1109    2045    894     1392    2319    1692    875     862     1042    1440    1695    2026    2552    2370    2169    1606    1302    605     
1686   1872 1723    1114    2125    836     1593    2327    1891    927     987     1257    1538    1983    2090    2461    2422    2240    1970    1461    1312    
1686   1873 1667    1360    2079    1125    1509    2381    1777    1095    950     1338    1498    1692    2031    2535    2565    2138    1878    1312    910     
1686   1874 1568    1067    2071    794     1245    2424    1732    786     675     809     1427    1506    2358    2589    2322    2218    1801    1173    1089    
1686   1875 1541    1057    2093    839     1361    2464    1571    820     583     835     1283    1963    2427    2497    2466    1902    1596    1212    840     
1686   1876 1630    1097    2085    854     1501    2371    1661    791     936     1201    1566    1737    2198    2449    2460    2090    1839    1047    1218    
1686   1877 1612    1150    2120    1017    1362    2479    1676    964     853     947     1412    1727    2310    2487    2635    2132    1532    1371    922     
1686   1878 1626    1050    2134    816     1429    2397    1854    681     849     937     1416    1933    2275    2442    2470    2252    1880    1428    903     
1686   1879 1585    1233    2074    989     1340    2417    1673    915     1165    1104    1353    1562    2292    2390    2564    2271    1639    1111    634     
1686   1880 1626    981     2099    710     1445    2373    1773    538     977     991     1523    1823    2204    2634    2276    2117    1736    1467    1208    
1686   1881 1603    1199    2090    956     1435    2429    1629    798     852     1108    1455    1742    2121    2551    2604    2047    1593    1250    1058    
1686   1882 1665    1198    2058    972     1560    2317    1771    998     849     1406    1424    1845    2159    2432    2355    2121    1849    1341    1136    
1686   1883 1575    1161    2052    979     1290    2373    1744    876     918     828     1251    1789    2192    2466    2455    2141    1738    1354    852     
1686   1884 1564    1147    2044    879     1541    2234    1542    849     940     1145    1464    2012    1953    2456    2283    2075    1565    985     1011    
1686   1885 1637    1100    2088    949     1478    2369    1783    792     1056    1186    1477    1771    2193    2425    2485    2165    1786    1399    878     
1686   1886 1640    1149    2070    920     1372    2321    1853    995     885     934     1440    1745    2137    2456    2364    2268    1887    1403    1113    
1686   1887 1605    1215    2092    927     1428    2410    1712    873     780     1198    1333    1749    2181    2570    2473    2232    1582    1328    905     
1686   1888 1578    1045    2100    770     1425    2375    1703    589     818     1043    1385    1846    2342    2473    2309    2237    1678    1196    1003    
1686   1889 1603    1076    2103    852     1434    2439    1710    774     773     1008    1330    1960    2329    2486    2498    1997    1859    1271    884     
1686   1890 1596    1158    2075    896     1476    2383    1630    1022    768     1108    1441    1877    2113    2431    2597    1968    1596    1328    842     
1686   1891 1579    1035    2060    721     1412    2353    1761    635     684     1099    1287    1845    2116    2487    2448    2158    1792    1332    997     
1686   1892 1640    1182    2114    985     1440    2377    1778    929     1032    1008    1476    1837    2253    2387    2487    2229    1871    1230    918     
1686   1893 1589    1069    2041    756     1360    2338    1827    507     853     1015    1359    1706    2133    2478    2397    2157    1865    1458    1089    
1686   1894 1642    1195    2119    920     1494    2382    1820    846     815     1067    1544    1873    2154    2592    2395    2143    1903    1411    909     
1686   1895 1619    1141    2106    823     1438    2385    1797    877     666     1045    1443    1828    2232    2538    2380    2202    1781    1409    958     
1686   1896 1604    1153    2031    835     1373    2386    1766    663     888     1210    1191    1713    2226    2502    2424    2108    1894    1291    1107    
1686   1897 1634    1244    2128    1015    1482    2428    1675    926     1011    1217    1500    1730    2232    2562    2482    2249    1627    1151    879     
1686   1898 1700    1121    2113    906     1510    2383    1917    928     910     1208    1501    1821    2276    2395    2475    2196    1896    1661    1081    
1686   1899 1631    1306    2064    1033    1497    2320    1709    1071    938     1164    1476    1851    2095    2473    2386    2085    1722    1320    935     
1686   1900 1670    1165    2073    1002    1365    2366    1873    989     1091    933     1372    1790    2238    2482    2374    2164    1914    1540    1122    
1686   1901 1602    1186    2092    821     1478    2382    1695    680     644     1177    1433    1824    2274    2460    2408    2139    1766    1178    1172    
1686   1902 1610    1218    2042    1100    1363    2328    1737    969     1165    1053    1495    1544    2054    2453    2469    2227    1768    1215    883     
1686   1903 1623    1148    2026    905     1391    2327    1751    888     949     1165    1209    1795    2117    2393    2464    2160    1762    1330    1195    
1686   1904 1657    1245    2150    1059    1544    2495    1590    920     1062    1191    1510    1930    2341    2672    2468    1959    1721    1085    997     
1686   1905 1601    1040    2151    757     1456    2459    1719    523     749     1135    1377    1852    2216    2617    2535    2291    1440    1436    987     
1686   1906 1577    1093    2038    863     1422    2359    1689    755     845     1081    1378    1806    2140    2467    2462    1951    1675    1443    868     
1686   1907 1604    1037    2067    776     1290    2370    1867    666     796     765     1229    1875    2239    2378    2488    2177    2035    1384    1154    
1686   1908 1583    1205    2087    946     1412    2402    1633    842     835     964     1244    2023    2328    2456    2420    2030    1720    1146    948     
1686   1909 1591    1042    2074    761     1472    2323    1707    757     559     1077    1519    1820    2117    2415    2432    2125    1804    1189    1194    
1686   1910 1622    1210    2042    1044    1425    2362    1646    947     987     1115    1395    1766    2231    2363    2487    1995    1729    1210    1192    
1686   1911 1627    1103    2091    853     1382    2441    1853    745     596     1098    1329    1717    2220    2531    2564    2169    1823    1567    1095    
1686   1912 1566    1274    1976    1000    1415    2350    1499    819     1090    1247    1212    1781    2201    2464    2379    1796    1610    1089    1079    
1686   1913 1628    1135    2031    945     1509    2236    1833    914     831     1256    1466    1804    2209    2195    2302    2201    1831    1469    1013    
1686   1914 1596    1211    2031    920     1490    2275    1627    682     1082    1185    1510    1776    2062    2352    2405    2068    1586    1230    1176    
1686   1915 1614    1154    2073    1036    1443    2365    1575    962     963     992     1390    1944    2279    2444    2370    1995    1565    1165    1251    
1686   1916 1679    1208    2080    1062    1572    2367    1708    956     974     1324    1488    1900    2304    2487    2308    1980    1677    1467    1250    
1686   1917 1630    1192    2140    1000    1407    2446    1781    965     764     998     1299    1922    2352    2470    2515    2270    1812    1261    876     
1686   1918 -999999 1137    2078    891     1468    2271    -999999 929     866     1057    1467    1879    2028    2440    2342    2312    -999999 -999999 -999999 
1686   1919 -999999 -999999 -999999 -999999 -999999 -999999 -999999 -999999 -999999 -999999 -999999 -999999 -999999 -999999 -999999 -999999 -999999 -999999 -999999 
1686   1920 -999999 -999999 -999999 -999999 -999999 -999999 -999999 -999999 -999999 -999999 -999999 -999999 -999999 -999999 -999999 -999999 -999999 -999999 -999999 
1686   1921 -999999 -999999 -999999 -999999 -999999 -999999 -999999 -999999 -999999 -999999 -999999 -999999 -999999 -999999 -999999 -999999 -999999 -999999 -999999 
1686   1922 -999999 -999999 -999999 -999999 -999999 -999999 -999999 -999999 -999999 -999999 -999999 -999999 -999999 -999999 -999999 -999999 -999999 -999999 -999999 
1686   1923 -999999 -999999 -999999 -999999 -999999 -999999 -999999 -999999 -999999 -999999 -999999 -999999 -999999 -999999 -999999 -999999 -999999 -999999 -999999 
1686   1924 -999999 -999999 -999999 -999999 -999999 -999999 -999999 -999999 -999999 -999999 -999999 -999999 -999999 -999999 -999999 -999999 -999999 -999999 -999999 
1686   1925 -999999 -999999 -999999 -999999 -999999 -999999 -999999 -999999 -999999 -999999 -999999 -999999 -999999 -999999 -999999 -999999 -999999 -999999 -999999 
1686   1926 -999999 -999999 -999999 -999999 -999999 -999999 -999999 -999999 -999999 -999999 1549    1778    -999999 -999999 -999999 -999999 -999999 -999999 -999999 
1686   1927 -999999 -999999 -999999 -999999 -999999 -999999 -999999 -999999 -999999 1290    -999999 1881    -999999 -999999 -999999 -999999 -999999 -999999 -999999 
1686   1928 -999999 -999999 2200    -999999 1418    2566    1831    -999999 922     1089    1523    1645    2236    2764    2687    2331    1744    1421    827     
1686   1929 1628    1029    2134    671     1390    2474    1846    676     494     973     1253    1940    2354    2552    2511    2176    1824    1537    1163    
1686   1930 1735    1306    2158    1062    1526    2428    1917    1090    920     1273    1536    1769    2339    2516    2425    2357    1809    1589    1146    
1686   1931 1646    1280    2137    1054    1459    2546    1605    1011    998     1108    1329    1935    2490    2606    2540    1900    1637    1278    871     
1686   1932 1661    1040    2114    780     1370    2360    2003    913     539     975     1325    1807    2102    2413    2556    2468    2056    1483    1249    
1686   1933 1596    1275    2002    1012    1369    2294    1788    889     887     1055    1369    1681    1974    2444    2455    2067    1786    1512    985     
1686   1934 1709    1223    2167    917     1636    2395    1800    841     926     1270    1593    2044    2244    2499    2436    2170    1743    1488    1204    
1686   1935 1627    1146    2096    891     1363    2432    1832    587     882     961     1378    1752    2380    2498    2416    2140    1887    1467    1126    
1686   1936 1654    1314    2113    1096    1529    2411    1606    1229    922     1235    1483    1867    2205    2601    2420    2084    1465    1274    1033    
1686   1937 1683    1169    2150    997     1516    2481    1755    886     1079    1270    1375    1897    2468    2534    2439    2169    1792    1304    941     
1686   1938 1604    1119    2053    823     1325    2456    1778    727     798     1130    1173    1667    2388    2549    2429    2096    1802    1436    993     
1686   1939 1652    1204    2119    1034    1381    2418    1786    1109    997     876     1563    1710    2149    2584    2513    2181    1798    1378    928     
1686   1940 1529    1089    2000    795     1343    2264    1818    663     793     962     1295    1769    2159    2407    2223    2132    1850    1470    602     
1686   1941 1548    1155    1998    833     1373    2345    1569    921     993     1086    1371    1661    2197    2402    2432    1911    1565    1231    775     
1686   1942 1638    995     2160    667     1466    2427    1831    454     783     1153    1395    1848    2330    2460    2489    2430    1911    1150    1194    
1686   1943 -999999 1210    -999999 994     1516    2461    -999999 764     1026    1194    1475    1879    2203    2468    2703    -999999 -999999 -999999 -999999 
1686   1944 -999999 -999999 -999999 -999999 -999999 -999999 -999999 -999999 -999999 -999999 -999999 -999999 -999999 -999999 -999999 -999999 -999999 -999999 -999999 
1686   1945 -999999 -999999 2245    -999999 -999999 2568    1681    -999999 -999999 -999999 1493    2088    2469    2697    2534    2171    1612    1261    929     
1686   1946 1684    1107    2247    854     1546    2551    1788    749     888     1184    1497    1955    2333    2663    2651    2364    1592    1413    866     
1686   1947 1708    1124    2241    799     1643    2527    1812    491     1066    1320    1590    2017    2351    2645    2577    2249    1738    1451    961     
1686   1948 1641    1224    2061    987     1507    2287    1782    1167    821     1189    1448    1881    2081    2265    2509    2164    1854    1326    950     
1686   1949 1637    1143    2088    937     1418    2299    1826    983     874     852     1523    1881    2097    2440    2354    2220    1804    1456    1116    
1686   1950 1729    1229    2235    962     1544    2573    1811    764     1011    1209    1459    1962    2437    2651    2626    2259    1797    1376    1144    
1686   1951 1684    1267    2115    1097    1442    2397    1795    1039    1108    1126    1379    1818    2272    2453    2463    2290    1628    1471    1123    
1686   1952 1650    1144    2196    923     1464    2526    1688    848     788     993     1590    1815    2333    2639    2601    2184    1687    1192    1096    
1686   1953 1629    1086    2106    881     1424    2377    1803    754     784     975     1465    1832    2149    2562    2412    2201    1897    1307    1149    
1686   1954 1577    1164    2046    843     1406    2356    1714    628     743     1222    1328    1664    2306    2379    2381    2208    1666    1271    1076    
1686   1955 1645    1216    2033    1098    1388    2326    1710    1145    1071    1054    1280    1828    2183    2450    2339    2099    1765    1264    1212    
1686   1956 1568    1083    2099    859     1335    2397    1752    935     402     882     1322    1799    2057    2470    2652    2270    1695    1294    985     
1686   1957 1688    1195    2123    1003    1447    2469    1804    901     1135    1156    1461    1724    2399    2503    2503    2133    1867    1411    1035    
1686   1958 1686    1209    2132    1041    1367    2449    1811    964     1132    842     1262    1993    2197    2517    2627    2173    1772    1491    1225    
1686   1959 1649    1277    2054    1026    1528    2355    1665    870     977     1305    1463    1813    2146    2532    2380    1974    1629    1393    1255    
1686   1960 1689    1241    2080    1072    1488    2357    1830    945     1012    1200    1455    1807    2262    2329    2476    2140    1860    1488    1271    
1686   1961 1688    1297    2121    1061    1540    2363    1863    905     1001    1236    1628    1759    2247    2395    2443    2246    1885    1458    1020    
1686   1962 1647    1186    2135    950     1389    2428    1849    1001    816     908     1438    1822    2152    2452    2670    2260    1873    1413    895     
1686   1963 1658    1100    2153    756     1457    2444    1894    619     752     1024    1484    1863    2270    2578    2477    2231    1801    1654    1091    
1686   1964 1647    1239    2102    940     1486    2395    1746    801     928     1152    1459    1847    2360    2461    2363    2110    1735    1391    1132    
1686   1965 1596    1159    2023    895     1374    2343    1762    991     529     1123    1276    1719    2168    2498    2355    2102    1756    1428    1127    
1686   1966 1667    1201    2136    987     1470    2406    1833    685     1166    1047    1544    1821    2281    2429    2505    2224    1969    1301    1006    
1686   1967 1642    1176    2075    872     1438    2370    1881    734     878     1145    1334    1830    2057    2526    2516    2167    1948    1526    992     
1686   1968 1641    1222    2128    913     1588    2328    1746    679     1078    1109    1615    2040    2228    2480    2275    2118    1732    1389    943     
1686   1969 1638    1167    2066    929     1481    2273    1882    902     943     1076    1380    1985    2111    2332    2371    2200    1891    1554    866     
1686   1970 1637    1209    2082    923     1357    2386    1791    1026    870     1025    1344    1702    2247    2422    2485    2280    1660    1438    1096    
1686   1971 1623    1172    2111    1034    1416    2431    1613    1075    919     825     1480    1945    2180    2483    2621    1934    1586    1318    1052    
1686   1972 1627    1228    2059    1053    1524    2377    1569    1021    1088    1293    1477    1800    2269    2498    2360    1937    1481    1291    984     
1686   1973 1634    1097    2113    937     1376    2408    1799    933     890     992     1231    1900    2246    2492    2480    2309    1815    1272    991     
1686   1974 1626    1235    2064    1038    1422    2361    1653    1014    1116    1190    1361    1714    2114    2433    2528    2216    1445    1305    1045    
1686   1975 1642    1145    2087    961     1512    2310    1762    949     881     1223    1438    1872    2109    2438    2375    2275    1742    1271    1076    
1686   1976 1582    1154    2000    974     1396    2266    1709    842     1007    982     1371    1833    2215    2436    2147    1982    1824    1318    1013    
1686   1977 1666    1269    2068    1048    1533    2357    1728    1026    1109    1310    1395    1890    2153    2470    2440    2038    1782    1361    971     
1686   1978 1566    1180    1965    938     1371    2279    1605    906     936     1108    1354    1651    2158    2342    2332    1940    1659    1214    1141    
1686   1979 1658    1175    2081    973     1483    2390    1753    750     1033    1238    1330    1875    2401    2428    2342    2094    1784    1379    1205    
1686   1980 1550    1194    1963    974     1273    2291    1769    769     946     1067    1161    1587    2041    2353    2469    2149    1784    1374    877     
1686   1981 1590    1115    2069    763     1492    2339    1707    641     772     1219    1461    1796    2198    2411    2404    2132    1863    1122    1000    
1686   1982 1685    1113    2173    876     1429    2473    1889    858     757     1043    1375    1866    2403    2545    2468    2367    1840    1462    1167    
1686   1983 1638    1223    2145    967     1509    2410    1712    982     730     1119    1483    1923    2169    2619    2433    2224    1728    1184    995     
1686   1984 1599    1115    2004    925     1346    2299    1789    944     831     991     1356    1690    2089    2417    2384    2073    1814    1480    1095    
1686   1985 1630    1152    2133    837     1470    2421    1739    692     711     1087    1410    1911    2199    2575    2482    2201    1717    1299    1201    
1686   1986 1662    1173    2158    966     1547    2406    1803    905     772     1111    1481    2046    2193    2395    2624    2192    1819    1397    944     
1686   1987 1639    1111    2125    911     1241    2448    1895    826     968     707     1408    1614    2156    2649    2529    2381    1867    1439    1083    
1686   1988 1656    1259    2145    1065    1453    2479    1668    1130    976     1043    1411    1903    2186    2692    2548    2104    1840    1055    948     
1686   1989 1642    1198    2090    978     1564    2362    1626    911     1086    1334    1524    1834    2122    2510    2446    2083    1586    1211    1017    
1686   1990 1682    1186    2117    1009    1537    2414    1802    887     1134    1274    1420    1913    2210    2513    2513    2113    1866    1424    884     
1686   1991 1593    1193    2053    850     1397    2396    1761    870     792     1291    1318    1579    2207    2472    2502    2226    1703    1357    746     
1686   1992 1678    1111    2152    829     1488    2446    1863    900     840     1112    1418    1931    2187    2468    2673    2212    1894    1482    985     
1686   1993 1676    1163    2183    872     1473    2486    1793    849     773     965     1428    2024    2361    2470    2625    2175    1922    1277    1178    
1686   1994 1752    1270    2238    1040    1554    2556    1879    994     938     1282    1450    1928    2255    2710    2694    2370    1810    1458    1073    
1686   1995 1615    1212    2047    993     1363    2393    1671    812     1104    1013    1295    1779    2150    2627    2393    2018    1847    1142    1156    
1686   1996 1592    1139    2054    970     1407    2389    1651    978     763     926     1423    1874    2305    2441    2419    1844    1695    1412    987     
1686   1997 1652    1216    2083    1001    1389    2415    1763    1042    972     1172    1121    1866    2313    2465    2463    2253    1631    1409    1073    
1686   1998 1675    1209    2187    1066    1433    2554    1719    1004    1127    1011    1460    1831    2354    2644    2656    2155    1832    1168    824     
1686   1999 1691    1114    2196    836     1520    2496    1816    908     769     1154    1445    1958    2370    2532    2581    2272    1856    1320    1062    
1686   2000 1741    1169    2230    910     1595    2508    1892    754     913     1095    1580    2111    2455    2482    2585    2153    1908    1613    1221    
1686   2001 1695    1395    2129    1130    1604    2475    1728    1108    1054    1441    1378    1986    2192    2583    2641    1968    1923    1287    717     
1686   2002 -999999 -999999 -999999 -999999 -999999 2519    -999999 796     1190    1418    1526    1984    2448    2623    2479    2123    1856    1566    1140    
1686   2003 1746    -999999 2311    -999999 1551    2723    1784    992     597     1107    1426    2117    2648    2718    2803    2130    1701    1524    1099    
1686   2004 1684    1185    2140    938     1426    2462    1872    781     933     1070    1476    1735    2246    2626    2506    2234    1985    1394    1189    
1686   2005 1630    1186    2168    897     1487    2430    1767    817     663     1025    1433    2000    2310    2575    2402    2272    1730    1302    968     
1686   2006 1658    1105    2155    858     1464    2434    1815    759     845     1006    1486    1901    2239    2650    2407    2230    1891    1321    1100    
1686   2007 1729    1315    2240    1130    1641    2589    1623    1134    1159    1270    1638    2016    2478    2718    2568    2001    1670    1196    863     
1686   2008 1735    1161    2203    957     1572    2535    1785    1035    975     1215    1501    1999    2355    2632    2612    2098    1811    1445    1103    
1686   2009 -999999 -999999 -999999 1004    -999999 2541    1896    1020    877     1181    -999999 2088    2227    2642    2762    2418    1811    1439    1133    
1686   2010 -999999 -999999 -999999 985     1540    2570    -999999 823     988     1168    1560    1943    2329    2734    2600    2211    1754    -999999 -999999 
