EUROPEAN CLIMATE ASSESSMENT & DATASET (ECA&D), file created on: 10-05-2011
THESE DATA CAN BE USED FREELY PROVIDED THAT THE FOLLOWING SOURCE IS ACKNOWLEDGED: 

Klein Tank, A.M.G. and Coauthors, 2002. Daily dataset of 20th-century surface
air temperature and precipitation series for the European Climate Assessment.
Int. J. of Climatol., 22, 1441-1453.
Data and metadata available at http://eca.knmi.nl

FILE FORMAT (MISSING VALUE CODE = -999999):

THIS FILE HOLDS DATA FOR STATION DENMARK                                  TIRSTRUP                                 (STAID:    673)
LATITUDE: dd:mm:ss +56:19:12
LONGITUDE: ddd:mm:ss +010:37:48
ELEVATION: m   25

DATA IS FOR INDEX Mean of daily mean temperature (TG) with unit 0.01 Temperature (&#176;C)

01-06 SOUID: Source identifier
08-11 YEAR : YYYY
13-20 ANNUAL DATA VALUES
21-28 WINTER HALF YEAR DATA VALUES
29-36 SUMMER HALF YEAR DATA VALUES
37-44 WINTER (DJF) DATA VALUES
45-52 SPRING (MAM) DATA VALUES
53-60 SUMMER (JJA) DATA VALUES
61-68 AUTUMN (SON) DATA VALUES
69-76 JANUARY DATA VALUES
etc. 
157-164 DECEMBER DATA VALUES

673    1959 -999999 -999999 1352    -999999 735     1650    935     -35     88      396     693     1127    1423    1793    1726    1323    923     571     299     
673    1960 768     -999999 1268    17      627     1545    884     -76     -164    200     541     1142    1516    1513    1603    1282    833     539     253     
673    1961 857     -999999 1289    206     802     1500    995     8       367     602     747     1056    1540    1488    1474    1424    1158    397     -26     
673    1962 686     298     1129    98      472     1352    832     189     134     -78     641     865     1283    1387    1383    1195    909     391     -72     
673    1963 658     30      1246    -374    538     1518    948     -581    -486    -36     534     1116    1476    1540    1536    1263    904     678     -125    
673    1964 720     231     1234    -44     598     1442    798     6       -12     -69     711     1156    1387    1472    1465    1198    723     475     105     
673    1965 676     220     1176    18      514     1397    798     90      -156    55      598     893     1394    1372    1425    1368    891     133     -11     
673    1966 709     141     1205    -166    570     1520    838     -225    -272    291     317     1093    1543    1570    1447    1242    906     363     156     
673    1967 826     357     1248    114     688     1522    997     -13     209     507     502     1049    1340    1622    1597    1358    1054    578     69      
673    1968 754     318     -999999 -45     654     1538    923     -132    -76     398     678     887     1520    1475    1624    1365    890     514     -62     
673    1969 727     167     1310    -110    476     1638    932     18      -304    -85     528     988     1475    1722    1713    1418    987     390     -193    
673    1970 687     87      1222    -298    478     1571    850     -289    -425    14      310     1103    1627    1521    1567    1187    902     458     193     
673    1971 793     319     -999999 156     567     1498    847     38      245     73      557     1068    1280    1630    1582    1200    938     399     466     
673    1972 742     331     -999999 123     629     1515    749     -123    18      271     593     1023    1322    1714    1523    1012    725     512     374     
673    1973 -999999 -999999 -999999 -999999 631     1566    711     -999999 248     492     451     1021    1441    1744    1514    1323    597     257     86      
673    1974 -999999 303     -999999 209     665     1453    803     280     270     322     710     966     1369    1468    1518    1311    591     501     398     
673    1975 847     -999999 1304    307     576     1633    890     420     81      204     486     1051    1354    1696    1847    1378    854     440     322     
673    1976 -999999 233     -999999 74      462     1624    841     -85     -20     -120    518     1009    1463    1752    1651    1174    895     452     -48     
673    1977 758     -999999 1186    -75     608     1501    862     -107    -67     318     470     1032    1502    1554    1447    1094    981     496     270     
673    1978 742     -999999 1185    47      579     1478    948     99      -243    229     441     1060    1485    1426    1523    1133    973     738     -35     
673    1979 -999999 168     -999999 -277    550     1463    830     -394    -416    106     517     1024    1495    1437    1457    1255    792     458     177     
673    1980 -999999 -999999 -999999 -75     546     1570    -999999 -230    -178    46      550     1011    1537    1616    1553    1322    768     342     217     
673    1981 710     -999999 1264    34      659     1505    854     -105    3       251     490     1231    1407    1573    1535    1345    774     463     -462    
673    1982 -999999 -999999 -999999 -339    -999999 1566    983     -412    -114    404     642     1062    1380    1660    1656    1331    1000    616     212     
673    1983 -999999 -999999 -999999 183     691     1614    859     446     -120    382     664     1036    1384    1746    1695    1286    955     357     162     
673    1984 -999999 -999999 -999999 83      572     1533    911     81      1       53      597     1054    1365    1580    1642    1103    1050    572     239     
673    1985 -999999 -999999 -999999 -270    571     1486    777     -541    -535    106     483     1103    1313    1596    1541    1187    981     156     174     
673    1986 -999999 -999999 -999999 -186    555     -999999 890     -191    -567    119     391     1156    1460    1612    1460    1057    948     671     223     
673    1987 677     -999999 1163    -82     464     1379    900     -491    20      -230    688     940     1192    1504    1436    1203    931     555     297     
673    1988 831     -999999 1284    302     616     1571    791     368     240     160     540     1147    1585    1605    1523    1292    809     287     360     
673    1989 -999999 502     -999999 446     761     1520    882     496     488     564     599     1115    1387    1644    1520    1280    954     398     172     
673    1990 -999999 -999999 -999999 372     802     1523    798     408     546     597     677     1131    1414    1544    1607    1088    893     403     237     
673    1991 -999999 -999999 -999999 133     676     1532    910     223     -81     478     628     934     1186    1704    1688    1359    849     518     284     
673    1992 886     -999999 1366    288     729     1696    812     221     365     403     574     1206    1706    1773    1612    1319    640     500     338     
673    1993 -999999 -999999 -999999 263     802     1439    674     262     179     325     768     1312    1394    1486    1435    1108    709     219     201     
673    1994 -999999 -999999 1314    122     675     1638    893     256     -121    328     672     1014    1340    1875    1690    1251    769     661     514     
673    1995 792     -999999 1301    282     627     1632    897     -4      376     295     618     966     1360    1725    1803    1317    1080    289     -343    
673    1996 649     77      1187    -296    480     1526    807     -220    -326    -38     615     867     1354    1464    1754    1051    927     439     -137    
673    1997 792     277     1295    -20     585     1686    788     -146    251     328     518     908     1449    1678    1923    1273    704     391     196     
673    1998 773     376     1198    284     673     1400    763     177     499     304     584     1128    1330    1425    1443    1268    841     178     81      
673    1999 859     289     1341    117     709     1546    1024    202     62      346     759     1025    1334    1682    1615    1620    931     526     152     
673    2000 908     425     1304    243     807     1486    1026    257     326     358     812     1252    1404    1524    1527    1292    1090    693     336     
673    2001 787     395     1260    177     565     1556    950     153     29      44      560     1092    1258    1725    1674    1229    1192    402     -44     
673    2002 -999999 -999999 1414    181     783     1710    788     222     369     379     658     1307    1537    1665    1917    1380    624     364     -20     
673    2003 -999999 -999999 1337    -999999 672     1651    815     -999999 -999999 305     603     1104    1494    1752    1702    1347    532     577     305     
673    2004 794     287     1270    106     723     1480    863     -132    146     295     742     1133    1293    1441    1701    1293    855     412     304     
673    2005 822     -999999 1271    220     615     1507    965     311     28      101     691     1055    1358    1672    1484    1350    970     573     202     
673    2006 880     254     1376    27      518     1665    1149    -133    5       -122    589     1088    1465    1881    1643    1577    1114    755     614     
673    2007 877     606     1315    404     837     1561    802     404     172     559     843     1111    1519    1529    1633    1247    740     420     299     
673    2008 881     423     1289    360     685     1540    955     347     437     295     640     1118    1420    1470    1724    1351    968     546     258     
673    2009 907     400     1427    145     851     1662    995     79      93      431     972     1154    1411    1785    1783    1440    807     745     105     
673    2010 720     249     1351    -140    688     1689    819     -290    -237    330     728     1007    1433    1959    1667    1294    865     296     -470    
673    2011 -999999 183     -999999 -154    -999999 -999999 -999999 19      5       368     1033    -999999 -999999 -999999 -999999 -999999 -999999 -999999 -999999 
