EUROPEAN CLIMATE ASSESSMENT & DATASET (ECA&D), file created on: 10-05-2011
THESE DATA CAN BE USED FREELY PROVIDED THAT THE FOLLOWING SOURCE IS ACKNOWLEDGED: 

Klein Tank, A.M.G. and Coauthors, 2002. Daily dataset of 20th-century surface
air temperature and precipitation series for the European Climate Assessment.
Int. J. of Climatol., 22, 1441-1453.
Data and metadata available at http://eca.knmi.nl

FILE FORMAT (MISSING VALUE CODE = -999999):

THIS FILE HOLDS DATA FOR STATION FRANCE                                   BRON LYON AEROPORT                       (STAID:     37)
LATITUDE: dd:mm:ss +45:43:23
LONGITUDE: ddd:mm:ss +004:56:12
ELEVATION: m  198

DATA IS FOR INDEX Mean of daily mean temperature (TG) with unit 0.01 Temperature (&#176;C)

01-06 SOUID: Source identifier
08-11 YEAR : YYYY
13-20 ANNUAL DATA VALUES
21-28 WINTER HALF YEAR DATA VALUES
29-36 SUMMER HALF YEAR DATA VALUES
37-44 WINTER (DJF) DATA VALUES
45-52 SPRING (MAM) DATA VALUES
53-60 SUMMER (JJA) DATA VALUES
61-68 AUTUMN (SON) DATA VALUES
69-76 JANUARY DATA VALUES
etc. 
157-164 DECEMBER DATA VALUES

37     1920 -999999 -999999 -999999 -999999 -999999 -999999 1133    -999999 -999999 -999999 -999999 -999999 -999999 -999999 -999999 1590    1285    518     221     
37     1921 1168    587     1746    335     1049    2054    1206    501     277     687     915     1541    1872    2321    1962    1843    1471    296     246     
37     1922 1024    535     1566    235     1068    1835    902     113     357     702     868     1627    1840    1822    1842    1378    931     395     363     
37     1923 1147    542     1648    366     1076    1952    1185    138     623     804     1080    1343    1445    2261    2135    1598    1380    571     337     
37     1924 1111    588     1640    263     1147    1845    1179    314     130     765     1104    1572    1802    2060    1671    1621    1187    730     335     
37     1925 1083    604     1600    430     938     1922    1013    430     536     403     1003    1409    1863    1968    1933    1407    1211    414     380     
37     1926 1167    659     1623    509     1040    1852    1362    287     897     778     1120    1225    1587    1958    2004    1836    1307    945     63      
37     1927 1144    647     1666    266     1164    1883    1179    318     433     808     1106    1576    1822    1967    1857    1653    1135    752     259     
37     1928 1203    665     1730    416     1045    2134    1211    425     574     841     992     1301    1829    2378    2186    1673    1178    782     249     
37     1929 1099    440     1680    -16     996     1947    1324    -83     -235    696     842     1445    1823    2058    1955    1945    1244    786     615     
37     1930 1178    739     1643    523     1072    1922    1279    599     337     814     1073    1329    1979    1838    1952    1681    1243    916     322     
37     1931 1061    610     1591    275     1089    1892    1066    287     209     655     1000    1609    1959    1913    1805    1239    1063    897     46      
37     1932 1099    474     1664    91      966     1929    1272    276     -57     602     914     1380    1711    1863    2207    1896    1148    776     432     
37     1933 1102    613     1705    290     1117    1967    1229    63      384     861     1091    1396    1607    2051    2230    1834    1266    586     -194    
37     1934 1177    460     1757    61      1132    1993    1183    264     118     690     1185    1523    1878    2240    1858    1845    1230    472     741     
37     1935 1137    607     1705    417     990     2062    1187    44      473     666     996     1307    1992    2191    2001    1731    1058    775     379     
37     1936 1142    726     1626    556     1092    1863    1059    746     543     846     927     1497    1760    1902    1922    1735    820     632     355     
37     1937 1192    620     1719    548     1075    2001    1164    610     694     620     1042    1561    1857    2095    2046    1694    1237    558     257     
37     1938 1087    604     1554    292     998     1865    1255    331     288     922     809     1256    1822    1892    1879    1650    1123    995     24      
37     1939 1077    577     1569    287     918     1863    1200    523     317     467     1120    1174    1796    1885    1906    1522    1145    935     99      
37     1940 1024    511     1631    75      1099    1852    1172    -359    513     748     1063    1485    1817    1895    1842    1673    1087    758     -231    
37     1941 1042    466     1569    37      954     1929    1101    -93     479     804     921     1135    1832    2127    1826    1560    1019    726     139     
37     1942 1136    426     1769    -66     1209    2014    1273    -210    -132    974     1175    1478    1892    2076    2070    1910    1432    471     398     
37     1943 1283    727     1829    481     1306    2073    1278    540     508     982     1287    1647    1834    2175    2203    1810    1437    581     331     
37     1944 -999999 571     -999999 285     1112    2067    1138    383     129     535     1282    1524    1821    2050    2372    1671    1082    717     311     
37     1945 1260    558     1919    199     1373    2166    1229    -335    665     925     1400    1796    2092    2358    2045    1807    1274    603     458     
37     1946 1165    657     1744    401     1223    1958    1173    94      678     833     1303    1534    1774    2101    1992    1744    1112    667     126     
37     1947 1276    529     1924    157     1289    2215    1360    94      261     895     1339    1635    2015    2318    2305    1918    1298    865     301     
37     1948 1159    735     1636    396     1259    1835    1092    509     376     1042    1156    1576    1745    1811    1946    1570    1131    575     430     
37     1949 1239    556     1849    350     1072    2090    1408    294     321     564     1362    1299    1805    2264    2193    2165    1458    599     490     
37     1950 1220    703     1817    442     1135    2215    1221    207     650     804     949     1645    2102    2350    2190    1642    1212    810     48      
37     1951 1177    615     1673    329     1045    1925    1289    418     543     661     1107    1368    1815    2028    1928    1784    1153    936     354     
37     1952 1189    614     1809    202     1265    2185    1092    109     137     977     1250    1569    2024    2361    2166    1464    1192    616     349     
37     1953 1181    523     1761    151     1231    1959    1255    -114    225     844     1184    1663    1750    2053    2066    1835    1338    589     672     
37     1954 1135    625     1629    310     1067    1904    1279    95      149     859     958     1381    1894    1907    1911    1715    1247    878     558     
37     1955 1173    711     1704    511     1058    1990    1096    504     466     596     1122    1458    1847    2082    2036    1665    1014    612     628     
37     1956 1003    469     1600    147     1072    1775    1065    427     -667    729     938     1545    1600    1933    1786    1782    1027    387     466     
37     1957 1137    630     1612    431     1116    1914    1136    77      784     1047    1065    1235    1804    2015    1918    1624    1179    604     280     
37     1958 1170    612     1715    437     1033    1963    1172    387     665     558     868     1666    1748    2040    2093    1857    1095    566     456     
37     1959 1238    650     1764    402     1195    2049    1246    361     387     1004    1125    1453    1847    2258    2034    1850    1245    644     577     
37     1960 1150    695     1636    453     1193    1879    1174    203     587     906     1031    1636    1944    1823    1873    1496    1197    828     259     
37     1961 1238    703     1757    451     1166    1918    1342    343     783     817     1343    1342    1871    1967    1913    2106    1320    602     435     
37     1962 1047    604     1625    397     929     1927    1084    500     241     489     1002    1298    1688    1982    2105    1662    1123    466     -45     
37     1963 997     313     1608    -166    1064    1864    1243    -347    -100    744     1120    1330    1749    2049    1790    1597    1159    976     -161    
37     1964 1130    512     1764    104     1103    2022    1147    -62     566     614     1135    1562    1904    2215    1945    1807    993     646     235     
37     1965 1097    518     1560    236     1025    1841    1173    371     89      736     951     1385    1819    1856    1847    1485    1299    730     520     
37     1966 1170    696     1678    507     1093    1858    1245    172     862     613     1204    1466    1842    1850    1882    1819    1466    443     407     
37     1967 1158    667     1650    402     1079    1962    1286    265     549     854     957     1423    1688    2195    1994    1624    1504    722     81      
37     1968 1094    616     1578    233     1060    1828    1193    93      547     746     1136    1302    1726    1992    1762    1538    1411    623     241     
37     1969 1107    618     1647    293     1096    1874    1266    429     200     765     1020    1502    1591    2085    1938    1727    1306    764     -107    
37     1970 1121    548     1670    245     911     1995    1245    416     444     459     871     1403    1953    1974    2055    1750    1108    880     109     
37     1971 1087    463     1729    158     1020    1993    1108    34      350     300     1227    1539    1682    2165    2121    1622    1245    452     251     
37     1972 1105    637     1536    413     1062    1846    1081    350     654     867     963     1352    1631    1961    1938    1348    1117    777     286     
37     1973 1104    535     1702    231     984     2016    1168    140     273     599     794     1553    1865    2010    2168    1800    1063    646     283     
37     1974 1181    686     1638    500     1103    1928    1051    642     582     891     1031    1385    1732    1966    2081    1615    775     774     660     
37     1975 1154    658     1695    594     1002    1991    1188    610     503     618     1017    1370    1713    2089    2160    1805    1054    710     151     
37     1976 1180    557     1761    308     1087    2124    1151    295     488     643     1008    1607    2142    2261    1970    1558    1248    645     265     
37     1977 1152    712     1528    476     1077    1801    1187    456     732     928     940     1358    1662    1927    1809    1458    1415    681     425     
37     1978 1098    669     1570    375     993     1866    1081    255     451     766     864     1346    1742    1993    1858    1601    1123    519     607     
37     1979 1151    613     1647    385     1076    1939    1229    18      547     857     924     1441    1893    2074    1849    1683    1396    602     483     
37     1980 1087    688     1601    478     969     1869    1152    246     721     682     912     1313    1687    1855    2057    1768    1137    551     108     
37     1981 1150    525     1674    118     1220    1894    1218    100     147     1071    1171    1416    1766    1909    2002    1772    1266    614     497     
37     1982 1263    699     1785    536     1069    2098    1330    549     563     687     1035    1485    2018    2286    1986    1889    1220    884     511     
37     1983 1242    679     1844    390     1056    2278    1254    399     246     778     1068    1323    1978    2606    2239    1827    1241    695     430     
37     1984 1158    629     1627    401     951     1966    1303    422     349     624     1012    1220    1749    2139    2003    1620    1276    1015    435     
37     1985 1107    581     1718    188     1047    1962    1180    -259    409     606     1146    1391    1729    2162    1986    1881    1269    388     527     
37     1986 1116    514     1658    261     980     1974    1288    292     -66     616     765     1553    1825    2061    2031    1688    1382    791     361     
37     1987 1127    548     1697    176     976     1938    1375    -208    396     556     1151    1227    1659    2110    2036    1988    1411    726     435     
37     1988 1249    754     1759    550     1175    2007    1226    721     490     726     1203    1596    1828    2053    2135    1719    1401    553     521     
37     1989 1271    747     1791    492     1232    2101    1256    396     565     1021    986     1682    1849    2267    2178    1758    1388    616     478     
37     1990 1243    761     1755    550     1189    2057    1281    239     973     888     935     1735    1790    2183    2189    1668    1455    713     123     
37     1991 1215    667     1792    250     1116    2157    1290    348     282     1042    994     1309    1813    2296    2350    1969    1164    742     207     
37     1992 1203    578     1772    239     1200    2060    1184    82      441     827     1119    1651    1752    2132    2286    1669    1006    882     557     
37     1993 1168    648     1732    415     1175    2008    1035    485     180     740     1201    1585    1941    1993    2089    1568    1095    440     616     
37     1994 1326    716     1802    549     1206    2212    1330    392     648     1091    958     1561    1915    2413    2298    1639    1341    1010    590     
37     1995 1255    808     1740    600     1095    2105    1282    426     804     683     1111    1493    1764    2388    2151    1503    1607    723     361     
37     1996 1166    711     1671    417     1089    1988    1148    565     318     668     1136    1464    1968    2000    1994    1449    1271    721     406     
37     1997 1314    721     1851    411     1308    2120    1349    134     724     1073    1167    1678    1868    2059    2425    1886    1295    866     553     
37     1998 1258    782     1830    549     1226    2133    1166    510     587     865     1097    1711    1961    2246    2185    1758    1276    462     375     
37     1999 1305    664     1897    428     1303    2125    1312    541     362     933     1146    1826    1860    2278    2228    2019    1342    572     478     
37     2000 1347    715     1876    488     1301    2126    1365    302     699     889     1230    1782    2073    2011    2291    1856    1319    920     773     
37     2001 1281    907     1770    677     1304    2108    1240    619     634     1152    1019    1733    1877    2207    2232    1525    1681    499     130     
37     2002 1320    750     1757    427     1235    2064    1344    363     828     998     1222    1484    2123    2065    2005    1635    1362    1035    693     
37     2003 1388    787     2082    422     1358    2535    1290    235     329     1032    1293    1746    2564    2378    2663    1831    1129    915     471     
37     2004 1265    687     1817    438     1135    2135    1371    381     465     753     1149    1502    2039    2177    2187    1837    1574    697     388     
37     2005 1289    684     1904    323     1248    2200    1423    350     221     827     1207    1707    2208    2346    2045    1900    1661    700     221     
37     2006 1371    666     1966    258     1243    2265    1604    230     330     824     1216    1687    2185    2645    1961    2090    1687    1032    493     
37     2007 1324    942     1876    670     1416    2075    1186    672     864     898     1605    1750    2060    2127    2036    1667    1244    646     294     
37     2008 1287    717     1811    537     1262    2083    1232    617     710     791     1168    1825    2012    2159    2074    1607    1281    807     375     
37     2009 1369    660     1998    339     1382    2267    1412    202     451     832     1413    1903    2057    2331    2406    1857    1303    1080    531     
37     2010 1244    720     1847    376     1203    2183    1274    139     467     788     1343    1483    1992    2405    2146    1694    1266    861     300     
37     2011 -999999 732     -999999 427     -999999 -999999 -999999 402     595     957     1549    -999999 -999999 -999999 -999999 -999999 -999999 -999999 -999999 
