EUROPEAN CLIMATE ASSESSMENT & DATASET (ECA&D), file created on: 10-05-2011
THESE DATA CAN BE USED FREELY PROVIDED THAT THE FOLLOWING SOURCE IS ACKNOWLEDGED: 

Klein Tank, A.M.G. and Coauthors, 2002. Daily dataset of 20th-century surface
air temperature and precipitation series for the European Climate Assessment.
Int. J. of Climatol., 22, 1441-1453.
Data and metadata available at http://eca.knmi.nl

FILE FORMAT (MISSING VALUE CODE = -999999):

THIS FILE HOLDS DATA FOR STATION CZECH REPUBLIC                           CHEB                                     (STAID:    667)
LATITUDE: dd:mm:ss +50:04:06
LONGITUDE: ddd:mm:ss +012:23:27
ELEVATION: m  483

DATA IS FOR INDEX Mean of daily mean temperature (TG) with unit 0.01 Temperature (&#176;C)

01-06 SOUID: Source identifier
08-11 YEAR : YYYY
13-20 ANNUAL DATA VALUES
21-28 WINTER HALF YEAR DATA VALUES
29-36 SUMMER HALF YEAR DATA VALUES
37-44 WINTER (DJF) DATA VALUES
45-52 SPRING (MAM) DATA VALUES
53-60 SUMMER (JJA) DATA VALUES
61-68 AUTUMN (SON) DATA VALUES
69-76 JANUARY DATA VALUES
etc. 
157-164 DECEMBER DATA VALUES

667    1961 772     -999999 1323    -999999 825     1484    888     -294    225     520     1040    923     1522    1427    1503    1527    898     239     -282    
667    1962 596     89      1194    -169    507     1448    691     -60     -163    -114    758     884     1334    1448    1559    1168    755     147     -606    
667    1963 623     -189    1346    -733    694     1595    878     -891    -700    125     790     1170    1532    1716    1535    1318    706     614     -511    
667    1964 700     -11     1403    -439    664     1690    758     -587    -204    -79     795     1280    1753    1802    1518    1258    644     376     -168    
667    1965 652     83      1212    -186    556     1480    629     -37     -371    21      598     1049    1508    1491    1441    1172    706     8       164     
667    1966 778     164     1340    12      786     1550    793     -472    380     212     917     1234    1665    1522    1467    1231    1065    72      29      
667    1967 785     253     1318    -20     732     1608    861     -161    83      405     589     1197    1418    1837    1562    1284    1035    258     -140    
667    1968 704     186     1291    -170    710     1566    768     -305    -60     315     768     1050    1562    1597    1540    1218    892     189     -343    
667    1969 680     43      1337    -295    660     1593    857     -205    -342    36      630     1313    1434    1808    1531    1285    885     401     -677    
667    1970 670     -6      1259    -451    497     1606    815     -432    -220    -1      475     1017    1660    1579    1579    1229    780     438     -112    
667    1971 734     109     1344    -188    697     1615    679     -396    -43     -18     804     1308    1313    1785    1738    1091    718     227     220     
667    1972 682     214     1240    -46     720     1572    592     -365    11      458     639     1059    1464    1733    1516    1009    521     250     -132    
667    1973 711     116     1317    -125    647     1621    717     -183    -53     281     427     1226    1550    1627    1683    1368    615     171     -239    
667    1974 780     235     1249    15      765     1498    636     122     176     556     705     1031    1336    1464    1691    1254    414     249     321     
667    1975 789     246     1370    175     703     1635    746     210     -25     284     618     1203    1412    1731    1755    1481    646     114     -22     
667    1976 749     107     1365    -43     627     1703    792     -17     -94     1       617     1263    1713    1901    1494    1182    839     354     -297    
667    1977 769     242     1241    -107    727     1571    779     -150    151     549     485     1138    1545    1606    1562    1093    870     370     -41     
667    1978 679     199     1198    -147    693     1439    711     -101    -317    366     638     1074    1385    1506    1424    1148    773     210     -33     
667    1979 698     76      1287    -285    698     1571    683     -605    -210    299     558     1232    1710    1482    1525    1203    649     199     276     
667    1980 648     176     1201    -20     573     1485    684     -438    109     255     479     980     1437    1419    1597    1278    658     117     -123    
667    1981 717     110     1316    -249    837     1550    795     -429    -188    596     687     1222    1533    1555    1562    1321    746     321     -380    
667    1982 785     60      1391    -363    705     1695    916     -493    -200    349     545     1217    1590    1832    1660    1488    858     403     104     
667    1983 795     273     1423    9       753     1770    729     225     -335    325     801     1134    1601    2016    1688    1281    797     105     -186    
667    1984 685     90      1205    -164    569     1492    787     -93     -216    116     578     1015    1331    1530    1608    1147    906     304     -39     
667    1985 657     37      1317    -404    729     1532    672     -680    -503    192     674     1320    1286    1699    1603    1295    752     -33     187     
667    1986 712     57      1327    -212    776     1595    733     -123    -753    229     657     1438    1525    1644    1614    1060    789     348     -4      
667    1987 644     -9      1287    -312    501     1503    850     -725    -197    -272    854     932     1360    1672    1472    1428    798     326     45      
667    1988 799     237     1369    62      755     1594    741     108     33      102     778     1385    1460    1692    1627    1253    873     93      145     
667    1989 835     315     1380    105     875     1613    774     11      164     585     701     1334    1477    1735    1621    1390    889     38      20      
667    1990 827     309     1337    108     859     1644    736     -37     365     577     633     1359    1511    1618    1800    1076    812     317     -139    
667    1991 733     194     1305    -165    667     1652    762     37      -417    501     617     882     1347    1893    1706    1363    682     243     -145    
667    1992 832     206     1449    -15     816     1781    721     -23     132     342     691     1410    1661    1779    1900    1229    571     369     -101    
667    1993 757     127     1387    -142    892     1568    593     35      -383    227     973     1480    1530    1579    1595    1152    674     -50     179     
667    1994 887     240     1433    79      819     1808    819     150     -110    554     701     1198    1599    2073    1746    1260    632     571     193     
667    1995 781     285     1376    97      743     1686    745     -189    308     207     824     1201    1358    1977    1713    1155    1014    56      -283    
667    1996 615     -10     1254    -375    616     1549    721     -455    -389    -28     756     1125    1544    1510    1592    981     834     344     -466    
667    1997 767     160     1343    -247    760     1661    698     -448    218     487     512     1272    1530    1617    1833    1270    586     243     52      
667    1998 812     252     1393    101     862     1633    687     2       263     365     869     1353    1665    1602    1632    1223    784     50      -103    
667    1999 831     175     1443    -86     860     1639    836     -6      -154    440     799     1339    1459    1842    1611    1592    758     162     58      
667    2000 903     255     1457    63      954     1655    921     -113    256     408     1012    1443    1728    1495    1746    1309    991     461     85      
667    2001 784     296     1291    3       734     1556    893     -123    50      294     533     1367    1303    1634    1723    1158    1232    279     -112    
667    2002 860     352     1425    46      831     1764    789     -113    395     435     717     1338    1726    1781    1784    1185    751     431     -137    
667    2003 815     139     1515    -261    834     1890    727     -217    -446    403     682     1413    1910    1779    1981    1301    463     426     -5      
667    2004 778     169     1348    -50     723     1646    825     -271    138     269     807     1095    1543    1670    1721    1237    881     356     -121    
667    2005 799     177     1406    -134    771     1643    874     25      -324    200     850     1265    1619    1759    1552    1382    947     291     -58     
667    2006 834     97      1453    -246    685     1709    1057    -438    -240    56      735     1264    1647    2040    1437    1582    1043    548     265     
667    2007 895     509     1455    308     1012    1698    655     343     319     522     1115    1404    1723    1704    1667    1106    715     144     -55     
667    2008 856     257     1400    129     788     1728    749     169     283     282     705     1373    1737    1766    1680    1115    762     370     9       
667    2009 822     151     1488    -183    935     1668    885     -466    -83     299     1184    1329    1456    1705    1835    1403    702     555     -102    
667    2010 685     130     1369    -255    707     1747    682     -465    -193    267     807     1050    1629    2013    1597    1101    593     354     -583    
667    2011 -999999 91      -999999 -293    -999999 -999999 -999999 -110    -175    447     1077    -999999 -999999 -999999 -999999 -999999 -999999 -999999 -999999 
