EUROPEAN CLIMATE ASSESSMENT & DATASET (ECA&D), file created on: 10-05-2011
THESE DATA CAN BE USED FREELY PROVIDED THAT THE FOLLOWING SOURCE IS ACKNOWLEDGED: 

Klein Tank, A.M.G. and Coauthors, 2002. Daily dataset of 20th-century surface
air temperature and precipitation series for the European Climate Assessment.
Int. J. of Climatol., 22, 1441-1453.
Data and metadata available at http://eca.knmi.nl

FILE FORMAT (MISSING VALUE CODE = -999999):

THIS FILE HOLDS DATA FOR STATION UNITED KINGDOM                           GLENLEE                                  (STAID:   1801)
LATITUDE: dd:mm:ss +55:05:56
LONGITUDE: ddd:mm:ss -004:11:09
ELEVATION: m   55

DATA IS FOR INDEX Mean of daily mean temperature (TG) with unit 0.01 Temperature (&#176;C)

01-06 SOUID: Source identifier
08-11 YEAR : YYYY
13-20 ANNUAL DATA VALUES
21-28 WINTER HALF YEAR DATA VALUES
29-36 SUMMER HALF YEAR DATA VALUES
37-44 WINTER (DJF) DATA VALUES
45-52 SPRING (MAM) DATA VALUES
53-60 SUMMER (JJA) DATA VALUES
61-68 AUTUMN (SON) DATA VALUES
69-76 JANUARY DATA VALUES
etc. 
157-164 DECEMBER DATA VALUES

1801   1960 -999999 -999999 1235    -999999 840     1426    849     241     137     500     863     1126    1474    1416    1390    1141    891     476     172     
1801   1961 -999999 -999999 -999999 -999999 851     1294    919     221     588     749     832     966     1246    1305    1328    1291    945     505     -60     
1801   1962 -999999 -999999 1098    -999999 602     1280    824     309     452     165     697     948     1198    1335    1305    1105    921     421     184     
1801   1963 -999999 -999999 1137    -999999 710     1329    872     -131    -214    446     756     933     1355    1328    1305    1128    931     548     264     
1801   1964 -999999 -999999 -999999 319     763     1332    848     359     334     363     797     1130    1238    1414    1342    1176    759     590     239     
1801   1965 -999999 -999999 -999999 -999999 656     1280    -999999 154     272     323     656     1000    1306    1216    1315    1106    843     241     286     
1801   1966 -999999 -999999 -999999 -999999 689     1351    825     144     290     587     562     914     1400    1390    1261    1258    780     409     385     
1801   1967 -999999 -999999 -999999 -999999 710     1358    863     389     403     573     683     876     1292    1379    1402    1218    883     473     323     
1801   1968 -999999 -999999 -999999 -999999 694     1364    939     349     91      504     715     858     1350    1350    1391    1189    1131    507     199     
1801   1969 -999999 -999999 -999999 -999999 593     1407    -999999 377     -999999 189     611     978     1271    1443    1505    1221    1197    258     196     
1801   1970 -999999 -999999 1204    -999999 709     1413    -999999 227     155     330     581     1186    1472    1310    1460    1214    917     579     346     
1801   1971 -999999 -999999 -999999 -999999 718     1336    -999999 321     445     477     693     982     1121    1482    1392    1259    957     482     604     
1801   1972 -999999 -999999 1105    -999999 754     1284    795     -999999 348     525     747     988     1059    1452    1333    1034    911     404     491     
1801   1973 -999999 -999999 -999999 -999999 690     1387    807     311     -999999 496     608     981     1322    1448    1386    1197    792     376     296     
1801   1974 -999999 -999999 -999999 -999999 728     1288    723     498     426     451     743     982     1220    1322    1320    1009    655     491     641     
1801   1975 -999999 -999999 -999999 -999999 635     1500    815     522     338     366     739     805     1319    1525    1655    1081    879     483     490     
1801   1976 -999999 -999999 -999999 -999999 727     1503    -999999 490     420     392     774     1018    1400    1609    1487    1171    842     464     8       
1801   1977 -999999 -999999 -999999 -999999 704     1378    -999999 83      332     526     647     924     1220    1536    1366    1121    1038    457     445     
1801   1978 -999999 -999999 -999999 265     748     1332    -999999 216     140     538     575     1118    1251    1357    1387    1262    1134    713     -999999 
1801   1979 -999999 -999999 -999999 -999999 606     1317    -999999 -220    15      367     657     789     1286    1380    1282    1127    946     531     380     
1801   1980 -999999 -999999 -999999 -999999 722     1294    -999999 105     393     339     798     1008    1214    1305    1363    1269    709     538     468     
1801   1981 -999999 -999999 -999999 -999999 760     1364    -999999 391     174     580     647     1050    1230    1395    1457    1219    564     645     -999999 
1801   1982 -999999 -999999 -999999 -999999 759     1432    882     147     439     495     800     977     1363    1526    1412    1144    888     593     318     
1801   1983 -999999 -999999 -999999 -999999 -999999 1506    -999999 556     150     555     556     886     1272    1694    1544    1106    870     559     485     
1801   1984 -999999 -999999 -999999 -999999 692     1460    -999999 182     313     403     733     938     1340    1519    1514    1132    923     -999999 420     
1801   1985 -999999 -999999 -999999 -999999 710     1262    775     -24     163     374     758     999     1131    1386    1278    1237    897     171     400     
1801   1986 -999999 -999999 -999999 -999999 626     1272    847     200     -25     409     509     961     1310    1345    1171    952     916     663     430     
1801   1987 -999999 -999999 -999999 -999999 708     1330    793     6       221     324     839     935     1128    1491    1365    1129    694     536     390     
1801   1988 -999999 -999999 -999999 -999999 735     1350    -999999 366     408     487     690     1005    1372    1362    1319    1102    860     412     733     
1801   1989 -999999 -999999 -999999 -999999 -999999 1430    884     595     490     497     502     1077    1271    1629    1391    1158    1005    451     133     
1801   1990 -999999 -999999 -999999 -999999 852     1409    -999999 517     -999999 702     706     1133    1247    1472    1501    1100    964     489     344     
1801   1991 -999999 -999999 -999999 -999999 814     1389    838     219     159     656     706     1079    1095    1565    1508    1176    843     482     400     
1801   1992 -999999 -999999 -999999 -999999 860     1402    733     285     458     631     743     1217    1503    1398    1314    1126    548     539     298     
1801   1993 -999999 -999999 -999999 -999999 800     1327    675     483     -999999 550     860     1006    1340    1314    1327    1140    656     213     263     
1801   1994 -999999 -999999 1135    -999999 726     1365    -999999 361     196     535     645     962     1251    1475    1367    1079    869     783     -999999 
1801   1995 -999999 -999999 -999999 -999999 732     1563    -999999 265     426     371     758     1048    1381    1644    1655    1158    1093    648     -22     
1801   1996 -999999 -999999 -999999 -999999 617     1404    -999999 373     154     344     696     808     1279    1441    1489    1171    981     355     194     
1801   1997 -999999 -999999 -999999 -999999 838     1481    -999999 203     524     703     785     1024    1266    1513    1635    1173    876     -999999 468     
1801   1998 -999999 -999999 -999999 -999999 848     1344    -999999 277     710     678     634     1207    1196    1402    1414    1291    818     477     416     
1801   1999 -999999 -999999 -999999 -999999 880     1389    955     384     425     613     877     1158    1237    1558    1378    1331    887     635     281     
1801   2000 -999999 -999999 -999999 -999999 824     1375    901     437     507     693     670     1089    1266    1425    1422    1326    833     545     361     
1801   2001 -999999 -999999 1189    -999999 700     1383    -999999 91      247     334     605     1173    1235    1526    1383    1194    1163    655     181     
1801   2002 -999999 -999999 -999999 -999999 839     1418    862     436     494     638     784     1093    1320    1406    1533    1237    698     652     328     
1801   2003 -999999 -999999 -999999 -999999 830     1522    874     272     227     598     854     1038    1407    1602    1556    1247    713     653     343     
1801   2004 -999999 -999999 1286    -999999 845     1473    -999999 438     369     528     848     1157    1378    1430    1612    1290    850     598     476     
1801   2005 905     -999999 1229    470     790     1448    951     500     429     652     760     957     1384    1548    1409    1309    1066    474     337     
1801   2006 924     492     1281    350     700     1503    1065    324     393     347     705     1048    1387    1699    1419    1417    1082    696     535     
1801   2007 927     664     1230    537     878     1391    947     589     479     587     976     1073    1393    1415    1365    1153    969     719     383     
1801   2008 881     594     1242    451     836     1429    852     506     464     516     714     1273    1278    1540    1466    1165    799     593     241     
1801   2009 -999999 478     -999999 298     846     -999999 -999999 291     368     568     873     1096    1450    -999999 -999999 -999999 -999999 -999999 -999999 
