EUROPEAN CLIMATE ASSESSMENT & DATASET (ECA&D), file created on: 10-05-2011
THESE DATA CAN BE USED FREELY PROVIDED THAT THE FOLLOWING SOURCE IS ACKNOWLEDGED: 

Klein Tank, A.M.G. and Coauthors, 2002. Daily dataset of 20th-century surface
air temperature and precipitation series for the European Climate Assessment.
Int. J. of Climatol., 22, 1441-1453.
Data and metadata available at http://eca.knmi.nl

FILE FORMAT (MISSING VALUE CODE = -999999):

THIS FILE HOLDS DATA FOR STATION FRANCE                                   LUXEUIL                                  (STAID:   2191)
LATITUDE: dd:mm:ss +47:48:00
LONGITUDE: ddd:mm:ss +006:22:48
ELEVATION: m  273

DATA IS FOR INDEX Mean of daily mean temperature (TG) with unit 0.01 Temperature (&#176;C)

01-06 SOUID: Source identifier
08-11 YEAR : YYYY
13-20 ANNUAL DATA VALUES
21-28 WINTER HALF YEAR DATA VALUES
29-36 SUMMER HALF YEAR DATA VALUES
37-44 WINTER (DJF) DATA VALUES
45-52 SPRING (MAM) DATA VALUES
53-60 SUMMER (JJA) DATA VALUES
61-68 AUTUMN (SON) DATA VALUES
69-76 JANUARY DATA VALUES
etc. 
157-164 DECEMBER DATA VALUES

2191   1956 798     -999999 1357    -999999 850     1516    925     250     -916    540     718     1287    1374    1671    1498    1582    885     310     291     
2191   1957 944     476     1394    248     931     1695    958     -74     557     891     865     1034    1697    1791    1597    1375    976     521     80      
2191   1958 952     403     1476    236     758     1708    1003    169     483     202     612     1456    1489    1806    1823    1649    954     406     338     
2191   1959 1045    493     1568    251     1041    1843    1010    149     268     817     940     1364    1694    2035    1794    1568    1011    450     395     
2191   1960 965     501     1422    278     984     1652    1034    82      363     693     872     1384    1685    1536    1737    1306    1056    738     116     
2191   1961 1040    569     1528    306     1020    1651    1132    182     654     683     1219    1164    1616    1642    1694    1834    1136    426     219     
2191   1962 846     412     1408    225     744     1676    886     331     116     217     938     1083    1486    1693    1843    1393    1006    254     -254    
2191   1963 838     115     1460    -377    897     1694    1098    -520    -356    516     1013    1166    1588    1843    1647    1494    959     847     -203    
2191   1964 942     366     1553    -26     938     1798    968     -236    389     459     956     1399    1710    1941    1740    1560    838     510     35      
2191   1965 908     355     1369    71      840     1640    939     234     -71     550     759     1208    1634    1628    1657    1318    1005    492     403     
2191   1966 978     471     1489    291     959     1643    1056    -168    675     440     1092    1351    1709    1605    1618    1555    1335    270     254     
2191   1967 953     496     1450    220     900     1746    1067    31      394     673     750     1271    1531    1943    1756    1427    1279    487     -150    
2191   1968 933     427     1419    64      911     1649    1031    4       356     581     983     1171    1539    1758    1645    1407    1229    451     60      
2191   1969 906     425     1450    111     881     1679    1055    256     7       510     792     1339    1411    1890    1727    1524    1075    564     -293    
2191   1970 905     330     1438    9       732     1739    1030    137     201     290     687     1217    1731    1700    1786    1496    907     692     -22     
2191   1971 909     323     1506    57      888     1724    896     2       206     151     1072    1445    1447    1885    1832    1331    1019    334     133     
2191   1972 896     455     1344    229     898     1630    842     115     455     668     841     1185    1448    1761    1674    1137    850     538     69      
2191   1973 903     305     1513    7       810     1822    956     -120    78      398     638     1388    1709    1791    1962    1573    868     431     63      
2191   1974 988     504     1416    321     932     1664    872     461     452     744     853     1196    1503    1651    1833    1444    591     591     495     
2191   1975 960     486     1502    438     835     1763    984     470     341     420     863     1222    1519    1825    1939    1630    853     475     -80     
2191   1976 979     351     1526    131     867     1850    1016    145     342     378     837     1385    1833    2015    1702    1366    1132    545     41      
2191   1977 1003    568     1383    287     935     1675    1028    244     606     841     684     1272    1584    1774    1665    1299    1237    540     258     
2191   1978 903     505     1365    202     871     1614    874     140     208     620     776     1214    1531    1710    1598    1343    951     326     363     
2191   1979 947     384     1442    122     889     1708    1045    -273    294     630     773     1261    1716    1783    1625    1481    1196    454     386     
2191   1980 896     528     1411    300     840     1657    930     -7      537     601     758     1159    1513    1612    1843    1567    903     320     -55     
2191   1981 961     339     1501    -46     1088    1703    991     -89     10      910     1007    1343    1598    1757    1751    1541    967     465     199     
2191   1982 1061    459     1587    260     894     1873    1168    285     299     520     795     1362    1815    2011    1792    1731    1051    725     298     
2191   1983 1042    521     1632    238     913     2019    1030    337     61      615     971     1155    1793    2275    1983    1594    1035    459     151     
2191   1984 958     407     1429    173     776     1748    1098    218     148     415     821     1095    1556    1819    1865    1403    1086    806     232     
2191   1985 898     356     1527    -84     919     1754    946     -568    101     468     961     1328    1529    1938    1786    1601    1033    200     346     
2191   1986 912     272     1486    -15     861     1774    1059    154     -602    416     678     1485    1729    1815    1775    1413    1123    640     196     
2191   1987 950     357     1527    6       806     1764    1188    -383    226     337     1035    1054    1559    1909    1815    1780    1236    547     252     
2191   1988 1059    565     1561    368     1003    1786    1023    549     299     491     1033    1487    1654    1805    1894    1478    1212    372     392     
2191   1989 1043    561     1541    301     1055    1808    1021    176     337     849     805     1504    1600    1931    1885    1497    1131    431     308     
2191   1990 1065    597     1529    408     1039    1806    1073    192     756     775     822     1515    1631    1844    1937    1401    1274    539     68      
2191   1991 991     492     1535    75      918     1865    1090    198     -52     878     822     1053    1520    2020    2042    1734    985     556     62      
2191   1992 1103    459     1686    154     1101    1983    1055    72      340     736     979     1583    1736    2036    2170    1587    879     706     379     
2191   1993 1021    519     1569    318     1064    1787    861     431     126     558     1137    1500    1746    1817    1795    1405    933     246     482     
2191   1994 1164    -999999 1624    390     1062    2005    1175    322     363     936     831     1406    1781    2216    2016    1489    1147    889     531     
2191   1995 1057    655     1525    459     923     1857    1105    209     657     503     936     1331    1534    2125    1903    1296    1431    577     150     
2191   1996 948     502     1469    184     901     1774    946     260     138     436     1001    1281    1726    1774    1820    1189    1088    557     85      
2191   1997 1062    501     1574    170     1032    1865    1073    -80     541     819     842     1430    1686    1803    2101    1561    1017    641     353     
2191   1998 1035    584     1564    387     1030    1818    934     394     416     667     941     1479    1761    1853    1840    1497    1040    260     228     
2191   1999 1076    468     1649    257     1089    1851    1072    424     104     712     987     1563    1619    2003    1909    1790    1084    343     333     
2191   2000 1131    528     1615    342     1087    1825    1177    192     511     700     1072    1515    1799    1710    1966    1608    1162    762     581     
2191   2001 1058    691     1536    459     1078    1843    1032    370     422     828     822     1577    1581    1945    1996    1276    1438    369     35      
2191   2002 -999999 -999999 -999999 294     -999999 1874    -999999 238     642     759     948     1369    1918    1835    1872    1425    1097    805     470     
2191   2003 -999999 -999999 -999999 -999999 1080    -999999 -999999 140     88      846     992     1475    -999999 2040    -999999 1468    739     749     321     
2191   2004 -999999 -999999 -999999 -999999 950     1846    1132    171     -999999 596     1009    1253    1677    1869    1982    1583    1289    485     124     
2191   2005 -999999 -999999 -999999 135     1041    1855    1167    196     81      654     1060    1411    1893    1952    1722    1629    1388    515     75      
2191   2006 -999999 -999999 -999999 -999999 980     -999999 1369    9       138     511     985     1461    1891    -999999 -999999 1845    1364    826     324     
2191   2007 -999999 -999999 -999999 505     1204    1824    956     537     670     641     1392    1566    1855    1842    1781    1366    1044    455     95      
2191   2008 1060    -999999 1569    333     1032    1859    1001    414     478     597     904     1592    1786    1929    1863    1342    1061    597     169     
2191   2009 -999999 417     -999999 81      1124    1922    1164    -95     181     566     1199    1625    1714    1969    2063    1604    1046    858     316     
2191   2010 981     501     -999999 173     957     1888    1000    -86     302     581     1046    1252    1787    2103    1776    1385    1003    612     21      
2191   2011 -999999 512     -999999 221     -999999 -999999 -999999 262     398     768     1277    -999999 -999999 -999999 -999999 -999999 -999999 -999999 -999999 
