EUROPEAN CLIMATE ASSESSMENT & DATASET (ECA&D), file created on: 10-05-2011
THESE DATA CAN BE USED FREELY PROVIDED THAT THE FOLLOWING SOURCE IS ACKNOWLEDGED: 

Klein Tank, A.M.G. and Coauthors, 2002. Daily dataset of 20th-century surface
air temperature and precipitation series for the European Climate Assessment.
Int. J. of Climatol., 22, 1441-1453.
Data and metadata available at http://eca.knmi.nl

FILE FORMAT (MISSING VALUE CODE = -999999):

THIS FILE HOLDS DATA FOR STATION NORWAY                                   VAERNES                                  (STAID:   1052)
LATITUDE: dd:mm:ss +63:30:00
LONGITUDE: ddd:mm:ss +010:53:24
ELEVATION: m   12

DATA IS FOR INDEX Mean of daily mean temperature (TG) with unit 0.01 Temperature (&#176;C)

01-06 SOUID: Source identifier
08-11 YEAR : YYYY
13-20 ANNUAL DATA VALUES
21-28 WINTER HALF YEAR DATA VALUES
29-36 SUMMER HALF YEAR DATA VALUES
37-44 WINTER (DJF) DATA VALUES
45-52 SPRING (MAM) DATA VALUES
53-60 SUMMER (JJA) DATA VALUES
61-68 AUTUMN (SON) DATA VALUES
69-76 JANUARY DATA VALUES
etc. 
157-164 DECEMBER DATA VALUES

1052   1946 576     -999999 1115    -999999 405     1412    670     -222    -517    -85     435     866     1217    1569    1444    1140    588     285     115     
1052   1947 433     -90     1116    -319    265     1444    480     -252    -874    -467    313     950     1330    1595    1405    1088    521     -170    -342    
1052   1948 579     -52     1064    -342    602     1299    545     -640    -23     342     570     894     1114    1578    1198    1012    447     179     260     
1052   1949 592     149     1041    125     416     1199    716     4       109     -105    451     904     1143    1251    1202    1285    614     254     -24     
1052   1950 574     87      1110    -179    479     1445    619     -375    -134    169     490     778     1217    1457    1655    1046    694     114     -277    
1052   1951 495     -69     984     -326    226     1283    635     -601    -75     -264    331     613     1040    1211    1590    1102    650     151     160     
1052   1952 394     27      961     -178    441     1210    283     -500    -196    -113    572     866     1103    1306    1218    681     353     -187    -398    
1052   1953 647     -90     1134    -353    528     1533    709     -216    -456    323     446     814     1661    1535    1406    931     782     411     49      
1052   1954 523     63      1060    -304    522     1306    533     -456    -525    71      330     1159    1134    1493    1286    932     498     170     96      
1052   1955 408     -45     958     -244    172     1308    552     -275    -587    -218    184     549     1015    1482    1417    1082    415     164     -436    
1052   1956 417     -143    936     -494    355     1212    444     -371    -684    18      216     825     1063    1395    1174    924     537     -133    -15     
1052   1957 506     23      943     -88     335     1244    565     3       -270    -15     325     694     944     1513    1264    895     556     242     -140    
1052   1958 419     -215    1010    -484    111     1305    812     -568    -772    -650    295     695     1151    1304    1453    1149    815     472     -383    
1052   1959 609     114     1082    -325    581     1377    643     -633    79      344     565     834     1232    1453    1440    953     578     401     37      
1052   1960 494     41      1116    -311    526     1410    436     -580    -395    187     482     908     1278    1508    1439    1062    151     104     -240    
1052   1961 612     -19     1052    -194    466     1304    873     -386    69      200     350     846     1258    1385    1268    1192    983     440     -282    
1052   1962 454     83      936     -184    241     1166    555     -139    -126    -386    347     767     1007    1241    1245    994     657     11      -213    
1052   1963 539     -122    1159    -426    513     1395    582     -361    -732    -149    495     1194    1329    1283    1570    1066    670     8       -3      
1052   1964 576     131     1011    -25     562     1229    537     128     -211    166     544     974     1108    1331    1245    843     621     144     -24     
1052   1965 454     33      1037    -175    411     1238    556     -373    -125    -58     535     761     1270    1225    1220    1210    617     -162    -697    
1052   1966 382     -349    983     -823    265     1365    476     -800    -989    -119    100     808     1486    1339    1276    874     510     45      -50     
1052   1967 540     38      1022    -205    497     1258    714     -555    10      265     316     905     1112    1334    1323    1124    571     454     -404    
1052   1968 449     10      1025    -337    378     1318    340     -388    -210    38      400     697     1305    1360    1288    1091    385     -456    -147    
1052   1969 489     -202    1144    -282    375     1514    415     -162    -565    -308    502     935     1481    1387    1674    869     582     -212    -392    
1052   1970 479     -245    1094    -612    405     1447    503     -679    -783    -37     225     1022    1510    1393    1440    954     627     -77     55      
1052   1971 562     57      1043    -14     414     1301    468     -95     1       -180    372     1049    1183    1370    1345    918     529     -46     245     
1052   1972 603     59      1113    -123    561     1464    486     -486    -129    226     447     1006    1463    1581    1349    813     508     136     286     
1052   1973 550     247     1002    149     497     1343    353     312     -185    378     243     860     1260    1522    1243    862     344     -146    -163    
1052   1974 619     74      1094    29      542     1309    495     208     44      145     480     998     1312    1308    1306    1146    368     -26     97      
1052   1975 599     134     984     96      439     1264    587     71      121     164     360     790     1051    1349    1384    951     583     229     97      
1052   1976 442     52      947     -116    397     1244    452     -342    -101    -158    273     1071    1140    1340    1250    583     602     167     -540    
1052   1977 439     -150    906     -618    350     1234    552     -653    -666    148     149     748     1062    1301    1333    819     713     120     98      
1052   1978 463     30      1062    -233    425     1401    543     -231    -602    26      302     942     1360    1501    1341    905     529     195     -780    
1052   1979 475     -157    1048    -617    498     1337    497     -704    -341    151     466     875     1354    1279    1379    923     462     107     -303    
1052   1980 514     -102    1193    -403    453     1564    431     -589    -310    13      486     861     1534    1644    1515    1105    378     -190    -297    
1052   1981 448     -135    1058    -287    451     1220    589     -300    -260    -153    300     1200    1081    1353    1221    1173    570     25      -874    
1052   1982 584     -103    1058    -525    547     1329    660     -538    -123    328     406     904     1074    1470    1433    1042    700     238     15      
1052   1983 608     153     1090    -48     592     1250    635     24      -196    106     533     1134    1133    1414    1200    1110    642     152     -22     
1052   1984 616     51      1095    -144    556     1286    705     -469    72      -66     551     1184    1191    1322    1341    964     742     409     142     
1052   1985 455     18      1052    -385    422     1419    521     -626    -703    90      282     890     1289    1519    1446    861     803     -109    -380    
1052   1986 504     -106    1035    -567    566     1350    620     -809    -506    324     281     1085    1402    1376    1272    772     673     414     -307    
1052   1987 493     -88     1002    -484    370     1243    688     -911    -209    -181    526     769     1154    1395    1178    978     930     147     94      
1052   1988 634     186     1150    34      395     1485    622     68      -68     -75     197     1055    1319    1668    1463    1175    597     96      70      
1052   1989 688     291     1071    211     628     1310    646     317     249     404     617     863     1302    1288    1339    1005    643     292     -95     
1052   1990 714     263     1119    116     571     1423    649     21      456     284     556     872     1430    1405    1436    1003    695     248     155     
1052   1991 630     197     1076    -42     543     1393    612     -41     -261    340     588     701     1110    1580    1478    978     523     337     151     
1052   1992 650     272     1132    149     579     1405    465     196     95      317     325     1086    1555    1315    1350    1152    135     119     133     
1052   1993 549     109     1025    102     567     1221    432     128     38      94      591     1016    955     1435    1264    868     447     -20     -275    
1052   1994 552     -115    1093    -416    490     1393    555     -329    -668    103     553     817     1023    1646    1499    998     415     258     216     
1052   1995 536     177     981     72      407     1244    580     -66     65      165     244     806     1158    1315    1257    1090    772     -127    -286    
1052   1996 480     -40     1030    -318    410     1377    446     -269    -405    48      430     752     1132    1281    1711    852     679     -201    -301    
1052   1997 621     57      1146    -85     351     1603    529     46      7       99      201     749     1362    1727    1711    1102    426     61      -86     
1052   1998 568     92      1056    5       412     1313    528     -8      120     40      404     791     1244    1419    1275    1193    496     -104    -79     
1052   1999 626     31      1142    -121    512     1339    864     -206    -73     136     548     854     1337    1393    1286    1432    603     565     -388    
1052   2000 684     201     1091    -20     635     1188    860     197     139     95      673     1139    1042    1289    1229    1160    967     449     -190    
1052   2001 519     83      1039    -229    326     1310    675     -37     -483    -251    415     818     1159    1416    1350    1063    704     256     -248    
1052   2002 645     117     1334    -110    672     1653    377     -164    105     54      716     1248    1558    1579    1818    1062    270     -199    -343    
1052   2003 632     -64     1165    -270    582     1500    562     -341    -110    331     496     917     1306    1764    1423    1066    380     247     50      
1052   2004 645     98      1168    -106    663     1390    605     -340    -31     264     794     935     1132    1434    1594    1103    642     68      80      
1052   2005 639     132     1102    47      423     1378    769     188     -145    -72     576     770     1174    1620    1335    1126    766     415     -132    
1052   2006 701     77      1235    -87     335     1540    806     -27     -105    -464    491     984     1281    1597    1733    1305    696     420     451     
1052   2007 614     241     1128    -8      572     1485    542     -72     -444    334     503     878     1417    1635    1402    915     604     106     2       
1052   2008 665     173     1155    79      532     1449    633     96      142     83      588     928     1337    1616    1389    1053    673     173     -120    
1052   2009 615     83      1198    -186    637     1453    595     -95     -360    187     694     1032    1238    1562    1551    1093    380     319     -289    
1052   2010 345     -186    1062    -596    392     1381    380     -858    -644    -54     478     755     1082    1575    1475    985     646     -500    -871    
1052   2011 -999999 -145    -999999 -390    -999999 -999999 -999999 -54     -231    117     674     -999999 -999999 -999999 -999999 -999999 -999999 -999999 -999999 
