EUROPEAN CLIMATE ASSESSMENT & DATASET (ECA&D), file created on: 10-05-2011
THESE DATA CAN BE USED FREELY PROVIDED THAT THE FOLLOWING SOURCE IS ACKNOWLEDGED: 

Klein Tank, A.M.G. and Coauthors, 2002. Daily dataset of 20th-century surface
air temperature and precipitation series for the European Climate Assessment.
Int. J. of Climatol., 22, 1441-1453.
Data and metadata available at http://eca.knmi.nl

FILE FORMAT (MISSING VALUE CODE = -999999):

THIS FILE HOLDS DATA FOR STATION RUSSIAN FEDERATION                       VYBORG                                   (STAID:   1127)
LATITUDE: dd:mm:ss +60:43:12
LONGITUDE: ddd:mm:ss +028:48:00
ELEVATION: m   14

DATA IS FOR INDEX Mean of daily mean temperature (TG) with unit 0.01 Temperature (&#176;C)

01-06 SOUID: Source identifier
08-11 YEAR : YYYY
13-20 ANNUAL DATA VALUES
21-28 WINTER HALF YEAR DATA VALUES
29-36 SUMMER HALF YEAR DATA VALUES
37-44 WINTER (DJF) DATA VALUES
45-52 SPRING (MAM) DATA VALUES
53-60 SUMMER (JJA) DATA VALUES
61-68 AUTUMN (SON) DATA VALUES
69-76 JANUARY DATA VALUES
etc. 
157-164 DECEMBER DATA VALUES

1127   1995 -999999 -999999 -999999 -999999 -999999 -999999 535     -415    -162    -1      293     966     1879    1595    1660    1132    789     -275    -998    
1127   1996 -999999 -999999 -999999 -999999 193     -999999 -999999 -749    -1249   -479    136     925     1397    1548    1817    950     629     322     -563    
1127   1997 -999999 -999999 -999999 -581    -999999 -999999 422     -686    -478    -189    103     783     1634    1955    -999999 1047    286     -80     -523    
1127   1998 -999999 -999999 -999999 -999999 145     1583    434     -352    -764    -654    116     947     1576    1746    1428    1150    588     -419    -419    
1127   1999 -999999 -999999 -999999 -700    348     1822    644     -796    -922    -250    541     746     1938    1940    1574    1225    676     -66     -237    
1127   2000 -999999 -999999 -999999 -999999 -999999 1624    701     -535    -356    -203    554     993     1485    1788    1595    997     807     294     -115    
1127   2001 -999999 -999999 -999999 -999999 246     1743    -999999 -328    -673    -603    529     901     1470    2080    1675    1262    718     -145    -980    
1127   2002 -999999 -999999 -999999 -999999 450     -999999 -999999 -481    -172    -106    384     1129    1671    -999999 1853    -999999 58      -360    -1067   
1127   2003 -999999 -999999 -999999 -999999 258     -999999 -999999 -1138   -710    -337    132     1030    1263    2108    1628    1171    429     251     -146    
1127   2004 -999999 -999999 -999999 -999999 375     -999999 -999999 -999999 -688    -211    335     1022    1372    1831    1762    -999999 648     -999999 -121    
1127   2005 -999999 -999999 -999999 -999999 184     -999999 -999999 -249    -999999 -770    311     987     1484    1982    1738    1308    816     -999999 -399    
1127   2006 -999999 -999999 -999999 -999999 202     1787    695     -607    -1171   -781    363     1064    1605    1870    1883    1329    742     16      225     
1127   2007 -999999 -999999 -999999 -999999 555     1721    -999999 -449    -1282   189     448     1042    1552    1754    1857    1137    685     -999999 35      
1127   2008 -999999 -999999 -999999 -999999 470     1555    695     -279    -95     -152    532     1030    1433    1720    1512    995     805     259     -105    
1127   2009 -999999 -999999 -999999 -366    386     1638    596     -415    -613    -221    286     1109    1474    1778    1652    1321    360     114     -721    
1127   2010 -999999 -999999 1435    -1096   433     1901    522     -1472   -1067   -365    443     1221    1480    2339    1870    1211    503     -126    -1030   
1127   2011 -999999 -999999 -999999 -969    -999999 -999999 -999999 -687    -1217   -289    383     -999999 -999999 -999999 -999999 -999999 -999999 -999999 -999999 
