EUROPEAN CLIMATE ASSESSMENT & DATASET (ECA&D), file created on: 10-05-2011
THESE DATA CAN BE USED FREELY PROVIDED THAT THE FOLLOWING SOURCE IS ACKNOWLEDGED: 

Klein Tank, A.M.G. and Coauthors, 2002. Daily dataset of 20th-century surface
air temperature and precipitation series for the European Climate Assessment.
Int. J. of Climatol., 22, 1441-1453.
Data and metadata available at http://eca.knmi.nl

FILE FORMAT (MISSING VALUE CODE = -999999):

THIS FILE HOLDS DATA FOR STATION RUSSIAN FEDERATION                       BELOZERSK                                (STAID:   1134)
LATITUDE: dd:mm:ss +60:01:48
LONGITUDE: ddd:mm:ss +037:46:48
ELEVATION: m  130

DATA IS FOR INDEX Mean of daily mean temperature (TG) with unit 0.01 Temperature (&#176;C)

01-06 SOUID: Source identifier
08-11 YEAR : YYYY
13-20 ANNUAL DATA VALUES
21-28 WINTER HALF YEAR DATA VALUES
29-36 SUMMER HALF YEAR DATA VALUES
37-44 WINTER (DJF) DATA VALUES
45-52 SPRING (MAM) DATA VALUES
53-60 SUMMER (JJA) DATA VALUES
61-68 AUTUMN (SON) DATA VALUES
69-76 JANUARY DATA VALUES
etc. 
157-164 DECEMBER DATA VALUES

1134   1995 -999999 -999999 -999999 -999999 -999999 1587    -999999 -748    -255    -96     462     1165    1755    1522    1472    1108    601     -431    -999999 
1134   1996 -999999 -999999 -999999 -999999 151     -999999 -999999 -964    -1265   -538    113     903     1451    -999999 -999999 739     -999999 167     -999999 
1134   1997 -999999 -999999 -999999 -999999 -999999 -999999 -999999 -1178   -999999 -999999 -999999 765     1542    1662    -999999 -999999 -999999 -999999 -999999 
1134   1998 -999999 -999999 -999999 -999999 155     -999999 -999999 -803    -1503   -506    -123    1076    1634    1714    1356    1039    442     -874    -823    
1134   1999 -999999 -999999 -999999 -999999 -999999 -999999 -999999 -1166   -999999 -400    720     512     1855    1932    1381    1070    603     -699    -999999 
1134   2000 -999999 -999999 -999999 -999999 -999999 -999999 440     -910    -999999 -259    696     891     1458    1967    1459    877     636     -222    -799    
1134   2001 -999999 -999999 -999999 -999999 351     1619    -999999 -657    -1152   -703    838     897     1454    2034    1393    1111    -999999 -999999 -1458   
1134   2002 -999999 -999999 -999999 -999999 -999999 1633    -999999 -752    -332    -162    377     963     1462    1979    1465    888     -12     -999999 -1449   
1134   2003 -999999 -999999 -999999 -999999 337     1554    -999999 -1287   -934    -408    151     1195    1152    1937    1561    1049    456     -72     -336    
1134   2004 -999999 -999999 -999999 -999999 -999999 -999999 -999999 -1148   -956    -285    136     948     1352    1763    1574    -999999 442     -317    -581    
1134   2005 -999999 -999999 -999999 -726    272     -999999 -999999 -507    -1147   -821    412     1203    1432    1780    1586    1164    559     224     -831    
1134   2006 -999999 -999999 -999999 -1193   167     1589    516     -1137   -1639   -847    331     1011    1602    1616    1550    1240    465     -154    -3      
1134   2007 -999999 -999999 -999999 -999999 -999999 1579    -999999 -735    -1793   190     344     1141    1303    1677    1746    1034    518     -404    -348    
1134   2008 -999999 -999999 -999999 -505    364     1476    546     -736    -431    -177    433     846     1286    1639    1502    884     689     64      -299    
1134   2009 -999999 -999999 -999999 -575    252     1536    -999999 -808    -620    -337    75      1017    1462    1668    1473    1187    241     2       -965    
1134   2010 -999999 -999999 -999999 -999999 461     1856    358     -1548   -1162   -533    499     1420    1479    2262    1789    1054    265     -243    -1380   
1134   2011 -999999 -999999 -999999 -1320   -999999 -999999 -999999 -1088   -1498   -413    374     -999999 -999999 -999999 -999999 -999999 -999999 -999999 -999999 
