EUROPEAN CLIMATE ASSESSMENT & DATASET (ECA&D), file created on: 10-05-2011
THESE DATA CAN BE USED FREELY PROVIDED THAT THE FOLLOWING SOURCE IS ACKNOWLEDGED: 

Klein Tank, A.M.G. and Coauthors, 2002. Daily dataset of 20th-century surface
air temperature and precipitation series for the European Climate Assessment.
Int. J. of Climatol., 22, 1441-1453.
Data and metadata available at http://eca.knmi.nl

FILE FORMAT (MISSING VALUE CODE = -999999):

THIS FILE HOLDS DATA FOR STATION GERMANY                                  ANGERMUENDE                              (STAID:   2001)
LATITUDE: dd:mm:ss +53:01:48
LONGITUDE: ddd:mm:ss +014:00:00
ELEVATION: m   56

DATA IS FOR INDEX Mean of daily mean temperature (TG) with unit 0.01 Temperature (&#176;C)

01-06 SOUID: Source identifier
08-11 YEAR : YYYY
13-20 ANNUAL DATA VALUES
21-28 WINTER HALF YEAR DATA VALUES
29-36 SUMMER HALF YEAR DATA VALUES
37-44 WINTER (DJF) DATA VALUES
45-52 SPRING (MAM) DATA VALUES
53-60 SUMMER (JJA) DATA VALUES
61-68 AUTUMN (SON) DATA VALUES
69-76 JANUARY DATA VALUES
etc. 
157-164 DECEMBER DATA VALUES

2001   1955 764     -999999 1379    -999999 547     1701    920     -280    -375    -58     619     1084    1438    1828    1826    1457    876     427     245     
2001   1956 701     131     1324    -262    666     1604    817     11      -1095   255     445     1291    1531    1763    1516    1378    889     182     156     
2001   1957 869     360     1332    181     742     1697    884     71      333     523     708     994     1629    1853    1607    1188    970     489     30      
2001   1958 829     246     1386    10      618     1660    965     -82     89      -28     517     1364    1463    1828    1682    1437    1025    431     166     
2001   1959 907     379     1496    51      938     1830    813     -1      -19     634     940     1240    1632    1974    1878    1295    830     312     93      
2001   1960 845     231     1389    -34     765     1669    931     -53     -149    330     655     1307    1655    1647    1703    1348    892     555     211     
2001   1961 909     426     1446    139     935     1660    1032    -196    430     669     1036    1105    1743    1629    1611    1554    1152    386     -216    
2001   1962 749     266     1299    2       665     1521    831     171     56      28      922     1052    1428    1545    1586    1252    896     342     -322    
2001   1963 731     -72     1480    -635    766     1769    1013    -911    -676    192     783     1322    1710    1835    1759    1453    869     722     -366    
2001   1964 820     150     1483    -218    728     1756    859     -204    -74     -45     882     1350    1808    1855    1607    1384    711     487     67      
2001   1965 757     202     1351    -25     643     1592    768     84      -249    79      736     1119    1642    1569    1568    1467    820     16      165     
2001   1966 866     185     1454    -47     841     1756    890     -300    -3      390     802     1331    1807    1793    1672    1308    1127    226     172     
2001   1967 968     411     1493    147     911     1757    1072    -20     303     643     711     1374    1569    1930    1766    1587    1176    449     75      
2001   1968 871     352     1472    -11     875     1743    976     -132    28      500     982     1146    1754    1693    1783    1468    1032    426     -250    
2001   1969 762     88      1473    -291    668     1754    1034    -280    -349    -84     729     1360    1621    1934    1704    1469    1052    579     -660    
2001   1970 781     18      1421    -534    622     1781    948     -583    -340    41      598     1226    1779    1760    1803    1345    965     533     175     
2001   1971 913     305     1487    61      799     1795    881     -198    222     131     803     1462    1547    1882    1948    1253    982     406     468     
2001   1972 833     343     1417    37      850     1758    802     -442    88      542     799     1206    1602    1965    1703    1208    698     503     93      
2001   1973 875     342     1431    101     812     1759    833     -38     263     531     598     1301    1661    1856    1757    1394    765     343     29      
2001   1974 930     381     1390    210     818     1653    876     264     350     530     791     1132    1492    1634    1829    1450    683     503     465     
2001   1975 966     447     1531    366     795     1851    914     474     139     392     692     1299    1585    1973    1986    1631    832     280     240     
2001   1976 839     229     1459    57      693     1784    920     24      -104    80      702     1297    1714    1937    1699    1386    881     496     -71     
2001   1977 911     353     1374    34      831     1706    951     -9      199     614     616     1255    1743    1690    1686    1238    1019    592     243     
2001   1978 850     388     1361    69      823     1642    957     94      -151    488     692     1283    1602    1635    1687    1250    1022    596     -75     
2001   1979 791     159     1428    -331    798     1679    855     -496    -434    295     736     1360    1810    1515    1715    1421    766     382     337     
2001   1980 747     186     1336    -68     611     1640    870     -556    21      162     629     1043    1587    1657    1675    1414    887     310     121     
2001   1981 862     308     1469    -1      948     1702    944     -160    41      621     773     1446    1655    1762    1686    1478    869     489     -370    
2001   1982 917     169     1514    -289    814     1816    1107    -360    -120    492     670     1275    1641    1913    1890    1676    1051    594     217     
2001   1983 957     450     1544    171     918     1851    937     457     -196    521     901     1332    1646    2012    1888    1468    963     380     15      
2001   1984 823     276     1375    26      761     1627    896     98      -39     222     765     1295    1423    1618    1834    1293    1065    325     -56     
2001   1985 769     81      1443    -404    825     1688    805     -731    -428    267     780     1425    1467    1786    1803    1371    942     97      349     
2001   1986 808     144     1404    -152    799     1697    926     -55     -815    249     644     1499    1567    1825    1695    1169    962     646     184     
2001   1987 734     131     1353    -251    610     1596    957     -811    -112    -91     877     1052    1469    1725    1591    1395    939     537     202     
2001   1988 962     426     1516    266     873     1768    890     314     283     274     852     1493    1628    1880    1793    1432    981     253     331     
2001   1989 1018    511     1520    372     966     1760    1008    333     458     688     846     1360    1604    1848    1822    1626    1130    265     171     
2001   1990 1008    552     1463    378     1010    1749    920     350     637     757     879     1390    1652    1735    1858    1247    1019    489     51      
2001   1991 -999999 -999999 -999999 -999999 -999999 -999999 -999999 -999999 -999999 -999999 -999999 -999999 -999999 -999999 -999999 -999999 -999999 -999999 -999999 
2001   1992 971     -999999 1582    -999999 930     1950    815     115     378     525     873     1389    1853    1988    2007    1377    619     456     62      
2001   1993 874     -999999 1452    87      987     1609    725     168     23      360     984     1597    1526    1700    1599    1289    876     -21     247     
2001   1994 -999999 -999999 -999999 129     896     1867    961     254     -126    536     924     1227    1558    2175    1857    1430    822     652     315     
2001   1995 900     449     1481    282     803     1814    935     54      497     365     825     1234    1503    2036    1899    1376    1202    216     -394    
2001   1996 729     56      1370    -388    689     1676    882     -428    -341    45      855     1172    1584    1609    1832    1150    993     498     -285    
2001   1997 914     296     1503    -82     817     1871    872     -302    386     502     671     1275    1664    1847    2095    1441    863     311     183     
2001   1998 934     426     1499    313     948     1711    794     245     534     428     982     1449    1725    1715    1692    1416    872     90      -10     
2001   1999 -999999 -999999 1585    108     940     1820    1046    248     73      532     951     1326    1609    2013    1831    1748    1008    382     -999999 
2001   2000 1030    -999999 1526    -999999 1057    1708    1089    97      417     535     1120    1517    1723    1638    1765    1385    1227    649     273     
2001   2001 -999999 -999999 -999999 174     819     1779    994     57      193     276     784     1379    1474    1950    1925    1300    1251    421     -37     
2001   2002 -999999 -999999 1582    214     978     1894    886     186     524     546     838     1491    1722    1899    2055    1487    796     377     -242    
2001   2003 -999999 -999999 1609    -192    934     1938    899     -110    -230    421     823     1487    1866    1978    1968    1508    630     588     248     
2001   2004 932     331     1482    89      903     1741    979     -207    234     497     935     1278    1561    1740    1916    1445    1039    453     265     
2001   2005 931     375     1499    159     835     1718    1055    257     -69     264     902     1343    1592    1900    1658    1584    1129    448     96      
2001   2006 1005    215     1651    -128    772     1964    1250    -440    -30     72      888     1360    1812    2295    1775    1767    1240    742     539     
2001   2007 -999999 -999999 1602    431     1120    1859    889     512     230     715     1106    1537    1873    1863    1842    1385    873     393     189     
2001   2008 -999999 -999999 1546    328     946     1863    989     301     499     479     860     1438    1781    1941    1863    1382    990     580     173     
2001   2009 -999999 -999999 1601    -999999 1041    1818    1017    -227    30      503     1238    1371    1551    1960    1935    1538    791     722     -12     
2001   2010 -999999 -999999 1540    -223    857     1918    877     -574    -75     473     938     1141    1684    2196    1865    1376    797     462     -548    
2001   2011 -999999 202     -999999 -180    -999999 -999999 -999999 76      -58     467     1231    -999999 -999999 -999999 -999999 -999999 -999999 -999999 -999999 
