EUROPEAN CLIMATE ASSESSMENT & DATASET (ECA&D), file created on: 10-05-2011
THESE DATA CAN BE USED FREELY PROVIDED THAT THE FOLLOWING SOURCE IS ACKNOWLEDGED: 

Klein Tank, A.M.G. and Coauthors, 2002. Daily dataset of 20th-century surface
air temperature and precipitation series for the European Climate Assessment.
Int. J. of Climatol., 22, 1441-1453.
Data and metadata available at http://eca.knmi.nl

FILE FORMAT (MISSING VALUE CODE = -999999):

THIS FILE HOLDS DATA FOR STATION CZECH REPUBLIC                           BRNO (TURANY) AIRPORT                    (STAID:    663)
LATITUDE: dd:mm:ss +49:09:11
LONGITUDE: ddd:mm:ss +016:41:20
ELEVATION: m  241

DATA IS FOR INDEX Mean of daily mean temperature (TG) with unit 0.01 Temperature (&#176;C)

01-06 SOUID: Source identifier
08-11 YEAR : YYYY
13-20 ANNUAL DATA VALUES
21-28 WINTER HALF YEAR DATA VALUES
29-36 SUMMER HALF YEAR DATA VALUES
37-44 WINTER (DJF) DATA VALUES
45-52 SPRING (MAM) DATA VALUES
53-60 SUMMER (JJA) DATA VALUES
61-68 AUTUMN (SON) DATA VALUES
69-76 JANUARY DATA VALUES
etc. 
157-164 DECEMBER DATA VALUES

663    1961 927     -999999 1553    -999999 1015    1753    1040    -306    209     642     1185    1224    1800    1675    1786    1649    1094    376     -241    
663    1962 771     173     1435    -159    733     1707    853     -106    -127    18      1039    1152    1554    1684    1877    1292    888     377     -448    
663    1963 773     -81     1590    -624    826     1865    1019    -817    -606    83      992     1409    1762    1984    1845    1535    847     681     -507    
663    1964 823     50      1568    -414    804     1852    911     -611    -103    6       1018    1394    1940    1925    1693    1425    832     478     -133    
663    1965 754     169     1397    -190    734     1654    745     -109    -344    250     767     1186    1659    1712    1592    1459    708     70      17      
663    1966 921     180     1513    -30     944     1742    994     -493    430     367     1075    1393    1756    1753    1716    1370    1271    330     58      
663    1967 934     342     1577    -38     945     1859    1001    -216    53      529     873     1432    1691    2054    1828    1565    1087    347     -101    
663    1968 876     257     1537    -128    963     1787    947     -371    102     469     1072    1350    1827    1806    1727    1433    901     507     -322    
663    1969 826     115     1546    -274    866     1756    991     -311    -181    78      897     1623    1642    1937    1686    1471    1011    491     -495    
663    1970 813     105     1451    -353    725     1789    899     -306    -249    157     769     1250    1777    1800    1790    1305    804     590     2       
663    1971 893     227     1560    -66     891     1855    784     -321    143     148     966     1562    1585    1941    2032    1244    793     315     253     
663    1972 873     318     1479    59      942     1819    755     -289    223     608     849     1366    1761    1946    1747    1185    702     380     -22     
663    1973 875     257     1529    -19     879     1828    797     -108    84      493     710     1429    1682    1860    1938    1533    718     143     -47     
663    1974 939     334     1481    130     982     1741    782     97      363     726     901     1316    1498    1713    2005    1434    551     368     251     
663    1975 952     312     1600    149     939     1846    936     195     -16     494     838     1483    1669    1952    1910    1730    852     230     11      
663    1976 882     182     1522    -35     809     1821    960     -31     -88     101     931     1399    1796    2017    1649    1324    1004    550     -101    
663    1977 889     359     1437    -46     925     1773    890     -146    127     704     732     1332    1776    1831    1713    1218    998     450     -119    
663    1978 799     269     1371    -122    838     1623    825     -44     -212    501     769     1243    1593    1639    1635    1333    967     170     -86     
663    1979 868     160     1508    -231    925     1763    871     -501    -94     478     775     1517    1927    1626    1741    1450    785     382     274     
663    1980 754     223     1375    -35     689     1691    791     -455    83      267     641     1155    1608    1682    1781    1364    827     179     -106    
663    1981 895     203     1549    -170    1002    1818    942     -348    -44     686     857     1458    1808    1795    1851    1506    945     375     -205    
663    1982 909     150     1592    -306    863     1881    1060    -535    -163    460     694     1431    1768    1960    1912    1767    984     431     126     
663    1983 975     363     1677    79      1022    1992    863     297     -214    498     1069    1499    1735    2224    2010    1504    910     173     -102    
663    1984 852     197     1434    -81     837     1682    950     -83     -57     322     868     1321    1542    1687    1812    1360    1012    474     -71     
663    1985 771     84      1502    -452    920     1722    785     -798    -490    336     893     1529    1461    1875    1821    1410    874     68      178     
663    1986 867     126     1575    -163    997     1797    908     -93     -619    276     1095    1622    1720    1819    1850    1326    950     446     -92     
663    1987 820     76      1505    -300    704     1742    1044    -723    -64     -65     952     1235    1651    1940    1631    1612    1035    484     115     
663    1988 939     374     1589    155     919     1855    801     163     189     249     941     1567    1687    1965    1909    1443    939     17      163     
663    1989 985     363     1581    167     1054    1826    923     -7      365     689     1012    1461    1608    1971    1894    1523    1018    226     18      
663    1990 977     398     1523    120     1028    1854    910     -49     419     755     833     1489    1717    1851    1988    1236    1005    485     -49     
663    1991 876     286     1529    -142    835     1886    948     -24     -374    614     808     1083    1648    2094    1909    1615    850     384     -181    
663    1992 1012    302     1716    39      959     2107    888     57      254     450     932     1495    1864    2094    2355    1529    772     366     -57     
663    1993 914     197     1615    -83     1018    1829    817     -45     -154    273     1057    1725    1749    1821    1915    1406    956     85      101     
663    1994 1049    347     1710    111     1024    2072    972     232     -11     675     966     1430    1828    2310    2071    1634    762     528     89      
663    1995 929     322     1590    102     895     1941    851     -122    366     323     967     1397    1661    2213    1940    1334    1092    120     -186    
663    1996 777     35      1499    -344    817     1801    899     -423    -429    11      947     1496    1802    1762    1840    1124    1022    547     -406    
663    1997 899     229     1550    -228    880     1880    854     -419    180     457     670     1506    1796    1816    2024    1466    681     421     147     
663    1998 968     351     1655    203     1004    1952    809     105     373     387     1126    1503    1900    1977    1977    1430    912     83      -199    
663    1999 996     220     1689    -109    1069    1912    1033    -75     -47     614     1089    1504    1756    2092    1882    1800    989     313     -28     
663    2000 1081    311     1718    16      1174    1945    1130    -216    311     499     1348    1680    1973    1768    2096    1432    1236    718     117     
663    2001 923     442     1574    66      985     1894    900     -45     134     474     855     1622    1613    2013    2048    1262    1189    240     -393    
663    2002 999     309     1685    -65     1076    2016    916     -124    363     583     935     1705    1913    2089    2043    1399    755     601     -314    
663    2003 996     177     1767    -263    1032    2139    935     -206    -271    465     911     1716    2132    2034    2251    1537    689     588     24      
663    2004 939     242     1588    -73     920     1882    1013    -335    104     383     1072    1309    1700    1920    2020    1490    1087    459     35      
663    2005 892     273     1588    -48     925     1803    921     23      -220    212     1086    1480    1748    1906    1752    1546    955     261     -117    
663    2006 915     55      1635    -345    845     1910    1120    -627    -286    119     1027    1395    1831    2270    1625    1650    1100    610     192     
663    2007 1061    531     1717    275     1124    2070    827     315     324     631     1178    1565    2009    2111    2088    1330    879     271     -18     
663    2008 1069    346     1673    150     1006    2007    1026    170     308     463     1008    1548    1993    2032    1994    1442    990     647     208     
663    2009 1027    346     1760    -24     1144    1957    1068    -301    28      482     1415    1545    1731    2045    2088    1722    895     592     33      
663    2010 903     268     1617    -132    953     1988    912     -368    -53     486     1015    1361    1852    2187    1923    1347    723     671     -360    
663    2011 -999999 247     -999999 -166    -999999 -999999 -999999 -51     -80     562     1222    -999999 -999999 -999999 -999999 -999999 -999999 -999999 -999999 
