EUROPEAN CLIMATE ASSESSMENT & DATASET (ECA&D), file created on: 10-05-2011
THESE DATA CAN BE USED FREELY PROVIDED THAT THE FOLLOWING SOURCE IS ACKNOWLEDGED: 

Klein Tank, A.M.G. and Coauthors, 2002. Daily dataset of 20th-century surface
air temperature and precipitation series for the European Climate Assessment.
Int. J. of Climatol., 22, 1441-1453.
Data and metadata available at http://eca.knmi.nl

FILE FORMAT (MISSING VALUE CODE = -999999):

THIS FILE HOLDS DATA FOR STATION CZECH REPUBLIC                           HRADEC KRALOVE; NOVY                     (STAID:    665)
LATITUDE: dd:mm:ss +50:10:33
LONGITUDE: ddd:mm:ss +015:50:18
ELEVATION: m  278

DATA IS FOR INDEX Mean of daily mean temperature (TG) with unit 0.01 Temperature (&#176;C)

01-06 SOUID: Source identifier
08-11 YEAR : YYYY
13-20 ANNUAL DATA VALUES
21-28 WINTER HALF YEAR DATA VALUES
29-36 SUMMER HALF YEAR DATA VALUES
37-44 WINTER (DJF) DATA VALUES
45-52 SPRING (MAM) DATA VALUES
53-60 SUMMER (JJA) DATA VALUES
61-68 AUTUMN (SON) DATA VALUES
69-76 JANUARY DATA VALUES
etc. 
157-164 DECEMBER DATA VALUES

665    1950 900     -999999 1578    -999999 955     1883    844     -375    221     443     874     1545    1842    1909    1894    1394    730     411     -89     
665    1951 -999999 -999999 -999999 -999999 -999999 -999999 -999999 -999999 -999999 -999999 -999999 -999999 -999999 -999999 -999999 -999999 -999999 -999999 121     
665    1952 825     -999999 1531    9       817     1884    686     0       -100    56      1175    1230    1612    2014    2016    1120    714     225     -191    
665    1953 937     169     1555    -142    953     1821    984     -158    -70     472     1055    1336    1809    1941    1713    1468    1120    359     129     
665    1954 791     173     1440    -319    805     1723    899     -559    -549    475     569     1364    1811    1573    1786    1523    893     282     230     
665    1955 780     169     1402    -78     610     1722    875     -246    -233    53      624     1153    1568    1817    1777    1457    820     351     147     
665    1956 700     73      1390    -309    716     1634    776     -72     -1049   176     636     1334    1499    1797    1602    1453    841     35      68      
665    1957 888     269     1433    66      827     1802    871     -129    280     531     830     1121    1892    1922    1594    1227    864     523     -27     
665    1958 856     200     1456    -38     669     1731    968     -215    148     -90     529     1563    1589    1855    1745    1428    960     517     192     
665    1959 924     346     1521    -23     983     1833    878     -86     -191    639     962     1347    1700    1964    1832    1304    907     423     207     
665    1960 859     255     1423    -65     829     1707    949     -224    -187    383     757     1344    1703    1663    1755    1299    979     569     226     
665    1961 905     400     1503    80      976     1684    1010    -216    246     587     1212    1137    1761    1624    1670    1619    1055    356     -206    
665    1962 771     191     1416    -105    718     1664    875     -7      -102    26      1032    1105    1560    1632    1797    1359    893     372     -462    
665    1963 778     -58     1562    -605    813     1849    1046    -804    -544    165     949     1332    1745    1985    1815    1532    858     754     -514    
665    1964 814     62      1550    -410    804     1823    869     -568    -131    -16     988     1446    1914    1945    1613    1380    793     437     -52     
665    1965 764     176     1383    -123    684     1655    747     17      -358    174     740     1141    1656    1659    1648    1441    768     32      170     
665    1966 900     201     1478    19      906     1713    977     -492    417     328     1020    1375    1766    1721    1653    1321    1276    324     77      
665    1967 922     363     1520    2       896     1815    1016    -205    148     539     759     1386    1642    2019    1779    1512    1161    369     -97     
665    1968 850     277     1473    -120    900     1740    924     -337    86      471     1001    1233    1785    1737    1700    1376    925     469     -254    
665    1969 814     131     1523    -224    798     1770    998     -240    -173    38      800     1555    1633    1964    1709    1458    1022    515     -576    
665    1970 801     97      1432    -364    673     1787    901     -307    -193    105     706     1208    1784    1810    1765    1302    849     552     -24     
665    1971 870     210     1523    -86     847     1824    764     -301    83      101     927     1516    1499    1937    2027    1205    794     292     302     
665    1972 870     340     1445    102     915     1793    754     -266    283     628     787     1325    1705    1965    1707    1160    667     437     26      
665    1973 867     269     1499    0       841     1804    826     -101    84      489     641     1386    1698    1803    1906    1538    741     204     -45     
665    1974 916     355     1413    159     925     1662    764     180     360     684     872     1217    1451    1636    1893    1392    549     358     355     
665    1975 906     310     1547    180     863     1792    883     255     -98     404     780     1402    1577    1897    1894    1711    742     202     29      
665    1976 850     156     1470    -21     742     1779    950     -59     -32     44      808     1376    1734    1967    1634    1282    1037    528     -149    
665    1977 871     363     1381    -25     889     1696    872     -80     172     656     668     1336    1722    1694    1671    1178    961     475     -56     
665    1978 796     289     1325    -68     813     1586    808     7       -163    473     738     1227    1547    1631    1578    1213    922     285     26      
665    1979 834     180     1449    -192    875     1704    822     -493    -99     415     718     1486    1919    1524    1676    1360    778     331     334     
665    1980 730     230     1304    3       646     1598    793     -455    140     253     600     1085    1554    1544    1696    1334    817     229     -48     
665    1981 860     214     1490    -163    974     1751    913     -355    -78     691     771     1455    1783    1734    1737    1442    908     390     -214    
665    1982 901     152     1555    -293    834     1861    1064    -491    -163    460     630     1406    1745    1978    1857    1695    1028    470     123     
665    1983 942     357     1619    59      964     1934    854     289     -267    442     1033    1418    1746    2150    1899    1445    918     198     -59     
665    1984 835     209     1391    -39     773     1653    940     -15     -43     236     797     1285    1527    1622    1806    1290    1031    497     -49     
665    1985 759     101     1459    -427    889     1681    761     -746    -492    318     816     1530    1397    1845    1790    1346    840     93      272     
665    1986 845     150     1503    -136    983     1726    880     -102    -625    347     1000    1602    1672    1776    1729    1220    940     479     -5      
665    1987 765     79      1428    -294    670     1647    985     -789    -67     -83     922     1179    1564    1815    1559    1521    959     474     88      
665    1988 905     355     1525    159     876     1778    777     222     167     208     886     1535    1671    1872    1786    1376    956     -6      145     
665    1989 954     352     1532    164     995     1769    905     33      330     640     938     1404    1586    1878    1835    1533    1018    161     46      
665    1990 970     415     1489    180     1002    1828    869     65      455     739     764     1493    1696    1813    1973    1169    993     441     1       
665    1991 828     288     1456    -112    788     1801    892     26      -389    599     754     1009    1573    2000    1823    1560    792     329     -225    
665    1992 990     249     1703    -22     944     2107    864     -19     190     426     878     1525    1965    2093    2257    1476    720     399     -55     
665    1993 888     177     1577    -104    1002    1767    767     25      -300    233     1070    1705    1676    1747    1877    1369    831     98      227     
665    1994 1004    329     1640    142     965     2025    895     235     -55     595     887     1409    1843    2295    1930    1449    691     551     142     
665    1995 944     335     1594    146     882     1948    894     -82     403     318     916     1411    1644    2243    1946    1374    1143    157     -190    
665    1996 780     64      1489    -321    801     1819    885     -414    -363    28      931     1449    1831    1775    1851    1079    1020    553     -414    
665    1997 879     240     1501    -204    825     1847    827     -395    239     445     586     1436    1776    1747    2016    1423    672     392     165     
665    1998 937     354     1571    219     991     1826    786     141     366     390     1078    1506    1841    1822    1816    1349    894     111     -102    
665    1999 956     244     1614    -48     1014    1821    961     60      -108    568     981     1492    1641    2004    1812    1740    902     244     56      
665    2000 1038    298     1638    58      1128    1831    1094    -175    309     452     1282    1655    1873    1639    1984    1382    1229    665     147     
665    2001 889     418     1506    60      934     1801    895     -47     81      410     821     1566    1528    1915    1951    1224    1239    209     -305    
665    2002 986     333     1651    -6      1051    1979    889     -105    435     531     860     1755    1886    2005    2042    1330    783     559     -285    
665    2003 946     169     1692    -267    984     2052    882     -165    -359    444     838     1664    2084    1964    2108    1472    591     593     33      
665    2004 901     231     1529    -69     885     1821    958     -348    121     401     1009    1249    1639    1852    1967    1442    1028    401     24      
665    2005 917     262     1587    -38     912     1802    993     68      -223    229     1044    1466    1762    1938    1704    1595    1075    306     -34     
665    2006 962     127     1657    -258    829     1951    1183    -515    -221    120     962     1410    1847    2352    1650    1708    1153    690     324     
665    2007 1039    605     1652    372     1137    1950    787     421     370     651     1174    1587    1965    1965    1920    1285    831     246     3       
665    2008 1027    344     1602    187     948     1928    969     226     343     413     922     1509    1915    1954    1915    1376    941     592     197     
665    2009 972     304     1680    -63     1088    1866    1042    -386    8       455     1352    1466    1605    1948    2037    1659    802     675     -5      
665    2010 861     239     1566    -165    877     1970    876     -423    -57     430     940     1264    1842    2197    1865    1270    752     612     -413    
665    2011 -999999 227     -999999 -179    -999999 -999999 -999999 -25     -89     506     1181    -999999 -999999 -999999 -999999 -999999 -999999 -999999 -999999 
