EUROPEAN CLIMATE ASSESSMENT & DATASET (ECA&D), file created on: 10-05-2011
THESE DATA CAN BE USED FREELY PROVIDED THAT THE FOLLOWING SOURCE IS ACKNOWLEDGED: 

Klein Tank, A.M.G. and Coauthors, 2002. Daily dataset of 20th-century surface
air temperature and precipitation series for the European Climate Assessment.
Int. J. of Climatol., 22, 1441-1453.
Data and metadata available at http://eca.knmi.nl

FILE FORMAT (MISSING VALUE CODE = -999999):

THIS FILE HOLDS DATA FOR STATION FRANCE                                   TOULON                                   (STAID:   2208)
LATITUDE: dd:mm:ss +43:06:00
LONGITUDE: ddd:mm:ss +005:55:48
ELEVATION: m   24

DATA IS FOR INDEX Mean of daily mean temperature (TG) with unit 0.01 Temperature (&#176;C)

01-06 SOUID: Source identifier
08-11 YEAR : YYYY
13-20 ANNUAL DATA VALUES
21-28 WINTER HALF YEAR DATA VALUES
29-36 SUMMER HALF YEAR DATA VALUES
37-44 WINTER (DJF) DATA VALUES
45-52 SPRING (MAM) DATA VALUES
53-60 SUMMER (JJA) DATA VALUES
61-68 AUTUMN (SON) DATA VALUES
69-76 JANUARY DATA VALUES
etc. 
157-164 DECEMBER DATA VALUES

2208   1956 1449    -999999 1888    -999999 1325    2104    1548    1034    375     1052    1220    1701    1891    2184    2230    2088    1495    1063    932     
2208   1957 1537    1110    1872    955     1356    2134    1667    835     1115    1218    1327    1523    1966    2222    2208    1976    1698    1324    1005    
2208   1958 1537    1151    1896    973     1284    2099    1747    875     1048    951     1197    1700    1899    2121    2271    2175    1719    1348    1104    
2208   1959 1573    1231    1963    1014    1422    2234    1634    898     1041    1260    1328    1676    2055    2376    2266    2062    1624    1216    1040    
2208   1960 1525    1169    1908    995     1419    2162    1570    912     1034    1180    1333    1743    2158    2210    2117    1875    1546    1289    890     
2208   1961 1626    1158    2034    964     1482    2237    1738    875     1144    1205    1541    1701    2080    2311    2314    2249    1731    1235    1100    
2208   1962 1523    1166    1948    1032    1294    2224    1618    1086    897     921     1360    1603    2057    2267    2341    2050    1707    1093    844     
2208   1963 1511    1011    1941    717     1387    2197    1702    637     664     1091    1357    1711    1978    2434    2171    1978    1675    1454    920     
2208   1964 1603    1179    2063    936     1452    2328    1682    888     1004    1131    1369    1854    2209    2431    2339    2164    1535    1351    941     
2208   1965 1525    1096    1894    860     1389    2138    1651    916     708     1098    1377    1691    1973    2222    2214    1871    1796    1280    1091    
2208   1966 1584    1220    1977    1040    1430    2188    1682    887     1153    1106    1437    1747    2196    2165    2203    2108    1852    1079    1046    
2208   1967 1603    1201    1977    990     1459    2260    1738    927     997     1281    1387    1707    1970    2461    2340    1976    1831    1404    909     
2208   1968 1598    1223    1970    961     1462    2206    1727    913     1066    1213    1440    1733    2049    2353    2210    2020    1853    1303    1002    
2208   1969 1565    1167    1995    907     1413    2233    1769    966     736     1105    1422    1712    1923    2355    2411    2132    1882    1290    778     
2208   1970 1605    1150    2032    918     1313    2318    1797    978     1005    959     1289    1692    2216    2326    2409    2248    1748    1397    957     
2208   1971 1599    1159    2039    964     1362    2303    1699    914     1028    908     1458    1722    1957    2400    2540    2138    1811    1145    1125    
2208   1972 1574    1220    1926    1042    1420    2210    1633    943     1059    1226    1372    1660    1984    2381    2258    1882    1655    1361    1088    
2208   1973 1620    1171    2093    976     1367    2415    1746    971     858     1071    1229    1797    2185    2428    2623    2276    1662    1303    977     
2208   1974 1589    1219    2015    1042    1410    2330    1515    1092    1058    1211    1329    1689    2114    2415    2453    2076    1262    1217    1119    
2208   1975 1612    1131    2032    1096    1344    2341    1686    1105    1060    1020    1341    1671    2021    2439    2553    2150    1636    1274    1033    
2208   1976 1593    1185    2025    1029    1405    2371    1560    986     1072    1105    1327    1780    2286    2457    2366    1918    1597    1164    1031    
2208   1977 1583    1191    1909    1049    1421    2137    1709    967     1159    1225    1402    1635    1996    2237    2173    2001    1838    1283    1047    
2208   1978 1534    1194    1910    947     1358    2174    1624    856     935     1179    1258    1633    2004    2239    2273    2036    1605    1232    1110    
2208   1979 1570    1156    1984    969     1379    2293    1652    778     1025    1174    1276    1684    2188    2365    2323    2050    1704    1201    1034    
2208   1980 1513    1185    1900    1018    1307    2151    1639    892     1136    1141    1256    1523    1914    2120    2411    2167    1603    1149    834     
2208   1981 1598    1075    2049    827     1439    2313    1745    835     810     1196    1448    1672    2164    2300    2470    2233    1710    1295    996     
2208   1982 1653    1205    2096    1043    1396    2402    1745    1148    978     1086    1337    1762    2211    2589    2400    2263    1641    1337    1039    
2208   1983 1601    1156    2029    940     1370    2361    1726    1009    754     1121    1326    1662    2123    2569    2383    2093    1711    1375    1023    
2208   1984 1541    1139    1930    910     1282    2268    1700    882     819     1013    1353    1482    2019    2415    2364    1932    1735    1432    1025    
2208   1985 1614    1150    2079    886     1392    2338    1795    576     1074    1061    1482    1635    2062    2566    2377    2343    1939    1097    1118    
2208   1986 1682    1173    2144    926     1504    2426    1878    905     736     1201    1300    2005    2198    2558    2515    2268    1911    1454    1058    
2208   1987 1688    1223    2172    943     1450    2452    1856    800     974     1122    1535    1696    2124    2624    2598    2441    1841    1285    1172    
2208   1988 1647    1272    2055    1100    1463    2336    1742    1123    1000    1195    1390    1802    2096    2452    2453    2117    1864    1240    999     
2208   1989 1689    1259    2087    1020    1536    2375    1745    1001    1065    1365    1358    1880    2117    2552    2447    2149    1790    1295    1191    
2208   1990 1684    1325    2083    1163    1551    2349    1776    988     1326    1356    1395    1898    2121    2412    2508    2145    1900    1279    849     
2208   1991 1636    1223    2066    919     1447    2356    1751    1016    890     1375    1352    1609    2027    2463    2568    2361    1629    1266    1012    
2208   1992 1543    1113    2015    879     1463    2263    1569    745     881     1136    1364    1885    1941    2332    2507    2039    1481    1190    982     
2208   1993 1534    1061    1979    888     1392    2254    1566    855     819     1019    1372    1783    2178    2234    2348    1946    1637    1118    1047    
2208   1994 1585    -999999 1965    951     1365    2308    1695    867     936     1197    1245    1648    1985    2464    2468    1975    1627    1479    1076    
2208   1995 1534    -999999 1887    1016    1303    2203    1629    893     1080    1081    1234    1592    1856    2385    2357    1875    1749    1258    991     
2208   1996 1511    1158    1874    954     1318    2174    1569    1068    797     1061    1269    1623    2075    2241    2202    1818    1638    1248    1048    
2208   1997 1600    1202    1957    1037    1415    2206    1735    970     1098    1201    1330    1710    2043    2200    2369    2074    1792    1335    1043    
2208   1998 1544    1218    1965    1012    1367    2264    1579    994     998     1126    1260    1711    2045    2380    2360    2014    1622    1100    875     
2208   1999 1574    1097    2020    907     1406    2288    1689    941     906     1123    1316    1776    2076    2376    2393    2171    1724    1173    898     
2208   2000 1606    1128    2013    923     1405    2265    1721    842     1036    1093    1303    1817    2130    2215    2445    2156    1755    1252    1205    
2208   2001 1668    1288    2048    1111    1546    2344    1760    1054    1069    1370    1421    1842    2165    2367    2495    1979    1998    1296    914     
2208   2002 1686    1283    2058    1002    1544    2335    1772    933     1178    1373    1507    1749    2269    2378    2355    2079    1759    1480    1139    
2208   2003 1689    1218    2209    954     1499    2613    1697    882     830     1189    1408    1896    2510    2532    2794    2093    1619    1382    1068    
2208   2004 1631    1180    2051    991     1394    2335    1769    952     950     1100    1399    1684    2219    2371    2411    2193    1838    1272    1145    
2208   2005 1617    1187    2102    970     1444    2410    1744    943     806     1084    1377    1870    2352    2428    2448    2123    1798    1311    812     
2208   2006 1716    1155    2163    885     1529    2450    1885    891     959     1144    1538    1906    2207    2746    2389    2176    1929    1548    1102    
2208   2007 1599    1320    1998    1086    1518    2212    1601    1062    1094    1169    1535    1850    2104    2314    2216    1955    1630    1218    1011    
2208   2008 1573    1175    1973    998     1455    2210    1663    1025    954     1199    1385    1780    2068    2291    2267    2034    1705    1250    898     
2208   2009 1614    -999999 2070    872     1473    2333    1747    815     905     1140    1463    1793    2161    2395    2439    2158    1712    1371    943     
2208   2010 1511    1117    1980    838     1372    2294    1571    709     865     1083    1355    1677    2076    2475    2323    1955    1603    1153    806     
2208   2011 -999999 1074    -999999 858     -999999 -999999 -999999 846     928     1098    1445    -999999 -999999 -999999 -999999 -999999 -999999 -999999 -999999 
