EUROPEAN CLIMATE ASSESSMENT & DATASET (ECA&D), file created on: 10-05-2011
THESE DATA CAN BE USED FREELY PROVIDED THAT THE FOLLOWING SOURCE IS ACKNOWLEDGED: 

Klein Tank, A.M.G. and Coauthors, 2002. Daily dataset of 20th-century surface
air temperature and precipitation series for the European Climate Assessment.
Int. J. of Climatol., 22, 1441-1453.
Data and metadata available at http://eca.knmi.nl

FILE FORMAT (MISSING VALUE CODE = -999999):

THIS FILE HOLDS DATA FOR STATION GREECE                                   KYTHIRA                                  (STAID:    844)
LATITUDE: dd:mm:ss +36:07:48
LONGITUDE: ddd:mm:ss +023:01:12
ELEVATION: m  167

DATA IS FOR INDEX Mean of daily mean temperature (TG) with unit 0.01 Temperature (&#176;C)

01-06 SOUID: Source identifier
08-11 YEAR : YYYY
13-20 ANNUAL DATA VALUES
21-28 WINTER HALF YEAR DATA VALUES
29-36 SUMMER HALF YEAR DATA VALUES
37-44 WINTER (DJF) DATA VALUES
45-52 SPRING (MAM) DATA VALUES
53-60 SUMMER (JJA) DATA VALUES
61-68 AUTUMN (SON) DATA VALUES
69-76 JANUARY DATA VALUES
etc. 
157-164 DECEMBER DATA VALUES

844    1958 1822    -999999 2207    -999999 1580    2517    1908    1113    1311    1270    1434    2033    2277    2590    2683    2217    1897    1612    1419    
844    1959 -999999 1372    -999999 1144    1542    -999999 1778    1110    879     1277    1458    1887    2163    2497    -999999 2147    1662    1527    1419    
844    1960 1865    1376    2195    1284    1550    2497    2087    1193    1236    1216    1466    1965    2313    2537    2634    2239    2183    1836    1533    
844    1961 1820    1518    2202    1259    1605    2480    1976    1171    1044    1288    1647    1881    2299    2533    2602    2239    1896    1797    1367    
844    1962 1847    1453    2247    1220    1604    2550    2042    1232    1044    1355    1502    1951    2356    2589    2699    2368    1935    1826    1253    
844    1963 1838    1423    2233    1213    1466    2575    2027    1170    1218    1130    1453    1814    2286    2677    2753    2399    1922    1762    1429    
844    1964 1744    1391    2123    1134    1487    2454    1939    944     1022    1257    1432    1769    2356    2519    2484    2161    2021    1630    1309    
844    1965 1781    1397    2178    1156    1483    2506    1941    1125    1021    1244    1409    1793    2385    2682    2447    2341    1799    1688    1382    
844    1966 1836    1423    2185    1283    1514    2500    2071    1127    1346    1197    1547    1799    2249    2591    2651    2258    2172    1778    1284    
844    1967 1775    1421    2181    1121    1495    2489    1963    1068    1000    1193    1425    1866    2216    2565    2678    2314    1955    1619    1342    
844    1968 1787    1377    2247    1171    1682    2454    1871    994     1180    1167    1655    2222    2315    2599    2442    2231    1823    1559    1242    
844    1969 1772    1340    2168    1155    1523    2418    1959    987     1244    1184    1317    2061    2308    2415    2528    2364    1797    1721    1301    
844    1970 1785    1423    2168    1246    1529    2475    1893    1211    1222    1275    1590    1724    2304    2515    2601    2265    1820    1596    1263    
844    1971 1777    1387    2192    1212    1608    2467    1821    1248    1117    1258    1464    2098    2352    2423    2621    2174    1760    1532    1229    
844    1972 1728    1308    2173    1131    1529    2426    1865    1082    1079    1162    1542    1884    2379    2387    2512    2326    1738    1537    1100    
844    1973 1768    1272    2188    1087    1477    2476    1928    1018    1148    1086    1335    2004    2299    2635    2489    2345    1960    1477    1377    
844    1974 1733    1356    2125    1165    1440    2452    1939    985     1129    1189    1371    1758    2268    2556    2526    2257    2026    1530    1155    
844    1975 -999999 1334    -999999 1040    1584    -999999 1914    1024    929     1309    1516    1925    2207    -999999 2419    2395    1893    1456    1146    
844    1976 1671    1273    2042    1051    1452    2289    1851    1076    924     1128    1408    1818    2146    2407    2309    2151    1904    1496    1257    
844    1977 1787    1408    2186    1240    1580    2500    1876    1107    1368    1315    1444    1976    2308    2626    2558    2183    1735    1714    1080    
844    1978 1728    1332    2131    1080    1541    2450    1738    993     1175    1293    1438    1890    2362    2564    2422    2093    1797    1322    1340    
844    1979 1760    1329    2156    1179    1507    2472    1903    1090    1098    1305    1360    1849    2412    2482    2522    2298    1897    1513    1245    
844    1980 1729    1296    2098    1063    1409    2432    2011    994     942     1171    1351    1704    2228    2532    2531    2227    2029    1778    1239    
844    1981 1775    1387    2174    1057    1531    2481    1967    895     1035    1325    1520    1747    2436    2479    2525    2332    2142    1421    1395    
844    1982 1744    1347    2184    1140    1446    2476    1959    1124    875     1081    1422    1834    2397    2461    2569    2413    1988    1475    1226    
844    1983 1714    1296    2150    1060    1550    2374    1845    1007    933     1119    1561    1971    2160    2526    2430    2235    1803    1498    1263    
844    1984 1759    1332    2132    1173    1487    2388    2001    1154    1097    1164    1341    1951    2188    2534    2435    2323    2113    1565    1212    
844    1985 1790    1372    2221    1126    1558    2509    1895    1152    1001    1162    1539    1972    2330    2562    2629    2280    1741    1668    1387    
844    1986 1791    1397    2240    1259    1583    2506    1883    1198    1184    1194    1654    1903    2309    2538    2664    2358    1884    1406    1156    
844    1987 1755    1268    2189    1149    1299    2528    1980    1159    1128    864     1348    1686    2272    2728    2575    2507    1850    1587    1315    
844    1988 1806    1378    2294    1211    1555    2641    1857    1233    1077    1195    1507    1962    2382    2839    2693    2358    1846    1367    1175    
844    1989 1744    1287    2166    1062    1583    2411    1872    943     1071    1303    1697    1753    2146    2513    2565    2312    1792    1514    1281    
844    1990 1820    1341    2217    1128    1623    2488    2014    976     1127    1342    1573    1954    2282    2649    2526    2303    1987    1754    1323    
844    1991 1727    1422    2123    1156    1463    2454    1968    1064    1074    1308    1429    1651    2343    2479    2536    2288    2032    1586    911     
844    1992 1732    1252    2142    931     1443    2466    2028    1006    872     1120    1474    1738    2251    2469    2670    2233    2175    1670    1073    
844    1993 1780    1332    2215    1000    1488    2541    1963    1047    866     1129    1486    1848    2375    2556    2688    2322    2085    1478    1407    
844    1994 1864    1435    2306    1262    1621    2551    2069    1255    1111    1244    1564    2053    2297    2604    2745    2559    2124    1523    1237    
844    1995 1792    1420    2225    1216    1507    2565    1841    1170    1244    1208    1435    1875    2480    2654    2560    2335    1794    1396    1321    
844    1996 1765    1272    2216    1140    1464    2552    1887    1031    1062    1019    1379    1991    2408    2607    2637    2254    1808    1602    1359    
844    1997 1757    1370    2147    1226    1447    2496    1867    1208    1099    1126    1249    1961    2414    2607    2464    2164    1838    1599    1306    
844    1998 -999999 -999999 -999999 -999999 -999999 -999999 -999999 -999999 1221    1085    -999999 1799    2413    2733    2791    2324    2051    1638    1170    
844    1999 -999999 -999999 -999999 -999999 -999999 -999999 -999999 1146    -999999 1268    -999999 2001    2451    2620    2755    -999999 2154    -999999 -999999 
844    2000 -999999 -999999 -999999 -999999 -999999 -999999 -999999 -999999 1069    1196    1634    2010    2418    2790    2669    -999999 1932    -999999 -999999 
844    2001 -999999 -999999 -999999 -999999 -999999 2620    -999999 -999999 -999999 1573    1530    1921    2316    2749    2785    2462    2070    -999999 1056    
844    2002 -999999 -999999 -999999 -999999 1596    -999999 -999999 1048    1315    1335    1515    1941    2443    2762    2632    -999999 2028    -999999 1186    
844    2003 -999999 -999999 -999999 -999999 1540    2728    -999999 1284    742     1079    1366    2139    2598    2749    2828    2290    2065    1666    1141    
844    2004 -999999 -999999 -999999 -999999 -999999 -999999 -999999 1028    1084    1215    1475    1748    2262    2631    2564    2298    2063    -999999 1344    
844    2005 -999999 -999999 -999999 -999999 -999999 2495    1881    1076    -999999 1298    1424    1899    2275    2602    2606    2322    1835    1473    1272    
844    2006 -999999 -999999 -999999 -999999 -999999 2557    -999999 -999999 -999999 -999999 -999999 -999999 2357    2572    2735    2243    -999999 1452    1204    
844    2007 -999999 -999999 -999999 -999999 1603    -999999 1976    1228    -999999 1273    1553    1977    2578    2791    -999999 2334    1996    1583    1166    
844    2008 -999999 -999999 -999999 -999999 1675    2646    -999999 1097    1096    1419    1601    1994    2472    2700    2761    2338    1978    1759    1323    
844    2009 -999999 -999999 -999999 1216    1615    -999999 -999999 1246    1066    1257    1546    2039    2397    -999999 2660    2254    -999999 -999999 -999999 
844    2010 -999999 -999999 -999999 -999999 -999999 -999999 -999999 -999999 -999999 -999999 -999999 -999999 -999999 -999999 -999999 -999999 -999999 -999999 -999999 
