EUROPEAN CLIMATE ASSESSMENT & DATASET (ECA&D), file created on: 10-05-2011
THESE DATA CAN BE USED FREELY PROVIDED THAT THE FOLLOWING SOURCE IS ACKNOWLEDGED: 

Klein Tank, A.M.G. and Coauthors, 2002. Daily dataset of 20th-century surface
air temperature and precipitation series for the European Climate Assessment.
Int. J. of Climatol., 22, 1441-1453.
Data and metadata available at http://eca.knmi.nl

FILE FORMAT (MISSING VALUE CODE = -999999):

THIS FILE HOLDS DATA FOR STATION FRANCE                                   CHARTRES-CHAMPHOL                        (STAID:    768)
LATITUDE: dd:mm:ss +48:27:42
LONGITUDE: ddd:mm:ss +001:30:11
ELEVATION: m  155

DATA IS FOR INDEX Mean of daily mean temperature (TG) with unit 0.01 Temperature (&#176;C)

01-06 SOUID: Source identifier
08-11 YEAR : YYYY
13-20 ANNUAL DATA VALUES
21-28 WINTER HALF YEAR DATA VALUES
29-36 SUMMER HALF YEAR DATA VALUES
37-44 WINTER (DJF) DATA VALUES
45-52 SPRING (MAM) DATA VALUES
53-60 SUMMER (JJA) DATA VALUES
61-68 AUTUMN (SON) DATA VALUES
69-76 JANUARY DATA VALUES
etc. 
157-164 DECEMBER DATA VALUES

768    1956 931     -999999 1401    -999999 945     1536    1048    375     -400    680     787     1361    1350    1721    1531    1642    1026    477     547     
768    1957 1058    668     1453    495     1010    1743    1059    256     701     999     935     1094    1700    1845    1683    1451    1120    605     283     
768    1958 1034    568     1472    415     856     1671    1121    383     598     424     782     1360    1490    1738    1780    1668    1112    585     463     
768    1959 1134    605     1607    365     1070    1842    1205    268     365     815     1020    1374    1660    1998    1861    1716    1215    683     576     
768    1960 1050    670     1469    437     1065    1673    1113    311     422     798     979     1417    1692    1646    1681    1387    1117    835     303     
768    1961 1123    699     1562    463     1089    1699    1201    326     792     835     1199    1237    1587    1738    1769    1842    1174    588     379     
768    1962 943     551     1400    403     770     1645    1050    461     365     324     865     1124    1510    1669    1751    1469    1158    519     68      
768    1963 903     322     1432    -139    918     1650    1172    -269    -223    635     941     1179    1578    1794    1575    1516    1103    898     37      
768    1964 1023    520     1564    198     962     1773    1083    48      531     515     918     1452    1597    1882    1835    1681    905     669     233     
768    1965 987     505     1390    245     960     1611    998     351     142     703     901     1275    1590    1607    1635    1317    1111    564     580     
768    1966 1065    636     1491    494     993     1673    1087    125     807     645     1084    1254    1720    1642    1657    1588    1198    472     580     
768    1967 1050    657     1457    498     943     1722    1119    340     583     759     852     1216    1485    1937    1735    1497    1256    600     303     
768    1968 1004    592     1439    332     928     1674    1118    360     333     682     963     1142    1565    1715    1738    1500    1315    531     172     
768    1969 1043    576     1515    304     980     1739    1170    512     220     668     959     1312    1508    1912    1790    1593    1253    660     65      
768    1970 1038    543     1508    295     852     1759    1197    396     436     439     768     1346    1766    1714    1797    1648    1112    833     165     
768    1971 1028    542     1524    303     950     1713    1058    316     441     381     1048    1423    1469    1893    1768    1524    1126    521     388     
768    1972 984     604     1354    380     977     1581    996     255     505     823     933     1174    1332    1757    1646    1269    1017    701     378     
768    1973 1029    548     1529    317     894     1807    1088    262     310     602     775     1302    1661    1758    1997    1665    999     604     367     
768    1974 1065    641     1444    506     958     1703    965     626     525     712     967     1195    1573    1715    1817    1385    786     729     711     
768    1975 1040    661     1495    647     854     1790    1034    666     554     512     903     1148    1516    1823    2023    1542    927     636     200     
768    1976 1099    527     1624    346     946     1999    1088    427     415     551     882     1402    1993    2078    1927    1442    1185    633     222     
768    1977 1042    636     1368    391     933     1604    1117    330     646     797     801     1198    1450    1734    1624    1389    1271    687     546     
768    1978 984     640     1372    377     917     1567    1089    279     297     728     775     1244    1448    1651    1596    1504    1166    593     471     
768    1979 988     504     1431    199     899     1669    1128    -176    313     644     828     1223    1588    1753    1664    1518    1199    665     596     
768    1980 979     624     1438    429     878     1645    1052    116     585     582     858     1192    1482    1613    1834    1636    1031    490     323     
768    1981 1058    583     1477    332     1054    1683    1127    404     264     955     965     1238    1474    1746    1822    1606    1059    718     385     
768    1982 1114    621     1570    427     953     1818    1215    416     484     652     870     1335    1760    1935    1759    1749    1094    806     474     
768    1983 1096    649     1564    431     900     1929    1135    582     217     684     870     1145    1696    2182    1902    1574    1133    697     396     
768    1984 1034    593     1425    401     818     1717    1184    441     362     516     928     1012    1572    1793    1782    1455    1171    925     432     
768    1985 963     531     1473    187     913     1640    1061    -121    256     510     980     1251    1438    1838    1638    1682    1122    377     535     
768    1986 984     463     1408    241     833     1732    1119    394     -254    530     657     1306    1739    1788    1670    1272    1300    778     526     
768    1987 972     514     1496    179     886     1677    1179    -269    291     445     1131    1090    1473    1758    1795    1726    1170    641     382     
768    1988 1099    669     1489    506     1014    1684    1096    674     459     675     984     1383    1553    1675    1819    1508    1214    563     652     
768    1989 1139    717     1570    526     1076    1826    1191    398     530     921     754     1544    1634    1971    1867    1628    1329    613     423     
768    1990 1160    760     1559    583     1073    1830    1173    502     851     846     887     1481    1503    1918    2058    1478    1331    704     330     
768    1991 1027    630     1491    270     966     1748    1121    401     57      905     874     1116    1384    1867    1983    1708    1038    620     295     
768    1992 -999999 -999999 -999999 378     1102    1915    1132    320     540     847     969     1515    1703    1975    2054    1531    947     912     503     
768    1993 -999999 -999999 1536    489     1113    1730    906     643     308     729     1176    1437    1734    1752    1704    1411    961     344     654     
768    1994 1191    664     -999999 582     1060    1894    1215    592     490     915     917     1331    1651    2136    1888    1432    1152    1063    640     
768    1995 1151    799     1570    638     967     1915    1197    493     796     661     937     1303    1538    2120    2074    1421    1440    721     280     
768    1996 1014    622     1476    315     900     1788    1075    400     261     610     962     1131    1732    1811    1821    1386    1177    659     194     
768    1997 1150    612     1595    287     1075    1887    1210    8       699     948     939     1334    1618    1815    2221    1623    1156    854     557     
768    1998 1108    736     1551    530     1070    1771    1070    471     565     801     931     1475    1656    1741    1911    1574    1145    488     497     
768    1999 1176    675     1642    520     1131    1848    1177    596     459     840     1045    1504    1585    2035    1915    1753    1171    607     544     
768    2000 1161    691     1569    536     1065    1776    1204    395     679     748     967     1478    1691    1694    1941    1633    1183    798     704     
768    2001 1136    762     1551    572     1089    1835    1170    467     544     855     894     1511    1641    1905    1953    1376    1489    635     301     
768    2002 1177    763     1535    528     1057    1791    1194    544     762     843     1029    1298    1717    1816    1837    1503    1212    865     672     
768    2003 1188    727     1730    430     1142    2109    1124    254     358     971     1092    1360    2004    2009    2311    1589    950     838     467     
768    2004 1126    656     1590    493     979     1846    1227    483     531     666     1013    1269    1738    1836    1962    1699    1223    760     320     
768    2005 1150    644     1619    381     1045    1852    1303    506     310     717     1048    1369    1827    1927    1802    1733    1553    615     333     
768    2006 1187    619     1697    311     1013    1945    1403    299     301     585     1004    1449    1803    2304    1725    1883    1465    859     512     
768    2007 1189    853     1632    675     1214    1786    1102    743     783     744     1408    1502    1760    1856    1742    1512    1122    672     402     
768    2008 1132    689     1577    539     1082    1823    1103    592     628     716     933     1594    1718    1878    1871    1450    1102    758     319     
768    2009 -999999 -999999 -999999 259     1114    1885    1303    98      371     708     1183    1427    1660    1934    2054    1685    1225    1002    378     
768    2010 -999999 635     -999999 277     1026    1913    1131    71      397     719     1085    1276    1807    2076    1843    1537    1125    669     29      
768    2011 -999999 -999999 -999999 349     -999999 -999999 -999999 417     631     889     1333    -999999 -999999 -999999 -999999 -999999 -999999 -999999 -999999 
