EUROPEAN CLIMATE ASSESSMENT & DATASET (ECA&D), file created on: 10-05-2011
THESE DATA CAN BE USED FREELY PROVIDED THAT THE FOLLOWING SOURCE IS ACKNOWLEDGED: 

Klein Tank, A.M.G. and Coauthors, 2002. Daily dataset of 20th-century surface
air temperature and precipitation series for the European Climate Assessment.
Int. J. of Climatol., 22, 1441-1453.
Data and metadata available at http://eca.knmi.nl

FILE FORMAT (MISSING VALUE CODE = -999999):

THIS FILE HOLDS DATA FOR STATION SWEDEN                                   HARSFJARDEN                              (STAID:   1413)
LATITUDE: dd:mm:ss +59:04:12
LONGITUDE: ddd:mm:ss +018:07:12
ELEVATION: m    4

DATA IS FOR INDEX Mean of daily mean temperature (TG) with unit 0.01 Temperature (&#176;C)

01-06 SOUID: Source identifier
08-11 YEAR : YYYY
13-20 ANNUAL DATA VALUES
21-28 WINTER HALF YEAR DATA VALUES
29-36 SUMMER HALF YEAR DATA VALUES
37-44 WINTER (DJF) DATA VALUES
45-52 SPRING (MAM) DATA VALUES
53-60 SUMMER (JJA) DATA VALUES
61-68 AUTUMN (SON) DATA VALUES
69-76 JANUARY DATA VALUES
etc. 
157-164 DECEMBER DATA VALUES

1413   1962 -999999 -999999 1028    -999999 188     1339    676     -999999 -201    -552    404     720     1244    1419    1351    1013    769     243     -290    
1413   1963 496     -200    1168    -606    271     1506    741     -773    -772    -415    256     972     1365    1591    1556    1248    676     302     -140    
1413   1964 601     25      1157    -211    392     1475    707     -152    -350    -201    375     1002    1396    1548    1479    1126    743     251     -45     
1413   1965 524     67      1077    -161    299     1385    650     -100    -358    -127    384     642     1366    1375    1415    1274    808     -137    -310    
1413   1966 492     -200    1091    -629    302     1513    646     -628    -983    -21     55      864     1497    1605    1436    1071    603     267     23      
1413   1967 626     94      1158    -198    499     1493    844     -508    -100    267     434     792     1296    1612    1565    1232    879     419     -414    
1413   1968 556     -6      1173    -494    475     1513    624     -668    -393    127     563     739     1512    1444    1582    1190    573     111     -127    
1413   1969 529     -122    1172    -287    193     1563    701     -233    -523    -567    351     802     1411    1654    1619    1176    773     151     -337    
1413   1970 455     -229    1107    -716    288     1492    639     -783    -1063   -181    179     862     1470    1500    1504    1106    685     125     -63     
1413   1971 596     53      1103    -97     331     1456    620     -107    -123    -212    284     921     1239    1609    1513    1028    741     85      112     
1413   1972 671     100     1170    -98     401     1608    681     -327    -78     53      328     820     1411    1845    1562    1033    672     340     364     
1413   1973 637     305     1174    158     521     1599    475     112     -19     329     357     872     1478    1814    1502    999     463     -35     -277    
1413   1974 663     53      1110    -56     409     1417    719     45      76      45      440     744     1321    1470    1457    1218    560     386     157     
1413   1975 751     230     1243    114     472     1590    833     186     -16     85      366     962     1295    1666    1799    1344    775     381     102     
1413   1976 550     64      1121    -175    328     1502    635     -448    -178    -253    380     861     1352    1586    1564    964     624     317     -191    
1413   1977 578     49      1032    -237    366     1389    705     -135    -400    45      241     809     1367    1406    1394    956     778     378     25      
1413   1978 519     75      1053    -198    304     1423    718     -110    -541    -131    249     791     1337    1449    1481    994     664     497     -525    
1413   1979 500     -122    1114    -621    369     1466    645     -691    -651    -58     272     891     1478    1451    1469    1111    517     311     -169    
1413   1980 536     -97     1176    -366    299     1521    636     -393    -549    -318    492     730     1445    1617    1497    1265    615     28      -29     
1413   1981 528     -14     1122    -188    363     1442    649     -338    -197    -179    348     919     1269    1586    1464    1126    651     170     -524    
1413   1982 610     -110    1160    -549    488     1485    789     -693    -418    131     396     934     1197    1608    1642    1159    758     452     78      
1413   1983 663     191     1212    -32     442     1570    715     141     -345    16      402     907     1328    1691    1684    1241    763     138     -99     
1413   1984 646     42      1147    -171    422     1471    784     -257    -157    -145    455     956     1317    1512    1578    1045    882     421     120     
1413   1985 389     -104    1060    -608    285     1453    601     -844    -1153   -133    193     792     1295    1560    1498    997     742     58      -451    
1413   1986 534     -152    1094    -577    411     1466    680     -469    -836    -18     214     1030    1404    1635    1357    898     672     471     -60     
1413   1987 421     -137    993     -521    228     1269    715     -1124   -364    -418    356     749     1082    1455    1265    1033    832     276     -132    
1413   1988 611     142     1200    -23     350     1572    572     77      -13     -193    305     935     1523    1693    1499    1225    603     -115    -238    
1413   1989 736     182     1208    98      585     1521    727     278     271     294     414     1041    1392    1655    1511    1215    760     204     -232    
1413   1990 726     261     1161    53      648     1481    608     79      341     419     548     975     1325    1519    1594    987     695     138     54      
1413   1991 634     131     1091    -78     416     1445    739     -33     -273    164     373     710     1047    1646    1628    1120    731     365     57      
1413   1992 715     248     1247    48      571     1602    618     61      24      238     319     1149    1567    1654    1584    1190    405     266     93      
1413   1993 650     174     1117    52      599     1401    561     33      29      208     463     1121    1218    1573    1406    892     634     155     12      
1413   1994 673     41      1245    -205    476     1614    731     -103    -559    52      570     809     1323    1858    1652    1240    636     321     183     
1413   1995 648     216     1190    30      455     1602    709     -166    80      233     374     754     1474    1621    1708    1189    913     18      -466    
1413   1996 540     -110    1116    -484    324     1516    727     -319    -680    -156    385     745     1319    1459    1763    1001    818     359     -264    
1413   1997 705     155     1275    -157    443     1738    683     -211    20      204     349     772     1449    1785    1971    1302    501     251     22      
1413   1998 628     156     1111    77      368     1419    649     43      174     -50     281     872     1245    1569    1438    1241    680     25      -16     
1413   1999 728     77      1293    -124    518     1606    919     -182    -178    109     638     811     1456    1820    1537    1488    814     459     -92     
1413   2000 776     216     1192    -44     576     1483    962     -54     20      145     517     1064    1325    1588    1532    1107    1072    704     266     
1413   2001 626     217     1225    -100    420     1586    734     -131    -471    -191    481     973     1374    1848    1528    1123    893     181     -210    
1413   2002 644     151     1317    -102    583     1717    456     -154    71      109     537     1101    1563    1765    1816    1095    259     20      -491    
1413   2003 617     -170    1244    -500    504     1660    615     -473    -541    175     320     1011    1443    1892    1637    1146    333     375     32      
1413   2004 599     16      1203    -216    510     1520    591     -452    -231    37      508     984     1345    1536    1667    1164    626     -18     13      
1413   2005 626     -12     1205    -65     316     1534    751     40      -267    -491    495     948     1360    1737    1500    1170    728     354     -116    
1413   2006 -999999 -78     -999999 -316    269     -999999 869     -411    -433    -609    410     1010    -999999 -999999 -999999 1369    847     391     347     
1413   2007 689     255     1253    -26     665     1583    602     -59     -402    346     631     1016    1520    1579    1649    1106    597     103     100     
1413   2008 -999999 203     -999999 155     554     1560    -999999 181     186     44      585     1034    1459    1723    1495    -999999 655     231     26      
1413   2009 596     46      1206    -197    502     1473    715     -283    -350    -37     593     954     1183    1654    1574    1257    426     472     -343    
1413   2010 483     -231    1287    -689    409     1684    619     -976    -753    -239    470     997     1401    1981    1660    1186    601     72      -682    
1413   2011 -999999 -114    -999999 -485    -999999 -999999 -999999 -255    -521    65      735     -999999 -999999 -999999 -999999 -999999 -999999 -999999 -999999 
