EUROPEAN CLIMATE ASSESSMENT & DATASET (ECA&D), file created on: 10-05-2011
THESE DATA CAN BE USED FREELY PROVIDED THAT THE FOLLOWING SOURCE IS ACKNOWLEDGED: 

Klein Tank, A.M.G. and Coauthors, 2002. Daily dataset of 20th-century surface
air temperature and precipitation series for the European Climate Assessment.
Int. J. of Climatol., 22, 1441-1453.
Data and metadata available at http://eca.knmi.nl

FILE FORMAT (MISSING VALUE CODE = -999999):

THIS FILE HOLDS DATA FOR STATION NORWAY                                   BJOERNOEYA                               (STAID:    179)
LATITUDE: dd:mm:ss +74:31:00
LONGITUDE: ddd:mm:ss +019:01:00
ELEVATION: m   16

DATA IS FOR INDEX Mean of daily mean temperature (TG) with unit 0.01 Temperature (&#176;C)

01-06 SOUID: Source identifier
08-11 YEAR : YYYY
13-20 ANNUAL DATA VALUES
21-28 WINTER HALF YEAR DATA VALUES
29-36 SUMMER HALF YEAR DATA VALUES
37-44 WINTER (DJF) DATA VALUES
45-52 SPRING (MAM) DATA VALUES
53-60 SUMMER (JJA) DATA VALUES
61-68 AUTUMN (SON) DATA VALUES
69-76 JANUARY DATA VALUES
etc. 
157-164 DECEMBER DATA VALUES

179    1938 28      -999999 211     -999999 -419    458     217     -252    -390    -706    -448    -104    249     554     565     435     220     -3      183     
179    1939 -96     -181    174     -260    -356    456     31      -407    -588    -526    -503    -45     209     485     667     209     39      -156    -578    
179    1940 -240    -570    91      -697    -721    383     17      -484    -1054   -1208   -1038   74      341     299     506     344     36      -328    -414    
179    1941 -999999 -653    -999999 -970    -617    -999999 -999999 -1379   -1147   -745    -749    -362    82      -999999 -999999 -999999 -999999 -999999 -999999 
179    1942 -999999 -999999 -999999 -999999 -999999 -999999 -999999 -999999 -999999 -999999 -999999 -999999 -999999 -999999 -999999 -999999 -999999 -999999 -999999 
179    1943 -999999 -999999 -999999 -999999 -999999 -999999 -999999 -999999 -999999 -999999 -999999 -999999 -999999 -999999 -999999 -999999 -999999 -999999 -999999 
179    1944 -999999 -999999 -999999 -999999 -999999 -999999 -999999 -999999 -999999 -999999 -999999 -999999 -999999 -999999 -999999 -999999 -999999 -999999 -999999 
179    1945 -999999 -999999 -999999 -999999 -999999 -999999 -999999 -999999 -999999 -999999 -999999 -999999 -999999 -999999 -999999 -999999 -999999 -999999 -999999 
179    1946 -119    -999999 159     -999999 -421    373     -8      -434    -839    -627    -504    -135    101     595     414     447     3       -474    -96     
179    1947 -266    -475    59      -356    -720    323     -77     -6      -1031   -1327   -677    -173    151     355     456     225     -26     -431    -800    
179    1948 -280    -624    41      -869    -468    221     -40     -1154   -637    -693    -493    -219    15      328     313     290     43      -454    -711    
179    1949 -137    -435    49      -626    -398    310     -31     -830    -305    -338    -588    -273    122     392     408     217     -217    -86     -158    
179    1950 -24     -273    199     -278    -293    376     234     -206    -489    -494    -242    -141    149     381     590     448     278     -25     -572    
179    1951 -299    -399    47      -610    -562    302     -161    -1045   -169    -827    -611    -249    190     232     482     228     77      -795    -1082   
179    1952 -198    -706    116     -902    -505    382     52      -853    -763    -828    -534    -154    356     437     352     227     65      -137    -562    
179    1953 -118    -530    115     -681    -733    509     220     -819    -659    -1066   -951    -188    395     515     609     301     251     106     63      
179    1954 24      -117    235     -158    -251    412     127     -329    -213    -584    -241    73      220     557     452     336     38      9       -50     
179    1955 -204    -329    156     -514    -369    365     -93     -800    -711    -485    -460    -166    100     475     510     464     -68     -674    -679    
179    1956 -29     -420    130     -480    -303    377     70      -389    -364    -352    -468    -95     193     557     373     204     52      -45     -36     
179    1957 -55     -201    174     -263    -267    359     154     -239    -540    -428    -263    -110    184     367     521     335     230     -106    -650    
179    1958 -156    -386    128     -571    -404    321     42      -465    -601    -737    -433    -43     246     360     355     271     7       -152    -709    
179    1959 -94     -482    146     -782    -307    398     104     -1132   -477    -417    -456    -52     263     447     480     180     92      40      -124    
179    1960 -127    -348    307     -665    -75     438     0       -716    -1190   -229    -128    139     245     637     426     509     -238    -262    -744    
179    1961 -187    -575    92      -684    -661    442     188     -543    -774    -899    -900    -193    274     470     577     306     314     -61     -860    
179    1962 -424    -699    -83     -892    -1021   190     12      -945    -870    -1767   -706    -581    -18     324     256     221     -14     -171    -831    
179    1963 -463    -886    32      -1282   -723    259     -54     -1313   -1748   -1302   -885    12      113     285     375     272     121     -561    -1030   
179    1964 -94     -512    141     -810    -208    328     27      -796    -591    -223    -447    39      132     455     389     264     92      -276    -200    
179    1965 -328    -517    -7      -540    -658    144     -71     -644    -804    -1290   -349    -323    65      135     229     202     -106    -308    -755    
179    1966 -376    -824    14      -1127   -685    298     -198    -1283   -1365   -1165   -525    -361    168     393     328     70      -346    -314    -175    
179    1967 -258    -525    112     -628    -419    341     -25     -1198   -499    -609    -449    -198    175     444     400     288     -200    -156    -1088   
179    1968 -546    -876    -48     -1181   -811    240     -473    -1345   -1103   -1354   -693    -382    58      318     337     62      -825    -644    -985    
179    1969 -191    -816    105     -789    -675    405     56      -835    -523    -1049   -861    -121    113     580     513     382     125     -342    -304    
179    1970 -247    -543    155     -870    -365    430     -23     -840    -1530   -457    -615    -30     331     422     533     273     80      -425    -817    
179    1971 -374    -691    52      -918    -608    285     -355    -1436   -456    -1060   -638    -126    61      407     379     214     -205    -1078   -558    
179    1972 17      -458    213     -335    -392    525     123     -41     -411    -474    -618    -91     383     613     574     403     51      -84     -123    
179    1973 -168    -302    220     -355    -391    499     -208    -226    -755    -712    -401    -59     376     639     477     272     -129    -769    -781    
179    1974 46      -371    227     -456    -100    425     130     -236    -340    20      -279    -48     326     464     484     408     131     -150    -257    
179    1975 -272    -366    66      -541    -390    250     -106    -715    -661    -564    -501    -109    32      323     388     252     -170    -398    -1163   
179    1976 -73     -546    222     -831    -207    507     -28     -914    -389    -229    -412    14      293     640     580     196     -7      -273    -391    
179    1977 -279    -538    -24     -577    -768    241     21      -646    -708    -1214   -888    -205    3       261     453     215     -13     -137    -497    
179    1978 -352    -725    99      -1090   -527    366     -91     -1275   -1541   -946    -498    -135    207     374     514     119     -63     -328    -733    
179    1979 -200    -575    105     -849    -518    445     30      -1061   -742    -531    -685    -344    160     634     533     312     -3      -217    -495    
179    1980 -263    -479    187     -659    -375    419     -176    -747    -742    -679    -296    -149    271     404     577     307     -152    -685    -1281   
179    1981 -288    -824    82      -955    -677    319     55      -1198   -324    -1253   -655    -124    106     408     435     307     -5      -135    -1001   
179    1982 -246    -571    34      -981    -310    230     -77     -1205   -710    -370    -356    -206    2       407     272     73      -55     -249    -587    
179    1983 -172    -372    230     -547    -216    463     -204    -415    -648    -301    -285    -64     336     602     448     337     -74     -880    -1161   
179    1984 -3      -585    214     -601    -325    379     140     -450    -164    -764    -177    -28     267     373     494     352     134     -66     -2      
179    1985 -180    -237    51      -331    -468    320     -20     -534    -471    -498    -756    -160    44      474     434     248     -25     -281    -667    
179    1986 -170    -503    135     -751    -384    439     -13     -620    -989    -477    -668    -15     350     495     468     164     46      -252    -610    
179    1987 -267    -527    105     -802    -329    272     25      -656    -1175   -569    -303    -114    77      379     355     225     102     -253    -1337   
179    1988 -380    -625    34      -902    -655    348     -356    -750    -600    -898    -942    -135    221     400     420     221     -333    -957    -1220   
179    1989 -214    -879    239     -1106   -285    414     15      -1043   -1050   -693    -160    1       237     486     517     349     -34     -267    -932    
179    1990 -13     -403    269     -504    -332    449     127     -267    -293    -611    -308    -76     247     584     509     654     153     -426    -337    
179    1991 -65     -283    175     -314    -322    410     -21     -400    -194    -491    -365    -112    134     422     666     290     7       -359    -387    
179    1992 -101    -422    269     -573    -212    441     -30     -416    -938    -472    -220    55      335     478     506     449     -284    -247    -487    
179    1993 -211    -546    71      -693    -492    339     -34     -707    -905    -673    -621    -187    57      352     599     206     -349    51      -402    
179    1994 -130    -457    237     -681    -210    451     -142    -888    -763    -406    -133    -88     266     595     486     285     -207    -501    -248    
179    1995 -236    -463    159     -511    -351    393     -237    -669    -626    -541    -393    -122    278     425     473     285     -127    -872    -969    
179    1996 -213    -641    65      -827    -505    409     54      -449    -1080   -384    -747    -392    188     438     595     293     48      -180    -933    
179    1997 -227    -598    61      -972    -516    359     7       -1050   -930    -563    -771    -223    124     421     525     273     11      -261    -335    
179    1998 -173    -508    128     -705    -490    413     96      -894    -904    -693    -605    -176    141     454     634     303     95      -111    -378    
179    1999 7       -260    258     -436    -206    483     201     -382    -559    -249    -383    10      460     535     451     466     88      52      -443    
179    2000 -53     -334    159     -439    -482    390     277     -374    -506    -821    -590    -39     211     474     480     403     382     42      -323    
179    2001 -120    -267    191     -337    -580    449     36      -277    -418    -1012   -683    -48     343     495     505     522     -32     -382    -474    
179    2002 -59     -495    324     -613    -262    570     25      -722    -646    -726    -21     -29     439     597     669     283     32      -241    -381    
179    2003 -230    -533    153     -720    -480    387     101     -1384   -348    -844    -423    -172    204     491     461     343     -9      -27     -1040   
179    2004 1       -478    391     -903    5       589     14      -578    -1105   -133    86      65      254     842     667     436     51      -447    -154    
179    2005 -999999 -279    -999999 -190    -331    -999999 -999999 -211    -207    -702    -271    -17     -999999 -999999 -999999 -999999 -999999 -999999 -999999 
179    2006 117     -999999 421     -999999 -146    606     122     28      -336    -741    134     179     493     662     659     391     10      -31     -69     
179    2007 -999999 -179    241     -288    -177    467     198     -356    -456    -195    -363    21      349     465     582     383     270     -75     -106    
179    2008 0       -999999 208     -157    -353    407     107     -116    -255    -626    -458    15      255     485     476     462     17      -155    -128    
179    2009 -16     -281    193     -380    -291    423     186     -597    -418    -415    -629    161     356     406     504     346     51      166     -150    
179    2010 -46     -232    258     -244    -295    387     52      -197    -400    -864    -200    181     235     548     374     398     117     -361    -406    
179    2011 -999999 -361    -999999 -490    -999999 -999999 -999999 -648    -406    -465    67      -999999 -999999 -999999 -999999 -999999 -999999 -999999 -999999 
