EUROPEAN CLIMATE ASSESSMENT & DATASET (ECA&D), file created on: 10-05-2011
THESE DATA CAN BE USED FREELY PROVIDED THAT THE FOLLOWING SOURCE IS ACKNOWLEDGED: 

Klein Tank, A.M.G. and Coauthors, 2002. Daily dataset of 20th-century surface
air temperature and precipitation series for the European Climate Assessment.
Int. J. of Climatol., 22, 1441-1453.
Data and metadata available at http://eca.knmi.nl

FILE FORMAT (MISSING VALUE CODE = -999999):

THIS FILE HOLDS DATA FOR STATION SWEDEN                                   ARJEPLOG A                               (STAID:   1428)
LATITUDE: dd:mm:ss +66:03:08
LONGITUDE: ddd:mm:ss +017:50:35
ELEVATION: m  431

DATA IS FOR INDEX Mean of daily mean temperature (TG) with unit 0.01 Temperature (&#176;C)

01-06 SOUID: Source identifier
08-11 YEAR : YYYY
13-20 ANNUAL DATA VALUES
21-28 WINTER HALF YEAR DATA VALUES
29-36 SUMMER HALF YEAR DATA VALUES
37-44 WINTER (DJF) DATA VALUES
45-52 SPRING (MAM) DATA VALUES
53-60 SUMMER (JJA) DATA VALUES
61-68 AUTUMN (SON) DATA VALUES
69-76 JANUARY DATA VALUES
etc. 
157-164 DECEMBER DATA VALUES

1428   1961 58      -999999 738     -999999 -183    1228    323     -1407   -698    -539    -384    367     1152    1395    1133    741     513     -289    -1334   
1428   1962 -999999 -842    650     -1270   -391    1011    -999999 -1232   -1243   -1489   -54     380     851     1200    976     525     -999999 -649    -1297   
1428   1963 2       -999999 853     -1330   -53     1134    58      -1313   -1385   -998    -20     858     978     1158    1262    858     189     -877    -786    
1428   1964 47      -664    668     -828    -130    1018    114     -430    -1298   -829    -95     535     841     1201    1008    492     377     -536    -769    
1428   1965 -112    -669    706     -1019   -227    1086    60      -1439   -831    -827    -63     214     1055    1129    1072    817     270     -916    -1851   
1428   1966 -247    -1300   649     -2041   -423    1224    -81     -1999   -2298   -1092   -493    314     1339    1299    1037    377     -61     -561    -977    
1428   1967 -50     -762    755     -1226   -20     1144    217     -1919   -734    -314    -150    399     980     1215    1230    836     43      -221    -1974   
1428   1968 -178    -1029   659     -1789   -170    1071    -318    -1871   -1505   -649    -38     181     1031    1165    1016    588     -521    -1014   -569    
1428   1969 -156    -1073   767     -1327   -316    1336    -68     -1620   -1843   -943    -216    215     1201    1294    1510    575     225     -1014   -1382   
1428   1970 -89     -1047   751     -1629   -201    1302    -112    -1593   -1942   -659    -399    449     1379    1329    1200    527     -15     -851    -637    
1428   1971 -128    -846    638     -969    -427    1086    -186    -1129   -1160   -1314   -329    364     1007    1194    1055    514     -46     -1031   -735    
1428   1972 62      -811    796     -1086   -88     1307    11      -1399   -1126   -555    -110    400     1273    1521    1125    548     119     -637    -464    
1428   1973 -37     -498    719     -705    -84     1262    -281    -515    -1183   -377    -283    402     1119    1666    997     383     -236    -993    -1521   
1428   1974 85      -835    841     -1024   -28     1189    15      -708    -823    -735    78      578     1189    1254    1126    809     -23     -741    -1033   
1428   1975 -999999 -618    -999999 -854    -52     -999999 174     -1001   -492    -411    -263    513     817     1161    -999999 644     209     -331    -867    
1428   1976 -94     -748    733     -1176   -106    1168    -173    -1823   -816    -851    -177    708     1003    1258    1236    338     -182    -676    -1171   
1428   1977 -84     -919    619     -1421   -180    1086    -2      -1378   -1746   -436    -416    305     886     1229    1135    546     85      -642    -713    
1428   1978 -179    -848    702     -1264   -214    1174    -14     -1446   -1673   -775    -315    446     1140    1339    1042    533     3       -579    -1963   
1428   1979 -96     -1083   765     -1798   -100    1241    -78     -1945   -1454   -582    -173    453     1194    1370    1157    567     -145    -654    -1031   
1428   1980 -122    -1001   914     -1429   -124    1381    -166    -1618   -1653   -937    71      501     1385    1549    1208    754     -117    -1138   -1517   
1428   1981 -161    -1093   760     -1342   -223    1075    -67     -1215   -1288   -1301   -79     714     837     1307    1075    681     11      -897    -1852   
1428   1982 25      -903    713     -1381   -11     1083    62      -1589   -630    -435    -38     439     772     1295    1172    610     80      -506    -905    
1428   1983 -18     -690    771     -1002   -26     1081    -65     -1105   -994    -735    -35     692     968     1275    996     709     19      -925    -1152   
1428   1984 13      -890    822     -1167   0       1132    -82     -1659   -656    -954    40      915     1104    1217    1073    558     56      -864    -695    
1428   1985 -238    -1013   700     -1521   -256    1200    12      -1771   -2158   -751    -340    319     1114    1333    1150    603     251     -825    -1922   
1428   1986 -62     -1005   730     -1722   22      1178    79      -1975   -1221   -352    -255    664     1318    1326    895     406     211     -385    -1444   
1428   1987 -140    -1019   655     -1653   -255    1022    167     -2070   -1423   -1020   -131    390     990     1198    875     589     439     -535    -1057   
1428   1988 3       -719    803     -1106   -255    1303    44      -1041   -1230   -918    -364    514     1256    1518    1132    736     46      -650    -1014   
1428   1989 138     -539    780     -738    36      1135    161     -548    -643    -440    -5      553     1086    1185    1131    713     7       -233    -1190   
1428   1990 141     -595    808     -965    -6      1262    23      -1348   -292    -474    -22     478     1162    1352    1267    586     221     -745    -523    
1428   1991 38      -678    739     -959    -138    1228    0       -786    -1634   -695    -37     320     943     1398    1334    445     86      -534    -521    
1428   1992 50      -444    715     -619    -62     1124    -246    -695    -644    -375    -445    622     1296    1128    953     717     -623    -819    -543    
1428   1993 -24     -730    689     -799    -22     1076    -140    -1087   -765    -549    -129    607     828     1322    1071    405     -192    -631    -1217   
1428   1994 -72     -1035   761     -1544   -128    1193    -50     -1652   -1788   -792    29      383     900     1463    1208    560     -28     -684    -594    
1428   1995 -26     -603    664     -817    -141    1107    -12     -1018   -841    -482    -282    335     1043    1160    1115    593     136     -769    -1361   
1428   1996 -31     -834    775     -1224   -147    1245    -74     -877    -1449   -721    -54     337     996     1307    1426    613     151     -993    -1179   
1428   1997 75      -720    828     -985    -212    1410    -7      -799    -976    -556    -458    369     1259    1612    1354    803     -63     -760    -964    
1428   1998 -63     -794    693     -1034   -284    1139    -67     -961    -1192   -865    -358    368     964     1401    1046    713     42      -959    -1049   
1428   1999 16      -900    807     -1280   -86     1169    332     -1446   -1352   -679    46      379     1208    1317    985     896     161     -56     -1332   
1428   2000 -999999 -999999 -999999 -1076   -999999 -999999 350     -951    -936    -999999 -999999 -999999 -999999 1341    1164    744     410     -107    -1020   
1428   2001 14      -643    783     -1022   -282    1200    178     -687    -1395   -1114   -201    472     1146    1280    1172    809     153     -428    -1136   
1428   2002 90      -646    1025    -1003   124     1474    -173    -1097   -753    -616    192     799     1373    1465    1580    715     -242    -988    -1400   
1428   2003 106     -867    893     -1265   113     1355    37      -1645   -694    -222    -26     583     1124    1705    1228    718     -9      -595    -948    
1428   2004 49      -787    828     -1176   28      1185    20      -1471   -1105   -611    152     549     964     1330    1255    697     41      -680    -575    
1428   2005 121     -643    838     -802    -118    1255    268     -803    -1054   -826    105     375     1071    1497    1191    767     349     -315    -980    
1428   2006 156     -665    932     -983    -172    1370    179     -861    -1122   -1096   -48     634     1128    1412    1563    877     -27     -307    -371    
1428   2007 105     -598    817     -1012   112     1248    79      -1352   -1346   -245    65      516     1191    1349    1202    558     278     -606    -461    
1428   2008 112     -474    766     -578    -117    1174    69      -690    -585    -790    -67     508     1086    1398    1037    612     130     -537    -777    
1428   2009 50      -707    879     -1091   38      1242    134     -995    -1546   -596    -39     745     1040    1386    1293    820     -136    -273    -1215   
1428   2010 -141    -894    784     -1386   -136    1178    -120    -1327   -1640   -828    -69     492     935     1425    1166    731     159     -1259   -1589   
1428   2011 -999999 -993    -999999 -1439   -999999 -999999 -999999 -1283   -1446   -578    245     -999999 -999999 -999999 -999999 -999999 -999999 -999999 -999999 
