EUROPEAN CLIMATE ASSESSMENT & DATASET (ECA&D), file created on: 10-05-2011
THESE DATA CAN BE USED FREELY PROVIDED THAT THE FOLLOWING SOURCE IS ACKNOWLEDGED: 

Klein Tank, A.M.G. and Coauthors, 2002. Daily dataset of 20th-century surface
air temperature and precipitation series for the European Climate Assessment.
Int. J. of Climatol., 22, 1441-1453.
Data and metadata available at http://eca.knmi.nl

FILE FORMAT (MISSING VALUE CODE = -999999):

THIS FILE HOLDS DATA FOR STATION GERMANY                                  FELDBERG/SCHW. (WST)                     (STAID:    816)
LATITUDE: dd:mm:ss +47:52:48
LONGITUDE: ddd:mm:ss +008:00:00
ELEVATION: m 1486

DATA IS FOR INDEX Mean of daily mean temperature (TG) with unit 0.01 Temperature (&#176;C)

01-06 SOUID: Source identifier
08-11 YEAR : YYYY
13-20 ANNUAL DATA VALUES
21-28 WINTER HALF YEAR DATA VALUES
29-36 SUMMER HALF YEAR DATA VALUES
37-44 WINTER (DJF) DATA VALUES
45-52 SPRING (MAM) DATA VALUES
53-60 SUMMER (JJA) DATA VALUES
61-68 AUTUMN (SON) DATA VALUES
69-76 JANUARY DATA VALUES
etc. 
157-164 DECEMBER DATA VALUES

816    1958 344     -999999 787     -999999 42      1012    540     -320    -146    -532    -150    802     797     1069    1165    1018    437     167     -207    
816    1959 466     42      877     -175    364     1103    526     -407    119     155     293     641     924     1330    1049    1011    498     71      -106    
816    1960 302     -37     711     -263    279     912     360     -435    -247    -14     113     732     989     786     965     673     368     38      -365    
816    1961 438     -25     825     -221    298     955     647     -347    78      90      456     354     935     910     1020    1281    581     80      -181    
816    1962 211     -161    679     -353    -53     957     386     -332    -566    -578    144     281     756     953     1155    776     525     -149    -479    
816    1963 260     -327    745     -739    192     963     541     -947    -795    -155    271     462     838     1150    897     844     571     207     -289    
816    1964 383     -41     887     -249    249     1117    421     -230    -228    -280    276     753     1010    1312    1024    936     237     95      -321    
816    1965 228     -217    628     -489    75      899     397     -374    -802    -181    -10     412     931     837     929     661     702     -183    -269    
816    1966 321     -87     765     -243    193     900     463     -528    102     -332    305     611     964     842     897     968     661     -246    -394    
816    1967 346     -117    744     -347    150     1043    559     -373    -265    -104    5       542     798     1292    1030    773     692     209     -500    
816    1968 307     -94     684     -449    186     905     519     -486    -354    -131    283     410     807     996     909     693     767     88      -324    
816    1969 301     -76     751     -392    194     945     558     -200    -681    -160    60      677     677     1193    957     924     834     -92     -665    
816    1970 279     -198    717     -481    -87     1034    544     -212    -575    -509    -165    411     1020    978     1104    946     483     205     -390    
816    1971 381     -147    844     -327    197     1048    406     -191    -408    -594    421     770     671     1271    1190    720     639     -149    157     
816    1972 331     73      607     -46     154     921     315     -301    9       72      20      367     727     1045    986     477     406     59      82      
816    1973 318     -67     774     -212    59      1084    454     -219    -529    -241    -224    633     961     987     1301    968     411     -16     -287    
816    1974 302     -4      702     -177    235     960     133     -3      -249    92      170     440     722     958     1193    714     -227    -76     -148    
816    1975 352     -155    773     -96     89      1008    427     -25     -116    -329    52      542     738     1111    1167    1014    414     -147    -231    
816    1976 353     -112    808     -208    149     1133    384     -382    3       -324    107     662     1174    1253    973     661     615     -132    -385    
816    1977 339     -54     639     -323    178     923     437     -370    -202    133     -88     482     809     1017    938     661     755     -117    0       
816    1978 304     -36     621     -258    96      861     516     -374    -418    -101    -5      391     738     955     885     749     561     235     -26     
816    1979 303     -60     694     -334    105     948     502     -642    -334    -169    -74     553     946     995     902     827     738     -68     -92     
816    1980 238     -32     649     -236    37      877     380     -499    -110    -168    -103    376     675     827     1122    987     317     -163    -417    
816    1981 294     -186    767     -479    323     973     362     -494    -531    136     279     552     836     977     1100    847     294     -53     -470    
816    1982 408     -139    828     -276    97      1104    580     -136    -214    -257    -44     589     996     1291    1021    1101    443     202     -140    
816    1983 436     -34     885     -269    165     1284    529     -81     -622    -58     210     344     1011    1641    1191    896     494     198     -73     
816    1984 288     -132    650     -381    -17     994     558     -440    -646    -347    40      256     770     1108    1096    611     577     486     -94     
816    1985 292     -102    796     -440    117     988     451     -846    -375    -369    131     589     650     1219    1085    1083    712     -452    23      
816    1986 334     -184    782     -415    194     1033    588     -473    -836    -147    -42     763     957     1080    1061    851     697     212     -202    
816    1987 332     -133    768     -394    18      973     615     -662    -310    -537    334     269     732     1103    1077    1086    721     35      106     
816    1988 383     14      811     -108    216     1037    458     -68     -380    -355    275     731     857     1072    1176    737     683     -54     -117    
816    1989 504     143     793     -2      352     1036    526     117     -7      216     26      805     799     1174    1127    804     642     127     158     
816    1990 432     199     787     88      317     1080    436     -50     162     149     4       787     817     1148    1267    667     724     -93     -438    
816    1991 386     -21     779     -325    161     1115    489     -107    -442    188     39      252     691     1282    1359    1033    420     16      -168    
816    1992 457     -4      893     -144    302     1174    433     -110    -154    -35     118     816     886     1219    1408    885     145     277     -1      
816    1993 389     24      818     -52     337     1023    307     -58     -103    -118    379     751     964     986     1118    694     385     -159    -206    
816    1994 486     -45     873     -227    280     1257    590     -224    -255    162     26      645     998     1502    1263    776     546     449     -121    
816    1995 376     3       774     -227    172     1088    501     -444    -104    -303    211     609     730     1401    1121    547     900     43      -249    
816    1996 321     4       711     -208    158     1001    292     159     -558    -307    265     519     986     1005    1011    465     441     -35     -149    
816    1997 468     63      838     -67     284     1099    555     -18     -31     157     45      642     854     1023    1412    1031    424     217     -178    
816    1998 372     49      809     -73     237     1091    225     -179    160     -132    87      751     1005    1060    1206    727     318     -374    -189    
816    1999 380     -154    870     -293    329     1045    479     -153    -564    -10     154     838     788     1199    1140    1083    500     -146    -354    
816    2000 449     -110    909     -299    348     1104    497     -361    -173    -133    355     822     1130    873     1311    952     509     29      57      
816    2001 -999999 -999999 -999999 -999999 -999999 -999999 -999999 -999999 -999999 -999999 -999999 -999999 -999999 -999999 -999999 -999999 -999999 -999999 -999999 
816    2002 -999999 -999999 -999999 -999999 -999999 -999999 -999999 -999999 -999999 -999999 -999999 -999999 -999999 -999999 -999999 -999999 -999999 -999999 -999999 
816    2003 -999999 -999999 -999999 -999999 -999999 -999999 -999999 -999999 -999999 -999999 -999999 -999999 -999999 -999999 -999999 -999999 -999999 -999999 -999999 
816    2004 -999999 -999999 -999999 -999999 234     1110    530     -491    -258    -148    275     600     957     1147    1222    928     659     -19     -33     
816    2005 -999999 -999999 -999999 -999999 347     1129    637     -324    -691    -40     342     752     1211    1174    1001    1002    888     13      -495    
816    2006 -999999 -999999 978     -999999 200     1227    869     -261    -452    -344    236     670     1165    1686    816     1271    907     395     75      
816    2007 -999999 -999999 -999999 -999999 -999999 1116    379     -182    -999999 -3      903     861     1076    1158    1117    689     464     -65     -200    
816    2008 -999999 -999999 872     -999999 -999999 1140    445     7       13      -999999 167     891     1082    1173    1163    686     499     117     -245    
816    2009 -999999 -999999 -999999 -999999 -999999 1171    575     -446    -457    -220    593     870     913     1199    1393    1024    441     253     -456    
816    2010 -999999 -999999 -999999 -999999 -999999 1186    375     -575    -999999 -153    403     449     1056    1410    1084    743     449     -59     -501    
816    2011 -999999 -999999 -999999 -297    -999999 -999999 -999999 -329    -44     93      689     -999999 -999999 -999999 -999999 -999999 -999999 -999999 -999999 
