EUROPEAN CLIMATE ASSESSMENT & DATASET (ECA&D), file created on: 10-05-2011
THESE DATA CAN BE USED FREELY PROVIDED THAT THE FOLLOWING SOURCE IS ACKNOWLEDGED: 

Klein Tank, A.M.G. and Coauthors, 2002. Daily dataset of 20th-century surface
air temperature and precipitation series for the European Climate Assessment.
Int. J. of Climatol., 22, 1441-1453.
Data and metadata available at http://eca.knmi.nl

FILE FORMAT (MISSING VALUE CODE = -999999):

THIS FILE HOLDS DATA FOR STATION BULGARIA                                 KNEJA                                    (STAID:     18)
LATITUDE: dd:mm:ss +43:30:00
LONGITUDE: ddd:mm:ss +024:04:59
ELEVATION: m  116

DATA IS FOR INDEX Mean of daily mean temperature (TG) with unit 0.01 Temperature (&#176;C)

01-06 SOUID: Source identifier
08-11 YEAR : YYYY
13-20 ANNUAL DATA VALUES
21-28 WINTER HALF YEAR DATA VALUES
29-36 SUMMER HALF YEAR DATA VALUES
37-44 WINTER (DJF) DATA VALUES
45-52 SPRING (MAM) DATA VALUES
53-60 SUMMER (JJA) DATA VALUES
61-68 AUTUMN (SON) DATA VALUES
69-76 JANUARY DATA VALUES
etc. 
157-164 DECEMBER DATA VALUES

18     1931 -999999 -999999 1840    -999999 1066    2264    1014    -999999 -999999 453     979     1743    2137    2407    2244    1502    993     496     -999999 
18     1932 -999999 -999999 1885    -999999 -999999 2140    1302    -999999 -999999 -999999 1153    1766    1940    2285    2188    1959    1552    388     -999999 
18     1933 -999999 -999999 1648    -999999 960     1992    1141    -999999 -999999 432     902     1509    1803    2101    2064    1486    1208    699     -999999 
18     1934 -999999 -999999 1906    -999999 1370    2125    1224    -999999 -999999 781     1419    1893    2013    2206    2153    1732    1190    751     323     
18     1935 -999999 -999999 1838    -999999 -999999 2192    1232    -999999 -999999 -999999 1153    1593    2123    2215    2237    1690    1516    426     -999999 
18     1936 -999999 -999999 1807    -999999 1201    2116    1088    388     -999999 780     1246    1579    1901    2387    2053    1660    974     602     198     
18     1937 -999999 -999999 1849    -999999 1210    2191    1195    -999999 -999999 978     907     1728    2145    2269    2159    1867    1059    646     -999999 
18     1938 -999999 -999999 1835    -999999 1087    2279    1159    -999999 168     727     964     1565    2124    2432    2277    1624    1219    631     -999999 
18     1939 -999999 -999999 1866    -999999 1127    2167    1117    -999999 -999999 389     1290    1706    2075    2295    2128    1683    1167    499     -999999 
18     1940 -999999 -999999 1711    -999999 1040    1992    1213    -999999 -999999 525     1059    1454    1887    2175    1910    1768    1113    763     -999999 
18     1941 -999999 -999999 1732    -999999 1147    2068    -999999 -999999 -999999 635     1252    1557    1939    2154    2107    1361    901     -999999 -999999 
18     1942 -999999 -999999 1843    -999999 -999999 2118    1108    -999999 -999999 -999999 1026    1821    2049    2180    2122    1837    1065    374     -999999 
18     1943 -999999 -999999 1838    -999999 1057    2124    1244    -999999 -999999 454     1226    1495    1824    2225    2312    1929    1164    642     273     
18     1944 -999999 -999999 1754    -999999 1020    2070    1146    -999999 -999999 447     1090    1524    2050    2122    2039    1685    1225    525     -999999 
18     1945 -999999 -999999 1997    -999999 1242    2332    1140    -999999 -999999 609     1134    1978    2206    2393    2393    1853    1015    555     -999999 
18     1946 -999999 -999999 2039    -999999 1199    2398    1156    -999999 -999999 571     1232    1796    2139    2526    2520    1999    875     603     -999999 
18     1947 -999999 -999999 1963    -999999 1336    2229    1134    -999999 -999999 798     1445    1769    2143    2391    2150    1870    848     692     -999999 
18     1948 -999999 -999999 1824    -999999 1166    2087    1227    489     -999999 573     1261    1667    1882    2115    2256    1742    1198    666     -999999 
18     1949 -999999 -999999 1766    -999999 -999999 1981    1098    -999999 -999999 -999999 1227    1816    1815    2135    1988    1592    1003    701     275     
18     1950 -999999 -999999 2079    -999999 1271    2397    1199    -999999 -999999 584     1534    1705    2164    2585    2433    2034    1095    471     450     
18     1951 -999999 -999999 1952    -999999 1298    2243    1147    -999999 -999999 788     1280    1792    2100    2269    2355    1895    890     665     329     
18     1952 -999999 -999999 2020    -999999 -999999 2396    1301    213     226     -999999 1338    1526    2085    2446    2647    2059    1263    582     -999999 
18     1953 -999999 -999999 1886    -999999 1053    2244    1139    -999999 -999999 433     1120    1588    2122    2405    2203    1858    1065    424     -999999 
18     1954 -999999 -999999 1854    -999999 933     2226    1196    -999999 -999999 234     911     1629    2202    2251    2224    1887    1126    578     264     
18     1955 -999999 -999999 1768    -999999 -999999 2092    1223    -999999 -999999 -999999 782     1784    2042    2200    2032    1745    1332    541     455     
18     1956 -999999 -999999 1845    -999999 -999999 2146    -999999 -999999 -999999 -999999 1250    1591    1957    2155    2320    1776    1067    -999999 -999999 
18     1957 -999999 -999999 1808    -999999 1116    2180    1118    -999999 515     712     1128    1469    2144    2242    2152    1696    1002    646     -999999 
18     1958 -999999 -999999 1958    -999999 1111    2340    1149    -999999 621     340     1019    1971    2101    2457    2453    1714    1115    601     435     
18     1959 -999999 -999999 1797    -999999 1140    2143    962     -999999 -999999 597     1180    1644    1903    2338    2180    1508    832     522     -999999 
18     1960 -999999 -999999 1760    -999999 1073    2137    1275    -999999 -999999 571     1013    1569    1984    2120    2302    1549    1396    875     445     
18     1961 -999999 -999999 1847    -999999 1229    2145    1267    -999999 216     795     1357    1539    2062    2184    2185    1745    1256    800     -999999 
18     1962 -999999 -999999 1949    -999999 1210    2252    1265    -999999 -999999 453     1226    1829    2006    2319    2422    1869    1096    834     -999999 
18     1963 -999999 -999999 1951    -999999 1109    2314    1314    -999999 -999999 386     1110    1738    2140    2335    2461    1899    1158    890     -999999 
18     1964 -999999 -999999 1813    -999999 1119    2168    1230    -999999 -999999 552     1207    1510    2152    2226    2124    1647    1329    711     -999999 
18     1965 -999999 -999999 1801    -999999 967     2144    1200    -999999 -999999 406     885     1571    2056    2351    2023    1899    1014    591     315     
18     1966 -999999 -999999 1827    -999999 1196    2094    1260    -999999 613     624     1347    1621    1864    2197    2214    1702    1462    608     -999999 
18     1967 -999999 -999999 1849    -999999 1173    2144    1262    -999999 -999999 694     1129    1694    1876    2241    2305    1823    1285    676     -999999 
18     1968 -999999 -999999 1942    -999999 1379    2157    1109    -999999 -999999 658     1402    2009    2138    2263    2069    1752    1020    559     -999999 
18     1969 -999999 -999999 1834    -999999 -999999 2066    1178    -999999 -999999 -999999 1058    2005    1975    2045    2175    1726    956     860     -999999 
18     1970 -999999 -999999 1787    -999999 1135    2086    1103    -999999 -999999 632     1297    1480    1990    2165    2098    1680    949     685     -999999 
18     1971 -999999 -999999 1810    -999999 1237    2118    1030    -999999 265     664     1141    1810    1977    2119    2254    1531    975     569     342     
18     1972 -999999 -999999 1864    -999999 1269    2205    950     -999999 -999999 654     1419    1699    2253    2231    2132    1437    833     585     -999999 
18     1973 -999999 -999999 1816    -999999 1128    2073    1088    -999999 -999999 403     1122    1790    2009    2200    2008    1747    1038    413     -999999 
18     1974 -999999 -999999 1786    -999999 1039    2118    1108    -999999 355     581     965     1569    1935    2130    2284    1812    1158    354     365     
18     1975 -999999 -999999 1849    -999999 1322    2052    -999999 -999999 -999999 865     1327    1774    2017    2160    1977    1824    1080    -999999 163     
18     1976 -999999 -999999 1672    -999999 1077    1891    1087    -999999 -999999 432     1165    1638    1828    2078    1763    1547    986     719     -999999 
18     1977 -999999 -999999 1770    -999999 1228    2076    1040    -999999 570     791     1156    1734    1974    2185    2067    1481    915     728     -999999 
18     1978 -999999 -999999 1736    -999999 1110    2037    965     -999999 -999999 624     1135    1572    1998    2125    1988    1579    1044    270     -999999 
18     1979 -999999 -999999 1793    -999999 1225    2071    1080    -999999 -999999 841     1084    1697    2126    2069    2021    1747    824     663     468     
18     1980 -999999 -999999 1752    -999999 998     2121    1146    -999999 -999999 456     1009    1511    2043    2275    2042    1610    1331    491     -999999 
18     1981 -999999 -999999 1802    -999999 1157    2145    1191    -999999 -999999 846     1047    1553    2186    2167    2082    1764    1318    464     -999999 
18     1982 -999999 -999999 1838    -999999 1049    2114    1170    -999999 -999999 395     1021    1732    2062    2123    2155    1921    1152    354     434     
18     1983 -999999 -999999 1894    -999999 1346    2118    -999999 368     -999999 737     1423    1880    1902    2272    2172    1695    939     -999999 -999999 
18     1984 -999999 -999999 1762    -999999 1019    2004    1283    211     -999999 361     965     1729    1951    2071    1989    1853    1403    539     -999999 
18     1985 -999999 -999999 1893    -999999 1219    2150    1004    -999999 -999999 370     1283    1923    1926    2272    2244    1687    948     380     412     
18     1986 -999999 -999999 1897    -999999 1279    2126    1043    212     -999999 520     1420    1803    2023    2069    2284    1769    992     346     -999999 
18     1987 -999999 -999999 1962    -999999 -999999 2324    1277    -999999 -999999 -999999 1072    1577    2258    2498    2216    2135    1008    695     -999999 
18     1988 -999999 -999999 1887    -999999 1070    2320    -999999 236     337     633     944     1628    2031    2558    2361    1768    937     -999999 277     
18     1989 -999999 -999999 1814    -999999 1288    2077    -999999 212     448     875     1422    1570    1835    2191    2196    1651    1043    -999999 -999999 
18     1990 -999999 -999999 1824    -999999 1241    2165    1098    -999999 453     908     1191    1623    2056    2322    2113    1620    1058    618     -999999 
18     1991 -999999 -999999 1760    -999999 1008    2121    1122    -999999 -999999 578     1030    1415    2085    2228    2047    1740    1114    514     -999999 
18     1992 -999999 -999999 1856    -999999 1131    2227    1221    -999999 -999999 632     1174    1587    1991    2174    2508    1679    1325    657     -999999 
18     1993 -999999 -999999 1939    -999999 -999999 2301    -999999 -999999 -999999 -999999 1172    1796    2166    2378    2355    1743    1344    -999999 282     
18     1994 -999999 -999999 1970    -999999 1298    2192    1250    299     -999999 807     1297    1790    2051    2264    2257    2148    1085    523     -999999 
18     1995 -999999 -999999 1844    -999999 1133    2204    1051    -999999 521     622     1150    1594    2101    2345    2163    1689    1055    364     -999999 
18     1996 -999999 -999999 1886    -999999 -999999 2263    1083    -999999 -999999 -999999 1085    1940    2240    2298    2249    1474    1109    664     -999999 
18     1997 -999999 -999999 1733    -999999 983     2109    971     -999999 390     450     736     1756    2087    2179    2061    1552    876     484     330     
18     1998 -999999 -999999 1898    -999999 1133    2274    -999999 -999999 -999999 428     1318    1637    2169    2332    2316    1596    1172    -999999 -999999 
18     1999 -999999 -999999 1911    -999999 1194    2231    1152    -999999 -999999 664     1246    1675    2121    2323    2246    1837    1156    439     290     
18     2000 -999999 -999999 1957    -999999 1292    2289    1134    -999999 344     655     1457    1767    2104    2370    2386    1635    1077    691     408     
18     2001 -999999 -999999 1896    -999999 1233    2275    1185    -999999 -999999 916     1070    1697    1960    2388    2468    1765    1316    470     -999999 
18     2002 -999999 -999999 1904    -999999 1254    2265    1136    -999999 588     846     1047    1864    2220    2421    2153    1694    1075    642     -999999 
18     2003 -999999 -999999 1967    -999999 1148    2374    1098    -999999 -999999 429     1038    1951    2285    2331    2502    1668    990     638     -999999 
18     2004 -999999 -999999 1846    -999999 1155    2178    1254    -999999 -999999 672     1207    1574    2016    2294    2217    1750    1282    729     288     
