EUROPEAN CLIMATE ASSESSMENT & DATASET (ECA&D), file created on: 10-05-2011
THESE DATA CAN BE USED FREELY PROVIDED THAT THE FOLLOWING SOURCE IS ACKNOWLEDGED: 

Klein Tank, A.M.G. and Coauthors, 2002. Daily dataset of 20th-century surface
air temperature and precipitation series for the European Climate Assessment.
Int. J. of Climatol., 22, 1441-1453.
Data and metadata available at http://eca.knmi.nl

FILE FORMAT (MISSING VALUE CODE = -999999):

THIS FILE HOLDS DATA FOR STATION DENMARK                                  ROSNAES FYR                              (STAID:    676)
LATITUDE: dd:mm:ss +55:45:00
LONGITUDE: ddd:mm:ss +010:52:12
ELEVATION: m   14

DATA IS FOR INDEX Mean of daily mean temperature (TG) with unit 0.01 Temperature (&#176;C)

01-06 SOUID: Source identifier
08-11 YEAR : YYYY
13-20 ANNUAL DATA VALUES
21-28 WINTER HALF YEAR DATA VALUES
29-36 SUMMER HALF YEAR DATA VALUES
37-44 WINTER (DJF) DATA VALUES
45-52 SPRING (MAM) DATA VALUES
53-60 SUMMER (JJA) DATA VALUES
61-68 AUTUMN (SON) DATA VALUES
69-76 JANUARY DATA VALUES
etc. 
157-164 DECEMBER DATA VALUES

676    1872 -999999 -999999 -999999 -999999 -999999 -999999 -999999 -999999 -999999 -999999 -999999 -999999 -999999 -999999 -999999 -999999 -999999 -999999 239     
676    1873 -999999 -999999 -999999 -999999 -999999 -999999 -999999 -999999 -999999 -999999 -999999 -999999 -999999 -999999 -999999 -999999 -999999 -999999 542     
676    1874 -999999 -999999 -999999 -999999 -999999 -999999 -999999 -999999 -999999 -999999 968     1163    1788    -999999 -999999 -999999 -999999 -999999 4       
676    1875 -999999 -999999 -999999 -999999 -999999 -999999 -999999 -999999 -999999 -999999 -999999 -999999 -999999 1983    -999999 1676    -999999 -999999 -999999 
676    1876 -999999 -999999 -999999 -999999 -999999 -999999 -999999 -999999 -999999 -999999 -999999 -999999 -999999 -999999 -999999 -999999 -999999 -999999 -999999 
676    1877 -999999 -999999 -999999 -999999 -999999 -999999 -999999 -999999 -999999 -999999 -999999 -999999 -999999 -999999 1634    -999999 -999999 -999999 208     
676    1878 -999999 -999999 -999999 -999999 -999999 -999999 -999999 -999999 -999999 -999999 -999999 -999999 -999999 -999999 -999999 1544    1114    492     -999999 
676    1879 -999999 -999999 -999999 -999999 -999999 -999999 -999999 -999999 -999999 -999999 -999999 -999999 -999999 -999999 -999999 -999999 -999999 -999999 -107    
676    1880 -999999 -999999 -999999 -999999 -999999 -999999 -999999 -999999 -999999 -999999 -999999 -999999 -999999 1882    -999999 -999999 -999999 -999999 227     
676    1881 -999999 -999999 -999999 -999999 -999999 -999999 -999999 -999999 -999999 -999999 -999999 -999999 -999999 -999999 -999999 -999999 732     -999999 -999999 
676    1882 -999999 -999999 -999999 -999999 -999999 -999999 -999999 -999999 -999999 -999999 -999999 -999999 -999999 -999999 -999999 1581    1045    -999999 -999999 
676    1883 -999999 -999999 -999999 -999999 -999999 -999999 -999999 -999999 -999999 -999999 -999999 -999999 -999999 1848    -999999 1451    -999999 -999999 256     
676    1884 -999999 -999999 -999999 -999999 -999999 -999999 -999999 -999999 -999999 -999999 -999999 -999999 1581    1880    -999999 -999999 -999999 -999999 -999999 
676    1885 -999999 -999999 -999999 -999999 -999999 -999999 -999999 -999999 -999999 -999999 -999999 -999999 -999999 1945    -999999 -999999 -999999 -999999 -999999 
676    1886 -999999 -999999 -999999 -999999 -999999 -999999 -999999 -999999 -999999 -999999 -999999 -999999 1656    -999999 -999999 -999999 -999999 -999999 -999999 
676    1887 -999999 -999999 -999999 -999999 -999999 -999999 -999999 -999999 -999999 -999999 -999999 -999999 -999999 -999999 -999999 -999999 -999999 -999999 -999999 
676    1888 -999999 -999999 -999999 -999999 -999999 -999999 -999999 -999999 -999999 -999999 -999999 -999999 -999999 -999999 -999999 -999999 -999999 -999999 -999999 
676    1889 -999999 -999999 -999999 -999999 -999999 -999999 -999999 -999999 -999999 -999999 -999999 1664    2168    -999999 -999999 1361    -999999 -999999 -999999 
676    1890 -999999 -999999 -999999 -999999 -999999 -999999 -999999 -999999 -999999 -999999 -999999 -999999 -999999 -999999 -999999 -999999 938     -999999 -999999 
676    1891 -999999 -999999 -999999 -999999 -999999 -999999 -999999 -999999 -999999 -999999 -999999 -999999 -999999 1884    -999999 -999999 -999999 -999999 -999999 
676    1892 -999999 -999999 -999999 -999999 -999999 -999999 -999999 8       -999999 -999999 -999999 -999999 1484    -999999 -999999 -999999 -999999 -999999 72      
676    1893 -999999 -999999 -999999 -999999 -999999 -999999 -999999 -999999 -999999 -999999 -999999 -999999 -999999 1952    1858    -999999 -999999 -999999 -999999 
676    1894 -999999 -999999 -999999 -999999 -999999 -999999 -999999 -999999 -999999 -999999 -999999 -999999 -999999 -999999 1691    -999999 -999999 -999999 -999999 
676    1895 -999999 -999999 -999999 -999999 -999999 -999999 -999999 -999999 -999999 -999999 -999999 -999999 -999999 -999999 -999999 -999999 -999999 -999999 -999999 
676    1896 -999999 -999999 -999999 -999999 -999999 -999999 -999999 -999999 -999999 -999999 -999999 -999999 -999999 -999999 -999999 -999999 -999999 -999999 -999999 
676    1897 -999999 -999999 -999999 -999999 -999999 -999999 -999999 -111    -999999 -999999 -999999 -999999 -999999 -999999 1900    -999999 -999999 -999999 -999999 
676    1898 -999999 -999999 -999999 -999999 -999999 -999999 -999999 -999999 -999999 -999999 -999999 -999999 -999999 -999999 -999999 -999999 -999999 -999999 -999999 
676    1899 -999999 -999999 -999999 -999999 -999999 -999999 -999999 -999999 -999999 -999999 -999999 -999999 -999999 -999999 -999999 -999999 -999999 -999999 -999999 
676    1900 -999999 -999999 -999999 -999999 -999999 -999999 -999999 -999999 -999999 -999999 -999999 -999999 1764    2042    1874    -999999 -999999 -999999 458     
676    1901 -999999 -999999 -999999 -999999 -999999 -999999 -999999 -999999 -999999 -999999 -999999 -999999 -999999 -999999 1957    -999999 -999999 -999999 -999999 
676    1902 -999999 -999999 -999999 -999999 -999999 -999999 -999999 -999999 -999999 -999999 -999999 -999999 -999999 -999999 -999999 -999999 -999999 -999999 -999999 
676    1903 -999999 -999999 -999999 -999999 -999999 -999999 -999999 -999999 -999999 -999999 -999999 -999999 1669    -999999 -999999 -999999 -999999 -999999 145     
676    1904 -999999 -999999 -999999 -999999 -999999 -999999 -999999 -999999 -999999 -999999 -999999 -999999 -999999 -999999 -999999 -999999 -999999 -999999 -999999 
676    1905 -999999 -999999 -999999 -999999 -999999 -999999 -999999 -999999 -999999 -999999 -999999 -999999 -999999 -999999 -999999 -999999 -999999 -999999 -999999 
676    1906 -999999 -999999 -999999 -999999 -999999 -999999 -999999 -999999 -999999 -999999 -999999 -999999 -999999 -999999 -999999 -999999 -999999 -999999 -999999 
676    1907 -999999 -999999 -999999 -999999 -999999 -999999 -999999 -999999 -999999 -999999 -999999 -999999 1513    -999999 -999999 -999999 -999999 -999999 -999999 
676    1908 -999999 -999999 -999999 -999999 -999999 -999999 -999999 -999999 -999999 -999999 -999999 -999999 -999999 2019    1712    -999999 -999999 -999999 -999999 
676    1909 -999999 -999999 -999999 -999999 -999999 -999999 -999999 -999999 -999999 -999999 -999999 -999999 -999999 -999999 -999999 -999999 -999999 -999999 229     
676    1910 -999999 -999999 -999999 -999999 -999999 -999999 -999999 -999999 -999999 -999999 -999999 -999999 -999999 -999999 -999999 -999999 -999999 -999999 -999999 
676    1911 -999999 -999999 -999999 -999999 -999999 -999999 -999999 -999999 -999999 -999999 -999999 -999999 -999999 -999999 -999999 -999999 -999999 -999999 425     
676    1912 -999999 -999999 -999999 -999999 -999999 -999999 -999999 -60     -999999 -999999 -999999 -999999 -999999 -999999 -999999 -999999 -999999 -999999 -999999 
676    1913 1075    -999999 1571    -999999 1017    1797    1169    121     318     594     980     1477    1695    1934    1758    1569    1087    854     465     
676    1914 1123    593     1698    364     1014    2015    1072    76      571     512     1164    1371    1846    2167    2027    1594    1045    579     488     
676    1915 929     448     1515    272     802     1781    948     113     210     226     902     1267    1809    1768    1766    1548    861     438     174     
676    1916 981     390     1489    271     857     1710    1036    460     171     223     956     1395    1454    1904    1764    1439    965     696     310     
676    1917 967     333     1605    115     700     1981    1096    -18     45      -1      614     1485    2031    1998    1913    1581    987     723     225     
676    1918 -999999 -999999 1495    178     918     1780    993     77      229     470     842     1443    1631    1883    1822    1329    1062    585     371     
676    1919 915     423     1529    201     875     1735    917     206     8       270     793     1560    1723    1778    1705    1601    915     213     120     
676    1920 1008    406     1538    212     975     1790    1019    145     380     648     892     1384    1759    1873    1738    1568    949     541     196     
676    1921 1110    519     1650    290     1150    1883    1040    372     303     727     1133    1588    1711    2084    1849    1514    1251    324     345     
676    1922 -999999 -999999 1426    70      826     1691    938     -30     -138    399     620     1451    1649    1700    1721    1403    913     499     453     
676    1923 907     460     1387    277     776     1667    1035    342     18      495     710     1121    1351    1996    1645    1480    1162    459     30      
676    1924 -999999 -999999 -999999 -999999 -999999 -999999 -999999 -999999 -999999 -999999 -999999 -999999 -999999 -999999 -999999 -999999 1133    -999999 433     
676    1925 -999999 -999999 -999999 -999999 -999999 -999999 -999999 -999999 -999999 -999999 -999999 -999999 -999999 2258    1944    1478    964     -999999 17      
676    1926 -999999 -999999 -999999 -999999 -999999 -999999 -999999 -999999 -999999 -999999 -999999 -999999 -999999 -999999 2003    -999999 902     651     -999999 
676    1927 -999999 -999999 -999999 -999999 -999999 -999999 -999999 288     -999999 -999999 -999999 1070    -999999 -999999 -999999 1503    1030    -999999 -176    
676    1928 -999999 -999999 -999999 -999999 -999999 -999999 -999999 101     -999999 -999999 -999999 -999999 -999999 -999999 1756    -999999 -999999 -999999 253     
676    1929 -999999 -999999 -999999 -999999 -999999 -999999 -999999 -999999 -999999 -999999 -999999 -999999 -999999 -999999 -999999 -999999 1096    -999999 -999999 
676    1930 -999999 -999999 -999999 -999999 -999999 -999999 -999999 335     -999999 -999999 -999999 -999999 -999999 -999999 1904    -999999 -999999 -999999 -999999 
676    1931 -999999 -999999 -999999 -999999 -999999 -999999 -999999 141     -999999 -999999 -999999 -999999 -999999 -999999 1767    -999999 -999999 -999999 -999999 
676    1932 -999999 -999999 -999999 -999999 -999999 -999999 -999999 -999999 -999999 -999999 -999999 -999999 -999999 -999999 -999999 -999999 -999999 -999999 -999999 
676    1933 -999999 -999999 -999999 -999999 -999999 -999999 -999999 -999999 -999999 -999999 -999999 -999999 -999999 -999999 -999999 -999999 -999999 -999999 -999999 
676    1934 -999999 -999999 -999999 -999999 -999999 -999999 -999999 -999999 -999999 -999999 -999999 -999999 -999999 -999999 -999999 1743    -999999 -999999 -999999 
676    1935 -999999 -999999 -999999 -999999 -999999 -999999 -999999 -999999 -999999 -999999 -999999 -999999 -999999 1980    -999999 -999999 1023    -999999 230     
676    1936 -999999 -999999 -999999 -999999 -999999 -999999 -999999 -999999 -999999 -999999 -999999 -999999 -999999 1900    1886    -999999 -999999 -999999 -999999 
676    1937 -999999 -999999 -999999 -999999 -999999 -999999 -999999 -2      -999999 -999999 -999999 -999999 -999999 -999999 2163    -999999 -999999 567     85      
676    1938 -999999 -999999 -999999 -999999 -999999 -999999 -999999 292     -999999 -999999 -999999 -999999 -999999 -999999 2106    -999999 -999999 -999999 173     
676    1939 -999999 -999999 -999999 -999999 -999999 -999999 -999999 -999999 -999999 -999999 -999999 -999999 -999999 -999999 -999999 -999999 -999999 -999999 149     
676    1940 -999999 -999999 -999999 -999999 -999999 -999999 -999999 -999999 -999999 -999999 -999999 -999999 -999999 -999999 1709    -999999 -999999 658     -999999 
676    1941 -999999 -999999 -999999 -999999 -999999 -999999 -999999 -999999 -999999 -999999 -999999 -999999 -999999 -999999 1723    -999999 -999999 -999999 303     
676    1942 -999999 -999999 -999999 -999999 -999999 -999999 -999999 -999999 -999999 -999999 -999999 -999999 -999999 -999999 -999999 -999999 -999999 -999999 -999999 
676    1943 -999999 -999999 -999999 -999999 -999999 -999999 -999999 -999999 -999999 -999999 -999999 -999999 -999999 -999999 -999999 -999999 -999999 -999999 -999999 
676    1944 -999999 -999999 -999999 -999999 -999999 -999999 -999999 -999999 -999999 -999999 -999999 -999999 -999999 -999999 -999999 -999999 -999999 -999999 -999999 
676    1945 -999999 -999999 -999999 -999999 -999999 -999999 -999999 -999999 -999999 -999999 -999999 -999999 -999999 -999999 -999999 -999999 -999999 -999999 -999999 
676    1946 -999999 -999999 -999999 -999999 -999999 -999999 -999999 -999999 -999999 -999999 -999999 -999999 -999999 -999999 1796    -999999 -999999 -999999 -999999 
676    1947 -999999 -999999 -999999 -999999 -999999 -999999 -999999 -999999 -999999 -999999 -999999 -999999 -999999 -999999 -999999 -999999 -999999 -999999 317     
676    1948 -999999 -999999 -999999 -999999 -999999 -999999 -999999 -999999 -999999 -999999 -999999 -999999 -999999 -999999 -999999 -999999 -999999 -999999 -999999 
676    1949 -999999 -999999 -999999 -999999 -999999 -999999 -999999 -999999 -999999 -999999 -999999 -999999 -999999 -999999 -999999 -999999 -999999 -999999 -999999 
676    1950 -999999 -999999 -999999 -999999 -999999 -999999 -999999 -999999 -999999 -999999 -999999 -999999 -999999 -999999 -999999 -999999 -999999 549     121     
676    1951 -999999 -999999 -999999 -999999 -999999 -999999 -999999 82      -999999 -999999 -999999 -999999 -999999 -999999 -999999 -999999 -999999 -999999 529     
676    1952 -999999 -999999 -999999 -999999 -999999 -999999 -999999 -999999 -999999 -999999 -999999 -999999 -999999 -999999 -999999 1354    -999999 -999999 152     
676    1953 1116    -999999 1643    -999999 1051    1947    1203    200     88      686     972     1492    1981    1970    1890    1540    1247    820     430     
676    1954 965     454     1531    120     893     1741    1075    83      -184    275     816     1584    1796    1708    1721    1545    1104    576     454     
676    1955 982     372     1615    130     685     2015    1134    1       -73     135     778     1145    1629    2230    2172    1711    1053    641     285     
676    1956 -999999 -999999 -999999 -999999 -999999 -999999 -999999 61      -999999 -999999 -999999 -999999 -999999 -999999 -999999 -999999 -999999 -999999 -999999 
676    1957 -999999 -999999 -999999 -999999 -999999 -999999 -999999 278     -999999 -999999 -999999 -999999 -999999 -999999 1782    -999999 -999999 -999999 244     
676    1958 -999999 -999999 -999999 -999999 -999999 -999999 -999999 -999999 -999999 -999999 -999999 -999999 -999999 -999999 -999999 -999999 1209    -999999 -999999 
676    1959 925     -999999 1413    -999999 735     1723    1060    163     53      385     685     1132    1513    1830    1820    1477    1098    604     280     
676    1960 804     350     1282    74      599     1551    969     59      -129    164     531     1100    1485    1546    1620    1394    900     616     332     
676    1961 879     453     1297    223     758     1496    1100    57      287     514     738     1041    1500    1494    1493    1496    1192    610     105     
676    1962 757     389     1167    155     505     1415    958     208     151     38      566     898     1327    1461    1454    1285    1066    518     52      
676    1963 -999999 134     -999999 -261    477     1595    993     -386    -475    -32     460     1038    1503    1641    1641    1307    925     731     107     
676    1964 805     -999999 1268    95      577     1495    975     100     77      -28     639     1123    1448    1517    1517    1350    915     663     324     
676    1965 744     366     1192    174     508     1429    925     182     -1      89      533     902     1412    1381    1494    1434    1064    273     132     
676    1966 765     242     1229    -45     529     1557    958     -124    -155    225     308     1046    1524    1604    1542    1332    1045    493     270     
676    1967 -999999 430     -999999 185     691     1560    1078    91      195     455     514     1097    1360    1651    1676    1461    1134    637     253     
676    1968 818     387     1309    84      642     1582    1013    5       -13     288     687     941     1535    1537    1672    1476    987     578     79      
676    1969 788     257     1329    -5      469     1676    1061    24      -129    -25     504     930     1498    1715    1808    1503    1113    568     -101    
676    1970 751     187     1247    -193    453     1602    973     -215    -271    28      318     1007    1603    1538    1663    1340    992     587     348     
676    1971 845     390     1269    223     571     1547    979     86      234     85      510     1116    1329    1626    1677    1332    1041    563     496     
676    1972 822     389     1281    136     649     1597    929     -105    8       314     595     1036    1393    1749    1643    1229    919     638     402     
676    1973 866     -999999 1326    282     688     1652    897     167     272     464     522     1074    1497    1787    1666    1394    825     491     180     
676    1974 880     397     1280    239     695     1508    956     257     285     336     730     1020    1413    1480    1625    1408    834     630     519     
676    1975 936     497     1370    406     618     1706    1020    483     194     298     509     1044    1412    1751    1946    1539    962     559     471     
676    1976 818     365     1322    220     522     1680    965     153     25      6       513     1046    1461    1825    1745    1322    978     608     119     
676    1977 829     -999999 1238    45      614     1544    1009    -9      21      320     460     1059    1481    1569    1581    1260    1087    667     355     
676    1978 817     412     1250    164     595     1556    1044    189     -77     220     468     1092    1529    1488    1650    1257    1055    819     50      
676    1979 732     257     1232    -146    525     1498    946     -252    -247    87      482     1002    1507    1429    1560    1380    887     561     312     
676    1980 -999999 279     -999999 53      546     1591    942     -89     -76     64      581     995     1532    1620    1617    1437    926     495     345     
676    1981 -999999 -999999 -999999 173     709     1546    1003    89      80      242     586     1312    1427    1597    1615    1477    929     607     -128    
676    1982 -999999 -999999 -999999 -157    676     1664    1095    -227    -110    318     638     1056    1445    1761    1772    1434    1126    735     356     
676    1983 910     -999999 1349    307     691     1647    1019    472     69      345     645     1082    1447    1746    1744    1416    1047    594     263     
676    1984 -999999 383     -999999 172     613     1555    1021    185     60      132     607     1132    1391    1552    1717    1268    1152    643     319     
676    1985 -999999 264     -999999 -95     523     1572    926     -293    -335    81      462     1038    1414    1653    1645    1297    1114    366     328     
676    1986 789     -999999 1242    -6      558     1562    1003    7       -389    105     393     1156    1473    1637    1572    1198    1023    787     388     
676    1987 719     274     1177    -3      455     1394    1022    -345    -60     -167    593     943     1192    1507    1475    1335    1049    680     379     
676    1988 928     511     1380    358     703     1654    969     399     291     252     592     1243    1623    1740    1597    1443    962     503     426     
676    1989 -999999 568     -999999 459     790     1636    1093    464     490     551     654     1164    1552    1754    1600    1487    1137    654     348     
676    1990 -999999 -999999 -999999 448     920     1656    1015    435     569     621     769     1352    1560    1621    1776    1329    1108    620     348     
676    1991 -999999 -999999 -999999 216     672     1576    1050    330     -51     397     668     942     1238    1727    1757    1498    1034    620     467     
676    1992 -999999 547     1428    397     761     1768    955     357     364     426     606     1245    1781    1845    1675    1409    845     596     390     
676    1993 -999999 -999999 -999999 306     -999999 1493    802     312     205     320     790     1291    1420    1527    1537    1217    852     347     322     
676    1994 -999999 -999999 -999999 209     708     1742    1004    331     -44     318     730     1103    1351    1986    1822    1370    905     731     510     
676    1995 -999999 491     1374    330     665     1695    1056    126     355     322     636     1047    1402    1755    1918    1433    1179    517     -20     
676    1996 -999999 -999999 -999999 -120    543     1601    996     -126    -218    44      666     924     1383    1538    1876    1313    1078    615     108     
676    1997 -999999 409     1437    109     651     1837    991     -56     291     404     575     996     1536    1824    2142    1498    973     503     297     
676    1998 889     -999999 1324    365     781     1527    905     349     457     420     682     1237    1489    1524    1567    1430    963     321     196     
676    1999 -999999 -999999 1427    197     726     1671    1150    230     165     336     746     1082    1432    1815    1764    1709    1047    697     370     
676    2000 -999999 -999999 -999999 -999999 -999999 -999999 -999999 316     -999999 -999999 -999999 -999999 -999999 -999999 -999999 -999999 1254    -999999 565     
676    2001 1094    -999999 1639    -999999 907     1977    1233    305     210     349     808     1559    1669    2179    2071    1516    1422    755     208     
676    2002 1171    673     1796    384     1086    2106    1119    363     602     686     1004    1566    1931    2045    2338    1873    935     555     118     
676    2003 -999999 412     -999999 106     970     -999999 994     172     19      641     810     1443    1938    2216    -999999 1489    792     708     447     
676    2004 906     422     1372    223     773     1595    1036    -28     250     364     780     1176    1394    1538    1848    1479    1033    597     420     
676    2005 -999999 -999999 1368    -999999 671     1601    1135    -999999 79      149     741     1126    1407    1755    1636    1528    1166    711     302     
676    2006 981     372     1472    110     593     1783    1278    -53     78      11      650     1121    1526    2005    1808    1704    1285    845     726     
676    2007 992     711     1426    504     912     1680    967     524     235     609     935     1193    1623    1658    1756    1380    962     561     410     
676    2008 -999999 -999999 -999999 -999999 -999999 -999999 -999999 -999999 -999999 -999999 -999999 -999999 -999999 -999999 -999999 -999999 -999999 -999999 -999999 
676    2009 -999999 -999999 -999999 -999999 -999999 -999999 -999999 -999999 -999999 -999999 -999999 -999999 -999999 -999999 -999999 -999999 -999999 -999999 -999999 
676    2010 -999999 -999999 -999999 -999999 690     -999999 -999999 -999999 -999999 298     761     1032    1509    2045    1795    1431    990     466     -185    
676    2011 -999999 -999999 -999999 -999999 -999999 -999999 -999999 54      23      303     978     -999999 -999999 -999999 -999999 -999999 -999999 -999999 -999999 
