EUROPEAN CLIMATE ASSESSMENT & DATASET (ECA&D), file created on: 10-05-2011
THESE DATA CAN BE USED FREELY PROVIDED THAT THE FOLLOWING SOURCE IS ACKNOWLEDGED: 

Klein Tank, A.M.G. and Coauthors, 2002. Daily dataset of 20th-century surface
air temperature and precipitation series for the European Climate Assessment.
Int. J. of Climatol., 22, 1441-1453.
Data and metadata available at http://eca.knmi.nl

FILE FORMAT (MISSING VALUE CODE = -999999):

THIS FILE HOLDS DATA FOR STATION GERMANY                                  BRAUNLAGE (AWST)                         (STAID:    824)
LATITUDE: dd:mm:ss +51:43:48
LONGITUDE: ddd:mm:ss +010:36:00
ELEVATION: m  607

DATA IS FOR INDEX Mean of daily mean temperature (TG) with unit 0.01 Temperature (&#176;C)

01-06 SOUID: Source identifier
08-11 YEAR : YYYY
13-20 ANNUAL DATA VALUES
21-28 WINTER HALF YEAR DATA VALUES
29-36 SUMMER HALF YEAR DATA VALUES
37-44 WINTER (DJF) DATA VALUES
45-52 SPRING (MAM) DATA VALUES
53-60 SUMMER (JJA) DATA VALUES
61-68 AUTUMN (SON) DATA VALUES
69-76 JANUARY DATA VALUES
etc. 
157-164 DECEMBER DATA VALUES

824    1958 575     -999999 1085    -999999 307     1340    719     -218    -65     -324    220     1022    1179    1415    1420    1235    743     178     48      
824    1959 731     210     1263    -38     717     1538    724     -195    42      424     709     1016    1381    1712    1515    1227    730     213     -45     
824    1960 602     116     1068    -133    548     1290    720     -199    -157    139     478     1023    1340    1247    1285    1023    735     400     -112    
824    1961 663     230     1130    -59     632     1275    835     -307    275     401     802     700     1352    1182    1293    1458    841     207     -245    
824    1962 457     34      949     -191    295     1174    604     -69     -265    -285    559     621     1123    1163    1235    986     742     80      -445    
824    1963 509     -188    1142    -700    553     1383    763     -959    -693    107     580     972     1335    1486    1325    1143    619     531     -405    
824    1964 590     10      1189    -281    480     1430    627     -257    -174    -250    577     1116    1454    1512    1324    1137    501     248     -124    
824    1965 514     15      1012    -210    411     1235    573     -110    -416    -44     427     851     1288    1183    1235    1080    750     -118    -30     
824    1966 617     48      1138    -143    580     1355    677     -462    86      59      600     1081    1454    1288    1327    1070    906     47      -81     
824    1967 661     179     1131    -54     545     1408    760     -108    35      258     385     988     1202    1627    1388    1175    887     214     -165    
824    1968 591     94      1134    -233    541     1399    726     -321    -213    148     678     801     1359    1362    1475    1121    845     207     -390    
824    1969 559     -27     1154    -303    364     1447    793     -66     -470    -324    416     1002    1266    1645    1425    1152    979     241     -625    
824    1970 540     -51     1070    -468    309     1420    719     -384    -388    -150    181     893     1523    1307    1434    1068    663     429     -155    
824    1971 647     98      1174    -114    528     1431    614     -68     -118    -175    575     1183    1134    1568    1581    977     752     108     179     
824    1972 576     158     1030    -74     524     1346    534     -484    96      294     416     859     1186    1533    1315    851     556     194     77      
824    1973 607     138     1130    -40     450     1465    620     -69     -136    181     198     962     1367    1460    1567    1210    557     95      -165    
824    1974 634     170     1044    12      579     1260    538     140     68      311     585     842     1122    1206    1447    1054    308     262     225     
824    1975 694     191     1213    155     471     1540    696     243     -20     114     375     921     1248    1626    1738    1349    655     86      -70     
824    1976 619     34      1192    -119    416     1548    701     -178    -110    -186    421     1013    1496    1709    1436    1055    782     264     -291    
824    1977 630     162     1017    -141    490     1333    709     -160    46      325     247     891     1304    1352    1343    948     922     251     40      
824    1978 540     155     990     -161    518     1228    654     -172    -371    215     398     936     1175    1264    1244    909     757     293     -237    
824    1979 522     -39     1061    -445    438     1324    632     -617    -483    21      338     953     1429    1238    1307    1088    680     127     119     
824    1980 515     91      1028    -97     390     1278    580     -428    27      16      355     799     1198    1240    1394    1168    552     22      -169    
824    1981 579     42      1130    -252    675     1331    635     -307    -284    409     509     1101    1258    1361    1371    1166    545     196     -429    
824    1982 702     29      1226    -251    522     1522    855     -174    -139    165     388     1009    1387    1689    1485    1383    775     410     -5      
824    1983 693     198     1232    -67     542     1608    686     152     -377    182     588     857     1386    1810    1623    1111    688     261     -48     
824    1984 554     60      1002    -168    373     1274    729     -170    -294    -95     377     837     1066    1261    1487    963     812     410     -39     
824    1985 513     21      1083    -389    545     1271    537     -657    -480    44      453     1136    1046    1421    1337    1084    713     -191    163     
824    1986 550     -56     1075    -314    505     1372    687     -254    -910    53      303     1153    1338    1436    1340    856     770     433     -35     
824    1987 490     -37     1049    -354    318     1254    707     -808    -203    -382    631     715     1103    1396    1260    1179    705     237     17      
824    1988 650     175     1132    46      542     1354    635     171     -56     -36     488     1171    1262    1402    1395    1056    733     113     68      
824    1989 754     273     1181    120     669     1412    771     168     125     413     435     1151    1292    1501    1438    1250    855     204     165     
824    1990 707     347     1124    183     694     1403    638     49      353     455     483     1138    1235    1357    1612    895     805     208     -137    
824    1991 604     141     1080    -211    512     1383    688     -60     -459    434     429     670     1013    1645    1478    1224    606     237     -56     
824    1992 692     168     1250    -4      608     1583    570     -56     107     170     466     1184    1535    1590    1622    1085    367     266     -47     
824    1993 599     93      1127    -63     709     1257    448     -14     -135    102     813     1216    1259    1285    1228    947     555     -161    37      
824    1994 697     72      1205    -89     599     1560    672     17      -346    285     528     981     1292    1892    1486    1027    520     473     120     
824    1995 631     168     1171    11      486     1509    698     -225    153     -21     568     915     1148    1743    1624    1002    980     103     -448    
824    1996 457     -78     1030    -446    372     1333    561     -496    -391    -227    537     811     1247    1277    1471    819     687     171     -450    
824    1997 642     82      1155    -227    540     1489    600     -339    143     290     333     992     1279    1430    1751    1121    514     168     -9      
824    1998 639     192     1140    80      662     1329    508     20      244     219     610     1154    1325    1295    1365    1078    523     -78     -113    
824    1999 695     84      1231    -71     652     1399    759     91      -204    252     633     1070    1205    1624    1362    1491    660     154     -37     
824    2000 -999999 165     -999999 -27     736     -999999 -999999 -130    93      245     753     1209    -999999 1203    1479    1163    777     378     127     
824    2001 -999999 -999999 -999999 -999999 -999999 -999999 -999999 -999999 -999999 -999999 -999999 -999999 -999999 -999999 -999999 -999999 -999999 -999999 -999999 
824    2002 -999999 -999999 -999999 -999999 -999999 -999999 -999999 -999999 -999999 -999999 -999999 -999999 -999999 -999999 -999999 -999999 -999999 -999999 -999999 
824    2003 -999999 -999999 -999999 -999999 -999999 -999999 -999999 -999999 -999999 -999999 -999999 -999999 -999999 -999999 -999999 -999999 -999999 -999999 -999999 
824    2004 678     -999999 1193    -999999 592     1458    723     -228    19      172     710     899     1291    1427    1651    1168    786     212     6       
824    2005 -999999 153     1230    -80     624     1432    -999999 29      -293    132     704     1040    1324    1600    1368    1340    1054    284     -95     
824    2006 776     -999999 1337    -206    514     1608    1054    -295    -232    -99     570     1073    1435    2030    1380    1563    1040    542     310     
824    2007 -999999 453     -999999 225     839     1482    -999999 182     179     445     965     1140    1528    1479    1440    1042    600     178     51      
824    2008 -999999 -999999 -999999 133     639     1516    687     162     191     136     539     1229    1441    1596    1508    1053    721     287     -80     
824    2009 721     112     1316    -180    787     1475    799     -322    -134    183     1052    1136    1254    1560    1603    1280    573     552     -181    
824    2010 -999999 -999999 1213    -364    537     1585    644     -625    -269    130     659     815     1430    1868    1460    1052    671     208     -609    
824    2011 -999999 69      -999999 -275    -999999 -999999 -999999 -79     -123    333     970     -999999 -999999 -999999 -999999 -999999 -999999 -999999 -999999 
