EUROPEAN CLIMATE ASSESSMENT & DATASET (ECA&D), file created on: 10-05-2011
THESE DATA CAN BE USED FREELY PROVIDED THAT THE FOLLOWING SOURCE IS ACKNOWLEDGED: 

Klein Tank, A.M.G. and Coauthors, 2002. Daily dataset of 20th-century surface
air temperature and precipitation series for the European Climate Assessment.
Int. J. of Climatol., 22, 1441-1453.
Data and metadata available at http://eca.knmi.nl

FILE FORMAT (MISSING VALUE CODE = -999999):

THIS FILE HOLDS DATA FOR STATION CZECH REPUBLIC                           PRAHA-KLEMENTINUM                        (STAID:     27)
LATITUDE: dd:mm:ss +50:05:26
LONGITUDE: ddd:mm:ss +014:25:09
ELEVATION: m  191

DATA IS FOR INDEX Mean of daily mean temperature (TG) with unit 0.01 Temperature (&#176;C)

01-06 SOUID: Source identifier
08-11 YEAR : YYYY
13-20 ANNUAL DATA VALUES
21-28 WINTER HALF YEAR DATA VALUES
29-36 SUMMER HALF YEAR DATA VALUES
37-44 WINTER (DJF) DATA VALUES
45-52 SPRING (MAM) DATA VALUES
53-60 SUMMER (JJA) DATA VALUES
61-68 AUTUMN (SON) DATA VALUES
69-76 JANUARY DATA VALUES
etc. 
157-164 DECEMBER DATA VALUES

27     1775 1075    -999999 1680    -999999 926     2075    1085    17      506     638     727     1406    2000    2074    2148    1707    1108    440     89      
27     1776 876     288     1529    -129    864     1891    903     -814    369     546     853     1193    1784    1980    1905    1441    891     376     -18     
27     1777 897     262     1474    -52     852     1774    979     -143    10      435     695     1421    1626    1769    1923    1389    997     550     28      
27     1778 1023    361     1620    28      1054    1925    900     48      5       511     1147    1508    1624    2196    1944    1275    778     650     513     
27     1779 1047    428     1650    186     1114    1825    1088    -299    360     565     1157    1620    1634    1895    1939    1638    1126    500     382     
27     1780 895     368     1520    -63     989     1842    956     -343    -238    750     786     1426    1675    1927    1918    1364    1081    417     -78     
27     1781 1036    328     1767    -30     1017    2102    1011    -164    172     525     1047    1479    1998    2099    2205    1756    804     480     -11     
27     1782 904     248     1630    -64     871     1986    797     106     -312    372     805     1434    1851    2159    1944    1565    785     44      3       
27     1783 1010    282     1697    190     939     1983    1057    165     424     277     982     1560    1899    2048    1999    1680    1080    409     -425    
27     1784 838     18      1627    -540    840     1893    1036    -875    -304    215     682     1619    1845    1931    1902    1764    758     594     -102    
27     1785 800     39      1534    -192    462     1825    1026    -329    -139    -553    540     1401    1727    1882    1861    1775    887     420     52      
27     1786 746     214     1431    -84     820     1679    582     -259    -40     204     1013    1250    1808    1628    1606    1275    569     -97     -43     
27     1787 1029    106     1641    -107    835     2082    1135    -311    49      457     747     1299    2093    2063    2090    1535    1260    606     388     
27     1788 979     508     1759    243     1040    2073    1007    227     104     440     1070    1610    2007    2325    1886    1638    1032    351     -966    
27     1789 1020    25      1737    -426    993     1951    1079    -592    355     15      1098    1867    1851    2091    1906    1584    1062    593     378     
27     1790 1021    525     1596    320     993     1893    889     177     414     520     772     1681    1933    1840    1906    1419    879     368     297     
27     1791 1118    491     1736    333     1137    2047    961     362     341     682     1234    1498    1858    2110    2168    1528    1060    292     222     
27     1792 1030    355     1692    55      1071    2015    962     -81     22      592     1130    1495    1942    2164    1935    1466    928     493     238     
27     1793 1060    383     1617    135     901     1975    1144    -202    395     450     822     1429    1713    2165    2039    1509    1267    652     426     
27     1794 1154    658     1764    407     1264    2039    1018    248     563     785     1389    1622    1977    2295    1842    1446    1065    541     44      
27     1795 1006    248     1660    -214    1065    1885    1122    -768    115     488     1255    1456    1965    1753    1939    1587    1380    388     462     
27     1796 1013    527     1629    433     801     1911    1078    573     251     84      788     1529    1799    1983    1948    1706    1081    447     -57     
27     1797 1106    380     1783    120     1104    1996    1078    144     288     371     1165    1778    1812    2041    2128    1753    995     488     258     
27     1798 1070    442     1834    246     1020    2133    1108    148     340     412     972     1676    2072    2120    2204    1941    1072    311     -470    
27     1799 777     -12     1545    -590    820     1844    977     -927    -350    267     760     1430    1671    1881    1974    1532    940     459     -377    
27     1800 1018    122     1788    -179    1106    1871    1064    -90     -59     -148    1620    1863    1639    1900    2067    1622    996     576     173     
27     1801 1100    433     1702    103     1164    1875    1224    135     -8      688     1006    1794    1720    2016    1883    1775    1257    639     212     
27     1802 1030    376     1669    -29     943     2003    1174    -300    3       415     1063    1355    1847    1970    2187    1577    1335    603     241     
27     1803 928     320     1636    -126    981     1946    933     -459    -161    322     1269    1363    1784    2061    1986    1337    944     517     107     
27     1804 967     352     1680    146     910     1940    996     332     -12     205     904     1619    1815    2064    1938    1723    1119    141     -290    
27     1805 815     111     1527    -297    755     1823    806     -497    -83     255     719     1291    1719    1940    1805    1674    652     97      150     
27     1806 1111    348     1650    271     1005    1883    1126    346     321     513     719     1774    1756    1966    1921    1741    997     642     568     
27     1807 1090    462     1774    310     901     2188    1082    65      295     194     810     1697    1843    2190    2521    1547    1100    599     160     
27     1808 922     288     1749    45      808     2077    970     14      -42     -111    795     1739    1860    2184    2179    1711    879     324     -498    
27     1809 998     180     1667    -154    871     2014    977     -268    353     313     612     1681    1895    2054    2089    1644    867     423     265     
27     1810 975     256     1661    -76     920     1917    1115    -306    -199    447     796     1514    1658    2074    2010    1895    981     474     278     
27     1811 1123    293     1889    -122    1231    2203    1199    -624    -10     635     1090    1963    2250    2275    2085    1648    1363    580     149     
27     1812 864     359     1559    -61     858     1883    987     -376    52      376     569     1620    1853    1873    1921    1492    1211    250     -507    
27     1813 956     224     1608    -164    1025    1816    919     -262    325     340     1147    1594    1703    1950    1791    1448    906     402     96      
27     1814 852     117     1544    -248    827     1868    859     -322    -546    109     1117    1265    1640    2041    1915    1266    817     494     327     
27     1815 955     409     1570    153     1087    1807    916     -234    389     661     1018    1580    1874    1761    1786    1389    1010    346     -149    
27     1816 901     291     1504    -11     922     1748    877     137     -22     406     968     1392    1675    1830    1736    1410    903     316     26      
27     1817 992     389     1561    219     802     1919    976     198     455     439     495     1462    1972    1926    1860    1634    751     551     133     
27     1818 1017    383     1646    150     1048    1886    1042    214     97      532     1103    1512    1867    2003    1789    1591    1020    515     -96     
27     1819 1041    402     1696    83      1036    2005    1010    94      269     601     1040    1467    1980    2054    1979    1643    977     412     -64     
27     1820 917     215     1636    -148    1007    1874    929     -481    117     331     1076    1615    1597    1849    2165    1488    1005    290     -77     
27     1821 997     253     1599    -55     1029    1722    1116    47      -144    362     1244    1490    1539    1798    1824    1689    1007    654     377     
27     1822 1104    566     1722    303     1193    2009    1093    219     313     805     1118    1652    2037    2093    1898    1520    1202    552     -213    
27     1823 972     228     1650    -325    1010    1913    1100    -874    159     544     853     1628    1777    1922    2035    1661    1125    512     268     
27     1824 1054    433     1598    186     862     1869    1193    76      215     390     845     1350    1720    1949    1934    1777    1129    675     561     
27     1825 1045    466     1650    282     891     1889    1109    185     79      132     1052    1493    1753    1970    1941    1678    994     658     538     
27     1826 995     330     1730    -51     906     2130    1082    -572    -127    454     931     1334    1851    2240    2292    1709    1125    411     213     
27     1827 989     256     1754    -208    1153    2020    933     -185    -699    584     1135    1738    1969    2168    1922    1572    1086    135     309     
27     1828 1001    320     1649    49      1033    1928    979     -85     -86     527     1103    1471    1869    2122    1792    1522    924     494     325     
27     1829 749     188     1572    -161    824     1853    810     -379    -456    169     979     1330    1685    2074    1795    1553    836     38      -707    
27     1830 938     -62     1697    -616    1084    1993    986     -828    -282    551     1152    1553    1917    2083    1978    1481    890     591     95      
27     1831 976     277     1629    -112    1041    1905    1029    -416    -5      488     1195    1444    1726    2067    1917    1405    1239    435     145     
27     1832 946     373     1571    37      908     1874    971     -102    69      432     959     1334    1761    1818    2039    1497    1025    390     101     
27     1833 991     316     1596    31      1003    1821    948     -399    430     365     778     1859    2013    1878    1577    1456    918     471     518     
27     1834 1145    490     1837    369     1010    2211    1075    438     126     431     824     1771    2028    2398    2201    1770    1032    424     213     
27     1835 975     408     1672    184     949     1992    865     85      261     422     882     1539    1872    2153    1948    1620    927     45      -100    
27     1836 977     257     1549    -84     951     1917    996     -204    62      790     887     1173    1845    1992    1911    1471    1159    351     244     
27     1837 841     298     1465    48      690     1838    875     11      -129    113     724     1234    1737    1731    2045    1302    933     390     -62     
27     1838 725     3       1493    -544    786     1747    899     -920    -660    287     660     1407    1709    1842    1687    1636    867     195     -106    
27     1839 919     177     1505    -39     645     1871    1078    -91     93      96      485     1347    1982    1944    1690    1564    1085    585     193     
27     1840 759     256     1475    -29     716     1733    936     -214    -69     -52     901     1305    1675    1770    1753    1434    731     650     -773    
27     1841 965     42      1621    -538    1093    1757    1124    -231    -616    445     1046    1787    1630    1797    1840    1610    1216    544     387     
27     1842 882     301     1634    -152    919     1982    823     -471    -394    466     714     1572    1789    1908    2242    1550    760     162     189     
27     1843 957     311     1479    224     828     1750    940     73      430     256     962     1269    1559    1786    1900    1381    938     501     391     
27     1844 836     327     1442    80      846     1641    1017    -132    -26     271     937     1333    1730    1605    1591    1450    980     622     -344    
27     1845 839     77      1502    -282    592     1853    969     28      -556    -312    915     1182    1872    1990    1697    1346    1002    558     257     
27     1846 1007    464     1667    187     1011    2010    1004    30      283     642     1019    1371    1895    2040    2090    1568    1206    230     -336    
27     1847 824     145     1491    -278    843     1786    779     -384    -96     232     642     1648    1547    1885    1918    1276    784     278     87      
27     1848 906     180     1594    -178    1016    1889    934     -865    272     533     1125    1393    1908    1917    1842    1364    1075    357     -50     
27     1849 847     288     1478    -8      847     1744    811     -274    333     294     783     1463    1757    1785    1691    1369    877     183     -126    
27     1850 866     122     1522    -145    803     1827    885     -616    355     86      939     1387    1789    1847    1844    1307    790     561     94      
27     1851 859     295     1437    14      822     1748    840     -26     -30     358     1037    1078    1683    1763    1797    1253    1143    114     76      
27     1852 994     324     1561    175     732     1937    1006    231     220     146     563     1482    1786    2106    1913    1491    883     650     420     
27     1853 785     295     1488    149     553     1858    899     156     -160    -210    572     1296    1749    1973    1848    1467    935     295     -563    
27     1854 898     163     1509    -230    909     1769    841     -106    3       402     843     1482    1612    1952    1739    1407    955     156     255     
27     1855 769     123     1476    -210    731     1838    983     -272    -655    222     699     1271    1791    1860    1863    1353    1190    398     -592    
27     1856 888     223     1533    -139    860     1791    821     -39     237     152     1079    1356    1773    1717    1882    1380    1020    55      23      
27     1857 919     149     1606    -189    882     1929    980     -290    -312    350     895     1402    1813    1969    2001    1538    1250    144     170     
27     1858 807     164     1569    -217    755     1894    804     -333    -518    203     800     1263    2003    1858    1824    1658    968     -253    77      
27     1859 1005    312     1651    128     1005    2066    921     73      246     716     882     1414    1809    2266    2114    1391    1062    306     -275    
27     1860 841     218     1508    -94     848     1753    786     130     -141    205     863     1475    1812    1680    1770    1433    805     119     -96     
27     1861 923     186     1548    -131    814     1974    997     -513    253     555     685     1199    1927    1984    2011    1466    1002    522     -50     
27     1862 984     314     1619    -100    1128    1807    1050    -222    -21     629     1126    1628    1689    1924    1803    1528    1139    480     37      
27     1863 1048    461     1587    192     972     1874    1056    274     272     547     918     1450    1773    1807    2038    1517    1124    524     271     
27     1864 736     294     1404    -159    773     1735    834     -740    3       573     657     1084    1776    1758    1674    1467    798     239     -466    
27     1865 918     -6      1669    -364    942     1857    1040    -30     -621    -7      1035    1803    1534    2222    1805    1590    978     554     36      
27     1866 1001    444     1576    259     860     1825    978     343     413     339     1108    1142    1980    1788    1713    1729    754     458     224     
27     1867 917     322     1558    172     824     1828    935     -96     412     196     936     1345    1730    1817    1936    1571    958     274     -98     
27     1868 1120    324     1811    71      1086    2106    1020    -101    437     481     877     1893    2011    2131    2173    1754    1056    249     453     
27     1869 946     382     1602    253     970     1762    907     -165    494     212     1173    1532    1494    2056    1728    1610    736     381     87      
27     1870 786     116     1517    -164    778     1830    870     -92     -520    53      776     1504    1692    2063    1730    1311    843     456     -480    
27     1871 728     80      1470    -457    801     1785    788     -621    -249    511     800     1092    1460    1957    1928    1562    660     145     -573    
27     1872 1037    124     1634    -203    1044    1845    1155    -150    137     529     1065    1539    1690    2029    1810    1653    1128    686     294     
27     1873 986     483     1567    177     840     1986    1004    208     14      529     833     1158    1753    2148    2050    1437    1110    460     54      
27     1874 927     351     1605    43      822     1930    947     55      18      379     1009    1084    1757    2248    1778    1743    963     134     -103    
27     1875 852     105     1637    -183    783     2019    804     67      -550    54      796     1498    2014    1948    2096    1448    691     277     -215    
27     1876 914     162     1564    -173    882     1943    853     -350    63      501     1104    1048    1890    1987    1951    1392    1093    66      193     
27     1877 939     350     1516    218     714     1994    859     198     267     267     723     1152    2030    1962    1991    1219    771     590     65      
27     1878 970     337     1618    86      960     1848    1023    -46     254     388     1020    1474    1826    1802    1916    1662    1073    332     -93     
27     1879 794     255     1524    -44     748     1826    887     -185    167     230     769     1244    1827    1702    1949    1643    893     127     -862    
27     1880 943     43      1558    -391    890     1835    994     -187    -107    385     1061    1229    1734    1996    1771    1546    971     465     421     
27     1881 827     287     1478    -22     776     1851    780     -501    18      329     617     1375    1658    2044    1845    1298    591     459     131     
27     1882 962     370     1485    122     1012    1709    998     64      177     782     894     1355    1549    1926    1646    1526    995     473     96      
27     1883 899     277     1518    85      685     1823    980     -65     239     -70     670     1454    1824    1860    1785    1498    971     473     112     
27     1884 956     443     1498    228     886     1763    884     326     248     517     662     1470    1478    1989    1812    1553    865     232     272     
27     1885 943     288     1616    77      957     1897    927     -244    216     379     1178    1323    2015    1983    1696    1498    911     374     -42     
27     1886 953     190     1631    -79     877     1841    1084    -102    -96     74      1070    1492    1652    1931    1935    1688    1041    525     155     
27     1887 841     234     1544    -134    778     1882    885     -475    -76     214     918     1207    1681    2164    1794    1482    719     459     -45     
27     1888 841     177     1496    -133    863     1749    829     -241    -112    272     792     1524    1786    1723    1739    1395    814     277     89      
27     1889 884     163     1624    -70     944     1912    827     -179    -124    80      907     1844    2057    1885    1798    1235    959     284     -203    
27     1890 891     276     1544    -57     1010    1789    870     218     -199    554     891     1580    1593    1794    1973    1409    852     352     -405    
27     1891 868     112     1493    -321    870     1748    941     -440    -98     400     621     1579    1679    1831    1730    1492    1057    268     224     
27     1892 892     283     1608    87      773     1934    892     -77     116     100     833     1387    1817    1835    2147    1610    828     241     -158    
27     1893 897     142     1556    -253    941     1864    939     -783    228     505     943     1375    1774    1965    1852    1407    1127    276     50      
27     1894 930     325     1518    2       995     1793    900     -275    254     508     1128    1354    1607    1982    1783    1234    954     511     84      
27     1895 848     127     1594    -314    835     1873    992     -422    -636    211     958     1340    1751    2028    1836    1638    845     499     29      
27     1896 862     288     1469    -67     834     1802    905     -266    43      568     708     1222    1826    1913    1667    1463    1010    239     -72     
27     1897 915     312     1522    -14     923     1863    798     -98     144     631     885     1251    1859    1854    1876    1395    755     245     130     
27     1898 1020    338     1568    161     980     1824    1032    149     207     526     971     1442    1714    1720    2035    1509    992     597     319     
27     1899 893     446     1486    241     850     1767    959     232     164     351     904     1297    1642    1886    1770    1400    836     644     -451    
27     1900 952     215     1552    -103    694     1917    1045    0       166     104     750     1232    1811    2031    1905    1564    951     623     245     
27     1901 877     209     1587    -208    893     1892    933     -448    -443    279     901     1498    1834    2012    1828    1431    1046    318     172     
27     1902 827     405     1429    204     790     1746    752     388     35      434     866     1074    1745    1780    1713    1390    794     72      -422    
27     1903 959     247     1483    -30     934     1775    1003    -53     429     674     652     1468    1676    1836    1808    1437    1019    554     -28     
27     1904 979     357     1591    35      944     1927    894     -64     208     452     1023    1361    1732    2104    1941    1367    927     387     286     
27     1905 930     369     1558    90      900     1933    804     -213    208     604     700     1391    1904    2053    1842    1439    561     420     206     
27     1906 960     305     1562    161     952     1827    1010    131     145     352     1006    1500    1673    1962    1841    1370    945     715     -173    
27     1907 923     297     1506    -78     870     1776    983     -35     -20     333     709     1562    1777    1671    1882    1414    1276    249     182     
27     1908 869     345     1537    48      905     1842    771     -240    214     375     716     1619    1914    1946    1666    1336    866     107     -115    
27     1909 874     134     1503    -158    820     1775    951     -167    -194    275     922     1265    1684    1741    1897    1492    1055    303     140     
27     1910 960     410     1495    208     915     1789    855     189     305     453     855     1434    1852    1763    1754    1295    952     313     309     
27     1911 1031    362     1676    132     953     2028    1006    -66     154     488     906     1463    1778    2164    2134    1586    907     528     269     
27     1912 860     366     1433    26      948     1799    656     -355    172     670     796     1373    1788    1993    1615    1009    721     236     274     
27     1913 943     327     1450    89      1015    1656    989     -103    96      713     932     1398    1671    1648    1650    1388    903     680     290     
27     1914 937     357     1550    -9      988     1833    929     -343    31      561     1076    1331    1660    1942    1892    1380    936     470     246     
27     1915 925     361     1531    168     867     1842    751     121     133     241     845     1515    1989    1885    1657    1276    768     208     406     
27     1916 1011    443     1502    329     1069    1704    944     447     121     683     979     1544    1506    1829    1771    1359    956     517     377     
27     1917 891     214     1650    -101    762     2023    1027    -238    -478    94      546     1639    2116    2021    1935    1621    924     540     -124    
27     1918 1009    363     1595    60      1075    1761    939     115     204     510     1143    1573    1569    1888    1818    1564    919     335     410     
27     1919 865     379     1461    193     766     1730    860     168     -18     423     694     1181    1677    1682    1829    1695    760     128     97      
27     1920 995     373     1617    214     1146    1814    781     285     264     688     1181    1571    1659    1998    1781    1497    703     145     138     
27     1921 1044    392     1635    291     1055    1916    926     515     212     617     919     1625    1639    2081    2018    1499    1137    136     49      
27     1922 838     227     1478    -136    910     1774    731     -214    -253    459     746     1520    1810    1815    1698    1257    635     305     201     
27     1923 932     329     1485    142     941     1725    1014    136     84      589     769     1460    1317    2030    1814    1491    1157    388     -129    
27     1924 863     199     1534    -219    885     1756    962     -291    -240    285     787     1578    1683    1890    1693    1556    1023    305     47      
27     1925 955     388     1537    249     932     1787    857     276     444     238     976     1584    1658    1900    1800    1284    925     361     -18     
27     1926 997     358     1542    121     965     1740    1098    -34     448     473     1112    1315    1543    1919    1752    1597    935     766     118     
27     1927 943     471     1541    145     936     1848    946     257     51      666     867     1273    1701    1967    1871    1553    924     361     -244    
27     1928 973     309     1533    76      803     1888    1030    215     271     324     884     1203    1633    2162    1861    1434    919     742     10      
27     1929 848     51      1564    -527    770     1863    1126    -544    -1102   193     604     1509    1689    1988    1907    1667    1150    559     409     
27     1930 1024    495     1617    208     1003    1927    1051    128     74      613     1024    1374    2093    1920    1774    1511    967     678     81      
27     1931 891     315     1538    32      859     1869    801     22      -9      131     666     1772    1895    1966    1748    1154    814     435     28      
27     1932 966     226     1662    7       851     1905    1094    169     -190    79      937     1540    1616    2054    2036    1765    1035    483     21      
27     1933 891     315     1548    -62     892     1881    965     -289    98      524     769     1378    1636    2068    1931    1481    1045    366     -365    
27     1934 1132    321     1740    -51     1139    1978    1099    60      175     634     1177    1608    1914    2101    1918    1705    1061    534     635     
27     1935 1003    453     1635    277     817     2010    1073    -45     239     277     912     1263    2052    2033    1947    1592    1039    589     102     
27     1936 986     467     1578    191     982     1879    864     323     147     587     892     1465    1845    1984    1805    1458    732     407     153     
27     1937 1025    316     1681    63      1084    1945    1014    -204    260     544     942     1762    1935    1972    1926    1529    1068    442     79      
27     1938 1018    473     1543    145     942     1935    1088    156     205     861     627     1327    1865    1938    2000    1480    1070    714     -86     
27     1939 972     413     1608    143     861     1932    952     266     259     252     1120    1219    1806    1973    2014    1501    765     596     -135    
27     1940 756     20      1514    -522    867     1783    962     -868    -566    308     968     1327    1880    1847    1625    1429    872     588     -365    
27     1941 828     173     1450    -290    737     1864    798     -518    47      414     677     1119    1794    2028    1768    1293    877     220     165     
27     1942 862     20      1621    -376    813     1855    1141    -861    -437    117     846     1478    1665    1881    2013    1827    1204    391     142     
27     1943 1028    444     1651    122     1064    1931    1022    -142    393     669     1085    1438    1658    2026    2100    1580    1094    391     5       
27     1944 966     333     1599    114     799     1944    1021    388     -62     157     935     1310    1667    1976    2181    1500    1037    526     -66     
27     1945 1032    381     1651    -9      1111    1928    1007    -368    451     716     1042    1573    1883    2056    1844    1488    1054    477     141     
27     1946 983     394     1714    80      1144    1937    894     -210    333     568     1168    1697    1780    2108    1918    1591    689     409     -279    
27     1947 989     20      1815    -460    1058    2053    1120    -495    -623    369     1144    1663    2010    2127    2022    1912    818     638     186     
27     1948 1040    442     1666    193     1150    1847    1027    323     63      605     1250    1599    1804    1831    1905    1597    994     490     -9      
27     1949 1047    342     1648    81      999     1835    1104    66      197     304     1191    1508    1595    1981    1921    1678    1105    528     430     
27     1950 1023    466     1714    169     1079    2053    948     -173    259     627     947     1658    2070    2094    1997    1495    858     493     -88     
27     1951 1050    354     1643    130     907     1942    1077    188     308     365     964     1394    1804    1975    2042    1661    846     731     284     
27     1952 971     392     1670    182     957     2029    816     141     117     228     1256    1398    1774    2163    2143    1262    862     324     -47     
27     1953 1054    304     1682    17      1058    1960    1070    13      92      561     1151    1465    1922    2095    1862    1587    1160    460     214     
27     1954 918     287     1554    -188    929     1855    1010    -343    -461    626     733     1422    1962    1704    1903    1585    1059    383     338     
27     1955 897     288     1523    32      750     1844    965     -151    -103    167     768     1315    1724    1940    1865    1509    925     462     274     
27     1956 832     188     1516    -181    826     1765    931     73      -938    268     754     1455    1583    1956    1750    1575    980     238     207     
27     1957 1010    432     1549    217     954     1924    971     36      427     696     948     1217    1985    2047    1741    1342    973     598     79      
27     1958 976     324     1574    105     790     1854    1072    -53     308     48      659     1658    1714    1950    1894    1543    1045    629     272     
27     1959 1031    443     1656    101     1082    1962    944     79      -65     655     1111    1481    1868    2081    1933    1442    907     483     312     
27     1960 979     344     1570    71      945     1858    1043    -82     -22     450     903     1481    1850    1838    1887    1442    1002    688     277     
27     1961 1037    521     1626    207     1117    1822    1096    -81     448     792     1316    1250    1866    1802    1799    1720    1136    431     -54     
27     1962 883     318     1525    61      820     1784    946     176     62      135     1106    1229    1677    1754    1918    1454    935     450     -338    
27     1963 905     53      1667    -477    940     1966    1154    -629    -461    325     1037    1460    1861    2109    1926    1594    1008    864     -314    
27     1964 962     227     1692    -214    936     1975    997     -346    35      121     1094    1600    2061    2096    1772    1518    883     595     104     
27     1965 912     339     1506    82      813     1804    834     244     -121    294     875     1273    1787    1838    1788    1460    835     208     385     
27     1966 1042    362     1624    203     1059    1855    1067    -279    537     498     1162    1519    1935    1858    1775    1484    1316    392     282     
27     1967 1073    515     1642    221     1037    1941    1122    32      363     685     915     1507    1767    2144    1905    1593    1291    477     139     
27     1968 985     443     1596    91      1015    1869    1037    -83     225     597     1093    1357    1886    1900    1823    1509    1105    495     -100    
27     1969 935     270     1644    -66     921     1902    1084    -25     -74     193     902     1668    1760    2091    1851    1569    1013    672     -461    
27     1970 950     227     1563    -214    812     1917    1054    -181    22      294     807     1333    1906    1978    1867    1468    980     715     159     
27     1971 1013    361     1643    66      974     1944    932     -217    276     253     1074    1597    1631    2068    2123    1339    973     484     494     
27     1972 980     472     1571    215     1035    1912    882     -137    294     713     947     1442    1812    2064    1857    1280    779     592     99      
27     1973 1010    401     1626    137     954     1938    990     59      265     601     744     1509    1836    1966    2009    1672    892     408     106     
27     1974 1085    514     1578    309     1089    1821    936     381     455     833     1042    1391    1630    1812    2015    1562    729     523     593     
27     1975 1080    511     1694    413     988     1971    1049    481     137     566     928     1467    1733    2076    2097    1841    909     401     248     
27     1976 1026    361     1645    205     902     1973    1085    209     156     228     939     1542    1943    2167    1809    1450    1152    652     34      
27     1977 1030    505     1539    132     1025    1864    1028    51      330     800     805     1463    1857    1913    1823    1354    1065    663     182     
27     1978 966     458     1501    113     980     1762    972     196     -55     653     922     1364    1737    1804    1744    1422    1008    484     233     
27     1979 990     343     1603    -18     1021    1886    950     -345    67      591     883     1585    2074    1743    1847    1476    858     520     528     
27     1980 900     400     1463    188     808     1783    937     -282    328     450     732     1239    1754    1706    1887    1446    960     405     158     
27     1981 1016    404     1623    53      1121    1887    1063    -125    135     865     930     1563    1885    1861    1913    1569    1019    603     -82     
27     1982 1062    315     1714    -130    1008    2031    1171    -332    40      626     822     1569    1943    2144    2004    1783    1120    611     347     
27     1983 1101    529     1747    265     1098    2078    1026    498     -83     625     1155    1514    1888    2328    2012    1562    1113    400     107     
27     1984 978     388     1516    129     894     1796    1065    184     94      408     884     1391    1654    1814    1915    1418    1166    606     164     
27     1985 941     286     1625    -191    1030    1856    933     -498    -244    481     1000    1609    1603    2005    1952    1557    996     243     494     
27     1986 1011    330     1652    66      1102    1904    1029    130     -477    515     1043    1747    1839    1955    1915    1391    1065    632     263     
27     1987 934     262     1594    -74     824     1828    1119    -519    45      79      1114    1287    1702    2010    1768    1675    1066    618     324     
27     1988 1091    532     1685    362     1061    1922    984     401     361     412     1070    1702    1773    2011    1977    1557    1110    280     400     
27     1989 1126    571     1680    380     1172    1931    1045    263     488     867     1035    1610    1780    2035    1972    1631    1167    335     281     
27     1990 1140    601     1663    387     1187    1985    1020    255     652     915     964     1674    1871    1983    2096    1363    1098    597     175     
27     1991 1008    466     1609    105     948     1964    1031    271     -158    755     930     1159    1716    2162    2007    1664    963     470     74      
27     1992 1143    460     1811    243     1108    2171    1020    266     398     587     1034    1700    2030    2175    2303    1598    885     581     137     
27     1993 1051    384     1700    117     1170    1896    887     303     -112    470     1230    1811    1843    1905    1939    1452    971     234     476     
27     1994 1193    526     1785    362     1142    2162    1110    455     133     841     1046    1536    1934    2452    2093    1627    873     838     407     
27     1995 1091    567     1693    387     1030    2026    1038    119     660     521     1088    1483    1684    2321    2062    1492    1270    344     12      
27     1996 923     267     1576    -92     925     1885    1031    -172    -118    244     1095    1442    1861    1853    1942    1246    1153    689     -192    
27     1997 1071    441     1672    23      1038    2005    1005    -209    518     705     787     1614    1875    1964    2171    1599    917     502     365     
27     1998 1141    562     1750    428     1198    2007    974     315     623     654     1266    1676    1998    2003    2021    1519    1082    317     185     
27     1999 1139    458     1776    197     1179    1987    1133    264     135     728     1144    1664    1804    2166    1985    1876    1077    446     301     
27     2000 1196    514     1792    306     1255    2011    1196    107     525     625     1348    1796    2058    1822    2153    1559    1288    739     320     
27     2001 1068    564     1661    245     1082    1970    1071    92      329     597     948     1696    1711    2082    2109    1390    1374    440     -10     
27     2002 1142    545     1775    254     1169    2098    1025    197     609     662     1038    1802    2034    2120    2139    1494    964     619     -4      
27     2003 1124    372     1855    -18     1159    2236    1020    51      -112    674     1027    1772    2242    2149    2318    1603    790     674     218     
27     2004 1089    422     1709    163     1055    2009    1119    -114    400     571     1167    1431    1835    2042    2143    1620    1144    593     215     
27     2005 -999999 453     -999999 164     -999999 -999999 -999999 293     -34     463     1217    -999999 -999999 -999999 -999999 -999999 -999999 -999999 -999999 
27     2006 -999999 -999999 -999999 -999999 -999999 -999999 -999999 -999999 -999999 -999999 -999999 -999999 -999999 -999999 -999999 -999999 -999999 -999999 -999999 
27     2007 -999999 -999999 -999999 -999999 -999999 -999999 -999999 -999999 -999999 -999999 -999999 -999999 -999999 -999999 -999999 -999999 -999999 -999999 -999999 
27     2008 -999999 -999999 -999999 -999999 -999999 -999999 -999999 -999999 -999999 -999999 -999999 -999999 -999999 -999999 -999999 -999999 -999999 -999999 -999999 
27     2009 -999999 -999999 -999999 -999999 -999999 -999999 -999999 -999999 -999999 -999999 -999999 -999999 -999999 -999999 -999999 -999999 -999999 -999999 -999999 
27     2010 -999999 -999999 -999999 -999999 -999999 -999999 999     -999999 -999999 -999999 -999999 -999999 -999999 2341    1980    1410    901     691     -275    
27     2011 -999999 -999999 -999999 -8      -999999 -999999 -999999 166     95      -999999 -999999 -999999 -999999 -999999 -999999 -999999 -999999 -999999 -999999 
