EUROPEAN CLIMATE ASSESSMENT & DATASET (ECA&D), file created on: 10-05-2011
THESE DATA CAN BE USED FREELY PROVIDED THAT THE FOLLOWING SOURCE IS ACKNOWLEDGED: 

Klein Tank, A.M.G. and Coauthors, 2002. Daily dataset of 20th-century surface
air temperature and precipitation series for the European Climate Assessment.
Int. J. of Climatol., 22, 1441-1453.
Data and metadata available at http://eca.knmi.nl

FILE FORMAT (MISSING VALUE CODE = -999999):

THIS FILE HOLDS DATA FOR STATION SWEDEN                                   BORAS                                    (STAID:   1422)
LATITUDE: dd:mm:ss +57:45:36
LONGITUDE: ddd:mm:ss +012:57:00
ELEVATION: m  135

DATA IS FOR INDEX Mean of daily mean temperature (TG) with unit 0.01 Temperature (&#176;C)

01-06 SOUID: Source identifier
08-11 YEAR : YYYY
13-20 ANNUAL DATA VALUES
21-28 WINTER HALF YEAR DATA VALUES
29-36 SUMMER HALF YEAR DATA VALUES
37-44 WINTER (DJF) DATA VALUES
45-52 SPRING (MAM) DATA VALUES
53-60 SUMMER (JJA) DATA VALUES
61-68 AUTUMN (SON) DATA VALUES
69-76 JANUARY DATA VALUES
etc. 
157-164 DECEMBER DATA VALUES

1422   1961 719     -999999 1208    -999999 665     1445    888     -243    138     371     646     977     1504    1485    1349    1281    1055    324     -281    
1422   1962 -999999 81      -999999 -144    269     -999999 680     -54     -94     -473    488     797     -999999 1383    1261    1013    821     202     -306    
1422   1963 526     -195    1204    -676    456     1493    792     -1026   -697    -197    451     1113    1494    1503    1483    1166    774     438     -260    
1422   1964 606     66      1160    -223    522     1390    668     -85     -331    -153    581     1139    1381    1394    1395    1058    611     338     -85     
1422   1965 522     29      1101    -202    383     1348    638     -122    -421    -179    452     876     1403    1336    1306    1224    787     -103    -362    
1422   1966 527     -165    1125    -576    392     1505    675     -626    -757    13      130     1025    1613    1524    1382    1058    711     255     -92     
1422   1967 669     130     1172    -189    590     1459    854     -398    -65     358     411     995     1308    1578    1487    1233    905     422     -256    
1422   1968 608     46      1233    -398    525     1568    689     -495    -447    125     627     827     1591    1533    1581    1229    664     173     -144    
1422   1969 583     -84     1272    -308    306     1671    746     -213    -596    -427    399     948     1609    1697    1705    1258    800     178     -435    
1422   1970 483     -206    1124    -683    306     1524    628     -721    -915    -200    147     965     1664    1411    1501    1039    697     145     -37     
1422   1971 658     70      1174    -89     446     1495    668     -161    -66     -167    375     1129    1341    1648    1492    1033    761     207     243     
1422   1972 657     126     1170    -110    527     1529    654     -456    -116    103     451     1025    1409    1735    1437    937     676     349     297     
1422   1973 652     279     1195    95      570     1576    496     -56     37      353     355     996     1535    1763    1429    1074    427     -13     -118    
1422   1974 710     126     1159    37      611     1387    678     108     129     218     632     982     1366    1393    1402    1167    506     365     216     
1422   1975 764     220     1271    130     508     1631    770     231     -79     54      373     1092    1387    1701    1798    1249    760     303     228     
1422   1976 569     65      1186    -122    369     1565    643     -425    -172    -313    385     1035    1418    1710    1564    978     607     346     -322    
1422   1977 606     3       1098    -352    458     1449    722     -330    -411    96      234     1037    1491    1448    1408    952     857     351     58      
1422   1978 586     120     1121    -164    468     1442    769     -68     -516    -15     364     1050    1452    1436    1439    966     771     570     -496    
1422   1979 512     -101    1136    -640    436     1447    646     -670    -766    -61     367     999     1565    1401    1378    1092    544     306     -93     
1422   1980 552     -86     1199    -389    396     1526    618     -442    -649    -205    425     967     1497    1601    1478    1208    551     96      54      
1422   1981 572     40      1198    -139    556     1435    675     -313    -161    -5      433     1237    1325    1525    1452    1195    605     225     -697    
1422   1982 662     -118    1235    -597    566     1569    827     -736    -331    216     504     976     1328    1785    1585    1213    816     451     64      
1422   1983 711     239     1250    -12     609     1557    704     281     -420    183     585     1057    1370    1695    1601    1170    735     207     -28     
1422   1984 684     73      1205    -126    528     1504    774     -186    -168    -130    542     1171    1354    1567    1587    984     916     417     121     
1422   1985 466     -44     1097    -537    417     1444    605     -841    -930    -16     198     1063    1333    1556    1438    965     849     -7      -125    
1422   1986 554     -80     1097    -468    471     1464    690     -444    -875    49      229     1125    1531    1536    1327    813     716     541     -15     
1422   1987 473     -86     1054    -454    313     1304    697     -1043   -288    -427    521     853     1148    1477    1282    1028    813     247     26      
1422   1988 688     194     1256    77      493     1569    611     166     34      -132    380     1228    1694    1573    1444    1201    627     5       4       
1422   1989 795     300     1212    245     681     1490    746     399     342     416     550     1074    1428    1653    1387    1166    811     259     16      
1422   1990 804     377     1235    240     755     1523    655     270     457     455     665     1143    1486    1538    1545    1014    729     219     95      
1422   1991 690     177     1169    -72     574     1486    732     -29     -306    308     541     874     1093    1743    1610    1128    692     378     166     
1422   1992 747     287     1295    114     676     1634    587     48      128     299     436     1285    1750    1664    1491    1123    380     265     69      
1422   1993 625     125     1136    -12     709     1301    505     -45     -64     130     665     1331    1285    1364    1254    900     532     81      16      
1422   1994 704     29      1282    -191    595     1628    691     -11     -620    113     629     1043    1242    1982    1649    1117    577     381     236     
1422   1995 673     213     1228    51      525     1592    731     -210    134     157     453     962     1389    1671    1708    1160    981     43      -408    
1422   1996 547     -81     1154    -464    400     1535    713     -360    -634    -138    523     820     1387    1448    1766    964     823     348     -419    
1422   1997 700     106     1295    -257    503     1759    629     -364    40      211     394     899     1577    1761    1933    1183    475     235     15      
1422   1998 660     185     1165    107     574     1360    615     10      316     75      504     1141    1303    1440    1335    1251    657     -64     -75     
1422   1999 741     88      1291    -84     601     1552    869     -34     -148    165     676     963     1396    1715    1541    1442    737     431     -45     
1422   2000 816     250     1247    54      724     1457    915     68      147     162     780     1233    1370    1538    1461    1084    1020    637     271     
