EUROPEAN CLIMATE ASSESSMENT & DATASET (ECA&D), file created on: 10-05-2011
THESE DATA CAN BE USED FREELY PROVIDED THAT THE FOLLOWING SOURCE IS ACKNOWLEDGED: 

Klein Tank, A.M.G. and Coauthors, 2002. Daily dataset of 20th-century surface
air temperature and precipitation series for the European Climate Assessment.
Int. J. of Climatol., 22, 1441-1453.
Data and metadata available at http://eca.knmi.nl

FILE FORMAT (MISSING VALUE CODE = -999999):

THIS FILE HOLDS DATA FOR STATION POLAND                                   LEBA                                     (STAID:    332)
LATITUDE: dd:mm:ss +54:45:00
LONGITUDE: ddd:mm:ss +017:31:59
ELEVATION: m    2

DATA IS FOR INDEX Mean of daily mean temperature (TG) with unit 0.01 Temperature (&#176;C)

01-06 SOUID: Source identifier
08-11 YEAR : YYYY
13-20 ANNUAL DATA VALUES
21-28 WINTER HALF YEAR DATA VALUES
29-36 SUMMER HALF YEAR DATA VALUES
37-44 WINTER (DJF) DATA VALUES
45-52 SPRING (MAM) DATA VALUES
53-60 SUMMER (JJA) DATA VALUES
61-68 AUTUMN (SON) DATA VALUES
69-76 JANUARY DATA VALUES
etc. 
157-164 DECEMBER DATA VALUES

332    1961 -999999 -999999 -999999 -999999 -999999 -999999 1036    -999999 -999999 -999999 -999999 -999999 -999999 -999999 1533    1420    1160    525     -81     
332    1962 677     273     1162    16      452     1417    858     165     -43     -111    622     850     1284    1451    1512    1243    943     384     -217    
332    1963 664     -25     1297    -465    475     1596    990     -665    -516    -113    492     1047    1368    1715    1696    1446    885     644     -105    
332    1964 736     159     1306    -134    510     1589    883     -91     -210    -175    610     1097    1553    1640    1574    1351    795     506     159     
332    1965 677     247     1167    28      453     1432    811     36      -125    83      529     751     1379    1435    1481    1420    938     70      75      
332    1966 746     154     1265    -107    551     1612    891     -266    -133    208     407     1034    1572    1668    1595    1299    1024    350     145     
332    1967 842     323     1329    21      697     1618    1053    -204    132     496     521     1069    1350    1768    1726    1521    1131    504     36      
332    1968 772     312     1307    -53     672     1602    941     -155    -37     380     702     937     1553    1583    1668    1388    925     510     -211    
332    1969 646     83      1254    -293    463     1538    977     -364    -305    -78     466     1002    1304    1776    1525    1436    947     548     -562    
332    1970 662     3       1202    -496    416     1535    904     -458    -463    -21     432     837     1378    1608    1613    1327    922     462     235     
332    1971 798     287     1282    108     573     1584    855     -29     119     2       567     1149    1278    1675    1790    1209    973     380     401     
332    1972 767     277     1300    9       613     1666    840     -407    36      266     578     995     1483    1823    1685    1217    769     538     200     
332    1973 782     353     1297    133     661     1629    757     15      191     397     498     1084    1495    1769    1620    1295    713     265     4       
332    1974 782     264     1186    89      552     1475    880     30      249     325     526     804     1236    1527    1655    1350    775     518     358     
332    1975 850     412     1311    295     597     1600    918     365     146     290     487     1010    1265    1731    1794    1557    940     255     295     
332    1976 667     173     1219    -25     449     1542    811     -65     -326    -90     434     1002    1348    1698    1573    1237    653     547     -47     
332    1977 749     241     1163    -36     573     1483    895     -70     14      338     436     939     1444    1491    1512    1138    945     602     149     
332    1978 708     290     1180    -29     533     1521    925     -8      -250    262     413     920     1413    1553    1593    1169    927     680     -243    
332    1979 689     117     1271    -345    599     1535    794     -407    -389    103     475     1216    1587    1430    1591    1314    730     341     201     
332    1980 646     101     1185    -142    368     1531    835     -414    -217    -49     414     740     1393    1595    1602    1355    856     294     154     
332    1981 749     243     1303    10      664     1560    889     -102    -25     255     449     1281    1452    1625    1600    1393    827     450     -272    
332    1982 778     135     1298    -271    623     1601    979     -367    -163    318     477     1070    1367    1709    1719    1423    951     564     205     
332    1983 858     414     1353    200     742     1613    932     398     -23     351     692     1182    1409    1734    1689    1395    957     442     6       
332    1984 763     250     1267    7       612     1520    906     97      -89     71      623     1142    1274    1546    1734    1264    1103    344     7       
332    1985 663     81      1246    -382    587     1545    801     -636    -531    147     514     1097    1327    1641    1661    1216    1005    175     239     
332    1986 731     165     1242    -129    616     1555    884     -68     -604    167     383     1291    1397    1700    1564    1092    902     658     184     
332    1987 628     115     1158    -236    388     1443    883     -769    -110    -179    538     812     1304    1516    1506    1261    930     457     229     
332    1988 816     349     1331    190     613     1629    832     168     171     132     553     1151    1470    1783    1629    1383    883     230     207     
332    1989 925     439     1343    323     801     1582    983     340     433     534     758     1110    1407    1690    1642    1438    1091    415     202     
332    1990 919     528     1323    346     820     1618    898     319     534     603     693     1159    1561    1609    1684    1218    945     530     147     
332    1991 802     329     1278    40      601     1608    920     155     -208    359     618     825     1311    1735    1767    1392    916     450     216     
332    1992 848     392     1373    203     706     1720    780     132     265     368     606     1142    1581    1793    1782    1315    599     432     138     
332    1993 772     278     1284    132     770     1490    662     147     108     229     683     1394    1348    1572    1546    1138    824     19      200     
332    1994 818     220     1333    61      637     1662    873     210     -259    275     710     929     1378    1901    1698    1368    728     528     273     
332    1995 799     351     1317    185     636     1648    898     -42     339     286     591     1028    1440    1772    1727    1326    1099    263     -277    
332    1996 643     67      1205    -311    509     1521    831     -275    -386    -42     670     904     1376    1479    1702    1084    916     490     -236    
332    1997 799     239     1331    -95     562     1711    871     -257    240     290     449     944     1503    1699    1925    1448    822     345     147     
332    1998 791     345     1317    233     725     1514    744     235     326     196     784     1196    1466    1553    1520    1370    833     25      -44     
332    1999 866     219     1381    16      691     1678    982     120     -34     383     673     1015    1515    1843    1672    1554    923     470     192     
332    2000 912     386     1343    194     838     1548    1022    102     294     331     993     1195    1510    1528    1605    1219    1174    668     306     
332    2001 818     399     1330    131     632     1657    945     63      14      140     664     1092    1343    1843    1776    1235    1123    471     -6      
332    2002 882     425     1458    182     789     1787    845     156     418     390     654     1319    1557    1822    1974    1400    763     375     -278    
332    2003 812     114     1391    -202    637     1714    880     -72     -261    129     536     1243    1563    1811    1763    1408    680     557     304     
332    2004 804     258     1313    1       686     1580    942     -375    78      303     685     1069    1389    1555    1789    1374    981     470     307     
332    2005 835     341     1343    183     583     1609    1013    265     -45     38      621     1090    1408    1805    1606    1512    1028    499     124     
332    2006 898     189     1452    -123    568     1749    1216    -409    -81     -41     608     1137    1515    2017    1706    1708    1212    729     607     
332    2007 946     620     1434    379     901     1724    872     451     46      623     756     1320    1678    1703    1790    1338    899     379     300     
332    2008 898     437     1331    316     723     1628    959     240     416     384     716     1070    1482    1681    1716    1308    1002    567     175     
332    2009 838     344     1397    53      756     1647    955     -18     -5      315     864     1093    1360    1798    1774    1479    752     640     -46     
332    2010 713     152     1376    -245    612     1763    837     -560    -115    234     641     962     1424    1987    1865    1352    690     474     -443    
332    2011 -999999 114     -999999 -249    -999999 -999999 -999999 -26     -280    242     763     -999999 -999999 -999999 -999999 -999999 -999999 -999999 -999999 
