EUROPEAN CLIMATE ASSESSMENT & DATASET (ECA&D), file created on: 10-05-2011
THESE DATA CAN BE USED FREELY PROVIDED THAT THE FOLLOWING SOURCE IS ACKNOWLEDGED: 

Klein Tank, A.M.G. and Coauthors, 2002. Daily dataset of 20th-century surface
air temperature and precipitation series for the European Climate Assessment.
Int. J. of Climatol., 22, 1441-1453.
Data and metadata available at http://eca.knmi.nl

FILE FORMAT (MISSING VALUE CODE = -999999):

THIS FILE HOLDS DATA FOR STATION RUSSIAN FEDERATION                       MYS_MIKULKIN                             (STAID:   1080)
LATITUDE: dd:mm:ss +67:48:00
LONGITUDE: ddd:mm:ss +046:42:00
ELEVATION: m    6

DATA IS FOR INDEX Mean of daily mean temperature (TG) with unit 0.01 Temperature (&#176;C)

01-06 SOUID: Source identifier
08-11 YEAR : YYYY
13-20 ANNUAL DATA VALUES
21-28 WINTER HALF YEAR DATA VALUES
29-36 SUMMER HALF YEAR DATA VALUES
37-44 WINTER (DJF) DATA VALUES
45-52 SPRING (MAM) DATA VALUES
53-60 SUMMER (JJA) DATA VALUES
61-68 AUTUMN (SON) DATA VALUES
69-76 JANUARY DATA VALUES
etc. 
157-164 DECEMBER DATA VALUES

1080   1995 -999999 -999999 -999999 -999999 -999999 -999999 -999999 -999999 -999999 -453    -128    129     -999999 -999999 -999999 709     95      -668    -826    
1080   1996 -999999 -999999 -999999 -999999 -999999 665     -999999 -514    -1057   -514    -604    -47     427     804     767     461     227     -15     -546    
1080   1997 -999999 -999999 -999999 -999999 -999999 -999999 -999999 -1176   -1408   -857    -999999 -999999 -999999 -999999 -999999 -999999 -999999 -502    -1120   
1080   1998 -999999 -999999 -999999 -999999 -769    608     -155    -1201   -999999 -1065   -1041   -219    223     806     775     410     -48     -805    -1076   
1080   1999 -999999 -999999 -999999 -1466   -999999 -999999 -999999 -1860   -1419   -963    -718    -532    320     668     719     -999999 327     -449    -615    
1080   2000 -999999 -999999 -999999 -999999 -999999 -999999 -999999 -1386   -975    -722    -340    -999999 -999999 -999999 -999999 -999999 -999999 -999999 -999999 
1080   2001 -999999 -999999 -999999 -999999 -999999 -999999 -999999 -872    -999999 -999999 -999999 -999999 -999999 -999999 984     738     23      -598    -1102   
1080   2002 -999999 -999999 -999999 -999999 -999999 -999999 -999999 -999999 -1170   -938    -390    -121    362     857     -999999 447     -999999 -999999 -999999 
1080   2003 -999999 -999999 -999999 -999999 -999999 -999999 -999999 -999999 -999999 -713    -444    94      217     -999999 -999999 -999999 303     -999999 -999999 
1080   2004 -999999 -999999 -999999 -999999 -999999 -999999 -999999 -999999 -999999 -999999 -999999 -29     496     -999999 934     -999999 95      -999999 -999999 
1080   2005 -999999 -999999 -999999 -999999 -999999 -999999 -999999 -745    -999999 -1341   -516    -999999 451     -999999 1057    -999999 424     -999999 -999999 
1080   2006 -999999 -999999 -999999 -999999 -999999 -999999 -999999 -1046   -999999 -974    -335    -999999 767     856     -999999 572     -12     -999999 -999999 
1080   2007 -999999 -999999 -999999 -999999 -999999 -999999 -999999 -999999 -999999 -999999 -284    -999999 -999999 -999999 -999999 -999999 542     -178    -297    
1080   2008 -999999 -999999 -999999 -999999 -999999 -999999 -999999 -999999 -999999 -999999 -999999 -999999 -999999 -999999 -999999 -999999 -999999 -999999 -999999 
1080   2009 -999999 -999999 -999999 -999999 -999999 799     -999999 -1029   -999999 -715    -518    -110    593     919     870     813     156     -268    -999999 
1080   2010 -999999 -999999 -999999 -999999 -374    -999999 -999999 -1134   -999999 -1054   -191    140     -999999 -999999 784     605     287     -394    -895    
1080   2011 -999999 -999999 -999999 -999999 -999999 -999999 -999999 -999999 -999999 -999999 -152    -999999 -999999 -999999 -999999 -999999 -999999 -999999 -999999 
