EUROPEAN CLIMATE ASSESSMENT & DATASET (ECA&D), file created on: 10-05-2011
THESE DATA CAN BE USED FREELY PROVIDED THAT THE FOLLOWING SOURCE IS ACKNOWLEDGED: 

Klein Tank, A.M.G. and Coauthors, 2002. Daily dataset of 20th-century surface
air temperature and precipitation series for the European Climate Assessment.
Int. J. of Climatol., 22, 1441-1453.
Data and metadata available at http://eca.knmi.nl

FILE FORMAT (MISSING VALUE CODE = -999999):

THIS FILE HOLDS DATA FOR STATION RUSSIAN FEDERATION                       PUDOZH                                   (STAID:   1122)
LATITUDE: dd:mm:ss +61:48:00
LONGITUDE: ddd:mm:ss +036:33:00
ELEVATION: m   61

DATA IS FOR INDEX Mean of daily mean temperature (TG) with unit 0.01 Temperature (&#176;C)

01-06 SOUID: Source identifier
08-11 YEAR : YYYY
13-20 ANNUAL DATA VALUES
21-28 WINTER HALF YEAR DATA VALUES
29-36 SUMMER HALF YEAR DATA VALUES
37-44 WINTER (DJF) DATA VALUES
45-52 SPRING (MAM) DATA VALUES
53-60 SUMMER (JJA) DATA VALUES
61-68 AUTUMN (SON) DATA VALUES
69-76 JANUARY DATA VALUES
etc. 
157-164 DECEMBER DATA VALUES

1122   1995 -999999 -999999 -999999 -999999 -999999 -999999 -999999 -999999 -999999 -58     340     1048    1685    -999999 1448    -999999 496     -604    -1321   
1122   1996 -999999 -999999 -999999 -1314   -999999 1475    -999999 -1181   -1453   -556    -999999 787     1360    1529    1522    780     432     -999999 -1007   
1122   1997 -999999 -999999 -999999 -999999 -999999 -999999 -999999 -1430   -731    -370    37      749     -999999 1758    1521    804     201     -436    -1146   
1122   1998 -999999 -999999 -999999 -999999 13      -999999 237     -763    -1650   -720    -251    945     -999999 1804    1334    996     426     -745    -894    
1122   1999 -999999 -999999 -999999 -1114   185     1690    336     -1313   -1129   -428    487     497     1910    1801    1377    1070    570     -616    -397    
1122   2000 -999999 -374    -999999 -644    397     1642    386     -920    -623    -294    592     911     1547    1973    1415    784     642     -224    -683    
1122   2001 -999999 -471    -999999 -848    221     1648    288     -621    -1299   -739    681     784     1499    2018    1410    1086    183     -475    -1240   
1122   2002 -999999 -999999 -999999 -999999 293     1579    24      -1124   -416    -295    293     882     1430    1907    1385    858     10      -768    -1524   
1122   2003 -999999 -999999 -999999 -1373   279     1550    -999999 -1699   -857    -374    94      1089    1025    2016    1602    1029    -999999 -88     -427    
1122   2004 -999999 -999999 -999999 -999999 290     -999999 -999999 -1248   -921    -231    183     941     1332    1801    -999999 1058    367     -395    -580    
1122   2005 -999999 -999999 -999999 -999999 154     -999999 -999999 -581    -1030   -829    198     1028    1502    1805    1646    1098    527     243     -795    
1122   2006 -999999 -999999 -999999 -1163   -999999 -999999 411     -1133   -1637   -930    366     985     1497    1565    -999999 1128    407     -276    5       
1122   2007 -999999 -999999 -999999 -797    510     1576    410     -674    -1780   182     328     1050    1237    1730    1745    1033    540     -326    -172    
1122   2008 -999999 -999999 -999999 -999999 225     -999999 504     -706    -472    -338    302     718     1197    1616    1365    793     654     60      -268    
1122   2009 -999999 -999999 -999999 -649    196     1519    434     -992    -689    -376    20      972     1385    1633    1539    1145    207     -1      -1042   
1122   2010 -999999 -999999 1317    -1361   353     1719    295     -1752   -1271   -694    436     1317    1342    2193    1609    964     311     -438    -1554   
1122   2011 -999999 -999999 -999999 -1395   -999999 -999999 -999999 -1117   -1538   -429    291     -999999 -999999 -999999 -999999 -999999 -999999 -999999 -999999 
