EUROPEAN CLIMATE ASSESSMENT & DATASET (ECA&D), file created on: 10-05-2011
THESE DATA CAN BE USED FREELY PROVIDED THAT THE FOLLOWING SOURCE IS ACKNOWLEDGED: 

Klein Tank, A.M.G. and Coauthors, 2002. Daily dataset of 20th-century surface
air temperature and precipitation series for the European Climate Assessment.
Int. J. of Climatol., 22, 1441-1453.
Data and metadata available at http://eca.knmi.nl

FILE FORMAT (MISSING VALUE CODE = -999999):

THIS FILE HOLDS DATA FOR STATION CZECH REPUBLIC                           CHURANOV                                 (STAID:    664)
LATITUDE: dd:mm:ss +49:04:05
LONGITUDE: ddd:mm:ss +013:36:54
ELEVATION: m 1118

DATA IS FOR INDEX Mean of daily mean temperature (TG) with unit 0.01 Temperature (&#176;C)

01-06 SOUID: Source identifier
08-11 YEAR : YYYY
13-20 ANNUAL DATA VALUES
21-28 WINTER HALF YEAR DATA VALUES
29-36 SUMMER HALF YEAR DATA VALUES
37-44 WINTER (DJF) DATA VALUES
45-52 SPRING (MAM) DATA VALUES
53-60 SUMMER (JJA) DATA VALUES
61-68 AUTUMN (SON) DATA VALUES
69-76 JANUARY DATA VALUES
etc. 
157-164 DECEMBER DATA VALUES

664    1953 520     -999999 1034    -999999 480     1256    663     -569    -490    75      540     828     1163    1399    1202    1063    778     145     34      
664    1954 -999999 -999999 855     -999999 260     1141    532     -999999 -999999 47      35      691     1204    998     1222    970     534     93      -121    
664    1955 339     -139    861     -357    100     1174    435     -384    -589    -404    123     583     1046    1278    1193    928     408     -29     -157    
664    1956 255     -314    891     -660    213     1109    393     -451    -1421   -297    122     811     924     1305    1092    1074    438     -335    -281    
664    1957 467     -50     890     -216    353     1245    468     -328    -22     222     324     512     1323    1346    1070    754     591     53      -274    
664    1958 426     -130    975     -290    182     1233    527     -416    -169    -563    13      1091    1037    1324    1330    1028    508     45      -158    
664    1959 534     17      1018    -236    510     1286    549     -412    -128    235     497     798     1162    1409    1285    944     549     156     -130    
664    1960 433     -45     918     -309    368     1158    547     -445    -354    -57     317     844     1161    1092    1222    860     567     212     -249    
664    1961 531     50      1037    -221    495     1188    699     -397    4       165     728     600     1232    1114    1219    1338    674     86      -396    
664    1962 313     -161    874     -424    159     1138    433     -312    -579    -472    449     511     963     1132    1314    868     543     -115    -601    
664    1963 348     -371    1005    -854    346     1270    608     -1126   -833    -133    426     748     1189    1407    1212    1034    441     356     -604    
664    1964 416     -174    1039    -477    311     1302    417     -439    -383    -411    465     885     1330    1412    1165    966     284     6       -309    
664    1965 323     -209    840     -463    195     1121    398     -295    -818    -175    170     590     1141    1115    1109    907     529     -247    -237    
664    1966 444     -126    970     -282    387     1163    536     -727    160     -212    528     848     1228    1148    1114    950     795     -147    -359    
664    1967 468     -53     965     -337    346     1264    625     -414    -228    13      199     822     1072    1494    1219    961     813     96      -478    
664    1968 396     -88     927     -468    371     1173    525     -625    -289    -50     453     713     1168    1202    1148    866     640     66      -555    
664    1969 397     -162    973     -454    298     1197    610     -227    -593    -339    237     995     1019    1433    1134    1002    730     93      -786    
664    1970 365     -215    900     -598    104     1260    552     -441    -563    -343    83      572     1245    1256    1277    955     448     256     -418    
664    1971 450     -126    1001    -358    334     1282    390     -220    -443    -395    445     955     948     1423    1465    745     497     -76     -25     
664    1972 425     -2      875     -198    360     1227    309     -556    -1      149     225     702     1122    1353    1202    626     258     44      -39     
664    1973 406     -87     970     -248    265     1284    424     -289    -434    -92     28      850     1161    1250    1437    1071    349     -145    -377    
664    1974 457     -9      900     -168    410     1149    319     -24     -98     228     325     675     928     1106    1405    941     -14     42      -69     
664    1975 491     -49     1020    -97     348     1254    538     3       -239    -34     235     839     1001    1375    1376    1274    453     -111    -336    
664    1976 425     -176    976     -337    253     1285    537     -420    -250    -396    282     873     1289    1485    1079    831     723     52      -473    
664    1977 489     32      886     -290    393     1216    503     -258    -121    255     125     791     1174    1257    1215    732     778     -9      -132    
664    1978 367     -28     803     -329    282     1066    484     -388    -481    21      203     618     1010    1130    1057    786     498     169     -273    
664    1979 390     -127    910     -488    334     1179    444     -733    -456    9       117     869     1330    1061    1150    921     506     -99     -57     
664    1980 306     -93     809     -275    140     1100    386     -567    -194    -151    40      526     988     1043    1265    980     369     -190    -453    
664    1981 398     -192    972     -541    485     1201    456     -633    -536    255     332     863     1161    1193    1249    1019    415     -64     -537    
664    1982 503     -171    1025    -446    287     1319    706     -354    -446    -59     38      875     1219    1437    1297    1269    583     269     -155    
664    1983 507     -5      1089    -295    423     1415    488     -116    -646    -19     479     813     1187    1715    1336    984     492     -12     -216    
664    1984 368     -168    833     -398    175     1128    558     -412    -578    -303    177     650     957     1166    1254    777     668     227     -201    
664    1985 352     -167    944     -588    336     1165    392     -852    -726    -160    247     918     862     1354    1270    991     533     -354    47      
664    1986 408     -244    993     -505    437     1207    564     -510    -1112   -157    407     1060    1103    1251    1263    853     596     241     -218    
664    1987 356     -192    935     -460    117     1157    585     -871    -274    -621    410     572     1016    1330    1120    1156    535     65      -182    
664    1988 460     -34     990     -172    340     1240    453     -16     -327    -293    362     951     1077    1340    1299    887     663     -197    -269    
664    1989 562     78      977     -88     494     1203    537     -10     28      238     370     871     1010    1329    1262    1005    646     -43     -15     
664    1990 517     154     945     10      479     1263    452     -115    177     269     201     959     1102    1255    1426    701     685     -38     -451    
664    1991 412     -68     926     -445    295     1275    484     -283    -619    244     211     427     965     1466    1383    1086    345     24      -382    
664    1992 530     -79     1109    -264    384     1478    446     -250    -153    -57     231     975     1235    1486    1706    993     243     109     -184    
664    1993 461     -72     1016    -200    472     1195    353     -133    -291    -189    543     1065    1137    1160    1287    891     448     -282    -168    
664    1994 564     -58     1092    -242    447     1466    552     -186    -385    187     315     834     1226    1744    1419    988     367     307     -120    
664    1995 458     -30     995     -212    340     1307    506     -478    -18     -224    387     858     989     1621    1301    790     845     -129    -487    
664    1996 340     -212    922     -515    270     1215    416     -481    -580    -464    413     867     1239    1156    1250    587     555     100     -585    
664    1997 490     -30     984     -329    365     1295    463     -305    -71     124     71      890     1180    1237    1463    1044    300     52      -152    
664    1998 498     2       1044    -78     450     1298    359     -146    79      -112    492     972     1261    1284    1348    889     486     -301    -304    
664    1999 513     -101    1092    -303    490     1301    548     -84     -545    92      423     952     1122    1457    1319    1264    485     -104    -310    
664    2000 594     -94     1114    -304    564     1315    685     -448    -145    -49     663     1081    1379    1089    1480    980     776     296     5       
664    2001 483     117     990     -158    474     1299    501     -298    -183    83      244     1087    1016    1403    1469    689     941     -141    -580    
664    2002 569     24      1086    -271    521     1424    476     -225    22      120     316     1121    1428    1399    1445    781     394     256     -263    
664    2003 561     -92     1227    -438    514     1618    490     -481    -585    89      339     1110    1614    1484    1757    1036    153     293     -158    
664    2004 468     -109    1002    -333    358     1283    544     -566    -269    -107    471     714     1111    1299    1434    970     672     -14     -125    
664    2005 453     -96     1046    -362    415     1266    586     -347    -640    -169    488     928     1256    1372    1170    1053    735     -36     -450    
664    2006 572     -152    1110    -456    324     1382    835     -455    -465    -271    371     873     1328    1753    1063    1258    896     348     103     
664    2007 564     242     1094    18      636     1340    351     -58     7       138     762     1013    1354    1344    1323    752     408     -110    -198    
664    2008 552     -9      1037    -92     432     1337    536     -56     -17     -88     373     1010    1316    1367    1328    807     599     199     -237    
664    2009 552     -47     1154    -342    586     1321    644     -418    -374    -75     892     951     1084    1390    1482    1111    416     411     -297    
664    2010 415     -113    1029    -478    378     1383    446     -734    -394    -88     483     742     1252    1623    1269    786     396     159     -560    
664    2011 -999999 -75     -999999 -398    -999999 -999999 -999999 -285    -343    164     766     -999999 -999999 -999999 -999999 -999999 -999999 -999999 -999999 
