EUROPEAN CLIMATE ASSESSMENT & DATASET (ECA&D), file created on: 10-05-2011
THESE DATA CAN BE USED FREELY PROVIDED THAT THE FOLLOWING SOURCE IS ACKNOWLEDGED: 

Klein Tank, A.M.G. and Coauthors, 2002. Daily dataset of 20th-century surface
air temperature and precipitation series for the European Climate Assessment.
Int. J. of Climatol., 22, 1441-1453.
Data and metadata available at http://eca.knmi.nl

FILE FORMAT (MISSING VALUE CODE = -999999):

THIS FILE HOLDS DATA FOR STATION UNITED KINGDOM                           SWANAGE                                  (STAID:   1813)
LATITUDE: dd:mm:ss +50:36:50
LONGITUDE: ddd:mm:ss -001:57:29
ELEVATION: m   10

DATA IS FOR INDEX Mean of daily mean temperature (TG) with unit 0.01 Temperature (&#176;C)

01-06 SOUID: Source identifier
08-11 YEAR : YYYY
13-20 ANNUAL DATA VALUES
21-28 WINTER HALF YEAR DATA VALUES
29-36 SUMMER HALF YEAR DATA VALUES
37-44 WINTER (DJF) DATA VALUES
45-52 SPRING (MAM) DATA VALUES
53-60 SUMMER (JJA) DATA VALUES
61-68 AUTUMN (SON) DATA VALUES
69-76 JANUARY DATA VALUES
etc. 
157-164 DECEMBER DATA VALUES

1813   1960 -999999 -999999 1397    -999999 1016    1561    1157    505     548     729     979     1311    1568    1559    1556    1403    1161    907     529     
1813   1961 -999999 -999999 1429    -999999 1032    1580    1188    539     -999999 823     1092    1176    1465    1618    1654    1572    1233    787     490     
1813   1962 -999999 -999999 1296    -999999 762     1496    1091    623     550     379     847     1053    1375    1549    1560    1373    1199    698     368     
1813   1963 -999999 -999999 -999999 -999999 834     1527    1249    -140    49      579     846     1070    1461    1555    1560    1407    1279    1060    421     
1813   1964 -999999 -999999 1433    486     902     1621    1183    478     560     579     868     1257    1467    1702    1687    1580    1030    917     518     
1813   1965 -999999 -999999 -999999 462     855     1474    1084    483     373     599     818     1130    1366    1496    1555    1309    1211    703     682     
1813   1966 -999999 -999999 -999999 640     927     1566    1127    491     761     748     891     1137    1502    1596    1592    1499    1195    670     718     
1813   1967 -999999 -999999 1365    625     929     1574    1139    516     648     811     876     1096    1430    1657    1635    1480    1227    710     570     
1813   1968 -999999 -999999 -999999 -999999 850     1541    1235    546     373     708     789     1050    1451    1567    1603    1504    1352    805     477     
1813   1969 -999999 -999999 -999999 -999999 -999999 1613    1206    731     250     480     848     1096    1447    1701    1687    1501    1383    736     468     
1813   1970 -999999 -999999 1390    -999999 818     1602    1243    585     486     493     759     1226    1596    1561    1648    1529    1220    961     515     
1813   1971 -999999 -999999 -999999 571     865     1599    1199    616     582     607     834     1163    1353    1748    1685    1548    1327    719     761     
1813   1972 -999999 -999999 -999999 655     943     1426    1041    573     626     771     942     1121    1160    1526    1583    1213    1146    766     775     
1813   1973 -999999 -999999 -999999 636     883     1635    -999999 576     546     673     828     1145    1569    1607    1729    1491    1050    799     681     
1813   1974 -999999 -999999 -999999 703     878     1515    1014    774     648     649     865     1104    1431    1558    1555    1320    861     872     873     
1813   1975 -999999 -999999 -999999 -999999 810     1665    1140    802     621     571     802     1050    1487    1713    1786    1439    1167    823     577     
1813   1976 -999999 -999999 -999999 -999999 864     1774    1146    658     519     569     833     1200    1668    1858    1786    1432    1203    814     434     
1813   1977 -999999 -999999 -999999 539     883     1488    1175    474     724     792     806     1061    1252    1603    1589    1383    1326    805     792     
1813   1978 -999999 -999999 -999999 -999999 863     1484    -999999 528     389     702     693     1160    1366    1508    1574    1445    1293    980     678     
1813   1979 -999999 -999999 -999999 -999999 790     1516    1169    186     277     583     821     966     1369    1652    1521    1400    1257    817     746     
1813   1980 -999999 -999999 -999999 597     886     1491    1118    364     703     596     937     1119    1385    1482    1608    1575    1045    721     642     
1813   1981 -999999 -999999 -999999 -999999 935     1547    1141    619     454     853     838     1110    1350    1605    1685    1516    995     881     348     
1813   1982 -999999 -999999 -999999 -999999 911     1607    1213    523     608     668     911     1154    1507    1679    1629    1517    1160    955     634     
1813   1983 -999999 -999999 -999999 613     842     1728    -999999 799     368     706     748     1072    1469    1932    1765    1464    1182    845     745     
1813   1984 -999999 -999999 -999999 628     810     1642    1236    604     529     560     833     1035    1530    1642    1755    1489    1250    986     742     
1813   1985 -999999 -999999 -999999 436     862     1508    1092    216     345     556     886     1167    1339    1633    1534    1475    1209    593     798     
1813   1986 -999999 -999999 -999999 -999999 762     1510    1135    521     64      560     658     1067    1455    1606    1469    1235    1231    928     758     
1813   1987 -999999 -999999 -999999 -999999 871     1558    1155    185     480     544     941     1130    1336    1655    1657    1485    1169    821     686     
1813   1988 -999999 -999999 -999999 654     952     1524    1154    695     578     756     849     1258    1494    1515    1561    1447    1247    764     880     
1813   1989 -999999 -999999 -999999 792     983     1704    1276    731     760     837     735     1350    1512    1865    1734    1588    1339    843     719     
1813   1990 -999999 -999999 -999999 -999999 1032    1612    1223    829     858     885     880     1322    1369    1664    1797    1451    1336    882     576     
1813   1991 -999999 -999999 -999999 481     938     1546    1189    557     296     809     832     1165    1286    1628    1719    1591    1149    818     678     
1813   1992 -999999 -999999 -999999 587     1023    1629    1129    476     608     834     906     1335    1575    1677    1633    1483    936     974     566     
1813   1993 -999999 -999999 -999999 -999999 982     1563    1025    783     606     721     1016    1212    1519    1598    1567    1401    1017    644     707     
1813   1994 -999999 -999999 1405    -999999 954     1665    1258    724     564     869     842     1136    1477    1791    1721    1427    1161    1173    816     
1813   1995 -999999 -999999 -999999 -999999 954     1745    1294    644     851     684     947     1212    1487    1799    1944    1482    1431    974     461     
1813   1996 -999999 -999999 -999999 -999999 -999999 1583    1146    618     409     527     851     942     1404    1653    1669    1436    1291    705     471     
1813   1997 -999999 -999999 -999999 -999999 991     1661    1260    318     721     851     941     1172    1431    1679    1856    1527    1222    1030    724     
1813   1998 -999999 -999999 -999999 715     1047    1573    -999999 689     733     869     852     1395    1447    1591    1674    1525    1193    739     725     
1813   1999 -999999 -999999 1491    698     1027    1659    1252    711     653     778     969     1319    1453    1779    1738    1641    1221    840     651     
1813   2000 -999999 -999999 -999999 663     956     1614    1212    568     775     804     828     1235    1470    1619    1748    1576    1197    864     756     
1813   2001 -999999 -999999 1422    649     946     1634    1284    579     617     674     889     1245    1451    1720    1725    1473    1472    873     556     
1813   2002 -999999 -999999 1443    -999999 1047    1612    1299    784     820     860     1017    1245    1424    1656    1752    1557    1253    1089    765     
1813   2003 -999999 -999999 1475    622     982     1721    1205    544     538     800     956     1182    1539    1749    1870    1522    1086    988     708     
1813   2004 -999999 -999999 -999999 -999999 954     1652    1226    658     570     687     939     1247    1582    1628    1742    1579    1193    919     712     
1813   2005 1137    -999999 1454    669     940     1671    1292    747     536     709     928     1182    1556    1739    1714    1599    1465    806     613     
1813   2006 1187    762     1529    563     917     1759    1426    593     475     591     940     1222    1598    1892    1781    1730    1487    1058    831     
1813   2007 1209    989     1495    832     1155    1618    1241    839     824     881     1242    1344    1578    1619    1656    1529    1269    925     780     
1813   2008 1135    892     1454    787     1050    1628    1166    852     726     792     943     1413    1530    1664    1687    1474    1154    870     500     
1813   2009 -999999 710     -999999 500     993     -999999 -999999 473     528     724     1007    1249    1528    -999999 -999999 -999999 -999999 -999999 -999999 
1813   2010 -999999 -999999 -999999 -999999 -999999 -999999 1070    -999999 -999999 -999999 -999999 -999999 -999999 -999999 1623    1411    1134    649     85      
1813   2011 -999999 -999999 -999999 430     -999999 -999999 -999999 496     727     732     1199    -999999 -999999 -999999 -999999 -999999 -999999 -999999 -999999 
