EUROPEAN CLIMATE ASSESSMENT & DATASET (ECA&D), file created on: 10-05-2011
THESE DATA CAN BE USED FREELY PROVIDED THAT THE FOLLOWING SOURCE IS ACKNOWLEDGED: 

Klein Tank, A.M.G. and Coauthors, 2002. Daily dataset of 20th-century surface
air temperature and precipitation series for the European Climate Assessment.
Int. J. of Climatol., 22, 1441-1453.
Data and metadata available at http://eca.knmi.nl

FILE FORMAT (MISSING VALUE CODE = -999999):

THIS FILE HOLDS DATA FOR STATION RUSSIAN FEDERATION                       SHENKURSK                                (STAID:   1118)
LATITUDE: dd:mm:ss +62:06:00
LONGITUDE: ddd:mm:ss +042:54:00
ELEVATION: m   47

DATA IS FOR INDEX Mean of daily mean temperature (TG) with unit 0.01 Temperature (&#176;C)

01-06 SOUID: Source identifier
08-11 YEAR : YYYY
13-20 ANNUAL DATA VALUES
21-28 WINTER HALF YEAR DATA VALUES
29-36 SUMMER HALF YEAR DATA VALUES
37-44 WINTER (DJF) DATA VALUES
45-52 SPRING (MAM) DATA VALUES
53-60 SUMMER (JJA) DATA VALUES
61-68 AUTUMN (SON) DATA VALUES
69-76 JANUARY DATA VALUES
etc. 
157-164 DECEMBER DATA VALUES

1118   1995 -999999 -999999 -999999 -999999 527     -999999 -999999 -793    -376    -77     580     1079    1627    1553    1439    -999999 403     -696    -1408   
1118   1996 -999999 -999999 -999999 -1316   -999999 -999999 -999999 -1252   -1279   -547    14      727     1324    1628    1421    604     298     97      -878    
1118   1997 -999999 -999999 -999999 -999999 -999999 -999999 -999999 -1663   -925    -419    106     718     1549    1624    -999999 866     49      -609    -1416   
1118   1998 -999999 -999999 -999999 -999999 16      1630    170     -1054   -1982   -644    -261    912     1578    1885    1415    929     391     -801    -1165   
1118   1999 -999999 -999999 -999999 -1336   34      1681    195     -1709   -1128   -714    380     434     1799    1867    1374    962     573     -964    -510    
1118   2000 -999999 -999999 -999999 -802    402     1649    314     -1246   -662    -285    628     877     1581    1976    1413    904     556     -506    -1190   
1118   2001 -999999 -999999 -999999 -999999 -999999 1603    184     -960    -1428   -999999 640     784     1517    1924    1377    1097    83      -625    -1481   
1118   2002 -999999 -999999 1079    -1009   264     1499    -39     -1021   -473    -318    332     781     1421    1894    1194    858     -23     -951    -1640   
1118   2003 -999999 -999999 -999999 -1498   314     1634    462     -1707   -1110   -336    155     1145    1104    2077    1720    1018    490     -143    -501    
1118   2004 -999999 -999999 -999999 -924    -999999 1601    -999999 -1169   -1124   -999999 -999999 1052    1386    1938    1471    1079    -999999 -999999 -716    
1118   2005 -999999 -999999 -999999 -999999 247     1689    638     -646    -1124   -910    302     1277    1540    1843    1673    1142    584     190     -1070   
1118   2006 -999999 -676    -999999 -1339   138     1613    273     -1402   -1575   -872    335     996     1778    1596    1476    1016    198     -393    -129    
1118   2007 -999999 -999999 -999999 -899    502     1612    330     -810    -1791   148     342     1040    1113    1893    1797    1012    485     -490    -279    
1118   2008 -999999 -379    -999999 -614    149     1505    483     -908    -657    -445    271     640     1333    1812    1381    795     586     76      -384    
1118   2009 -999999 -999999 -999999 -798    219     1566    443     -1176   -839    -331    11      951     1566    1656    1481    1256    171     -90     -1215   
1118   2010 -999999 -829    -999999 -1483   408     1782    255     -1829   -1393   -666    501     1393    1429    2275    1637    1032    311     -499    -1766   
1118   2011 -999999 -999999 -999999 -1601   -999999 -999999 -999999 -1273   -1776   -387    377     -999999 -999999 -999999 -999999 -999999 -999999 -999999 -999999 
