EUROPEAN CLIMATE ASSESSMENT & DATASET (ECA&D), file created on: 10-05-2011
THESE DATA CAN BE USED FREELY PROVIDED THAT THE FOLLOWING SOURCE IS ACKNOWLEDGED: 

Klein Tank, A.M.G. and Coauthors, 2002. Daily dataset of 20th-century surface
air temperature and precipitation series for the European Climate Assessment.
Int. J. of Climatol., 22, 1441-1453.
Data and metadata available at http://eca.knmi.nl

FILE FORMAT (MISSING VALUE CODE = -999999):

THIS FILE HOLDS DATA FOR STATION SPAIN                                    ALICANTE EL ALTET                        (STAID:    309)
LATITUDE: dd:mm:ss +38:16:58
LONGITUDE: ddd:mm:ss -000:34:14
ELEVATION: m   43

DATA IS FOR INDEX Mean of daily mean temperature (TG) with unit 0.01 Temperature (&#176;C)

01-06 SOUID: Source identifier
08-11 YEAR : YYYY
13-20 ANNUAL DATA VALUES
21-28 WINTER HALF YEAR DATA VALUES
29-36 SUMMER HALF YEAR DATA VALUES
37-44 WINTER (DJF) DATA VALUES
45-52 SPRING (MAM) DATA VALUES
53-60 SUMMER (JJA) DATA VALUES
61-68 AUTUMN (SON) DATA VALUES
69-76 JANUARY DATA VALUES
etc. 
157-164 DECEMBER DATA VALUES

309    1894 -999999 -999999 -999999 -999999 -999999 -999999 -999999 -999999 -999999 -999999 -999999 -999999 -999999 2268    -999999 -999999 1853    -999999 1153    
309    1895 -999999 -999999 -999999 -999999 -999999 -999999 -999999 -999999 1141    1221    1591    -999999 -999999 -999999 -999999 -999999 -999999 -999999 1250    
309    1896 -999999 -999999 -999999 -999999 -999999 -999999 -999999 1091    -999999 1489    -999999 -999999 2068    2418    -999999 2402    1696    1085    1006    
309    1897 -999999 -999999 -999999 -999999 -999999 -999999 -999999 1039    1354    1627    1713    1860    2238    -999999 -999999 -999999 1818    1622    -999999 
309    1898 -999999 -999999 -999999 -999999 -999999 -999999 -999999 -999999 1194    1163    1550    1806    2124    -999999 2555    2281    1955    1566    1193    
309    1899 -999999 -999999 -999999 -999999 -999999 -999999 -999999 -999999 1345    1360    1739    1920    2096    -999999 -999999 -999999 2195    1709    1132    
309    1900 -999999 -999999 -999999 -999999 -999999 -999999 -999999 -999999 -999999 1173    -999999 1896    2230    -999999 2523    -999999 -999999 -999999 1123    
309    1901 -999999 -999999 2108    -999999 1455    2388    1765    1008    -999999 1171    1524    1671    2229    2446    2485    2283    1725    1290    946     
309    1902 -999999 -999999 -999999 -999999 -999999 2324    1809    -999999 -999999 -999999 -999999 1577    2027    2413    2521    2191    1781    1455    1170    
309    1903 1674    1306    2028    1093    1477    2282    1884    1039    1067    1305    1422    1704    2037    2350    2452    2189    1995    1463    1018    
309    1904 1716    1303    2124    1071    1485    2413    1806    1020    1183    1135    1458    1862    2183    2460    2590    2174    1816    1427    1248    
309    1905 -999999 1333    -999999 1084    1578    2364    -999999 1041    956     1474    1597    1663    2106    2443    2536    -999999 1783    1394    1045    
309    1906 -999999 -999999 -999999 -999999 1406    -999999 1816    -999999 1085    1155    1338    1724    -999999 -999999 2560    2228    1852    1382    1139    
309    1907 1685    1272    2060    1067    1450    2309    1828    1037    1020    1184    1493    1673    2131    2280    2512    2263    1731    1493    1356    
309    1908 1730    1330    2092    1198    1493    2298    1950    1127    1101    1156    1406    1915    1998    2384    2502    2331    1931    1588    1271    
309    1909 1733    1389    2077    1131    1617    2293    1873    1085    1026    1405    1590    1856    2088    2267    2519    2128    1970    1518    1292    
309    1910 1726    1407    2056    1250    1456    2325    1895    1124    1346    1185    1493    1689    2155    2373    2442    2174    1918    1590    1193    
309    1911 1731    1312    2150    1049    1479    2411    1920    870     1087    1200    1439    1797    2158    2460    2607    2423    1885    1455    1349    
309    1912 1693    1424    2039    1256    1592    2280    1730    1085    1339    1425    1439    1906    2104    2347    2384    2037    1788    1363    1083    
309    1913 -999999 -999999 -999999 -999999 1558    -999999 1871    1169    -999999 1265    1523    1885    -999999 2437    2488    2177    1844    1592    1121    
309    1914 1740    1382    2123    1111    1661    2316    1851    943     1287    1502    1651    1829    2069    2426    2445    2308    1860    1384    1150    
309    1915 1755    1312    2186    1117    1528    2512    1832    1056    1148    1260    1429    1891    2299    2576    2653    2251    1794    1454    1204    
309    1916 -999999 -999999 -999999 -999999 -999999 2255    1819    1096    -999999 -999999 -999999 1897    2074    2235    2450    2096    1873    1476    1191    
309    1917 1626    1299    2042    1091    1406    2306    1799    994     1090    1161    1283    1769    2089    2381    2439    2277    1768    1354    871     
309    1918 1649    1186    2046    956     1411    2280    1793    1027    971     1111    1385    1737    2067    2351    2414    2313    1618    1454    1300    
309    1919 1692    1364    2049    1243    1547    2279    1741    1042    1401    1376    1457    1805    2156    2228    2448    2191    1629    1407    1148    
309    1920 1755    1301    2152    1162    1617    2372    1859    1156    1184    1277    1636    1939    2210    2430    2472    2211    1905    1460    1165    
309    1921 1739    1338    2124    1146    1462    2391    1947    1139    1134    1208    1395    1781    2134    2487    2542    2387    2044    1408    1161    
309    1922 1786    1404    2177    1208    1686    2388    1869    1186    1283    1325    1745    1979    2181    2448    2529    2166    1954    1483    1103    
309    1923 1722    1367    2082    1134    1530    2370    1825    964     1356    1344    1490    1755    1932    2454    2708    2130    1961    1378    1151    
309    1924 1768    1320    2172    1094    1618    2391    1937    1156    967     1288    1554    2010    2185    2497    2485    2286    2005    1517    1232    
309    1925 1669    1307    2076    1113    1417    2329    1800    1025    1078    972     1515    1768    2184    2319    2480    2181    1853    1366    1248    
309    1926 1769    1399    2109    1268    1586    2303    1968    1221    1344    1359    1613    1787    2059    2380    2462    2342    2060    1499    1076    
309    1927 1773    1388    2163    1091    1625    2420    1876    1127    1069    1468    1534    1872    2217    2443    2595    2305    1904    1419    1272    
309    1928 1778    1390    2178    1191    1593    2450    1920    1109    1192    1434    1573    1772    2195    2529    2619    2366    1964    1430    1128    
309    1929 1736    1320    2129    1098    1525    2385    1867    940     1239    1216    1546    1813    2267    2455    2429    2256    1896    1449    1296    
309    1930 1781    1359    2138    1144    1572    2383    2006    1131    991     1360    1466    1886    2176    2443    2522    2320    2104    1591    1321    
309    1931 1766    1495    2157    1235    1648    2466    1829    1199    1180    1549    1534    1857    2376    2471    2550    2142    1841    1504    949     
309    1932 1679    1266    2063    966     1520    2293    1871    1015    931     1345    1432    1781    2109    2322    2442    2282    1855    1475    1135    
309    1933 -999999 1316    -999999 1083    -999999 2390    1897    974     1147    1299    -999999 -999999 2083    2446    2631    2424    1995    1268    900     
309    1934 1721    1228    2154    954     1519    2419    1818    1008    955     1219    1461    1876    2248    2559    2444    2325    1870    1258    1365    
309    1935 1724    1300    2130    1136    1485    2399    1883    925     1114    1245    1602    1613    2243    2478    2474    2374    1815    1461    1333    
309    1936 1725    1447    2067    1343    1528    2278    1824    1342    1353    1370    1564    1650    2018    2407    2401    2356    1720    1400    1020    
309    1937 1794    -999999 2175    1231    1587    2437    1898    1158    1516    1303    1653    1808    2248    2485    2572    2271    1805    1620    1086    
309    1938 -999999 1308    -999999 1069    -999999 2388    -999999 1136    975     1205    -999999 1716    2244    2419    2496    -999999 -999999 -999999 1122    
309    1939 -999999 -999999 2080    -999999 1461    2322    1886    1291    -999999 1216    1441    1726    2073    2416    2469    2340    1858    1461    1183    
309    1940 1732    1398    2109    1182    1659    2317    1805    1068    1301    1510    1626    1841    2093    2358    2494    2231    1753    1434    1064    
309    1941 -999999 -999999 2089    -999999 1546    2375    1778    -999999 1304    1388    1546    1702    2199    2468    2452    2154    1829    1348    1035    
309    1942 1769    1292    2158    1023    1683    2376    1927    1100    925     1479    1640    1929    2284    2424    2417    2245    2054    1477    1190    
309    1943 1773    1400    2210    1199    1608    2445    1861    1237    1168    1256    1612    1955    2269    2494    2567    2349    1868    1366    1088    
309    1944 1730    1250    2204    1010    1628    2419    1861    1005    931     1227    1723    1938    2252    2442    2558    2299    1760    1528    1078    
309    1945 -999999 1280    -999999 1039    -999999 2412    1973    848     1209    1260    -999999 1930    2286    2520    2425    2364    1951    1604    1289    
309    1946 1748    1390    2140    1150    1536    2384    1979    964     1201    1322    1554    1734    2133    2400    2610    2399    2099    1436    1089    
309    1947 1812    1418    2177    1124    1628    2485    1985    1030    1269    1571    1533    1777    2303    2576    2570    2286    1953    1716    1124    
309    1948 1795    1478    2119    1253    1622    2339    1901    1325    1314    1433    1598    1834    2188    2283    2541    2261    1914    1526    1309    
309    1949 1797    1370    2197    1181    1531    2464    2026    1082    1151    1225    1610    1762    2254    2548    2583    2415    2057    1605    1237    
309    1950 1823    1453    2206    1212    1567    2517    2030    1078    1334    1400    1503    1795    2302    2586    2656    2378    1974    1740    1104    
309    1951 1714    1413    2075    1133    1487    2336    1843    1131    1170    1349    1420    1691    2194    2402    2407    2331    1738    1462    1226    
309    1952 1800    1333    2203    1076    1658    2517    1943    939     1068    1551    1533    1884    2384    2580    2583    2239    2035    1551    1222    
309    1953 1739    1329    2167    1070    1582    2353    1910    951     1034    1160    1559    2025    2100    2442    2508    2354    1839    1539    1313    
309    1954 1726    1348    2055    1111    1493    2301    1999    991     1021    1359    1314    1799    2171    2352    2374    2308    1961    1729    1280    
309    1955 1861    1505    2228    1362    1624    2476    1928    1494    1306    1250    1610    2010    2283    2580    2558    2313    1931    1541    1409    
309    1956 1670    1354    2110    1120    1525    2354    1805    1190    734     1282    1477    1814    2071    2407    2575    2298    1844    1273    1027    
309    1957 1722    1318    2114    1088    1581    2375    1818    895     1368    1503    1447    1790    2121    2445    2549    2316    1803    1336    1061    
309    1958 1788    1348    2164    1154    1636    2365    1902    1096    1320    1467    1447    1987    2205    2403    2481    2450    1845    1414    1310    
309    1959 1752    1363    2130    1168    1587    2385    1869    1128    1054    1396    1615    1751    2152    2506    2490    2255    1892    1461    1271    
309    1960 1771    1410    2166    1209    1651    2403    1892    1111    1248    1470    1569    1912    2254    2437    2512    2303    1796    1581    1048    
309    1961 1801    1346    2214    1143    1698    2372    1899    1074    1325    1260    1808    2030    2222    2474    2414    2327    1907    1463    1279    
309    1962 1769    1390    2192    1211    1619    2378    1929    1202    1145    1323    1620    1916    2056    2509    2558    2480    2006    1299    1068    
309    1963 1732    1323    2091    1066    1577    2360    1882    1075    1053    1409    1560    1761    2175    2446    2452    2137    1894    1613    1159    
309    1964 1800    1404    2226    1151    1679    2435    1954    1045    1256    1453    1526    2054    2294    2493    2514    2462    1920    1481    1084    
309    1965 1746    1329    2140    1040    1661    2395    1806    1057    973     1427    1576    1976    2294    2450    2437    2093    1890    1432    1283    
309    1966 1767    1428    2150    1347    1571    2357    1794    1374    1388    1196    1683    1838    2164    2375    2524    2307    1816    1259    1251    
309    1967 1704    1301    2059    1125    1515    2296    1942    998     1125    1339    1375    1826    1949    2445    2484    2258    2013    1553    1037    
309    1968 1754    1369    2110    1130    1502    2355    1945    1173    1183    1252    1497    1755    2096    2443    2518    2336    1987    1510    1273    
309    1969 1701    1393    2059    1156    1584    2288    1816    1181    998     1376    1505    1869    2041    2374    2441    2106    1880    1461    1117    
309    1970 1737    1367    2124    1216    1473    2384    1912    1243    1295    1204    1490    1726    2169    2434    2543    2370    1780    1590    980     
309    1971 1721    1279    2143    1067    1444    2412    1899    1070    1159    1093    1498    1742    2125    2484    2618    2377    2028    1288    1126    
309    1972 1661    1319    2007    1116    1454    2276    1798    1038    1188    1238    1474    1652    2049    2384    2388    2085    1733    1578    1113    
309    1973 1692    1267    2105    1074    1399    2393    1897    1064    1043    1062    1349    1783    2145    2484    2540    2315    1851    1526    1093    
309    1974 1718    1345    2112    1137    1497    2358    1841    1196    1121    1266    1373    1848    2206    2381    2480    2368    1710    1450    1181    
309    1975 1712    1336    2073    1204    1429    2382    1844    1237    1191    1238    1440    1610    2052    2529    2553    2238    1867    1425    1126    
309    1976 1706    1311    2109    1094    1488    2419    1765    1005    1153    1281    1416    1765    2218    2500    2532    2209    1784    1303    1278    
309    1977 1757    1387    2036    1285    1552    2242    1915    1167    1423    1368    1527    1761    2079    2332    2309    2200    1966    1578    1355    
309    1978 1771    1476    2122    1286    1594    2337    1869    1127    1387    1440    1575    1766    2153    2342    2509    2378    1825    1404    1321    
309    1979 1763    1410    2121    1292    1540    2409    1829    1296    1254    1345    1503    1772    2236    2461    2524    2217    1863    1407    1242    
309    1980 1754    1383    2127    1203    1514    2406    1926    1108    1263    1408    1380    1751    2205    2368    2637    2406    1922    1449    1130    
309    1981 1803    1384    2119    1108    1659    2328    1990    1084    1111    1584    1549    1840    2207    2328    2445    2338    1998    1635    1466    
309    1982 1846    1514    2242    1359    1574    2577    1951    1310    1296    1363    1524    1833    2436    2688    2602    2357    1965    1530    1209    
309    1983 1869    1395    2269    1137    1655    2512    2149    1155    1039    1444    1666    1857    2281    2632    2616    2554    2128    1764    1235    
309    1984 1786    1474    2156    1228    1543    2400    1965    1220    1229    1263    1665    1704    2156    2558    2479    2364    1901    1631    1244    
309    1985 1833    1405    2242    1182    1606    2504    2033    972     1345    1341    1682    1799    2328    2611    2567    2456    2097    1545    1225    
309    1986 1833    1444    2220    1222    1580    2487    2017    1217    1223    1338    1428    1971    2217    2515    2720    2453    2031    1567    1266    
309    1987 1859    1463    2248    1220    1668    2489    2014    1136    1263    1500    1681    1823    2244    2564    2651    2514    2023    1506    1359    
309    1988 1886    1505    2262    1316    1728    2519    2034    1343    1242    1539    1643    1999    2254    2589    2705    2368    2110    1622    1187    
309    1989 1879    1480    2238    1225    1628    2553    2011    1172    1327    1453    1554    1874    2254    2635    2758    2335    2019    1677    1450    
309    1990 1850    1537    2234    1367    1597    2487    2043    1161    1502    1415    1495    1877    2320    2542    2594    2566    2040    1523    1147    
309    1991 1789    1401    2186    1130    1525    2490    1953    1121    1122    1432    1471    1669    2239    2564    2658    2503    1842    1518    1285    
309    1992 1773    1360    2159    1152    1616    2369    1956    1025    1147    1336    1578    1934    2058    2427    2611    2330    1912    1627    1266    
309    1993 1770    1375    2196    1137    1599    2454    1864    1033    1111    1282    1611    1905    2312    2458    2588    2287    1827    1479    1305    
309    1994 1870    1422    2246    1269    1668    2534    1984    1194    1312    1408    1611    1981    2215    2646    2729    2271    1986    1694    1348    
309    1995 1878    1541    2187    1380    1633    2460    2000    1311    1493    1416    1534    1945    2213    2545    2614    2254    2024    1722    1441    
309    1996 1806    1512    2185    1314    1618    2457    1892    1342    1149    1380    1620    1854    2266    2507    2592    2255    1878    1544    1256    
309    1997 1886    1443    2236    1280    1682    2448    2079    1230    1362    1382    1668    1994    2352    2423    2567    2399    2177    1658    1383    
309    1998 1863    1555    2260    1330    1692    2503    1991    1319    1283    1487    1704    1886    2303    2593    2606    2456    1909    1609    1159    
309    1999 1858    1415    2300    1184    1732    2527    1940    1205    1189    1405    1725    2066    2321    2564    2688    2422    2030    1367    1265    
309    2000 1841    1416    2254    1214    1727    2473    1931    974     1414    1444    1706    2029    2305    2527    2582    2366    1931    1496    1305    
309    2001 1889    1512    2275    1290    1794    2544    1973    1269    1298    1753    1694    1931    2395    2562    2669    2386    2119    1409    1139    
309    2002 1867    1444    2210    1209    1645    2462    2045    1210    1285    1484    1574    1875    2342    2499    2540    2421    2034    1681    1417    
309    2003 1858    1491    2300    1267    1643    2626    1962    1191    1185    1412    1618    1897    2463    2674    2736    2397    1932    1557    1194    
309    2004 1786    1401    2181    1204    1488    2498    1961    1319    1091    1301    1452    1709    2308    2498    2680    2430    2034    1415    1168    
309    2005 1727    1293    2195    1013    1579    2475    1849    924     941     1245    1568    1925    2370    2554    2500    2242    1954    1348    1096    
309    2006 1813    1316    2227    1027    1713    2453    2015    941     1047    1487    1689    1961    2238    2591    2523    2345    2075    1622    1180    
309    2007 1756    1447    2163    1203    1627    2416    1763    1101    1342    1361    1502    2014    2272    2451    2519    2201    1810    1276    1186    
309    2008 1730    1340    2146    1172    1607    2393    1795    1146    1185    1425    1583    1814    2156    2473    2541    2297    1852    1236    1028    
309    2009 1755    1249    2147    1048    1516    2460    1916    1059    1059    1240    1452    1853    2303    2547    2524    2188    1941    1617    1231    
309    2010 1791    1404    2226    1195    1554    2525    1920    1152    1202    1267    1550    1845    2247    2638    2681    2375    1903    1485    1108    
309    2011 -999999 1377    -999999 1164    -999999 -999999 -999999 1149    1242    1368    1737    -999999 -999999 -999999 -999999 -999999 -999999 -999999 -999999 
