EUROPEAN CLIMATE ASSESSMENT & DATASET (ECA&D), file created on: 10-05-2011
THESE DATA CAN BE USED FREELY PROVIDED THAT THE FOLLOWING SOURCE IS ACKNOWLEDGED: 

Klein Tank, A.M.G. and Coauthors, 2002. Daily dataset of 20th-century surface
air temperature and precipitation series for the European Climate Assessment.
Int. J. of Climatol., 22, 1441-1453.
Data and metadata available at http://eca.knmi.nl

FILE FORMAT (MISSING VALUE CODE = -999999):

THIS FILE HOLDS DATA FOR STATION ITALY                                    DECIMOMANNU                              (STAID:   1748)
LATITUDE: dd:mm:ss +39:21:00
LONGITUDE: ddd:mm:ss +008:58:00
ELEVATION: m   23

DATA IS FOR INDEX Mean of daily mean temperature (TG) with unit 0.01 Temperature (&#176;C)

01-06 SOUID: Source identifier
08-11 YEAR : YYYY
13-20 ANNUAL DATA VALUES
21-28 WINTER HALF YEAR DATA VALUES
29-36 SUMMER HALF YEAR DATA VALUES
37-44 WINTER (DJF) DATA VALUES
45-52 SPRING (MAM) DATA VALUES
53-60 SUMMER (JJA) DATA VALUES
61-68 AUTUMN (SON) DATA VALUES
69-76 JANUARY DATA VALUES
etc. 
157-164 DECEMBER DATA VALUES

1748   1951 1669    -999999 2074    -999999 1432    2356    1819    1050    1098    1212    1399    1682    2174    2419    2469    2289    1726    1445    1031    
1748   1952 1688    1201    2157    916     1500    2486    1818    855     859     1276    1446    1777    2366    2561    2528    2250    1864    1338    1109    
1748   1953 1631    1143    2054    869     1428    2262    1870    674     818     1030    1469    1787    2019    2395    2365    2278    1904    1428    1343    
1748   1954 1601    1287    1980    1040    1396    2249    1762    820     948     1249    1300    1637    2224    2276    2247    2186    1711    1391    1178    
1748   1955 1690    1314    2057    1214    1430    2352    1713    1274    1188    1135    1321    1829    2158    2515    2378    2126    1692    1320    1296    
1748   1956 1551    1178    2006    991     1360    2246    1711    1080    569     1075    1300    1703    1952    2325    2451    2290    1631    1215    974     
1748   1957 1627    1181    1982    1009    1380    2272    1808    900     1169    1195    1329    1614    2082    2312    2415    2129    1857    1437    1055    
1748   1958 1648    1255    2007    1019    1390    2269    1841    967     1036    1165    1225    1775    2096    2280    2424    2225    1885    1413    1234    
1748   1959 1648    1311    2040    1083    1454    2309    1765    931     1085    1303    1381    1675    2084    2437    2400    2252    1718    1325    1151    
1748   1960 1626    1262    1985    1086    1427    2285    1748    990     1120    1259    1291    1725    2204    2266    2383    2029    1807    1406    1011    
1748   1961 1657    1229    2056    1000    1491    2245    1839    961     1030    1148    1550    1777    2129    2305    2298    2271    1821    1427    1127    
1748   1962 1630    1234    2077    1015    1384    2354    1832    1013    893     1096    1332    1724    2098    2423    2532    2337    1897    1261    903     
1748   1963 1637    1151    2069    880     1385    2383    1790    850     887     1087    1429    1642    2120    2577    2445    2188    1635    1552    1189    
1748   1964 1666    1260    2118    1045    1469    2438    1768    863     1084    1233    1304    1865    2323    2498    2488    2216    1720    1372    1011    
1748   1965 1623    1146    2027    882     1342    2397    1818    943     673     1120    1219    1685    2179    2554    2450    2054    1955    1442    1124    
1748   1966 1645    1284    2075    1091    1403    2338    1774    974     1185    1020    1454    1738    2246    2329    2435    2240    1910    1168    1018    
1748   1967 1667    1200    2071    967     1415    2391    1878    831     1061    1197    1289    1754    2033    2556    2573    2197    1915    1522    1024    
1748   1968 1663    1270    2081    1016    1459    2347    1802    933     1097    1126    1462    1789    2167    2477    2391    2190    1801    1415    1091    
1748   1969 1592    1210    2005    959     1439    2238    1785    917     861     1151    1340    1822    1950    2277    2478    2145    1805    1405    899     
1748   1970 1642    1210    2061    999     1319    2386    1787    1077    1023    1042    1330    1587    2237    2385    2532    2285    1688    1391    1096    
1748   1971 1606    1148    2101    978     1345    2431    1690    928     902     865     1446    1728    2108    2452    2721    2130    1729    1211    995     
1748   1972 1604    1193    1962    977     1402    2275    1726    876     1067    1271    1312    1620    2190    2396    2237    2003    1720    1456    1087    
1748   1973 1615    1185    2078    982     1325    2413    1764    999     845     977     1181    1813    2193    2515    2525    2218    1797    1275    980     
1748   1974 1552    1207    1974    1019    1330    2260    1590    1041    1037    1097    1237    1653    2068    2291    2414    2167    1411    1199    973     
1748   1975 1582    1095    2010    976     1314    2299    1713    985     969     1028    1248    1665    1988    2470    2429    2242    1694    1203    1017    
1748   1976 1546    1134    1959    948     1336    2274    1609    852     978     1055    1217    1731    2153    2346    2320    1971    1702    1152    1049    
1748   1977 1610    1218    1945    1086    1388    2221    1765    1083    1130    1183    1304    1674    2010    2363    2283    2020    1897    1373    958     
1748   1978 1556    1196    1972    919     1316    2290    1625    779     1030    1128    1252    1566    2079    2347    2436    2139    1606    1129    1146    
1748   1979 1630    1185    2037    1058    1369    2386    1735    971     1057    1188    1242    1674    2185    2470    2495    2140    1811    1254    1029    
1748   1980 1569    1206    1943    1011    1292    2237    1810    947     1058    1129    1221    1522    2018    2225    2460    2198    1786    1448    798     
1748   1981 1672    1155    2124    785     1512    2399    1846    765     793     1312    1510    1715    2254    2404    2533    2318    1977    1240    1185    
1748   1982 1772    1268    2272    1103    1437    2643    1952    1091    1027    1065    1397    1849    2444    2835    2642    2450    1941    1464    1007    
1748   1983 1658    1186    2145    861     1434    2480    1835    780     788     1109    1382    1809    2217    2681    2533    2227    1803    1476    1032    
1748   1984 1569    1195    1973    944     1302    2303    1739    927     868     1051    1242    1610    2067    2427    2406    2068    1712    1437    990     
1748   1985 1629    1169    2090    948     1370    2382    1792    712     1162    1012    1423    1678    2129    2566    2443    2290    1788    1298    1023    
1748   1986 1666    1187    2125    952     1470    2377    1860    918     911     1159    1351    1896    2055    2461    2605    2362    1861    1358    997     
1748   1987 1727    1181    2189    978     1337    2493    2029    916     1026    921     1470    1624    2168    2629    2673    2558    2111    1416    1171    
1748   1988 -999999 1305    -999999 1062    1489    2456    1807    1070    936     1108    1444    1913    2204    2618    2528    2150    1962    1304    997     
1748   1989 1677    -999999 2115    948     1482    2440    1745    877     978     1288    1368    1786    2145    2570    2597    2206    1644    1390    1223    
1748   1990 1708    1277    2143    1141    1426    2443    1942    956     1255    1195    1306    1774    2190    2547    2582    2440    2055    1326    836     
1748   1991 1612    1227    2065    892     1294    2439    1818    912     931     1275    1191    1415    2107    2566    2635    2461    1782    1212    815     
1748   1992 1676    1093    2166    816     1483    2442    1876    827     806     1101    1434    1912    2116    2437    2764    2314    1805    1512    1049    
1748   1993 1654    1195    2119    939     1405    2417    1816    880     881     1020    1370    1824    2225    2376    2644    2261    1868    1316    1123    
1748   1994 1758    1263    2213    1041    1492    2568    1921    1038    954     1254    1300    1915    2202    2638    2852    2347    1874    1544    1112    
1748   1995 1688    1256    2127    1017    1417    2467    1811    802     1152    1053    1366    1830    2174    2628    2589    2154    1917    1359    1188    
1748   1996 1631    1260    2038    1073    1379    2360    1716    1118    901     1054    1385    1697    2162    2409    2504    2057    1704    1389    1165    
1748   1997 1743    1281    2139    1130    1465    2443    1923    1079    1149    1194    1335    1863    2336    2456    2535    2296    1983    1488    1167    
1748   1998 1699    1318    2185    1085    1497    2510    1765    1038    1045    1167    1527    1799    2268    2620    2633    2247    1817    1229    947     
1748   1999 1756    1187    2254    951     1543    2561    1943    985     919     1203    1447    1977    2346    2555    2791    2427    2014    1385    1026    
1748   2000 1765    1265    2233    961     1652    2479    1886    809     1052    1292    1566    2095    2267    2527    2635    2290    1875    1492    1252    
1748   2001 1742    1387    2202    1136    1663    2526    1727    1075    1075    1527    1434    2022    2343    2568    2660    2162    1547    1476    967     
1748   2002 1786    1238    2221    1004    1602    2544    1893    941     1113    1380    1522    1902    2391    2633    2602    2262    1909    1508    1223    
1748   2003 1828    1283    2389    1032    1559    2833    1947    1003    854     1168    1462    2043    2667    2872    2955    2314    1973    1552    1005    
1748   2004 1732    1302    2133    1029    1434    2472    1912    996     1089    1189    1458    1657    2296    2503    2611    2258    2085    1388    1228    
1748   2005 1690    1258    2169    981     1478    2476    1891    870     831     1109    1419    1905    2349    2622    2454    2250    1981    1439    989     
1748   2006 1789    1265    2239    975     1624    2504    1957    917     1025    1223    1667    1984    2250    2726    2527    2263    2045    1561    1229    
1748   2007 1758    1413    2191    1197    1587    2474    1819    1153    1212    1266    1574    1922    2334    2510    2573    2216    1841    1398    1059    
1748   2008 1753    1288    2193    1070    1574    2479    1876    1071    1080    1271    1545    1905    2251    2567    2611    2264    1915    1446    1078    
1748   2009 1764    1283    2238    1026    1566    2555    1849    1037    955     1238    1500    1956    2353    2629    2677    2297    1822    1430    1215    
1748   2010 1756    1308    2209    1096    1570    2512    1855    975     1099    1294    1614    1797    2178    2711    2635    2282    1818    1479    1142    
1748   2011 -999999 1282    -999999 1051    -999999 -999999 -999999 1036    966     1224    1601    -999999 -999999 -999999 -999999 -999999 -999999 -999999 -999999 
