EUROPEAN CLIMATE ASSESSMENT & DATASET (ECA&D), file created on: 10-05-2011
THESE DATA CAN BE USED FREELY PROVIDED THAT THE FOLLOWING SOURCE IS ACKNOWLEDGED: 

Klein Tank, A.M.G. and Coauthors, 2002. Daily dataset of 20th-century surface
air temperature and precipitation series for the European Climate Assessment.
Int. J. of Climatol., 22, 1441-1453.
Data and metadata available at http://eca.knmi.nl

FILE FORMAT (MISSING VALUE CODE = -999999):

THIS FILE HOLDS DATA FOR STATION IRELAND                                  DUBLIN (GLASNEVIN)                       (STAID:   1704)
LATITUDE: dd:mm:ss +53:22:15
LONGITUDE: ddd:mm:ss -006:16:18
ELEVATION: m   21

DATA IS FOR INDEX Mean of daily mean temperature (TG) with unit 0.01 Temperature (&#176;C)

01-06 SOUID: Source identifier
08-11 YEAR : YYYY
13-20 ANNUAL DATA VALUES
21-28 WINTER HALF YEAR DATA VALUES
29-36 SUMMER HALF YEAR DATA VALUES
37-44 WINTER (DJF) DATA VALUES
45-52 SPRING (MAM) DATA VALUES
53-60 SUMMER (JJA) DATA VALUES
61-68 AUTUMN (SON) DATA VALUES
69-76 JANUARY DATA VALUES
etc. 
157-164 DECEMBER DATA VALUES

1704   1881 843     -999999 1173    -999999 767     1367    971     -46     411     546     679     1072    1258    1517    1322    1176    805     938     417     
1704   1882 909     709     1168    586     844     1374    861     653     698     750     741     1036    1235    1450    1432    1098    922     562     294     
1704   1883 859     535     1151    473     659     1343    894     545     584     300     709     969     1255    1354    1418    1191    904     588     482     
1704   1884 925     641     1218    569     759     1440    940     666     560     643     640     991     1302    1477    1535    1350    926     545     446     
1704   1885 827     557     1104    476     653     1318    846     438     551     437     716     807     1182    1483    1284    1146    703     695     474     
1704   1886 847     486     1181    360     679     1421    1002    245     361     434     680     922     1295    1501    1461    1213    1050    740     237     
1704   1887 860     562     1225    388     647     1555    801     448     490     407     596     936     1530    1632    1503    1138    766     501     353     
1704   1888 839     459     1116    375     667     1301    946     490     277     359     664     977     1232    1315    1354    1147    887     807     544     
1704   1889 899     619     1199    475     801     1375    924     504     367     587     689     1125    1349    1367    1408    1247    804     724     574     
1704   1890 906     638     1198    549     813     1312    1040    623     441     646     740     1050    1358    1288    1292    1455    1009    656     287     
1704   1891 858     554     1164    407     620     1408    909     356     597     425     606     828     1397    1424    1403    1321    876     531     524     
1704   1892 803     490     1151    413     675     1332    849     281     435     288     677     1061    1230    1306    1455    1164    651     738     343     
1704   1893 970     570     1321    422     968     1518    894     415     519     754     911     1236    1406    1542    1602    1215    910     557     542     
1704   1894 894     615     1146    530     788     1354    898     423     634     622     904     843     1258    1451    1350    1066    865     766     542     
1704   1895 842     489     1243    233     809     1407    942     121     16      591     761     1073    1355    1404    1461    1393    686     756     439     
1704   1896 926     621     1277    537     903     1458    811     570     608     675     921     1116    1524    1495    1356    1245    648     545     411     
1704   1897 944     522     1206    429     751     1480    1028    234     665     645     694     914     1406    1523    1508    1183    1085    816     645     
1704   1898 988     724     1258    654     768     1430    1054    775     529     477     868     961     1298    1488    1501    1429    1063    670     763     
1704   1899 953     694     1252    597     771     1525    1023    491     531     627     793     894     1420    1579    1571    1245    894     933     434     
1704   1900 900     556     1237    384     719     1451    941     501     199     354     841     965     1332    1623    1394    1259    916     650     712     
1704   1901 871     586     1225    502     728     1430    935     470     305     436     771     978     1229    1616    1438    1305    897     603     367     
1704   1902 887     571     1128    403     755     1322    991     513     320     702     691     869     1249    1384    1331    1239    988     747     564     
1704   1903 876     690     1112    582     753     1296    926     453     745     649     624     983     1179    1428    1276    1169    981     628     383     
1704   1904 890     557     1203    416     761     1392    932     477     387     475     822     988     1270    1482    1418    1225    960     611     541     
1704   1905 911     641     1208    549     780     1452    786     559     546     618     696     1024    1359    1629    1365    1161    708     492     738     
1704   1906 906     571     1208    549     717     1480    983     572     314     575     618     955     1361    1465    1609    1226    970     755     405     
1704   1907 871     605     1144    408     750     1320    948     467     347     670     696     884     1167    1417    1370    1325    920     600     551     
1704   1908 937     603     1191    545     733     1392    1072    441     650     460     581     1155    1247    1521    1403    1225    1193    795     557     
1704   1909 861     664     1163    524     744     1355    855     519     493     413     809     1012    1154    1441    1465    1082    960     519     434     
1704   1910 877     573     1161    454     743     1378    864     410     524     584     665     977     1333    1375    1426    1179    1000    409     610     
1704   1911 941     587     1275    523     812     1505    916     440     520     533     785     1117    1296    1648    1565    1221    941     587     607     
1704   1912 884     644     1123    538     866     1261    839     449     558     715     805     1076    1252    1397    1134    1070    790     659     686     
1704   1913 916     618     1177    575     762     1354    1027    514     519     533     739     1015    1277    1364    1418    1239    1041    801     512     
1704   1914 939     690     1242    570     812     1450    958     529     680     581     840     1014    1311    1502    1533    1240    988     646     390     
1704   1915 842     556     1166    375     757     1341    846     369     365     562     784     924     1256    1363    1400    1261    897     377     504     
1704   1916 913     560     1215    572     704     1413    1034    782     420     367     723     1023    1137    1497    1595    1297    1067    737     288     
1704   1917 850     507     1216    269     688     1438    963     258     260     416     564     1081    1317    1521    1471    1325    714     858     378     
1704   1918 918     639     1157    552     766     1384    854     504     797     607     595     1091    1239    1380    1528    1091    863     608     701     
1704   1919 846     546     1203    475     764     1371    796     384     326     376     750     1167    1310    1297    1503    1182    880     324     610     
1704   1920 945     620     1180    618     828     1332    1044    562     687     655     757     1071    1306    1365    1323    1250    1025    858     481     
1704   1921 1023    740     1256    613     816     1489    1079    774     582     711     724     1011    1342    1719    1401    1326    1181    727     737     
1704   1922 865     709     1107    598     724     1291    909     478     578     543     461     1160    1252    1313    1308    1135    881     713     533     
1704   1923 900     670     1174    594     722     1446    831     624     630     638     690     836     1295    1614    1424    1177    948     363     529     
1704   1924 907     550     1166    518     695     1380    966     591     429     424     631     1028    1337    1426    1376    1185    924     790     726     
1704   1925 887     672     1204    597     736     1474    850     613     438     524     678     1003    1390    1530    1499    1111    1023    410     388     
1704   1926 950     628     1268    554     816     1490    895     598     688     659     855     936     1266    1604    1592    1345    789     556     498     
1704   1927 909     598     1189    500     848     1382    929     492     512     732     804     1006    1131    1520    1487    1169    1009    608     406     
1704   1928 926     637     1172    536     766     1373    998     561     649     588     723     985     1213    1502    1398    1201    1039    752     487     
1704   1929 906     615     1215    423     773     1403    997     369     412     613     675     1029    1234    1492    1477    1373    938     682     547     
1704   1930 891     575     1215    425     770     1421    947     475     233     547     750     1011    1353    1477    1430    1257    1008    574     528     
1704   1931 899     573     1197    462     753     1415    926     384     476     460     775     1024    1416    1464    1366    1129    900     751     619     
1704   1932 932     652     1221    585     709     1494    917     695     432     507     646     974     1376    1564    1538    1216    830     707     680     
1704   1933 995     618     1399    478     949     1614    1015    313     438     722     959     1167    1445    1718    1672    1421    1028    596     424     
1704   1934 1013    625     1313    510     809     1552    1025    619     484     581     731     1111    1482    1717    1453    1374    1045    656     853     
1704   1935 949     741     1265    670     810     1527    947     544     607     725     735     968     1392    1593    1593    1298    945     597     363     
1704   1936 925     569     1232    382     786     1470    977     343     443     714     627     1011    1359    1463    1585    1338    1035    555     604     
1704   1937 919     601     1283    572     772     1471    938     572     536     299     901     1121    1337    1519    1554    1254    908     654     347     
1704   1938 992     676     1216    519     895     1403    1103    600     620     923     723     1034    1324    1421    1462    1324    1052    934     457     
1704   1939 962     696     1273    504     876     1453    1028    411     659     669     854     1104    1349    1485    1520    1314    890     884     396     
1704   1940 942     583     1297    348     904     1494    980     108     553     677     902     1134    1539    1401    1545    1252    999     690     502     
1704   1941 909     547     1233    345     711     1445    1074    140     397     547     652     931     1401    1504    1430    1472    1070    679     656     
1704   1942 929     637     1261    462     880     1446    894     422     292     672     912     1057    1339    1485    1510    1256    945     479     731     
1704   1943 979     682     1268    655     907     1441    996     567     669     690     996     1037    1342    1507    1471    1245    1064    676     470     
1704   1944 961     661     1286    547     886     1482    908     709     455     580     1002    1080    1287    1557    1594    1181    891     654     522     
1704   1945 1038    651     1324    486     994     1484    1120    162     804     891     970     1121    1394    1553    1504    1393    1168    797     687     
1704   1946 926     723     1205    587     805     1362    1053    446     631     604     852     960     1240    1490    1351    1329    1041    789     372     
1704   1947 944     521     1321    278     808     1520    1094    385     56      450     851     1126    1401    1480    1675    1381    1113    787     555     
1704   1948 991     728     1235    523     911     1412    1092    462     556     889     837     1003    1280    1490    1462    1330    1048    899     622     
1704   1949 1042    755     1351    646     884     1532    1117    623     697     640     978     1036    1429    1601    1564    1494    1141    715     570     
1704   1950 936     721     1267    571     871     1505    908     575     567     744     748     1117    1507    1545    1464    1210    981     532     208     
1704   1951 908     497     1205    328     684     1428    1063    431     346     473     663     915     1334    1538    1410    1362    1083    743     562     
1704   1952 923     636     1286    421     954     1496    859     289     412     716     913     1232    1353    1599    1532    1069    949     554     429     
1704   1953 991     594     1280    487     838     1456    1076    468     570     590     678     1240    1372    1483    1510    1386    1004    841     723     
1704   1954 927     684     1172    538     826     1339    996     451     429     638     774     1065    1277    1392    1345    1167    1153    661     731     
1704   1955 937     592     1318    448     754     1529    1034    382     207     382     924     962     1297    1607    1675    1432    878     796     653     
1704   1956 919     608     1224    415     868     1360    1017    383     195     724     748     1128    1278    1500    1299    1385    963     705     693     
1704   1957 984     746     1242    602     945     1457    976     599     507     987     807     1036    1360    1536    1470    1233    1028    665     536     
1704   1958 948     612     1262    506     750     1441    1098    458     526     452     775     1023    1323    1505    1491    1447    1069    781     504     
1704   1959 1042    682     1362    476     953     1572    1111    293     646     801     901     1155    1448    1629    1635    1391    1208    731     632     
1704   1960 967     700     1312    512     951     1478    1004    503     394     712     911     1229    1501    1500    1435    1290    998     723     393     
1704   1961 1006    716     1302    552     991     1445    1041    487     800     901     976     1095    1405    1453    1475    1405    1028    691     345     
1704   1962 895     586     1183    475     709     1375    973     515     574     367     749     1012    1285    1415    1423    1202    1058    656     466     
1704   1963 883     524     1219    235     852     1411    1026    55      179     698     843     1013    1356    1441    1435    1218    1111    747     451     
1704   1964 985     667     1318    525     896     1462    1041    610     513     565     870     1252    1351    1554    1478    1394    931     801     485     
1704   1965 914     610     1227    424     872     1403    940     397     385     643     851     1123    1411    1331    1467    1174    1119    521     506     
1704   1966 991     695     1287    580     888     1464    984     547     698     771     800     1091    1450    1501    1442    1434    945     574     624     
1704   1967 990     679     1290    599     870     1509    995     557     619     746     932     935     1441    1612    1472    1344    1042    596     558     
1704   1968 972     636     1232    493     797     1438    1161    602     307     688     757     945     1392    1426    1495    1371    1279    830     542     
1704   1969 907     655     1224    449     785     1444    965     585     194     460     793     1103    1345    1633    1351    1102    1298    494     469     
1704   1970 999     607     1351    448     851     1549    1112    490     378     512     741     1295    1574    1550    1524    1412    1134    788     542     
1704   1971 1032    710     1297    572     833     1474    1159    571     605     612     808     1077    1284    1617    1516    1468    1289    717     787     
1704   1972 957     749     1218    609     861     1389    996     484     552     649     876     1057    1200    1522    1439    1202    1135    648     700     
1704   1973 1009    737     1315    649     863     1536    1028    666     575     679     781     1125    1498    1539    1570    1366    1009    709     564     
1704   1974 974     699     1234    626     819     1449    893     714     599     593     793     1072    1330    1514    1500    1184    837     661     860     
1704   1975 1044    714     1338    737     809     1628    1076    715     625     579     880     971     1462    1716    1700    1289    1157    779     617     
1704   1976 1022    756     1386    652     885     1660    987     681     660     637     870     1147    1666    1683    1631    1306    991     664     324     
1704   1977 982     610     1259    407     860     1464    1052    337     577     763     783     1031    1274    1592    1521    1340    1242    567     721     
1704   1978 993     682     1267    522     840     1442    1217    415     421     699     690     1127    1333    1479    1511    1449    1271    928     549     
1704   1979 924     638     1253    365     739     1496    1086    206     336     519     747     951     1415    1608    1461    1326    1138    793     553     
1704   1980 980     684     1299    527     861     1447    1050    398     637     583     893     1108    1359    1435    1543    1449    935     770     644     
1704   1981 985     724     1315    583     932     1504    1022    622     472     880     810     1104    1356    1531    1621    1457    773     846     319     
1704   1982 1008    612     1334    469     885     1532    1068    458     646     642     908     1105    1430    1606    1558    1390    1065    749     513     
1704   1983 1045    698     1338    524     819     1657    1100    679     365     784     673     996     1417    1813    1732    1381    1075    846     717     
1704   1984 1007    692     1351    559     818     1604    1075    403     557     551     885     1021    1464    1659    1685    1380    1117    726     624     
1704   1985 964     645     1298    475     864     1423    1055    296     509     585     941     1067    1249    1592    1423    1512    1131    518     716     
1704   1986 926     609     1207    451     793     1422    1048    429     180     628     620     1126    1435    1549    1284    1219    1076    849     642     
1704   1987 995     675     1329    512     887     1515    1007    402     491     578     1001    1086    1297    1654    1587    1340    946     738     782     
1704   1988 1040    731     1326    650     945     1511    1028    614     547     751     920     1163    1500    1499    1533    1335    1085    663     853     
1704   1989 1098    812     1381    768     920     1637    1150    776     666     809     715     1230    1428    1840    1634    1418    1228    802     585     
1704   1990 1092    840     1364    685     1008    1596    1094    723     754     938     816     1263    1370    1666    1745    1308    1213    758     517     
1704   1991 1015    695     1339    456     972     1488    1075    451     393     810     867     1235    1203    1572    1681    1460    1044    723     677     
1704   1992 1055    780     1370    675     1034    1569    990     600     753     879     934     1286    1566    1637    1503    1285    839     852     515     
1704   1993 1026    750     1310    677     956     1498    932     778     744     774     1031    1065    1469    1547    1477    1268    856     673     600     
1704   1994 1056    681     1290    566     908     1519    1153    598     495     844     839     1041    1451    1621    1484    1294    1113    1054    794     
1704   1995 1127    822     1448    704     932     1718    1225    592     730     646     941     1209    1490    1796    1859    1376    1401    891     558     
1704   1996 1038    770     1360    574     847     1575    1153    696     461     594     949     1003    1503    1625    1595    1478    1277    700     559     
1704   1997 1149    799     1430    616     1067    1605    1224    545     759     944     1084    1177    1382    1670    1757    1489    1202    982     774     
1704   1998 1143    916     1401    784     1030    1583    1175    661     933     949     838     1297    1452    1606    1686    1512    1198    816     754     
1704   1999 1146    840     1466    710     1085    1605    1230    663     714     881     1046    1326    1394    1785    1630    1600    1189    903     594     
1704   2000 1092    823     1398    654     970     1612    1103    606     771     874     808     1224    1495    1629    1707    1514    1098    697     664     
1704   2001 1083    689     1417    558     962     1598    1251    464     546     651     915     1319    1469    1674    1646    1465    1398    883     525     
1704   2002 1117    866     1376    684     1014    1545    1151    774     761     843     976     1223    1421    1553    1656    1417    1070    966     716     
1704   2003 1109    789     1453    629     996     1677    1138    585     580     813     990     1185    1516    1755    1753    1511    1012    896     678     
1704   2004 1114    770     1439    645     1008    1620    1154    647     608     775     1020    1231    1567    1588    1704    1517    1049    900     743     
1704   2005 1141    823     1442    698     1007    1659    1209    765     574     888     954     1179    1614    1679    1682    1534    1317    773     690     
1704   2006 1150    780     1495    634     953     1714    1266    615     592     673     963     1223    1636    1856    1647    1639    1317    841     755     
1704   2007 1151    858     1445    740     1079    1565    1225    783     676     758     1219    1263    1489    1579    1623    1491    1236    947     724     
1704   2008 1094    858     1418    735     1015    1598    1083    775     706     755     925     1363    1468    1662    1661    1414    1016    820     544     
1704   2009 1101    736     1436    566     1049    1634    1176    534     625     868     1010    1266    1558    1635    1706    1432    1247    848     453     
1704   2010 -999999 652     -999999 379     895     -999999 -999999 312     370     658     969     1067    -999999 -999999 -999999 -999999 -999999 -999999 -999999 
