EUROPEAN CLIMATE ASSESSMENT & DATASET (ECA&D), file created on: 10-05-2011
THESE DATA CAN BE USED FREELY PROVIDED THAT THE FOLLOWING SOURCE IS ACKNOWLEDGED: 

Klein Tank, A.M.G. and Coauthors, 2002. Daily dataset of 20th-century surface
air temperature and precipitation series for the European Climate Assessment.
Int. J. of Climatol., 22, 1441-1453.
Data and metadata available at http://eca.knmi.nl

FILE FORMAT (MISSING VALUE CODE = -999999):

THIS FILE HOLDS DATA FOR STATION CYPRUS                                   PAFOS                                    (STAID:    384)
LATITUDE: dd:mm:ss +34:43:00
LONGITUDE: ddd:mm:ss +032:28:59
ELEVATION: m   10

DATA IS FOR INDEX Mean of daily mean temperature (TG) with unit 0.01 Temperature (&#176;C)

01-06 SOUID: Source identifier
08-11 YEAR : YYYY
13-20 ANNUAL DATA VALUES
21-28 WINTER HALF YEAR DATA VALUES
29-36 SUMMER HALF YEAR DATA VALUES
37-44 WINTER (DJF) DATA VALUES
45-52 SPRING (MAM) DATA VALUES
53-60 SUMMER (JJA) DATA VALUES
61-68 AUTUMN (SON) DATA VALUES
69-76 JANUARY DATA VALUES
etc. 
157-164 DECEMBER DATA VALUES

384    1949 -999999 -999999 -999999 -999999 1602    2422    2145    1212    1117    1329    1433    2037    2263    2459    2562    2321    2133    1981    1543    
384    1950 1948    1566    2323    1269    1767    2526    2179    1081    1174    1460    1801    2042    2385    2588    2599    2511    2143    1885    1660    
384    1951 1988    1674    2366    1482    1813    2573    2180    1379    1399    1558    1790    2089    2396    2607    2712    2591    2156    1793    1354    
384    1952 -999999 1564    -999999 1354    1670    -999999 2243    1339    1369    1365    1674    1972    2358    -999999 2731    2614    2254    1861    1640    
384    1953 -999999 1611    -999999 1463    1563    -999999 2031    1370    1369    1158    1583    1948    2342    2654    -999999 2339    2169    1581    1233    
384    1954 -999999 1506    -999999 1254    1674    2579    -999999 1255    1277    1490    1595    1934    2390    2624    2717    -999999 2228    1846    1514    
384    1955 -999999 -999999 -999999 -999999 1732    2563    -999999 1405    1441    1471    1716    2018    2463    2645    2582    2492    -999999 1886    1507    
384    1956 -999999 -999999 -999999 1427    1610    -999999 2134    1347    1425    1302    1623    1916    2347    2616    2682    2543    2128    1747    1376    
384    1957 -999999 -999999 -999999 -999999 1687    2587    -999999 1240    1332    1458    1707    1939    2401    2629    2722    2560    2305    1849    1441    
384    1958 -999999 -999999 -999999 1382    1770    -999999 -999999 1337    1363    1565    1711    2032    2358    2525    2718    2387    -999999 1876    1606    
384    1959 -999999 -999999 -999999 1327    1647    2513    2058    1381    973     1335    1697    1940    2295    2547    2690    2372    2053    1771    1556    
384    1960 -999999 -999999 -999999 -999999 -999999 -999999 -999999 -999999 -999999 -999999 -999999 -999999 -999999 -999999 -999999 -999999 -999999 -999999 -999999 
384    1961 -999999 -999999 -999999 -999999 -999999 -999999 -999999 -999999 -999999 -999999 -999999 -999999 -999999 -999999 -999999 -999999 -999999 -999999 -999999 
384    1962 -999999 -999999 -999999 -999999 -999999 -999999 -999999 -999999 -999999 -999999 -999999 -999999 -999999 -999999 -999999 -999999 -999999 -999999 -999999 
384    1963 -999999 -999999 -999999 -999999 -999999 -999999 -999999 -999999 -999999 1360    1716    -999999 -999999 -999999 -999999 2552    -999999 -999999 1468    
384    1964 -999999 -999999 -999999 -999999 -999999 -999999 -999999 -999999 -999999 -999999 -999999 -999999 -999999 2545    2646    -999999 -999999 -999999 -999999 
384    1965 -999999 -999999 -999999 -999999 -999999 -999999 -999999 -999999 -999999 -999999 -999999 -999999 -999999 -999999 -999999 -999999 -999999 -999999 -999999 
384    1966 -999999 -999999 -999999 -999999 -999999 -999999 -999999 -999999 -999999 -999999 -999999 -999999 2367    2548    -999999 -999999 -999999 2056    1566    
384    1967 -999999 -999999 -999999 1328    -999999 -999999 -999999 1250    1142    1292    -999999 -999999 -999999 -999999 -999999 2427    2181    1755    1512    
384    1968 -999999 -999999 -999999 -999999 -999999 -999999 -999999 1233    -999999 1357    1768    2161    -999999 -999999 2591    2481    2151    -999999 -999999 
384    1969 -999999 -999999 -999999 -999999 -999999 -999999 -999999 -999999 -999999 -999999 -999999 -999999 -999999 -999999 -999999 -999999 -999999 -999999 -999999 
384    1970 -999999 -999999 -999999 -999999 -999999 -999999 -999999 -999999 -999999 -999999 -999999 -999999 -999999 -999999 -999999 -999999 -999999 -999999 -999999 
384    1971 -999999 -999999 -999999 -999999 -999999 -999999 -999999 -999999 -999999 -999999 -999999 -999999 -999999 -999999 -999999 -999999 -999999 -999999 -999999 
384    1972 -999999 -999999 -999999 -999999 -999999 -999999 -999999 -999999 -999999 -999999 -999999 -999999 -999999 -999999 -999999 -999999 -999999 -999999 -999999 
384    1973 -999999 -999999 -999999 -999999 -999999 -999999 -999999 -999999 -999999 1458    -999999 -999999 -999999 2618    -999999 -999999 2234    1608    -999999 
384    1974 -999999 -999999 -999999 -999999 -999999 -999999 -999999 -999999 -999999 1510    -999999 -999999 -999999 -999999 -999999 -999999 -999999 -999999 -999999 
384    1975 -999999 -999999 -999999 -999999 -999999 -999999 -999999 -999999 -999999 1472    1835    1981    -999999 2546    -999999 -999999 -999999 -999999 1398    
384    1976 -999999 -999999 -999999 -999999 -999999 -999999 -999999 1332    -999999 1435    -999999 -999999 -999999 -999999 -999999 -999999 -999999 -999999 -999999 
384    1977 -999999 -999999 -999999 -999999 -999999 -999999 -999999 -999999 -999999 -999999 -999999 -999999 -999999 -999999 -999999 -999999 -999999 -999999 1412    
384    1978 -999999 -999999 -999999 -999999 -999999 -999999 -999999 1381    -999999 1466    1677    2067    2363    -999999 -999999 -999999 2234    -999999 1540    
384    1979 -999999 -999999 -999999 1455    -999999 -999999 -999999 1363    1470    1526    -999999 2030    -999999 2571    2604    -999999 -999999 1957    1469    
384    1980 -999999 -999999 -999999 1323    -999999 -999999 -999999 1257    1225    1393    -999999 1933    -999999 -999999 -999999 2435    -999999 1900    1517    
384    1981 -999999 -999999 -999999 -999999 1715    -999999 -999999 1281    -999999 1548    1702    1900    -999999 2600    2674    2469    -999999 1710    1635    
384    1982 -999999 -999999 -999999 -999999 1664    2529    2182    1341    1173    1285    1724    1979    2349    2571    2665    2534    2271    1682    1387    
384    1983 -999999 -999999 -999999 -999999 1663    2519    2158    1106    1158    1328    1665    1987    2313    2610    2622    2453    2111    1912    1543    
384    1984 -999999 -999999 -999999 1426    1726    -999999 -999999 1368    1363    1466    1679    2014    2316    -999999 -999999 -999999 2135    -999999 -999999 
384    1985 1864    -999999 2240    -999999 1659    2454    2059    1357    1095    1304    1631    2040    2270    2449    2636    2404    1996    1779    1376    
384    1986 1882    1526    2259    1326    1702    2446    2043    1285    1315    1395    1795    1919    2314    2472    2547    2501    2064    1564    1375    
384    1987 1856    1489    2211    1374    1526    2477    2033    1368    1380    1177    1530    1870    2253    2580    2591    2425    2039    1635    1388    
384    1988 1871    1475    2291    1279    1648    2558    2014    1224    1223    1333    1601    2008    2307    2701    2657    2458    2046    1537    1333    
384    1989 1848    1404    2257    1154    1733    2443    2031    1012    1113    1357    1782    2063    2229    2525    2566    2361    1995    1736    1392    
384    1990 1865    1464    2211    1237    1637    2443    2097    1078    1241    1332    1647    1933    2264    2552    2505    2350    2141    1798    1498    
384    1991 1858    1557    2225    1327    1686    2451    2051    1221    1254    1409    1722    1926    2279    2484    2586    2346    2146    1668    1225    
384    1992 1752    -999999 2150    1069    1520    2412    2015    1028    925     1190    1517    1853    2232    2433    2564    2290    2058    1697    1104    
384    1993 1825    1366    2189    1062    1539    2469    2088    1067    1012    1224    1553    1842    2283    2528    2589    2326    2290    1642    1459    
384    1994 1917    1558    2304    1374    1689    2486    2192    1380    1274    1280    1777    2014    2314    2504    2634    2573    2351    1646    1214    
384    1995 1811    1511    2188    1223    1588    2467    1944    1245    1207    1380    1503    1878    2355    2518    2524    2339    2029    1462    1243    
384    1996 1863    1419    2226    1219    1634    2480    2017    1144    1274    1355    1512    2033    2313    2548    2575    2358    1967    1728    1525    
384    1997 1812    1472    2135    1301    1533    2398    2025    1275    1082    1224    1450    1923    2261    2520    2410    2233    2066    1774    1468    
384    1998 1904    1519    2253    1312    1677    2475    2134    1216    1246    1326    1732    1976    2254    2519    2646    2377    2149    1875    1492    
384    1999 1950    1600    2282    1388    1675    2533    2166    1372    1292    1397    1624    2002    2358    2578    2657    2457    2232    1808    1579    
384    2000 1891    1543    2276    1312    1648    2511    2129    1126    1225    1274    1731    1942    2371    2560    2596    2447    2127    1814    1462    
384    2001 1963    1613    2308    1376    1823    2508    2135    1332    1331    1594    1784    2082    2284    2554    2680    2449    2177    1778    1448    
384    2002 1942    1580    2286    1326    1716    2551    2177    1143    1394    1528    1677    1942    2351    2671    2624    2440    2209    1880    1412    
384    2003 1940    1588    2291    1375    1713    2502    2123    1493    1204    1304    1647    2185    2339    2543    2620    2399    2160    1810    1518    
384    2004 1926    1595    2246    1371    1693    2483    2190    1295    1295    1480    1676    1921    2308    2567    2567    2428    2287    1852    1414    
384    2005 1925    1620    2276    1362    1730    2492    2068    1364    1303    1475    1744    1970    2264    2576    2629    2461    2051    1693    1522    
384    2006 1952    1577    2294    1404    1731    2504    2172    1321    1364    1492    1737    1965    2305    2564    2636    2547    2206    1761    1492    
384    2007 2014    1624    2355    1419    1760    2623    2220    1352    1413    1502    1663    2113    2471    2690    2704    2475    2294    1889    1557    
384    2008 2008    1638    2359    1335    1805    2601    2270    1188    1256    1627    1816    1973    2427    2635    2734    2558    2221    2032    1602    
384    2009 2023    1701    2344    1500    1733    2600    2234    1467    1424    1441    1742    2016    2441    2672    2683    2499    2370    1828    1649    
384    2010 2080    1741    2382    1542    1827    2608    2306    1485    1486    1607    1798    2074    2413    2602    2804    2588    2301    2030    1729    
384    2011 -999999 1733    -999999 1531    -999999 -999999 -999999 1444    1409    1462    1743    -999999 -999999 -999999 -999999 -999999 -999999 -999999 -999999 
