EUROPEAN CLIMATE ASSESSMENT & DATASET (ECA&D), file created on: 10-05-2011
THESE DATA CAN BE USED FREELY PROVIDED THAT THE FOLLOWING SOURCE IS ACKNOWLEDGED: 

Klein Tank, A.M.G. and Coauthors, 2002. Daily dataset of 20th-century surface
air temperature and precipitation series for the European Climate Assessment.
Int. J. of Climatol., 22, 1441-1453.
Data and metadata available at http://eca.knmi.nl

FILE FORMAT (MISSING VALUE CODE = -999999):

THIS FILE HOLDS DATA FOR STATION FINLAND                                  INARI/IVALO AIRPORT                      (STAID:    735)
LATITUDE: dd:mm:ss +68:36:59
LONGITUDE: ddd:mm:ss +027:25:12
ELEVATION: m  144

DATA IS FOR INDEX Mean of daily mean temperature (TG) with unit 0.01 Temperature (&#176;C)

01-06 SOUID: Source identifier
08-11 YEAR : YYYY
13-20 ANNUAL DATA VALUES
21-28 WINTER HALF YEAR DATA VALUES
29-36 SUMMER HALF YEAR DATA VALUES
37-44 WINTER (DJF) DATA VALUES
45-52 SPRING (MAM) DATA VALUES
53-60 SUMMER (JJA) DATA VALUES
61-68 AUTUMN (SON) DATA VALUES
69-76 JANUARY DATA VALUES
etc. 
157-164 DECEMBER DATA VALUES

735    1959 60      -999999 741     -999999 -37     1268    -45     -1390   -474    -255    -431    562     1171    1379    1252    479     -84     -530    -998    
735    1960 -74     -936    963     -1513   116     1405    -261    -1758   -1802   -484    26      802     1164    1789    1254    704     -477    -970    -1185   
735    1961 18      -932    752     -1158   -297    1337    274     -1107   -1184   -696    -512    309     1325    1498    1186    683     505     -374    -1505   
735    1962 -195    -940    620     -1438   -425    972     94      -1619   -1165   -1485   -83     304     921     1078    914     571     -26     -259    -1525   
735    1963 -92     -1036   844     -1545   -148    1099    82      -1513   -1601   -1319   -181    1055    856     1238    1195    867     135     -758    -1192   
735    1964 -22     -774    703     -1122   -172    1173    -7      -687    -1513   -675    -333    488     1014    1432    1068    520     272     -822    -1106   
735    1965 -203    -876    626     -1212   -395    1048    -135    -1359   -1165   -1100   -184    105     1020    1103    1021    678     -69     -1018   -1515   
735    1966 -314    -1411   647     -1921   -621    1237    -137    -1923   -2369   -1652   -498    290     1220    1463    1028    353     -354    -404    -1063   
735    1967 -15     -837    816     -1299   -39     1259    220     -1837   -966    -396    -129    405     1035    1391    1345    829     -61     -97     -1733   
735    1968 -234    -1015   538     -1689   -375    1036    -313    -1854   -1467   -877    -358    111     1046    995     1068    346     -703    -569    -583    
735    1969 -138    -983    665     -1190   -404    1189    -15     -1376   -1657   -1062   -389    238     980     1339    1241    554     88      -691    -1040   
735    1970 -99     -944    785     -1473   -298    1424    -88     -1377   -2060   -685    -611    392     1402    1592    1278    629     63      -961    -1008   
735    1971 -234    -1046   648     -1377   -471    1160    -286    -1390   -1771   -1275   -446    310     972     1290    1212    522     -147    -1236   -972    
735    1972 85      -833    857     -1022   -169    1487    -171    -885    -1220   -575    -263    327     1386    1738    1334    595     -21     -1093   -374    
735    1973 -109    -698    790     -808    -141    1376    -413    -824    -1271   -674    -179    428     1274    1763    1089    335     -466    -1107   -1764   
735    1974 140     -941    859     -1240   -56     1341    61      -1058   -862    -389    -119    337     1246    1553    1220    898     -44     -667    -501    
735    1975 -22     -622    678     -913    2       1005    51      -1289   -954    -311    -249    557     866     1175    970     725     -51     -520    -1244   
735    1976 -191    -957    700     -1415   -164    1118    -308    -1894   -1086   -942    -193    641     873     1327    1145    375     -291    -1009   -1274   
735    1977 -161    -1066   623     -1373   -375    1131    -114    -1481   -1363   -1003   -432    309     920     1354    1111    447     -275    -508    -1100   
735    1978 -236    -962    638     -1389   -283    1087    -153    -1633   -1439   -851    -410    406     1054    1236    972     546     -174    -830    -1782   
735    1979 -111    -1142   781     -1708   -236    1313    -113    -1838   -1481   -769    -392    448     1196    1505    1235    667     -344    -655    -996    
735    1980 -186    -1032   807     -1387   -245    1291    -259    -1559   -1621   -1046   -31     349     1420    1323    1134    633     -197    -1215   -1469   
735    1981 -256    -1202   641     -1453   -475    1065    -12     -1467   -1420   -1466   -363    407     749     1422    1014    584     72      -693    -1984   
735    1982 -60     -990    677     -1555   -153    1078    -11     -1703   -916    -700    -161    401     677     1474    1071    569     -95     -505    -891    
735    1983 -85     -721    831     -1023   -21     1181    -206    -1038   -1151   -683    44      579     1085    1419    1036    808     -13     -1419   -1768   
735    1984 -27     -1040   775     -1301   -74     1141    -256    -1449   -644    -935    -93     805     1163    1210    1052    491     -195    -1067   -682    
735    1985 -266    -1141   709     -1653   -292    1260    9       -2045   -2294   -676    -456    250     1079    1460    1235    656     59      -690    -1916   
735    1986 -109    -1025   -999999 -1699   -69     1242    42      -1796   -1351   -474    -268    510     1419    1361    951     333     133     -345    -1871   
735    1987 -238    -1123   608     -1831   -367    1012    105     -1992   -1607   -1078   -392    367     979     1172    883     620     553     -872    -1575   
735    1988 -124    -886    795     -1409   -269    1341    -155    -1274   -1376   -802    -477    464     1246    1623    1150    733     -23     -1180   -1630   
735    1989 134     -824    911     -1164   205     1300    41      -950    -886    -291    224     683     1318    1364    1217    643     -56     -460    -1264   
735    1990 54      -738    770     -1087   -79     1208    -86     -1579   -347    -675    2       440     1057    1378    1184    533     62      -857    -574    
735    1991 -11     -778    736     -991    -234    1232    11      -1070   -1366   -922    -117    340     1094    1364    1234    477     39      -483    -818    
735    1992 34      -510    758     -767    -27     1140    -327    -823    -653    -331    -445    682     1318    1166    942     872     -740    -1099   -507    
735    1993 -67     -851    636     -822    -211    1102    -173    -983    -992    -807    -286    459     717     1438    1137    315     -344    -484    -1043   
735    1994 -32     -912    781     -1309   -104    1229    -117    -1668   -1205   -742    99      337     1030    1416    1233    549     -107    -795    -609    
735    1995 -75     -622    708     -834    -89     1185    -245    -1038   -857    -354    -235    318     1205    1222    1128    594     -113    -1219   -1604   
735    1996 -71     -955    635     -1274   -299    1169    40      -855    -1369   -602    -409    112     889     1244    1364    581     176     -642    -1405   
735    1997 -47     -863    756     -1365   -330    1346    -15     -1418   -1263   -658    -649    308     1106    1535    1390    815     -66     -792    -966    
735    1998 -244    -1063   647     -1488   -408    1138    -205    -1356   -2212   -1089   -475    339     828     1537    1038    579     3       -1203   -1084   
735    1999 -91     -1075   783     -1499   -236    1247    230     -1941   -1471   -794    -90     182     1341    1447    957     856     197     -361    -1476   
735    2000 85      -766    809     -1266   -106    1253    339     -1210   -1100   -653    -166    500     1067    1485    1200    743     445     -174    -1154   
735    2001 -35     -710    799     -1082   -397    1279    33      -633    -1501   -1304   -290    405     1281    1434    1121    821     -42     -731    -1133   
735    2002 -45     -999999 891     -1150   1       1328    -260    -1279   -1026   -786    176     620     1211    1532    1236    544     -217    -1108   -1511   
735    2003 49      -966    827     -1360   10      1282    90      -1894   -601    -431    -129    585     937     1731    1167    638     20      -385    -1084   
735    2004 -999999 -723    -999999 -1142   -999999 -999999 2       -1084   -1266   -565    -61     -999999 -999999 1716    1241    707     52      -754    -669    
735    2005 126     -667    856     -793    -188    1362    251     -845    -872    -937    -1      379     1223    1562    1297    645     269     -148    -1137   
735    2006 75      -999999 901     -1145   -127    1355    -25     -1035   -1274   -1048   78      596     1276    1380    1407    648     -143    -575    -501    
735    2007 94      -737    805     -1167   62      1264    136     -1311   -1744   -239    -55     475     1109    1345    1331    601     390     -592    -341    
735    2008 24      -523    653     -692    -264    1089    -7      -805    -948    -875    -285    368     1000    1273    989     551     71      -715    -454    
735    2009 -999999 -999999 -999999 -930    -73     -999999 135     -1044   -1333   -665    -200    668     989     1289    1447    836     -189    -233    -1117   
735    2010 -999999 -932    -999999 -1389   -121    1226    -74     -1377   -1702   -1024   71      652     988     1541    1139    732     183     -1119   -1272   
735    2011 -999999 -999999 -999999 -1439   -999999 -999999 -999999 -1270   -1811   -580    228     -999999 -999999 -999999 -999999 -999999 -999999 -999999 -999999 
