EUROPEAN CLIMATE ASSESSMENT & DATASET (ECA&D), file created on: 10-05-2011
THESE DATA CAN BE USED FREELY PROVIDED THAT THE FOLLOWING SOURCE IS ACKNOWLEDGED: 

Klein Tank, A.M.G. and Coauthors, 2002. Daily dataset of 20th-century surface
air temperature and precipitation series for the European Climate Assessment.
Int. J. of Climatol., 22, 1441-1453.
Data and metadata available at http://eca.knmi.nl

FILE FORMAT (MISSING VALUE CODE = -999999):

THIS FILE HOLDS DATA FOR STATION UNITED KINGDOM                           MANSTON                                  (STAID:   1862)
LATITUDE: dd:mm:ss +51:20:45
LONGITUDE: ddd:mm:ss +001:20:24
ELEVATION: m   49

DATA IS FOR INDEX Mean of daily mean temperature (TG) with unit 0.01 Temperature (&#176;C)

01-06 SOUID: Source identifier
08-11 YEAR : YYYY
13-20 ANNUAL DATA VALUES
21-28 WINTER HALF YEAR DATA VALUES
29-36 SUMMER HALF YEAR DATA VALUES
37-44 WINTER (DJF) DATA VALUES
45-52 SPRING (MAM) DATA VALUES
53-60 SUMMER (JJA) DATA VALUES
61-68 AUTUMN (SON) DATA VALUES
69-76 JANUARY DATA VALUES
etc. 
157-164 DECEMBER DATA VALUES

1862   1961 -999999 -999999 -999999 -999999 1006    1605    -999999 381     668     809     1045    1154    1529    1629    1656    1621    1175    717     381     
1862   1962 -999999 -999999 -999999 -999999 700     1487    -999999 458     -999999 325     759     1031    1370    1527    1559    1349    1164    635     222     
1862   1963 -999999 -999999 -999999 -999999 819     1504    -999999 -182    -100    598     790     1055    1415    1568    1520    1371    1068    877     260     
1862   1964 -999999 -999999 -999999 -999999 -999999 1608    1071    240     421     370     868     1328    1453    1697    1669    1515    932     793     401     
1862   1965 -999999 -999999 -999999 -999999 -999999 1473    -999999 347     288     512     788     1154    1387    1450    1577    1287    1172    510     472     
1862   1966 -999999 -999999 -999999 -999999 855     1550    -999999 267     611     640     799     1119    1572    1542    1537    1483    1203    615     494     
1862   1967 -999999 -999999 -999999 -999999 875     1648    -999999 430     560     743     745     1132    1442    1820    1669    1487    1176    611     370     
1862   1968 -999999 -999999 -999999 -999999 -999999 1538    1179    380     281     654     831     1054    1460    1539    1614    1484    1325    684     309     
1862   1969 -999999 -999999 -999999 -999999 -999999 1619    1173    560     -999999 427     777     1190    1418    1749    1700    1511    1343    652     307     
1862   1970 -999999 -999999 -999999 -999999 794     1637    -999999 405     -999999 359     696     1268    1620    1609    1681    1532    1180    839     477     
1862   1971 -999999 -999999 -999999 -999999 -999999 1554    1151    444     502     489     743     1171    1310    1673    1675    1470    1256    689     641     
1862   1972 -999999 -999999 1304    -999999 902     1501    -999999 346     469     709     865     1131    1274    1616    1608    1327    1153    667     609     
1862   1973 -999999 -999999 -999999 -999999 839     1667    1089    459     395     637     732     1155    1562    1656    1786    1575    1040    632     524     
1862   1974 -999999 -999999 -999999 -999999 885     1558    959     630     531     617     879     1158    1423    1601    1645    1319    814     716     793     
1862   1975 -999999 -999999 -999999 -999999 762     1656    1080    676     553     522     780     985     1361    1727    1880    1501    1080    626     414     
1862   1976 -999999 -999999 -999999 -999999 -999999 1820    -999999 558     418     507     746     1283    1750    1890    1817    1444    1196    736     278     
1862   1977 -999999 -999999 -999999 -999999 852     1497    1152    349     589     752     740     1067    1283    1599    1598    1415    1259    764     638     
1862   1978 -999999 -999999 -999999 -999999 -999999 1529    -999999 346     314     669     619     1070    1436    1534    1617    1518    1220    884     520     
1862   1979 -999999 -999999 -999999 -999999 793     1559    1129    11      179     486     795     1067    1388    1693    1581    1448    1251    669     659     
1862   1980 -999999 -999999 -999999 -999999 837     1561    1089    267     591     549     852     1100    1456    1533    1698    1566    1012    671     505     
1862   1981 -999999 -999999 -999999 -999999 -999999 -999999 -999999 447     -999999 814     765     1153    1360    1588    1698    1539    937     776     210     
1862   1982 -999999 -999999 -999999 -999999 885     1689    -999999 410     459     598     827     1231    1611    1702    1751    1594    1103    864     484     
1862   1983 -999999 -999999 -999999 -999999 824     -999999 -999999 640     -999999 630     766     1060    1465    1885    1818    1466    1152    814     559     
1862   1984 -999999 -999999 -999999 -999999 735     1641    -999999 414     406     492     762     952     1425    1679    1807    1390    1170    939     558     
1862   1985 -999999 -999999 -999999 -999999 800     1526    -999999 49      175     472     873     1098    1347    1696    1540    1540    1219    439     686     
1862   1986 -999999 -999999 -999999 -999999 756     1580    -999999 344     -106    482     631     1154    1476    1731    1517    1281    1197    799     591     
1862   1987 -999999 -999999 -999999 -999999 799     1575    -999999 -9      363     374     994     1054    1372    1670    1676    1520    1123    750     591     
1862   1988 -999999 -999999 -999999 -999999 -999999 1550    -999999 586     494     656     863     1219    1374    1599    1672    1441    1216    617     696     
1862   1989 -999999 -999999 -999999 -999999 -999999 1734    -999999 590     619     793     738     1304    1494    1874    1821    1638    1317    714     646     
1862   1990 -999999 -999999 -999999 -999999 1002    -999999 -999999 641     -999999 863     827     1315    1388    1697    1884    1411    1273    748     456     
1862   1991 -999999 -999999 -999999 -999999 894     1610    1115    451     172     840     831     1014    1283    1713    1837    1582    1063    686     519     
1862   1992 -999999 -999999 -999999 480     -999999 1679    -999999 421     505     740     886     1323    1574    1754    1702    1458    864     804     457     
1862   1993 -999999 -999999 -999999 -999999 930     1607    -999999 583     390     627     967     1204    1543    1641    1632    1370    1048    499     575     
1862   1994 -999999 -999999 -999999 -999999 -999999 1744    1157    517     372     742     820     1127    1506    1928    1775    1368    1066    1051    691     
1862   1995 -999999 -999999 -999999 626     907     1769    -999999 482     709     589     916     1207    1394    1937    1965    1475    1343    843     348     
1862   1996 -999999 -999999 -999999 -999999 757     -999999 1098    425     266     412     873     986     1475    1684    1739    1444    1189    643     401     
1862   1997 -999999 -999999 -999999 -999999 972     1763    -999999 189     632     843     875     1198    1514    1718    2055    1560    1038    860     619     
1862   1998 -999999 -999999 -999999 -999999 1000    1645    -999999 576     658     799     856     1334    1503    1656    1761    1566    1134    567     581     
1862   1999 -999999 -999999 -999999 -999999 1030    1690    -999999 600     439     768     969     1333    1469    1840    1757    1696    1170    821     517     
1862   2000 -999999 -999999 -999999 -999999 -999999 -999999 1194    504     640     749     868     1228    1533    1530    1780    1624    1160    786     687     
1862   2001 -999999 -999999 -999999 -999999 -999999 -999999 -999999 424     529     612     841     1271    1501    1796    -999999 1393    1444    811     475     
1862   2002 -999999 -999999 -999999 -999999 1023    -999999 1211    603     -999999 818     991     1246    1530    1674    1843    1550    1144    953     673     
1862   2003 -999999 -999999 -999999 -999999 994     1847    1165    476     -999999 745     971     1257    1713    1859    1965    1569    1017    901     562     
1862   2004 -999999 -999999 -999999 -999999 948     1724    -999999 530     -999999 700     957     1206    1623    1712    1836    1560    1199    -999999 551     
1862   2005 -999999 -999999 -999999 526     943     1684    -999999 601     415     657     956     1215    1614    1731    1705    -999999 1447    738     488     
1862   2006 1152    676     1556    445     902     1776    1394    431     413     518     904     1285    1569    2052    1699    1814    1429    939     718     
1862   2007 1134    882     1482    707     1079    1636    1153    730     671     785     1165    1290    1558    1678    1670    1521    1170    767     570     
1862   2008 1087    748     1457    625     974     1676    1117    695     611     668     873     1377    1507    1765    1749    1452    1093    806     431     
1862   2009 -999999 634     -999999 390     1032    -999999 -999999 293     451     715     1074    1307    1520    -999999 -999999 -999999 -999999 -999999 -999999 
1862   2010 -999999 -999999 -999999 -999999 -999999 -999999 1143    -999999 -999999 -999999 -999999 -999999 -999999 -999999 1720    1490    1194    713     143     
1862   2011 -999999 -999999 -999999 431     -999999 -999999 -999999 515     658     685     1242    -999999 -999999 -999999 -999999 -999999 -999999 -999999 -999999 
