EUROPEAN CLIMATE ASSESSMENT & DATASET (ECA&D), file created on: 10-05-2011
THESE DATA CAN BE USED FREELY PROVIDED THAT THE FOLLOWING SOURCE IS ACKNOWLEDGED: 

Klein Tank, A.M.G. and Coauthors, 2002. Daily dataset of 20th-century surface
air temperature and precipitation series for the European Climate Assessment.
Int. J. of Climatol., 22, 1441-1453.
Data and metadata available at http://eca.knmi.nl

FILE FORMAT (MISSING VALUE CODE = -999999):

THIS FILE HOLDS DATA FOR STATION BULGARIA                                 SADOVO                                   (STAID:     20)
LATITUDE: dd:mm:ss +42:09:00
LONGITUDE: ddd:mm:ss +024:57:00
ELEVATION: m  155

DATA IS FOR INDEX Mean of daily mean temperature (TG) with unit 0.01 Temperature (&#176;C)

01-06 SOUID: Source identifier
08-11 YEAR : YYYY
13-20 ANNUAL DATA VALUES
21-28 WINTER HALF YEAR DATA VALUES
29-36 SUMMER HALF YEAR DATA VALUES
37-44 WINTER (DJF) DATA VALUES
45-52 SPRING (MAM) DATA VALUES
53-60 SUMMER (JJA) DATA VALUES
61-68 AUTUMN (SON) DATA VALUES
69-76 JANUARY DATA VALUES
etc. 
157-164 DECEMBER DATA VALUES

20     1931 -999999 -999999 1972    -999999 1167    2388    1206    312     407     634     1115    1750    2235    2499    2425    1780    1263    574     -999999 
20     1932 -999999 -999999 1985    -999999 1124    2279    1466    174     -999999 335     1201    1763    2082    2409    2339    2099    1687    605     357     
20     1933 -999999 -999999 1775    -999999 1025    2141    1232    -999999 -999999 484     1062    1530    1939    2259    2218    1621    1272    803     -999999 
20     1934 -999999 -999999 2016    -999999 1373    2293    1401    184     292     840     1424    1856    2125    2381    2367    1923    1345    935     535     
20     1935 -999999 -999999 1935    -999999 1145    2275    1388    -999999 348     497     1209    1690    2183    2290    2348    1874    1622    660     426     
20     1936 1318    -999999 1922    495     1242    2249    1280    550     511     824     1309    1595    1953    2497    2287    1870    1214    758     336     
20     1937 -999999 -999999 1948    -999999 1253    2282    1347    -999999 333     949     1055    1748    2142    2407    2293    2022    1203    804     -999999 
20     1938 -999999 -999999 1954    -999999 1180    2376    1351    -999999 335     793     1078    1666    2219    2528    2374    1837    1377    839     450     
20     1939 -999999 -999999 1961    -999999 1199    2277    1291    419     423     518     1321    1761    2078    2459    2286    1840    1402    628     453     
20     1940 -999999 -999999 1818    -999999 1062    2163    1356    -999999 -999999 568     1089    1498    2034    2427    2023    1822    1346    902     -999999 
20     1941 -999999 -999999 1857    -999999 1238    2199    1075    -999999 609     716     1321    1679    2030    2275    2285    1528    1083    562     -999999 
20     1942 -999999 -999999 1950    -999999 1170    2241    1261    -999999 -999999 483     1096    1862    2193    2256    2273    2002    1254    526     226     
20     1943 -999999 -999999 1898    -999999 1094    2195    1403    -999999 -999999 479     1261    1547    1886    2300    2387    1989    1329    892     437     
20     1944 -999999 -999999 1841    -999999 1096    2147    1317    -999999 -999999 534     1178    1579    2104    2245    2089    1838    1407    702     43      
20     1945 -999999 -999999 2064    -69     1306    2401    1281    -326    105     690     1230    1994    2227    2452    2518    1935    1155    758     -999999 
20     1946 -999999 -999999 2126    -999999 1265    2484    1335    -999999 294     670     1332    1796    2272    2588    2585    2161    1040    814     -999999 
20     1947 -999999 -999999 2024    -999999 1450    2311    1261    -999999 -999999 1020    1542    1791    2168    2461    2298    1869    1141    777     545     
20     1948 -999999 -999999 1944    -999999 1215    2270    1335    582     -999999 652     1241    1754    1974    2385    2440    1844    1356    746     -999999 
20     1949 -999999 -999999 1829    -999999 -999999 2105    1225    306     469     -999999 1157    1783    2012    2213    2088    1698    1191    788     407     
20     1950 -999999 -999999 2092    -999999 1323    2381    1355    -999999 -999999 703     1502    1769    2156    2545    2435    2131    1297    640     640     
20     1951 -999999 -999999 1964    -999999 1286    2258    1225    317     392     769     1289    1798    2088    2322    2357    1909    985     788     298     
20     1952 -999999 -999999 2039    301     1216    2386    1419    278     330     672     1345    1546    2123    2384    2643    2178    1294    790     468     
20     1953 -999999 -999999 1901    420     1062    2274    1255    370     416     461     1173    1555    2134    2380    2304    1840    1229    636     -999999 
20     1954 -999999 -999999 1969    -999999 1078    2360    1328    -999999 -999999 496     1025    1694    2279    2443    2355    1997    1275    713     381     
20     1955 -999999 -999999 1807    402     1120    2110    1323    291     548     620     893     1774    2010    2223    2092    1828    1440    674     536     
20     1956 -999999 -999999 1913    -999999 1116    2229    1201    320     -999999 341     1315    1625    1958    2292    2429    1839    1195    501     -999999 
20     1957 -999999 -999999 1906    -999999 1194    2279    1298    -999999 538     768     1248    1513    2170    2322    2341    1825    1293    776     -999999 
20     1958 -999999 -999999 1970    -999999 1154    2335    1250    252     642     467     1069    1924    2154    2430    2416    1798    1215    740     430     
20     1959 -999999 -999999 1815    -999999 1156    2148    1056    -999999 -999999 627     1192    1649    1956    2274    2209    1585    905     682     477     
20     1960 -999999 -999999 1813    -999999 1109    2168    1355    236     -999999 595     1099    1615    1951    2212    2333    1646    1463    952     573     
20     1961 -999999 -999999 1883    -999999 1287    2154    1306    -999999 302     840     1437    1588    2005    2214    2236    1804    1247    869     -999999 
20     1962 -999999 -999999 1989    -999999 1220    2319    1401    290     225     609     1185    1866    2078    2407    2465    1907    1269    1030    -999999 
20     1963 -999999 -999999 1966    -999999 1144    2305    1388    -999999 -999999 561     1124    1710    2136    2383    2392    2031    1259    878     -999999 
20     1964 -999999 -999999 1865    -999999 1133    2220    1342    -999999 316     624     1242    1537    2148    2293    2218    1735    1374    914     -999999 
20     1965 -999999 -999999 1883    -999999 1045    2261    1241    287     -999999 572     989     1557    2168    2464    2147    1957    1121    648     417     
20     1966 -999999 -999999 1910    -999999 1217    2206    1454    -999999 801     670     1334    1651    1939    2317    2353    1845    1594    917     351     
20     1967 -999999 -999999 1901    -999999 1186    2205    1364    -999999 -999999 703     1160    1694    1939    2289    2378    1926    1340    826     388     
20     1968 -999999 -999999 2006    -999999 1393    2225    1287    -999999 410     660     1456    2042    2128    2370    2175    1847    1173    845     -999999 
20     1969 -999999 -999999 1934    -999999 1179    2193    1313    -999999 -999999 448     1098    1988    2059    2184    2333    1917    1183    843     410     
20     1970 -999999 648     1941    371     1213    2276    1264    315     388     722     1360    1562    2101    2410    2311    1890    1120    787     356     
20     1971 -999999 -999999 1844    -999999 1229    2143    1156    -999999 344     688     1159    1787    2060    2120    2247    1672    1146    652     477     
20     1972 -999999 -999999 1922    -999999 1314    2228    1114    -999999 -999999 730     1444    1753    2207    2296    2182    1636    1039    669     303     
20     1973 -999999 -999999 1902    -999999 1178    2165    1230    -999999 480     532     1167    1834    2046    2299    2146    1903    1256    506     -999999 
20     1974 -999999 -999999 1845    -999999 1087    2163    1346    196     390     645     1004    1608    2008    2242    2235    1954    1486    595     348     
20     1975 -999999 -999999 1927    -999999 1318    2158    1322    -999999 259     872     1318    1764    2083    2326    2063    1997    1211    676     279     
20     1976 -999999 -999999 1777    -999999 1148    1994    1285    473     -999999 527     1283    1639    1965    2135    1881    1748    1263    845     343     
20     1977 -999999 -999999 1886    -999999 1251    2209    1229    -999999 696     805     1212    1734    2048    2300    2274    1725    1088    878     193     
20     1978 -999999 -999999 1844    -999999 1204    2195    1106    175     417     811     1148    1652    2127    2329    2127    1662    1225    427     421     
20     1979 -999999 -999999 1914    -999999 1269    2218    1273    -999999 -999999 885     1136    1780    2228    2224    2204    1898    1087    839     518     
20     1980 -999999 -999999 1844    -999999 1101    2218    1285    -999999 162     650     1090    1561    2130    2323    2200    1745    1391    717     380     
20     1981 -999999 -999999 1912    -999999 1204    2289    1318    -999999 -999999 902     1163    1547    2361    2282    2226    1883    1473    595     386     
20     1982 -999999 -999999 1910    -999999 1116    2214    1301    -999999 -999999 563     1055    1727    2184    2221    2235    2026    1335    516     467     
20     1983 -999999 -999999 1939    -999999 1372    2135    1185    407     -999999 806     1418    1893    1919    2340    2138    1905    1165    487     210     
20     1984 -999999 -999999 1889    -999999 1119    2149    1434    287     -999999 489     1049    1817    2113    2225    2109    2003    1525    771     239     
20     1985 -999999 -999999 2038    -999999 1288    2333    1244    -999999 -999999 527     1399    1919    2170    2433    2391    1897    1135    704     505     
20     1986 -999999 -999999 2022    -999999 1318    2290    1217    327     -999999 661     1472    1784    2174    2295    2396    1998    1214    439     250     
20     1987 -999999 -999999 1990    -999999 -999999 2345    1360    -999999 -999999 -999999 1104    1659    2210    2559    2261    2126    1151    810     469     
20     1988 -999999 649     2027    402     1158    2463    1165    320     422     702     1088    1683    2129    2744    2505    1987    1132    289     -999999 
20     1989 -999999 -999999 1918    -999999 1356    2179    1251    284     551     960     1528    1584    1952    2283    2296    1852    1210    673     233     
20     1990 -999999 -999999 1907    -999999 1284    2278    1234    -999999 532     999     1215    1634    2157    2399    2275    1745    1177    782     368     
20     1991 -999999 -999999 1853    -999999 1060    2229    1306    -999999 -999999 639     1061    1480    2171    2270    2245    1874    1355    688     -999999 
20     1992 -999999 -999999 1928    -999999 1200    2300    1352    444     371     752     1264    1587    2069    2268    2555    1804    1427    824     -999999 
20     1993 -999999 -999999 1988    -999999 1239    2347    -999999 -999999 -999999 734     1226    1725    2210    2406    2421    1922    1513    -999999 347     
20     1994 -999999 -999999 2096    -999999 1338    2356    1471    389     -999999 835     1334    1845    2146    2400    2516    2321    1420    674     356     
20     1995 -999999 -999999 1928    -999999 1199    2276    1192    -999999 625     712     1170    1698    2257    2367    2203    1855    1253    467     341     
20     1996 -999999 -999999 1988    -999999 1134    2372    1224    -999999 -999999 297     1149    1956    2276    2475    2361    1685    1223    766     563     
20     1997 -999999 -999999 1854    -999999 1080    2241    1166    237     447     567     861     1804    2223    2360    2141    1712    1075    714     399     
20     1998 -999999 -999999 2062    -999999 1239    2447    1266    335     -999999 511     1483    1733    2244    2572    2516    1800    1399    594     -999999 
20     1999 -999999 -999999 2061    -999999 1292    2407    1369    260     363     775     1373    1731    2224    2546    2444    2029    1446    628     398     
20     2000 -999999 -999999 2114    -999999 1356    2472    1354    -999999 475     732     1515    1825    2272    2616    2522    1913    1249    903     423     
20     2001 -999999 -999999 2027    -999999 1322    2390    1395    248     472     1054    1193    1715    2076    2538    2545    2071    1509    600     -999999 
20     2002 -999999 -999999 1949    -999999 1268    2323    1294    -999999 681     910     1148    1743    2276    2460    2230    1815    1286    782     -999999 
20     2003 -999999 -999999 2034    -999999 1165    2458    1299    348     -999999 508     1071    1912    2334    2467    2569    1825    1267    807     347     
20     2004 -999999 -999999 1920    -999999 1224    2237    1369    -999999 575     800     1291    1583    2067    2332    2307    1924    1367    814     352     
20     2005 -999999 -999999 -999999 -999999 -999999 2206    1275    -999999 -999999 -999999 -999999 1795    2026    2308    2279    1936    1288    601     307     
20     2006 1300    525     1995    139     1280    2323    1428    -14     124     810     1297    1734    2155    2341    2466    1957    1474    853     322     
20     2007 1386    793     2059    517     1336    2464    1269    702     528     859     1268    1879    2376    2586    2427    1793    1370    639     144     
20     2008 1349    603     2000    194     1355    2358    1357    -43     493     989     1349    1728    2189    2371    2508    1836    1412    819     464     
20     2009 1346    660     2024    312     1289    2366    1404    96      382     762     1235    1869    2219    2496    2379    1926    1380    907     436     
20     2010 1329    642     2028    274     1251    2392    1427    72      319     714     1249    1790    2166    2429    2573    1940    1142    1210    290     
20     2011 -999999 654     -999999 272     -999999 -999999 -999999 185     349     734     1202    -999999 -999999 -999999 -999999 -999999 -999999 -999999 -999999 
