EUROPEAN CLIMATE ASSESSMENT & DATASET (ECA&D), file created on: 10-05-2011
THESE DATA CAN BE USED FREELY PROVIDED THAT THE FOLLOWING SOURCE IS ACKNOWLEDGED: 

Klein Tank, A.M.G. and Coauthors, 2002. Daily dataset of 20th-century surface
air temperature and precipitation series for the European Climate Assessment.
Int. J. of Climatol., 22, 1441-1453.
Data and metadata available at http://eca.knmi.nl

FILE FORMAT (MISSING VALUE CODE = -999999):

THIS FILE HOLDS DATA FOR STATION NORWAY                                   HOPEN                                    (STAID:    187)
LATITUDE: dd:mm:ss +76:30:00
LONGITUDE: ddd:mm:ss +025:04:00
ELEVATION: m    6

DATA IS FOR INDEX Mean of daily mean temperature (TG) with unit 0.01 Temperature (&#176;C)

01-06 SOUID: Source identifier
08-11 YEAR : YYYY
13-20 ANNUAL DATA VALUES
21-28 WINTER HALF YEAR DATA VALUES
29-36 SUMMER HALF YEAR DATA VALUES
37-44 WINTER (DJF) DATA VALUES
45-52 SPRING (MAM) DATA VALUES
53-60 SUMMER (JJA) DATA VALUES
61-68 AUTUMN (SON) DATA VALUES
69-76 JANUARY DATA VALUES
etc. 
157-164 DECEMBER DATA VALUES

187    1945 -999999 -999999 -999999 -999999 -999999 -999999 -999999 -999999 -999999 -999999 -999999 -999999 -999999 -999999 -999999 -999999 -999999 -1174   -929    
187    1946 -495    -999999 -110    -1069   -856    151     -344    -938    -1368   -1154   -955    -463    -66     279     233     298     -272    -1061   -555    
187    1947 -561    -868    -154    -664    -1128   160     -352    -81     -1431   -1868   -1089   -424    -2      159     319     96      -274    -881    -1328   
187    1948 -720    -1146   -248    -1447   -1045   51      -379    -1624   -1386   -1391   -1218   -530    -112    130     129     97      -164    -1077   -1513   
187    1949 -518    -979    -294    -1309   -860    30      -358    -1654   -701    -743    -1126   -719    -123    114     94      -14     -681    -367    -305    
187    1950 -343    -574    -74     -520    -627    122     25      -470    -813    -826    -593    -461    -123    161     320     242     54      -222    -1405   
187    1951 -710    -901    -255    -1224   -1116   82      -573    -1637   -566    -1574   -1227   -551    -54     83      214     -12     -205    -1514   -1460   
187    1952 -555    -1272   -159    -1456   -1029   159     -94     -1418   -1493   -1563   -1035   -488    28      252     192     84      -173    -190    -886    
187    1953 -419    -902    -144    -1033   -1295   310     74      -1289   -911    -1940   -1467   -483    179     326     419     137     76      8       -118    
187    1954 -288    -453    -42     -452    -813    191     -48     -732    -512    -1431   -764    -242    -17     293     292     169     -142    -167    -208    
187    1955 -576    -638    -86     -934    -617    129     -411    -1450   -1165   -732    -658    -463    -59     181     260     214     -265    -1187   -1630   
187    1956 -341    -911    -172    -1037   -851    184     -142    -892    -559    -920    -1094   -548    -70     315     298     46      -195    -276    -207    
187    1957 -383    -555    -84     -651    -663    146     -31     -687    -1103   -909    -668    -412    -52     181     304     132     133     -362    -1201   
187    1958 -526    -781    -131    -1020   -902    150     -325    -730    -1141   -1406   -993    -310    35      204     208     56      -331    -698    -1250   
187    1959 -543    -1140   -209    -1504   -912    110     -154    -2024   -1208   -1322   -1052   -366    8       165     153     -181    -96     -185    -447    
187    1960 -495    -746    41      -1138   -538    260     -307    -1083   -1935   -790    -642    -187    46      421     307     289     -495    -708    -1225   
187    1961 -602    -1129   -185    -1392   -1058   187     -83     -1451   -1511   -1405   -1371   -407    58      190     308     89      22      -363    -1444   
187    1962 -815    -1159   -370    -1501   -1415   -24     -280    -1612   -1442   -2116   -1248   -875    -187    107     3       -35     -389    -413    -1587   
187    1963 -935    -1457   -257    -1937   -1287   41      -531    -2016   -2236   -2139   -1319   -403    -101    86      134     45      -164    -1487   -1713   
187    1964 -511    -1197   -175    -1579   -731    74      -251    -1668   -1340   -830    -941    -429    -130    185     159     92      -192    -655    -417    
187    1965 -650    -946    -246    -950    -1145   19      -340    -1148   -1322   -1971   -727    -725    -57     45      67      -87     -375    -558    -968    
187    1966 -779    -1240   -256    -1614   -1166   128     -672    -1899   -2013   -1683   -1133   -682    15      190     175     -118    -930    -958    -402    
187    1967 -678    -1122   -177    -1224   -848    76      -349    -1970   -1306   -1180   -888    -479    -63     149     136     73      -543    -572    -1515   
187    1968 -1060   -1364   -349    -1609   -1411   37      -1105   -1767   -1539   -2235   -1350   -646    -76     117     65      -224    -1426   -1656   -1983   
187    1969 -638    -1595   -295    -1533   -1317   62      -200    -1423   -1158   -1883   -1611   -466    -164    135     208     105     -14     -699    -733    
187    1970 -662    -972    -157    -1393   -851    176     -394    -1540   -1960   -971    -1275   -320    24      159     340     110     -209    -1088   -1329   
187    1971 -787    -1216   -242    -1528   -1025   46      -737    -2259   -939    -1440   -1326   -318    -116    119     129     40      -510    -1748   -1096   
187    1972 -302    -928    -114    -781    -921    267     17      -348    -908    -986    -1380   -413    96      322     377     292     -94     -144    -475    
187    1973 -567    -658    4       -811    -739    271     -594    -569    -1450   -1275   -594    -344    84      395     327     146     -488    -1444   -1659   
187    1974 -293    -891    -146    -993    -663    157     -83     -566    -728    -460    -1092   -451    24      176     265     185     -46     -389    -476    
187    1975 -712    -807    -222    -959    -1015   33      -496    -1202   -1225   -1529   -1010   -505    -150    120     124     73      -544    -1015   -1709   
187    1976 -401    -1040   -63     -1373   -594    270     -280    -1489   -891    -582    -783    -423    15      376     412     9       -222    -628    -627    
187    1977 -598    -927    -263    -961    -1208   76      -205    -1146   -1127   -1824   -1417   -391    -78     145     156     -13     -221    -379    -913    
187    1978 -762    -1163   -206    -1638   -1031   118     -409    -1955   -2091   -1482   -1221   -396    -100    150     296     11      -314    -928    -1217   
187    1979 -748    -1312   -306    -1625   -1367   123     -209    -1774   -1910   -1775   -1516   -815    -57     229     193     114     -217    -523    -1001   
187    1980 -696    -944    -118    -1184   -917    169     -582    -1353   -1200   -1372   -866    -511    -4      200     306     157     -431    -1479   -1813   
187    1981 -713    -1436   -234    -1605   -1306   145     -113    -1969   -972    -1909   -1473   -542    -58     179     308     159     -126    -370    -1771   
187    1982 -688    -1086   -305    -1771   -815    13      -415    -1986   -1531   -754    -1087   -612    -147    95      87      -184    -404    -658    -1132   
187    1983 -597    -824    -130    -1076   -687    159     -556    -836    -1279   -675    -947    -448    -25     267     229     129     -295    -1510   -1843   
187    1984 -321    -1085   -96     -1100   -911    177     -24     -815    -610    -1418   -986    -330    7       211     306     200     -12     -260    -152    
187    1985 -526    -551    -185    -701    -871    154     -334    -1088   -881    -935    -1213   -476    -59     254     261     105     -286    -821    -1197   
187    1986 -614    -1077   -183    -1486   -847    191     -307    -1591   -1690   -926    -1285   -343    35      182     349     -60     -175    -690    -1264   
187    1987 -715    -1055   -194    -1388   -929    90      -424    -1039   -1914   -1319   -1031   -439    -84     173     176     26      -334    -966    -1917   
187    1988 -893    -1313   -267    -1656   -1232   146     -849    -1705   -1325   -1621   -1659   -431    35      135     265     25      -818    -1754   -1887   
187    1989 -620    -1555   -6      -1829   -705    201     -312    -1736   -1867   -1305   -560    -246    38      251     310     159     -297    -799    -1468   
187    1990 -305    -805    63      -889    -665    278     -154    -505    -674    -1073   -543    -375    56      408     363     461     13      -940    -881    
187    1991 -429    -679    -96     -754    -790    255     -377    -791    -574    -896    -1002   -479    -35     298     492     128     -265    -998    -1044   
187    1992 -478    -989    50      -1225   -573    242     -333    -1082   -1573   -1014   -504    -199    47      320     353     270     -643    -617    -1134   
187    1993 -607    -1116   -182    -1351   -998    164     -341    -1488   -1440   -1391   -1148   -461    5       163     319     12      -801    -218    -883    
187    1994 -524    -938    -34     -1261   -631    233     -555    -1480   -1436   -833    -549    -508    13      366     312     155     -541    -1279   -585    
187    1995 -608    -1018   -73     -1045   -715    143     -541    -1486   -1067   -1162   -656    -326    43      204     180     106     -357    -1377   -1420   
187    1996 -496    -1015   -172    -1188   -855    185     -83     -818    -1334   -815    -1082   -677    -70     246     373     165     -172    -240    -1555   
187    1997 -620    -1051   -219    -1620   -972    154     -278    -1807   -1485   -1064   -1433   -433    -24     182     299     70      -230    -678    -901    
187    1998 -594    -1059   -205    -1445   -1001   170     -94     -1560   -1921   -1138   -1274   -599    -45     201     348     122     -110    -292    -955    
187    1999 -295    -597    -7      -927    -536    271     3       -828    -1006   -421    -820    -375    174     294     342     332     -160    -158    -960    
187    2000 -335    -699    -109    -882    -907    199     141     -683    -1012   -1224   -1101   -402    15      266     310     241     226     -48     -640    
187    2001 -438    -589    -67     -703    -1045   262     -179    -733    -739    -1600   -1185   -353    96      304     382     334     -173    -697    -906    
187    2002 -452    -917    33      -1048   -795    334     -303    -1175   -1063   -1496   -422    -455    152     379     467     67      -245    -733    -927    
187    2003 -648    -1136   -64     -1370   -961    204     -178    -1975   -1192   -1733   -807    -338    9       239     358     138     -266    -404    -1813   
187    2004 -412    -1093   99      -1768   -372    282     -273    -1665   -1830   -606    -231    -274    -36     462     409     253     -133    -945    -417    
187    2005 -999999 -612    -2      -435    -783    303     -98     -390    -505    -1280   -821    -250    78      403     422     138     -208    -230    -289    
187    2006 -129    -999999 208     -369    -503    386     -36     -182    -658    -1369   -56     -68     193     430     530     213     -197    -119    -292    
187    2007 -201    -395    -9      -524    -515    261     15      -619    -674    -486    -801    -266    95      302     381     223     46      -232    -422    
187    2008 -368    -510    -85     -508    -885    171     -179    -361    -759    -1330   -1026   -304    16      226     267     295     -262    -567    -634    
187    2009 -313    -697    -90     -866    -718    211     8       -1112   -850    -769    -1237   -166    89      219     322     209     -127    -54     -324    
187    2010 -342    -514    34      -501    -699    235     -163    -472    -739    -1382   -666    -49     39      363     300     217     -9      -701    -1011   
187    2011 -999999 -879    -999999 -1185   -999999 -999999 -999999 -1418   -1119   -1036   -431    -999999 -999999 -999999 -999999 -999999 -999999 -999999 -999999 
