EUROPEAN CLIMATE ASSESSMENT & DATASET (ECA&D), file created on: 10-05-2011
THESE DATA CAN BE USED FREELY PROVIDED THAT THE FOLLOWING SOURCE IS ACKNOWLEDGED: 

Klein Tank, A.M.G. and Coauthors, 2002. Daily dataset of 20th-century surface
air temperature and precipitation series for the European Climate Assessment.
Int. J. of Climatol., 22, 1441-1453.
Data and metadata available at http://eca.knmi.nl

FILE FORMAT (MISSING VALUE CODE = -999999):

THIS FILE HOLDS DATA FOR STATION GERMANY                                  GIESSEN                                  (STAID:    817)
LATITUDE: dd:mm:ss +50:34:48
LONGITUDE: ddd:mm:ss +008:42:59
ELEVATION: m  186

DATA IS FOR INDEX Mean of daily mean temperature (TG) with unit 0.01 Temperature (&#176;C)

01-06 SOUID: Source identifier
08-11 YEAR : YYYY
13-20 ANNUAL DATA VALUES
21-28 WINTER HALF YEAR DATA VALUES
29-36 SUMMER HALF YEAR DATA VALUES
37-44 WINTER (DJF) DATA VALUES
45-52 SPRING (MAM) DATA VALUES
53-60 SUMMER (JJA) DATA VALUES
61-68 AUTUMN (SON) DATA VALUES
69-76 JANUARY DATA VALUES
etc. 
157-164 DECEMBER DATA VALUES

817    1958 915     -999999 1449    -999999 720     1696    992     66      326     81      651     1426    1509    1772    1801    1512    952     512     337     
817    1959 1012    445     1608    148     1065    1887    924     61      34      735     1073    1388    1742    2080    1835    1512    883     378     352     
817    1960 935     414     1422    202     966     1645    989     73      181     599     900     1396    1723    1596    1620    1287    985     694     139     
817    1961 974     499     1488    199     984     1636    1089    -11     499     695     1149    1113    1671    1575    1665    1758    1106    404     55      
817    1962 788     343     1348    142     687     1605    825     269     97      107     907     1052    1539    1611    1664    1305    950     215     -306    
817    1963 787     18      1487    -481    875     1726    1001    -674    -459    340     995     1294    1635    1872    1669    1446    789     775     -300    
817    1964 911     231     1559    -121    862     1833    928     -237    195     180     937     1473    1806    1964    1729    1432    781     575     92      
817    1965 847     342     1360    88      828     1605    760     202     -43     418     784     1280    1687    1570    1559    1271    814     192     359     
817    1966 943     363     1465    242     948     1656    935     -178    579     425     1009    1411    1743    1584    1645    1389    1167    240     288     
817    1967 968     479     1467    279     900     1759    994     192     364     606     772     1318    1583    1977    1712    1421    1168    388     71      
817    1968 884     385     1445    64      910     1683    941     -33     161     541     988     1205    1640    1721    1686    1420    1070    328     -132    
817    1969 877     260     1498    -32     809     1797    997     178     -153    233     820     1376    1578    2034    1771    1388    1028    573     -373    
817    1970 865     222     1432    -188    737     1743    998     -160    -13     263     653     1291    1801    1660    1769    1400    996     598     70      
817    1971 920     333     1508    58      896     1747    859     -127    251     210     973     1507    1454    1934    1843    1311    887     377     367     
817    1972 849     405     1361    178     874     1668    770     -127    301     616     810     1194    1496    1862    1642    1143    737     430     60      
817    1973 931     329     1524    87      847     1859    915     64      144     524     639     1371    1766    1844    1965    1538    810     400     47      
817    1974 974     460     1409    285     950     1638    826     425     394     677     944     1229    1517    1619    1775    1358    584     546     579     
817    1975 981     486     1549    441     844     1870    906     534     185     461     830     1240    1578    1986    2035    1606    770     347     134     
817    1976 978     320     1588    166     853     1951    989     275     84      292     847     1419    1954    2114    1785    1390    1019    558     -32     
817    1977 958     479     1386    179     886     1690    978     174     418     734     667     1251    1624    1770    1674    1310    1042    579     214     
817    1978 873     435     1371    117     899     1605    880     157     -36     615     815     1264    1564    1650    1599    1321    935     383     137     
817    1979 856     236     1412    -137    846     1668    909     -450    -95     482     758     1295    1760    1679    1568    1401    946     380     486     
817    1980 856     428     1374    242     818     1613    871     -119    367     501     755     1195    1528    1590    1718    1448    809     359     109     
817    1981 893     327     1468    -18     1039    1686    928     -155    -7      817     929     1369    1591    1741    1721    1442    823     523     -131    
817    1982 969     253     1560    -115    870     1859    1100    -233    35      490     770     1347    1716    2025    1831    1654    992     659     276     
817    1983 983     478     1575    219     878     1970    909     435     -82     542     948     1146    1765    2178    1960    1434    958     331     99      
817    1984 886     342     1359    136     735     1661    966     188     120     339     769     1100    1482    1720    1776    1288    1075    530     217     
817    1985 820     265     1437    -158    913     1625    820     -429    -273    426     876     1434    1428    1806    1634    1422    929     105     398     
817    1986 894     256     1450    23      870     1767    939     134     -514    404     692     1509    1761    1821    1718    1176    1034    604     274     
817    1987 839     264     1435    -58     736     1653    1011    -482    45      96      1063    1058    1505    1793    1655    1527    969     540     262     
817    1988 1000    480     1509    323     934     1746    923     428     276     395     888     1518    1631    1776    1828    1394    1037    334     456     
817    1989 1033    542     1540    351     1046    1793    970     262     333     804     779     1545    1667    1902    1806    1522    1078    307     333     
817    1990 1041    576     1505    419     1051    1803    942     315     629     791     845     1512    1617    1810    1976    1245    1057    519     138     
817    1991 920     413     1486    50      879     1801    957     195     -208    719     814     1101    1414    2032    1945    1589    847     439     61      
817    1992 1011    404     1587    185     1014    1888    899     172     331     570     881     1585    1761    1942    1957    1369    718     617     202     
817    1993 956     382     1557    153     1080    1753    747     305     -70     487     1180    1576    1757    1786    1717    1313    849     75      414     
817    1994 1071    432     1585    298     998     1953    1003    374     85      749     904     1337    1765    2237    1852    1392    820     805     452     
817    1995 994     517     1562    358     920     1894    965     100     539     399     1016    1348    1579    2140    1952    1313    1220    353     -65     
817    1996 815     256     1409    -110    797     1717    880     -219    -42     273     938     1184    1672    1705    1774    1169    952     518     -168    
817    1997 984     378     1537    -7      986     1860    916     -311    507     787     776     1389    1678    1801    2095    1462    811     478     306     
817    1998 991     494     1531    338     1040    1765    853     278     441     643     942     1532    1752    1739    1803    1399    907     253     166     
817    1999 1052    420     1624    226     1045    1832    1036    341     166     659     984     1491    1659    2022    1810    1764    935     413     316     
817    2000 1070    501     1569    320     1120    1752    1076    196     457     684     1104    1572    1836    1558    1863    1471    1077    680     333     
817    2001 -999999 -999999 -999999 -999999 -999999 -999999 -999999 -999999 -999999 -999999 -999999 -999999 -999999 -999999 -999999 -999999 -999999 -999999 -999999 
817    2002 -999999 -999999 -999999 -999999 -999999 -999999 -999999 -999999 -999999 -999999 -999999 -999999 -999999 -999999 -999999 -999999 -999999 -999999 -999999 
817    2003 -999999 -999999 -999999 -999999 -999999 -999999 -999999 -999999 -999999 -999999 -999999 -999999 -999999 -999999 -999999 -999999 -999999 -999999 -999999 
817    2004 1018    -999999 1562    -999999 951     1834    1057    155     416     539     1094    1234    1683    1830    1983    1526    1103    522     68      
817    2005 1051    -999999 1612    142     1039    1841    1129    297     49      619     1109    1391    1805    1957    1760    1643    1237    502     141     
817    2006 -999999 -999999 1574    6       812     1832    1258    -165    41      278     852     1323    1664    2235    1592    1745    1255    758     451     
817    2007 -999999 -999999 -999999 477     -999999 1760    892     502     478     661     1237    1530    1829    1759    1704    1302    905     438     179     
817    2008 -999999 -999999 1527    322     998     1831    915     417     377     556     810     1565    1738    1922    1829    1273    913     548     101     
817    2009 -999999 -999999 1585    -11     1061    1777    1074    -277    159     523     1249    1392    1547    1882    1893    1525    904     799     88      
817    2010 866     352     1485    -48     861     1848    922     -258    38      519     943     1125    1701    2101    1738    1284    893     590     -328    
817    2011 -999999 363     -999999 8       -999999 -999999 -999999 170     200     646     1256    -999999 -999999 -999999 -999999 -999999 -999999 -999999 -999999 
