EUROPEAN CLIMATE ASSESSMENT & DATASET (ECA&D), file created on: 10-05-2011
THESE DATA CAN BE USED FREELY PROVIDED THAT THE FOLLOWING SOURCE IS ACKNOWLEDGED: 

Klein Tank, A.M.G. and Coauthors, 2002. Daily dataset of 20th-century surface
air temperature and precipitation series for the European Climate Assessment.
Int. J. of Climatol., 22, 1441-1453.
Data and metadata available at http://eca.knmi.nl

FILE FORMAT (MISSING VALUE CODE = -999999):

THIS FILE HOLDS DATA FOR STATION CROATIA                                  SPLIT MARJAN                             (STAID:   1681)
LATITUDE: dd:mm:ss +43:31:00
LONGITUDE: ddd:mm:ss +016:25:59
ELEVATION: m  122

DATA IS FOR INDEX Mean of daily mean temperature (TG) with unit 0.01 Temperature (&#176;C)

01-06 SOUID: Source identifier
08-11 YEAR : YYYY
13-20 ANNUAL DATA VALUES
21-28 WINTER HALF YEAR DATA VALUES
29-36 SUMMER HALF YEAR DATA VALUES
37-44 WINTER (DJF) DATA VALUES
45-52 SPRING (MAM) DATA VALUES
53-60 SUMMER (JJA) DATA VALUES
61-68 AUTUMN (SON) DATA VALUES
69-76 JANUARY DATA VALUES
etc. 
157-164 DECEMBER DATA VALUES

1681   1948 1629    -999999 2099    -999999 1534    2347    1747    1035    739     1213    1454    1932    2105    2351    2577    2158    1811    1270    856     
1681   1949 1629    1086    2135    879     1426    2355    1788    947     829     784     1576    1923    2125    2516    2417    2238    1793    1333    1008    
1681   1950 1739    1170    2329    881     1595    2719    1742    662     982     1229    1470    2083    2560    2878    2714    2248    1726    1252    1016    
1681   1951 1676    1172    2189    993     1459    2502    1727    947     1018    1062    1418    1897    2370    2546    2584    2304    1535    1349    1035    
1681   1952 1651    1057    2290    832     1492    2674    1630    740     712     959     1691    1831    2459    2800    2755    2188    1605    1098    944     
1681   1953 1621    1003    2166    769     1461    2454    1755    655     702     987     1521    1878    2233    2638    2483    2225    1841    1196    1025    
1681   1954 1570    1061    2123    698     1426    2449    1699    455     604     1204    1326    1745    2406    2460    2480    2308    1626    1165    1000    
1681   1955 1614    1135    2072    1005    1386    2393    1628    1058    951     995     1276    1883    2271    2520    2384    2082    1670    1130    1093    
1681   1956 1518    957     2137    715     1317    2457    1667    823     194     787     1302    1861    2081    2546    2731    2275    1639    1090    822     
1681   1957 1655    1094    2143    885     1459    2510    1723    791     1060    1161    1478    1740    2463    2581    2483    2097    1785    1285    904     
1681   1958 1655    1109    2163    937     1371    2488    1744    869     1049    763     1230    2115    2204    2594    2657    2147    1693    1395    1096    
1681   1959 1578    1172    2041    889     1478    2377    1558    695     873     1260    1366    1805    2153    2591    2381    1926    1507    1244    1077    
1681   1960 1611    1098    2066    907     1444    2373    1710    745     898     1109    1408    1813    2274    2329    2513    2041    1747    1340    1083    
1681   1961 1681    1205    2179    951     1564    2442    1822    796     978     1269    1667    1760    2299    2459    2563    2321    1807    1340    875     
1681   1962 1620    1071    2201    831     1370    2544    1761    904     701     770     1456    1887    2219    2579    2822    2222    1820    1238    752     
1681   1963 1620    977     2202    608     1461    2513    1824    429     645     954     1505    1926    2357    2649    2529    2227    1691    1558    915     
1681   1964 1616    1132    2131    814     1468    2456    1687    680     849     1095    1439    1870    2448    2510    2410    2099    1655    1307    1003    
1681   1965 1557    1067    2044    777     1369    2393    1676    881     410     1089    1260    1754    2222    2569    2383    2055    1693    1279    1002    
1681   1966 1627    1103    2160    887     1459    2431    1757    545     1138    971     1575    1837    2303    2441    2544    2246    1879    1140    877     
1681   1967 1610    1061    2128    739     1434    2464    1810    578     763     1103    1294    1900    2117    2648    2615    2169    1870    1389    813     
1681   1968 1589    1102    2128    763     1569    2349    1678    529     961     1051    1620    2037    2267    2526    2251    2051    1693    1290    783     
1681   1969 1578    1051    2092    776     1455    2326    1801    772     774     977     1349    2037    2129    2435    2406    2173    1816    1413    600     
1681   1970 1572    1059    2090    731     1291    2442    1704    886     705     908     1297    1667    2310    2505    2505    2240    1566    1311    913     
1681   1971 1585    1042    2144    886     1400    2494    1532    930     808     714     1454    2035    2214    2556    2705    1871    1533    1191    953     
1681   1972 1593    1145    2076    943     1525    2438    1476    876     1002    1306    1441    1826    2386    2541    2384    1859    1386    1186    895     
1681   1973 1592    1001    2143    836     1371    2466    1702    828     780     917     1189    2002    2277    2569    2546    2255    1716    1134    825     
1681   1974 1593    1139    2099    928     1418    2442    1540    941     1028    1176    1313    1761    2146    2517    2653    2181    1284    1165    915     
1681   1975 1607    1024    2124    852     1483    2372    1693    852     782     1128    1403    1915    2172    2526    2412    2299    1664    1117    957     
1681   1976 1524    1045    1993    862     1371    2278    1622    695     938     895     1340    1876    2250    2462    2122    1893    1754    1215    836     
1681   1977 1620    1177    2069    919     1524    2390    1627    919     1011    1312    1335    1920    2226    2513    2425    1974    1693    1211    845     
1681   1978 1518    1067    1964    810     1318    2323    1558    777     806     1050    1294    1608    2174    2424    2365    1902    1626    1144    991     
1681   1979 1603    1077    2086    835     1457    2408    1665    598     924     1163    1249    1952    2453    2423    2349    2073    1688    1234    1087    
1681   1980 1510    1091    2001    866     1246    2367    1681    617     895     1017    1131    1585    2088    2455    2549    2177    1673    1194    713     
1681   1981 1563    1007    2107    643     1504    2410    1633    517     706     1215    1471    1823    2296    2449    2482    2108    1776    1010    844     
1681   1982 1659    1013    2219    766     1436    2522    1831    769     676     969     1361    1974    2480    2572    2513    2401    1740    1354    1035    
1681   1983 1618    1129    2187    847     1530    2480    1656    896     586     1118    1481    1990    2212    2733    2487    2195    1656    1117    868     
1681   1984 1557    1019    2020    802     1310    2345    1733    816     716     926     1333    1673    2139    2486    2404    2067    1762    1369    959     
1681   1985 1610    1041    2193    692     1462    2494    1724    530     575     1014    1414    1957    2232    2679    2564    2290    1728    1154    1105    
1681   1986 1629    1090    2187    848     1565    2443    1744    789     629     1094    1470    2127    2250    2412    2661    2178    1762    1292    807     
1681   1987 1590    1001    2141    781     1193    2473    1846    669     874     596     1368    1620    2205    2705    2501    2435    1779    1328    961     
1681   1988 1617    1154    2180    953     1426    2548    1569    1040    853     947     1413    1919    2177    2835    2621    2086    1728    888     853     
1681   1989 1607    1121    2081    919     1535    2381    1552    887     1028    1327    1469    1806    2118    2546    2470    2058    1501    1098    927     
1681   1990 1651    1133    2117    964     1526    2466    1702    858     1120    1292    1365    1915    2235    2581    2574    2010    1798    1293    730     
1681   1991 1554    1098    2075    733     1368    2467    1666    798     666     1267    1290    1545    2285    2557    2552    2204    1577    1219    629     
1681   1992 1658    1021    2196    748     1498    2511    1784    821     798     1076    1400    2015    2167    2534    2821    2216    1765    1372    875     
1681   1993 1638    1074    2204    790     1485    2529    1672    774     714     919     1452    2082    2385    2501    2698    2086    1850    1075    1048    
1681   1994 1741    1179    2284    942     1569    2658    1808    914     856     1297    1436    1971    2340    2830    2793    2313    1721    1393    956     
1681   1995 1582    1128    2068    899     1345    2461    1591    682     1074    945     1284    1804    2210    2745    2421    1922    1817    1027    1011    
1681   1996 1569    1052    2095    856     1415    2469    1571    883     660     886     1456    1904    2405    2514    2488    1782    1616    1314    883     
1681   1997 1633    1157    2113    935     1397    2478    1685    995     927     1189    1060    1931    2397    2530    2504    2234    1533    1293    946     
1681   1998 1651    1119    2226    980     1432    2643    1609    895     1111    937     1435    1923    2449    2737    2738    2050    1739    1033    728     
1681   1999 1665    1022    2238    741     1526    2554    1754    829     657     1113    1459    2004    2417    2590    2651    2290    1771    1202    919     
1681   2000 1734    1068    2306    794     1613    2622    1840    605     861     1040    1623    2175    2516    2568    2779    2153    1850    1516    1097    
1681   2001 1668    1295    2179    1003    1604    2572    1653    973     933     1373    1370    2063    2266    2669    2770    1904    1908    1137    575     
1681   2002 -999999 -999999 -999999 -999999 -999999 -999999 -999999 -999999 -999999 1324    -999999 -999999 -999999 2678    -999999 -999999 1745    1469    1021    
1681   2003 1737    -999999 2386    797     1589    2838    1706    859     495     1091    1400    2269    2803    2787    2924    2106    1589    1428    994     
1681   2004 1652    1090    2168    829     1413    2526    1801    642     852     1031    1472    1739    2318    2689    2564    2208    1919    1273    1086    
1681   2005 1596    1100    2187    792     1496    2477    1687    711     556     1005    1434    2047    2380    2655    2392    2199    1671    1193    839     
1681   2006 1657    1019    2211    766     1476    2510    1787    685     774     935     1530    1965    2354    2759    2413    2230    1881    1248    1053    
1681   2007 1727    1266    2300    1068    1691    2662    1558    1052    1101    1245    1738    2091    2548    2786    2648    1969    1631    1071    798     
1681   2008 1724    1090    2252    894     1560    2634    1735    955     931     1144    1473    2061    2453    2700    2743    2059    1811    1333    992     
1681   2009 -999999 -999999 -999999 874     -999999 2595    -999999 865     748     1091    -999999 2223    2274    2702    2791    2353    1656    1321    964     
1681   2010 -999999 -999999 -999999 853     1504    2581    -999999 726     883     1103    1568    1866    2339    2731    2644    2122    1608    -999999 -999999 
1681   2011 -999999 -999999 -999999 -999999 -999999 -999999 -999999 -999999 -999999 -999999 -999999 -999999 -999999 -999999 -999999 -999999 -999999 -999999 -999999 
