EUROPEAN CLIMATE ASSESSMENT & DATASET (ECA&D), file created on: 10-05-2011
THESE DATA CAN BE USED FREELY PROVIDED THAT THE FOLLOWING SOURCE IS ACKNOWLEDGED: 

Klein Tank, A.M.G. and Coauthors, 2002. Daily dataset of 20th-century surface
air temperature and precipitation series for the European Climate Assessment.
Int. J. of Climatol., 22, 1441-1453.
Data and metadata available at http://eca.knmi.nl

FILE FORMAT (MISSING VALUE CODE = -999999):

THIS FILE HOLDS DATA FOR STATION HUNGARY                                  NYIREGYHAZA                              (STAID:   2046)
LATITUDE: dd:mm:ss +47:58:12
LONGITUDE: ddd:mm:ss +021:52:48
ELEVATION: m  105

DATA IS FOR INDEX Mean of daily mean temperature (TG) with unit 0.01 Temperature (&#176;C)

01-06 SOUID: Source identifier
08-11 YEAR : YYYY
13-20 ANNUAL DATA VALUES
21-28 WINTER HALF YEAR DATA VALUES
29-36 SUMMER HALF YEAR DATA VALUES
37-44 WINTER (DJF) DATA VALUES
45-52 SPRING (MAM) DATA VALUES
53-60 SUMMER (JJA) DATA VALUES
61-68 AUTUMN (SON) DATA VALUES
69-76 JANUARY DATA VALUES
etc. 
157-164 DECEMBER DATA VALUES

2046   1973 -999999 -999999 -999999 -999999 -999999 -999999 -999999 -999999 -999999 -999999 -999999 -999999 -999999 -999999 -999999 -999999 -999999 -999999 -999999 
2046   1974 -999999 -999999 -999999 -999999 -999999 -999999 -999999 -999999 -999999 -999999 -999999 -999999 -999999 -999999 -999999 -999999 -999999 -999999 -999999 
2046   1975 -999999 -999999 -999999 -999999 -999999 -999999 -999999 -999999 -999999 -999999 -999999 -999999 1972    2129    2006    1817    1088    208     -64     
2046   1976 -999999 -999999 -999999 -999999 -999999 -999999 -999999 -999999 -145    141     1155    1516    1763    2088    1800    1552    1141    674     -999999 
2046   1977 -999999 -999999 -999999 -999999 -999999 -999999 -999999 -999999 416     782     907     1722    1870    -999999 -999999 1371    1098    478     -311    
2046   1978 -999999 -999999 -999999 -999999 1008    -999999 -999999 -159    -56     602     990     1405    1765    1813    1798    1390    1084    -999999 -999999 
2046   1979 -999999 -999999 -999999 -999999 1094    1944    -999999 -413    70      689     954     1653    2171    1810    1854    1698    833     467     273     
2046   1980 -999999 -999999 -999999 -999999 -999999 1874    -999999 -448    77      389     874     1307    1782    1931    1914    1483    1117    280     -96     
2046   1981 -999999 -999999 -999999 -162    1103    1968    -999999 -382    7       767     950     1575    2029    1997    1880    1634    1188    346     -999999 
2046   1982 -999999 -999999 -999999 -999999 927     1969    1125    -513    -322    502     753     1579    1867    2016    2018    1837    1118    420     330     
2046   1983 -999999 -999999 1775    183     1230    2001    901     217     -28     652     1263    1778    1846    2152    1999    1607    972     96      -166    
2046   1984 -999999 -999999 -999999 -76     1031    1810    1116    -103    49      425     1082    1588    1702    1821    1903    1636    1208    483     -248    
2046   1985 -999999 -999999 1649    -574    1077    1890    886     -703    -773    456     1090    1665    1649    1992    2022    1446    893     338     250     
2046   1986 -999999 -999999 1754    -999999 1165    1991    944     -48     -305    462     1273    1740    1908    1975    2089    1534    933     364     -305    
2046   1987 -999999 -999999 -999999 -377    807     1968    1106    -710    -88     -6      1045    1428    1929    2215    1760    1703    1077    558     64      
2046   1988 -999999 -999999 -999999 188     1031    1971    -999999 240     273     439     994     1641    1778    2159    1971    1538    940     -118    23      
2046   1989 -999999 -999999 -999999 29      1209    1926    992     -171    257     742     1332    1569    1749    2048    1976    1593    1046    354     98      
2046   1990 -999999 -999999 -999999 148     1200    1939    975     -59     444     891     1090    1606    1780    2011    2009    1422    974     544     19      
2046   1991 -999999 -999999 -999999 -93     978     2002    1071    -51     -270    709     924     1297    1867    2193    1952    1648    961     559     -396    
2046   1992 -999999 -999999 -999999 -201    1058    2199    1009    -272    62      520     1125    1514    1973    2144    2457    1556    965     490     -103    
2046   1993 -999999 -999999 -999999 -176    -999999 1962    -999999 -139    -294    266     987     1880    1896    1944    2047    1509    1182    83      244     
2046   1994 -999999 -999999 -999999 -999999 -999999 -999999 1108    283     104     719     1155    1568    1881    2306    2146    1950    910     479     -20     
2046   1995 1010    -999999 1679    -999999 1024    2041    932     -182    464     579     992     1499    1880    2259    1984    1466    1165    156     -107    
2046   1996 966     140     1714    -225    1050    1996    1081    -275    -300    174     1161    1820    2012    1932    2043    1293    1145    803     -257    
2046   1997 988     322     1661    -172    963     1995    1008    -331    98      469     728     1684    1947    1968    2069    1545    852     631     141     
2046   1998 -999999 431     -999999 239     1065    2027    987     218     370     376     1276    1551    1998    2078    1999    1550    1128    280     -515    
2046   1999 -999999 -999999 1870    -241    1186    2150    1137    -101    -97     710     1276    1563    2112    2297    2038    1902    1104    380     1       
2046   2000 1172    329     1839    -29     1264    2091    1250    -371    293     547     1433    1817    2037    1995    2240    1482    1353    918     225     
2046   2001 -999999 -999999 1751    187     1216    2057    1025    57      293     754     1129    1747    1788    2173    2208    1457    1329    277     -464    
2046   2002 -999999 -999999 1862    -999999 1293    2172    1072    -136    -999999 785     1168    1922    2002    2348    2160    1544    988     679     -221    
2046   2003 -999999 -999999 -999999 -311    -999999 2199    -999999 -317    -404    -999999 -999999 -999999 2114    2214    2266    -999999 803     650     -35     
2046   2004 -999999 -999999 -999999 -132    1019    1950    997     -332    -4      578     1085    1397    1843    2037    1968    1405    1134    474     79      
2046   2005 965     266     1710    -110    1002    1959    1023    -110    -320    290     1125    1600    1822    2085    1965    1626    1097    343     -26     
2046   2006 -999999 185     -999999 -219    -999999 -999999 -999999 -434    -195    294     1160    -999999 -999999 -999999 -999999 -999999 -999999 -999999 -999999 
2046   2007 -999999 -999999 -999999 -999999 -999999 -999999 -999999 -999999 -999999 -999999 -999999 -999999 -999999 -999999 -999999 -999999 -999999 -999999 -999999 
2046   2008 -999999 -999999 -999999 -999999 -999999 -999999 -999999 -999999 -999999 -999999 -999999 -999999 -999999 -999999 -999999 -999999 -999999 -999999 -999999 
2046   2009 -999999 -999999 -999999 -999999 -999999 -999999 -999999 -999999 -999999 -999999 -999999 -999999 -999999 -999999 -999999 -999999 -999999 -999999 -999999 
2046   2010 -999999 -999999 1774    -999999 1151    2092    1058    -999999 -999999 547     1216    1654    1942    2195    2133    1481    811     890     -165    
2046   2011 -999999 -999999 -999999 -161    -999999 -999999 -999999 -104    -223    628     1306    -999999 -999999 -999999 -999999 -999999 -999999 -999999 -999999 
