EUROPEAN CLIMATE ASSESSMENT & DATASET (ECA&D), file created on: 10-05-2011
THESE DATA CAN BE USED FREELY PROVIDED THAT THE FOLLOWING SOURCE IS ACKNOWLEDGED: 

Klein Tank, A.M.G. and Coauthors, 2002. Daily dataset of 20th-century surface
air temperature and precipitation series for the European Climate Assessment.
Int. J. of Climatol., 22, 1441-1453.
Data and metadata available at http://eca.knmi.nl

FILE FORMAT (MISSING VALUE CODE = -999999):

THIS FILE HOLDS DATA FOR STATION RUSSIAN FEDERATION                       PJATIGORSK                               (STAID:   1387)
LATITUDE: dd:mm:ss +44:05:24
LONGITUDE: ddd:mm:ss +043:00:00
ELEVATION: m  531

DATA IS FOR INDEX Mean of daily mean temperature (TG) with unit 0.01 Temperature (&#176;C)

01-06 SOUID: Source identifier
08-11 YEAR : YYYY
13-20 ANNUAL DATA VALUES
21-28 WINTER HALF YEAR DATA VALUES
29-36 SUMMER HALF YEAR DATA VALUES
37-44 WINTER (DJF) DATA VALUES
45-52 SPRING (MAM) DATA VALUES
53-60 SUMMER (JJA) DATA VALUES
61-68 AUTUMN (SON) DATA VALUES
69-76 JANUARY DATA VALUES
etc. 
157-164 DECEMBER DATA VALUES

1387   1934 866     -999999 1621    -999999 923     1951    923     -530    -183    319     832     1614    1836    2081    1933    1403    972     392     -347    
1387   1935 929     41      1752    -386    838     2074    1021    -583    -210    7       1076    1438    1847    2126    2242    1762    1285    7       70      
1387   1936 862     161     1602    -138    672     2073    912     -204    -289    64      773     1183    1785    2227    2199    1416    868     453     -178    
1387   1937 929     80      1664    -382    789     2004    1140    -631    -332    269     705     1391    1570    2296    2133    1862    1041    519     227     
1387   1938 946     242     1744    -43     757     2150    1103    -93     -286    1       877     1397    1840    2359    2241    1725    1156    427     -378    
1387   1939 852     94      1629    -319    799     1963    811     -349    -218    -91     877     1615    1920    2140    1826    1372    757     305     7       
1387   1940 853     -1      1686    -370    726     2103    975     -673    -448    25      979     1182    1817    2184    2300    1636    819     476     -93     
1387   1941 801     122     1634    -208    848     1955    675     -506    -4      40      1100    1412    1865    2116    1882    1410    721     -107    -362    
1387   1942 -999999 -210    -999999 -569    620     -999999 -999999 -799    -541    -199    613     1446    1943    1992    -999999 -999999 -999999 -999999 -999999 
1387   1943 -999999 -999999 1614    -999999 718     1924    971     -999999 -999999 -258    924     1494    1755    1963    2047    1479    1019    412     -116    
1387   1944 882     258     1559    -121    879     1884    952     -235    -5      459     823     1353    1838    2064    1748    1515    911     433     -344    
1387   1945 709     -28     1559    -513    671     1918    792     -478    -740    -3      659     1355    1679    2073    1994    1569    792     15      -516    
1387   1946 859     -13     1713    -381    828     2072    909     -535    -61     222     785     1498    1950    2051    2210    1755    632     350     -567    
1387   1947 922     22      1642    -508    996     2026    856     -623    -315    634     992     1363    2000    2175    1902    1405    731     436     280     
1387   1948 -999999 -999999 1721    113     -999999 2203    750     155     -109    -999999 697     1604    2073    2269    2265    1389    780     79      -549    
1387   1949 793     -167    1613    -583    680     2059    817     -545    -663    -145    644     1541    1938    2208    2028    1288    703     464     -44     
1387   1950 862     -47     1746    -541    1000    1924    985     -1132   -436    144     1271    1594    1752    2109    1905    1831    872     255     103     
1387   1951 902     133     1754    -246    1043    2077    774     -325    -544    374     1226    1537    1808    2192    2223    1519    459     354     -89     
1387   1952 919     70      1622    -149    678     2016    1082    -255    -98     47      708     1281    1681    2103    2254    1680    1226    335     24      
1387   1953 808     223     1671    -79     760     2092    631     -200    -60     -12     748     1545    1942    2166    2164    1433    782     -327    -545    
1387   1954 845     -355    1735    -840    709     2144    1155    -734    -1283   -108    644     1589    1953    2285    2187    1725    1185    553     -14     
1387   1955 961     328     1650    59      750     2043    1023    -20     227     37      617     1593    1992    2190    1946    1536    1279    245     -157    
1387   1956 726     28      1550    -337    579     1959    746     -55     -829    -364    884     1226    1826    1880    2166    1299    941     -9      -321    
1387   1957 988     5       1859    -345    974     2140    1040    -571    -122    101     1163    1665    1964    2178    2272    1893    929     300     17      
1387   1958 866     234     1579    12      797     1951    734     -113    145     117     702     1570    1905    1915    2033    1325    752     123     -137    
1387   1959 756     -5      1607    -278    747     2016    585     -66     -668    -93     950     1391    1771    2209    2061    1230    507     20      -353    
1387   1960 885     -71     1548    -231    593     1946    1024    -83     -259    -269    709     1344    1832    2085    1918    1378    1166    524     225     
1387   1961 949     312     1655    -43     928     2019    875     -247    -114    282     927     1576    1944    2032    2078    1351    836     438     216     
1387   1962 1009    309     1741    -19     1012    2129    995     -235    -39     606     931     1497    1955    2274    2151    1616    923     448     -90     
1387   1963 873     145     1632    -169    742     1965    970     -305    -106    -13     808     1432    1749    2101    2037    1645    917     348     -194    
1387   1964 813     18      1609    -396    757     1951    883     -624    -367    16      854     1403    1981    2049    1824    1528    826     296     -61     
1387   1965 853     58      1616    -288    695     2022    868     -480    -326    66      525     1489    1920    2125    2015    1593    634     386     204     
1387   1966 1062    341     1700    184     980     2065    1030    91      264     460     1060    1424    1738    2290    2157    1508    1056    523     118     
1387   1967 862     148     1592    -232    848     1856    985     -197    -658    -19     913     1651    1658    1919    1984    1402    1083    465     21      
1387   1968 907     200     1694    -186    956     1912    1042    -354    -228    193     944     1732    1750    2088    1891    1740    1010    378     -298    
1387   1969 770     -140    1642    -677    671     2012    928     -860    -894    -234    781     1469    2043    1922    2071    1546    772     471     44      
1387   1970 921     229     1658    -78     1010    1949    870     -258    -15     342     1208    1487    1726    2199    1915    1394    731     490     -217    
1387   1971 948     154     1682    -208    828     2016    1068    -109    -309    305     722     1454    1745    2236    2057    1857    855     498     -28     
1387   1972 850     -106    1817    -628    870     2199    1040    -1204   -653    -120    1228    1514    2044    2238    2312    1548    1105    466     -319    
1387   1973 831     171     1536    -295    910     1838    804     -606    74      303     954     1476    1690    1969    1849    1257    970     180     -198    
1387   1974 832     -7      1555    -435    727     1912    1039    -670    -437    75      681     1423    1838    1966    1930    1471    1263    374     -16     
1387   1975 940     185     1821    -215    993     2132    847     -262    -384    85      1332    1574    2097    2234    2063    1610    789     145     -87     
1387   1976 727     -94     1579    -444    715     1885    738     -281    -999    -183    1053    1286    1715    1950    1984    1467    449     291     -82     
1387   1977 828     10      1641    -343    971     1935    820     -992    86      332     1109    1475    1798    2028    1974    1446    523     500     -360    
1387   1978 847     101     1519    -300    834     1825    931     -335    -193    458     766     1276    1630    2051    1789    1583    971     239     -139    
1387   1979 984     187     1749    -185    980     2077    983     -319    -87     430     837     1669    1875    2084    2265    1736    817     401     22      
1387   1980 876     56      1618    -292    758     1998    947     -683    -211    -14     868     1422    1830    2234    1924    1404    859     581     264     
1387   1981 -999999 317     -999999 58      730     -999999 1047    -74     -22     271     727     1191    1972    2249    -999999 1593    1147    399     328     
1387   1982 816     156     1612    -197    836     1838    864     -355    -604    -47     1114    1452    1677    1933    1899    1583    837     173     29      
1387   1983 919     145     1666    -85     933     1922    918     -317    45      91      1183    1533    1703    2161    1894    1504    948     302     -72     
1387   1984 -999999 113     -999999 -217    -999999 1855    938     33      -641    66      714     -999999 1745    2074    1741    1633    943     237     -488    
1387   1985 816     -65     1640    -428    753     1931    836     -399    -394    -310    948     1626    1746    1852    2187    1458    719     336     -51     
1387   1986 892     70      1733    -220    812     2081    862     -47     -599    6       1167    1276    1864    2147    2225    1703    811     75      -32     
1387   1987 810     54      1572    -148    663     1947    802     -276    -134    -135    626     1497    1899    2081    1859    1448    612     353     -171    
1387   1988 839     25      1642    -323    811     2023    795     -335    -472    139     975     1325    1890    2170    2003    1472    837     75      -60     
1387   1989 940     155     1663    -167    985     1998    926     -231    -216    484     1160    1316    1826    2060    2104    1498    942     336     -79     
1387   1990 972     249     1650    -115    952     1974    1058    -224    -35     526     977     1354    1825    2160    1931    1634    905     640     -88     
1387   1991 894     130     1701    -314    814     2108    1002    -270    -615    150     952     1344    1986    2280    2054    1570    1140    291     -260    
1387   1992 786     110     1524    -317    716     1896    874     -349    -342    155     718     1275    1722    1940    2020    1447    895     279     -369    
1387   1993 715     17      1534    -455    764     1905    565     -419    -589    255     738     1299    1733    1961    2016    1437    855     -608    -215    
1387   1994 877     -76     1675    -301    873     1910    1019    -20     -707    159     1074    1393    1692    2083    1948    1844    1033    179     -271    
1387   1995 -999999 -999999 -999999 -999999 -999999 -999999 -999999 -999999 -999999 -999999 -999999 -999999 -999999 -999999 -999999 -999999 -999999 -999999 -999999 
1387   1996 855     -999999 1622    -999999 778     1950    926     -475    -326    -58     713     1676    1705    2224    1914    1468    858     455     62      
1387   1997 886     155     1629    -155    863     1995    866     -279    -257    62      872     1655    1903    2032    2048    1237    1039    315     -86     
