EUROPEAN CLIMATE ASSESSMENT & DATASET (ECA&D), file created on: 10-05-2011
THESE DATA CAN BE USED FREELY PROVIDED THAT THE FOLLOWING SOURCE IS ACKNOWLEDGED: 

Klein Tank, A.M.G. and Coauthors, 2002. Daily dataset of 20th-century surface
air temperature and precipitation series for the European Climate Assessment.
Int. J. of Climatol., 22, 1441-1453.
Data and metadata available at http://eca.knmi.nl

FILE FORMAT (MISSING VALUE CODE = -999999):

THIS FILE HOLDS DATA FOR STATION UNITED KINGDOM                           ABERPORTH                                (STAID:   1810)
LATITUDE: dd:mm:ss +52:08:20
LONGITUDE: ddd:mm:ss -004:34:18
ELEVATION: m  133

DATA IS FOR INDEX Mean of daily mean temperature (TG) with unit 0.01 Temperature (&#176;C)

01-06 SOUID: Source identifier
08-11 YEAR : YYYY
13-20 ANNUAL DATA VALUES
21-28 WINTER HALF YEAR DATA VALUES
29-36 SUMMER HALF YEAR DATA VALUES
37-44 WINTER (DJF) DATA VALUES
45-52 SPRING (MAM) DATA VALUES
53-60 SUMMER (JJA) DATA VALUES
61-68 AUTUMN (SON) DATA VALUES
69-76 JANUARY DATA VALUES
etc. 
157-164 DECEMBER DATA VALUES

1810   1960 -999999 -999999 -999999 -999999 927     1448    -999999 552     446     695     826     1232    1451    1440    1452    1304    1053    790     476     
1810   1961 -999999 -999999 -999999 -999999 -999999 1408    -999999 471     750     830     960     1069    1334    1402    1485    1467    1085    714     392     
1810   1962 -999999 -999999 -999999 -999999 681     1354    -999999 497     -999999 335     732     965     1261    1418    1377    1256    1086    668     391     
1810   1963 -999999 -999999 -999999 -999999 -999999 1392    -999999 -121    69      618     809     963     1366    1422    1388    1284    1123    899     348     
1810   1964 -999999 -999999 -999999 -999999 -999999 1417    1096    460     494     495     801     1205    1285    1470    1481    1407    1016    856     516     
1810   1965 -999999 -999999 -999999 -999999 849     1363    -999999 -999999 332     634     805     1100    1284    1329    1471    1196    1183    558     643     
1810   1966 -999999 -999999 -999999 562     845     1395    1030    410     634     705     783     1043    1395    1389    1400    1388    1056    659     682     
1810   1967 -999999 -999999 -999999 -999999 -999999 -999999 -999999 510     563     662     740     930     1307    1476    1453    1314    1043    643     575     
1810   1968 -999999 -999999 -999999 -999999 756     1414    -999999 535     282     608     744     911     1332    1392    1512    1315    1259    714     453     
1810   1969 -999999 -999999 -999999 -999999 -999999 -999999 -999999 594     -999999 433     704     1012    1287    1494    1454    1353    1342    647     452     
1810   1970 -999999 -999999 -999999 -999999 -999999 -999999 1107    533     -999999 400     623     1134    1481    1381    1495    1394    1084    845     533     
1810   1971 -999999 -999999 -999999 -999999 796     -999999 -999999 536     494     519     769     1082    1181    1498    1479    1465    1194    741     725     
1810   1972 -999999 -999999 -999999 559     788     1280    -999999 469     480     624     790     940     1025    1425    1383    1194    1124    732     654     
1810   1973 -999999 -999999 -999999 -999999 793     1443    -999999 537     -999999 626     681     1094    1311    1396    1626    1382    1031    782     592     
1810   1974 -999999 -999999 -999999 -999999 814     1363    911     583     543     553     872     997     1272    1406    1402    1156    860     712     805     
1810   1975 -999999 -999999 -999999 -999999 -999999 -999999 1035    696     562     505     748     937     1372    1579    1607    1281    1064    739     639     
1810   1976 -999999 -999999 -999999 -999999 -999999 1607    -999999 615     466     486     729     1043    1507    1611    1697    1289    987     727     348     
1810   1977 -999999 -999999 -999999 -999999 -999999 1382    -999999 341     567     694     690     994     1160    1506    1480    1243    1219    694     654     
1810   1978 -999999 -999999 -999999 -999999 787     1328    -999999 453     323     637     635     1089    1249    1351    1378    1326    1227    901     498     
1810   1979 -999999 -999999 -999999 -999999 -999999 1355    -999999 188     -999999 447     650     830     1244    1455    1366    1274    1140    799     671     
1810   1980 -999999 -999999 -999999 -999999 778     -999999 -999999 325     633     529     792     1032    1226    1343    1480    1389    903     731     644     
1810   1981 -999999 -999999 -999999 -999999 868     1382    1031    571     351     776     785     1042    1233    1391    1527    1391    871     826     300     
1810   1982 -999999 -999999 -999999 -999999 820     -999999 1066    456     -999999 580     789     1073    1408    1489    1456    1351    1029    823     553     
1810   1983 -999999 -999999 -999999 -999999 -999999 1557    -999999 686     -999999 622     623     943     1300    1734    1628    1338    1038    788     709     
1810   1984 -999999 -999999 -999999 -999999 759     1471    -999999 457     448     459     882     927     1263    1509    1634    1335    1084    795     609     
1810   1985 -999999 -999999 -999999 -999999 765     -999999 -999999 225     349     485     803     1000    1148    1375    1344    1406    1055    527     612     
1810   1986 -999999 -999999 -999999 -999999 677     1353    1014    460     -30     508     504     1008    1376    1412    1273    1108    1114    809     685     
1810   1987 -999999 -999999 -999999 430     -999999 -999999 -999999 179     416     432     989     945     1157    1471    1471    1338    972     725     603     
1810   1988 -999999 -999999 -999999 -999999 832     1350    1010    553     492     648     795     1059    1331    1338    1380    1260    1090    686     822     
1810   1989 -999999 -999999 -999999 -999999 852     -999999 -999999 659     587     705     633     1203    1266    1590    1525    1359    1157    764     540     
1810   1990 -999999 -999999 -999999 -999999 927     1526    -999999 690     -999999 785     761     1219    1287    1625    1669    1294    1170    730     509     
1810   1991 -999999 -999999 -999999 -999999 834     1440    -999999 356     240     705     780     1003    1166    1562    1611    1487    1021    736     600     
1810   1992 -999999 -999999 -999999 -999999 -999999 1432    969     468     629     714     828     1222    1395    1508    1388    1252    864     812     478     
1810   1993 -999999 -999999 -999999 -999999 864     1360    -999999 624     546     641     899     1059    1317    1396    1366    1235    846     551     626     
1810   1994 -999999 -999999 -999999 -999999 -999999 1435    -999999 579     406     723     719     1010    1301    1543    1461    1236    1101    1033    754     
1810   1995 -999999 -999999 -999999 -999999 805     -999999 -999999 566     676     546     800     1089    1323    1755    1823    1336    1299    832     385     
1810   1996 -999999 -999999 -999999 -999999 719     1414    -999999 489     334     525     791     839     1261    1477    1495    1374    1187    711     -999999 
1810   1997 -999999 -999999 -999999 -999999 946     -999999 -999999 329     658     815     907     1116    1300    1515    1705    1403    1091    904     -999999 
1810   1998 -999999 -999999 -999999 -999999 899     1413    -999999 581     733     798     725     1171    1313    1420    1496    1429    1084    762     641     
1810   1999 -999999 -999999 -999999 -999999 921     1476    -999999 623     596     697     862     1195    1243    1613    1554    1430    1119    848     620     
1810   2000 -999999 -999999 -999999 608     847     1441    1044    570     635     681     721     1132    1345    1461    1513    1390    1047    741     581     
1810   2001 -999999 -999999 -999999 -999999 825     1436    -999999 454     503     547     735     1193    1318    1455    1525    1343    1275    886     497     
1810   2002 -999999 -999999 -999999 -999999 904     1392    -999999 649     700     774     865     1073    1268    1422    1491    1396    1084    934     648     
1810   2003 -999999 -999999 -999999 -999999 946     -999999 1073    524     471     806     986     1053    1418    1596    1659    1406    950     879     603     
1810   2004 -999999 -999999 -999999 -999999 862     -999999 1124    599     555     655     847     1091    1427    1420    1612    1424    1055    891     671     
1810   2005 -999999 -999999 -999999 614     900     1507    -999999 691     475     772     868     1060    1441    1557    1526    1430    1244    749     612     
1810   2006 -999999 -999999 -999999 510     -999999 1544    -999999 471     431     504     795     1084    1432    1713    1486    1545    1276    861     728     
1810   2007 1055    -999999 1317    708     964     1438    1141    749     640     695     1061    1141    1424    1423    1465    1386    1159    878     612     
1810   2008 1009    776     1290    653     914     1448    1046    705     640     654     779     1304    1293    1518    1527    1304    1035    798     525     
1810   2009 -999999 657     -999999 468     900     -999999 -999999 410     468     694     896     1111    1427    -999999 -999999 -999999 -999999 -999999 -999999 
1810   2010 -999999 -999999 -999999 -999999 -999999 -999999 1062    -999999 -999999 -999999 -999999 -999999 -999999 -999999 1467    1414    1114    644     237     
1810   2011 -999999 638     -999999 458     -999999 -999999 -999999 430     734     679     1125    -999999 -999999 -999999 -999999 -999999 -999999 -999999 -999999 
