EUROPEAN CLIMATE ASSESSMENT & DATASET (ECA&D), file created on: 10-05-2011
THESE DATA CAN BE USED FREELY PROVIDED THAT THE FOLLOWING SOURCE IS ACKNOWLEDGED: 

Klein Tank, A.M.G. and Coauthors, 2002. Daily dataset of 20th-century surface
air temperature and precipitation series for the European Climate Assessment.
Int. J. of Climatol., 22, 1441-1453.
Data and metadata available at http://eca.knmi.nl

FILE FORMAT (MISSING VALUE CODE = -999999):

THIS FILE HOLDS DATA FOR STATION ICELAND                                  REYKJAVIK                                (STAID:     66)
LATITUDE: dd:mm:ss +64:07:59
LONGITUDE: ddd:mm:ss -021:54:00
ELEVATION: m   52

DATA IS FOR INDEX Mean of daily mean temperature (TG) with unit 0.01 Temperature (&#176;C)

01-06 SOUID: Source identifier
08-11 YEAR : YYYY
13-20 ANNUAL DATA VALUES
21-28 WINTER HALF YEAR DATA VALUES
29-36 SUMMER HALF YEAR DATA VALUES
37-44 WINTER (DJF) DATA VALUES
45-52 SPRING (MAM) DATA VALUES
53-60 SUMMER (JJA) DATA VALUES
61-68 AUTUMN (SON) DATA VALUES
69-76 JANUARY DATA VALUES
etc. 
157-164 DECEMBER DATA VALUES

66     1935 -999999 -999999 -999999 -999999 -999999 -999999 507     -999999 -999999 -999999 -999999 -999999 -999999 -999999 -999999 923     323     281     -50     
66     1936 464     34      901     -179    433     1108    550     -362    -122    129     432     739     930     1276    1112    903     581     167     -259    
66     1937 462     -999999 828     -137    313     1012    497     43      -207    -167    462     650     919     1117    997     815     356     326     191     
66     1938 496     -999999 816     100     384     998     495     -31     142     158     432     563     875     1092    1024    903     452     131     158     
66     1939 593     161     989     17      536     1165    655     -188    89      317     461     827     1045    1255    1192    1146    701     114     122     
66     1940 478     189     776     124     308     996     455     124     127     -58     262     717     933     1079    974     674     593     95      193     
66     1941 597     137     981     -17     505     1139    743     -68     -194    168     498     847     1111    1195    1111    1116    674     442     213     
66     1942 517     306     822     161     428     1043    447     118     150     232     321     728     930     1103    1091    746     230     372     153     
66     1943 441     125     750     14      272     1004    450     3       -126    105     246     464     954     1106    950     775     412     164     200     
66     1944 452     116     854     4       362     1122    386     -209    22      101     367     619     953     1262    1144    762     421     -27     -13     
66     1945 573     72      885     -118    497     1088    736     -305    -27     370     402     716     948     1154    1159    917     682     611     202     
66     1946 -999999 -999999 836     151     491     1008    581     247     -8      293     328     847     881     1069    1069    804     767     135     291     
66     1947 -999999 -999999 -999999 -999999 258     1071    467     -999999 -209    -260    -999999 836     1003    1103    1105    781     570     16      88      
66     1948 -999999 -999999 729     118     312     1045    398     58      212     330     134     466     949     1069    1113    628     319     234     113     
66     1949 397     -999999 730     -53     137     1026    544     -261    11      25      10      372     990     1063    1024    912     463     258     -126    
66     1950 485     159     844     31      355     1131    417     277     -68     132     220     708     935     1236    1214    727     454     69      -135    
66     1951 411     -23     810     -122    130     1063    543     -147    -81     -300    -1      688     980     1064    1143    972     573     83      -78     
66     1952 447     62      767     -132    355     954     535     -287    -25     100     339     625     838     1008    1012    767     571     266     135     
66     1953 537     249     839     124     326     1120    528     57      185     274     13      682     1017    1189    1150    968     424     197     254     
66     1954 497     211     833     160     455     1058    415     204     6       164     447     755     1018    1055    1101    609     367     272     -76     
66     1955 442     42      831     -179    419     1017    541     -196    -276    136     558     568     990     1055    1006    807     391     430     -207    
66     1956 528     151     808     -94     463     968     628     -325    272     363     362     660     843     1069    989     915     474     499     213     
66     1957 500     202     874     64      416     1106    492     106     -148    43      505     703     986     1197    1132    706     465     305     -41     
66     1958 506     61      882     -153    315     1082    744     -224    -199    44      439     467     1020    1203    1022    1138    621     478     25      
66     1959 506     219     828     -50     450     1027    594     -380    233     346     238     759     879     1158    1040    880     767     128     -3      
66     1960 566     211     934     11      552     1116    572     171     -144    322     457     875     1004    1216    1123    915     506     296     19      
66     1961 499     192     839     83      383     1012    560     157     72      92      235     817     909     1084    1040    935     559     186     -135    
66     1962 467     87      829     -19     304     1029    472     58      26      -172    414     674     920     1097    1066    789     525     99      77      
66     1963 492     225     761     80      465     1005    358     -24     200     469     410     515     999     1014    1004    620     552     -104    218     
66     1964 575     330     817     314     606     988     516     362     364     577     443     791     952     1029    983     691     543     314     -159    
66     1965 499     172     832     58      381     1033    505     -48     414     -4      350     796     938     1114    1045    731     715     61      -132    
66     1966 427     69      847     -123    313     1086    427     -121    -117    -8      344     605     1021    1114    1122    867     355     63      -159    
66     1967 415     54      768     57      168     998     396     163     180     -264    198     573     887     1065    1038    835     300     56      -66     
66     1968 457     -5      826     -101    247     1052    587     -128    -110    -86     275     552     932     1174    1045    967     326     478     46      
66     1969 401     78      787     -134    333     1054    342     -174    -291    63      250     684     1004    1010    1148    611     530     -122    39      
66     1970 412     31      766     -26     259     962     390     72      -205    -153    274     657     894     953     1036    773     386     10      196     
66     1971 456     84      833     -17     405     1034    438     -309    70      144     384     685     956     1116    1028    818     415     81      57      
66     1972 527     223     813     205     465     961     447     306     254     222     355     814     910     1015    955     816     480     45      137     
66     1973 407     164     759     101     316     957     410     307     -166    148     302     498     809     1026    1032    879     477     -129    -345    
66     1974 500     76      844     -96     602     1015    427     93      -30     375     629     802     916     1123    1003    580     466     234     -228    
66     1975 419     85      693     -85     290     923     474     -277    287     51      230     586     787     956     1022    562     659     195     -46     
66     1976 449     119     793     -87     335     1007    570     -240    34      109     289     604     939     1136    942     840     580     289     -139    
66     1977 446     148     768     -106    396     999     390     -187    20      316     183     682     828     1107    1056    733     505     -72     140     
66     1978 441     75      799     -44     378     1002    420     -198    -78     135     409     592     783     1103    1113    784     439     37      129     
66     1979 287     -32     626     -92     10      923     358     -405    10      -395    200     232     804     956     1005    548     471     50      -39     
66     1980 435     111     822     25      363     1028    352     -15     137     64      351     673     930     1076    1073    814     171     76      -130    
66     1981 346     -49     793     -152    318     986     249     -212    -109    -89     381     664     876     1054    1025    744     52      -43     -220    
66     1982 396     -27     739     -67     298     1000    323     -147    190     26      322     546     988     1071    943     555     466     -57     -157    
66     1983 343     17      626     -91     190     825     393     -220    125     -46     -8      617     802     846     825     659     380     141     -23     
66     1984 404     31      775     -153    325     1014    403     -398    -32     118     293     564     927     1120    992     740     354     116     37      
66     1985 447     96      785     46      337     993     456     7       99      -34     361     685     929     986     1062    674     655     31      -124    
66     1986 414     125     759     3       319     963     347     -51     203     41      356     562     836     1052    997     738     242     65      -78     
66     1987 542     123     818     131     310     1068    479     315     161     37      254     635     993     1112    1096    804     218     423     424     
66     1988 415     105     754     -2      270     1003    500     -302    -134    -5      60      749     824     1108    1070    693     454     354     80      
66     1989 384     86      697     -66     177     946     481     3       -303    -101    148     484     873     958     1004    703     520     218     44      
66     1990 442     89      782     -20     206     1085    510     45      -163    -148    37      724     983     1157    1111    662     502     367     -25     
66     1991 507     224     823     97      328     1119    420     112     216     175     125     678     946     1304    1100    766     475     18      131     
66     1992 422     158     715     132     296     921     399     252     6       51      259     577     784     987     987     683     435     76      -53     
66     1993 442     71      778     -75     345     950     573     -230    73      126     372     536     908     1011    931     907     475     341     -163    
66     1994 411     73      772     -83     240     1023    432     -167    99      -136    164     689     801     1199    1061    697     363     239     -103    
66     1995 381     -16     768     -167    204     998     445     -197    -204    -204    149     666     896     1045    1049    789     371     176     -11     
66     1996 504     160     886     49      474     1035    432     219     -69     259     445     717     983     1086    1034    1045    443     -191    48      
66     1997 515     45      828     11      322     1055    582     103     -133    -27     394     601     843     1203    1113    798     561     388     283     
66     1998 470     180     859     89      306     1084    446     65      -99     -138    396     662     1012    1107    1130    835     290     218     124     
66     1999 451     72      823     7       287     1042    535     12      -126    -98     284     674     903     1086    1131    846     562     197     -98     
66     2000 456     117     807     -42     285     1057    481     66      -97     60      144     647     944     1152    1070    871     480     91      9       
66     2001 520     113     843     33      343     1028    585     102     -16     1       367     661     881     1088    1108    943     625     183     257     
66     2002 545     158     873     33      383     1056    635     141     -334    31      398     720     1086    1058    1025    943     494     472     446     
66     2003 609     354     956     267     535     1214    550     148     201     349     626     633     1127    1232    1280    828     557     266     41      
66     2004 559     226     929     44      548     1142    517     -16     111     392     524     726     1045    1146    1236    898     433     223     -5      
66     2005 509     192     817     39      453     1092    362     -19     151     366     417     574     1048    1178    1050    627     301     160     226     
66     2006 616     233     955     260     424     1164    607     195     368     156     312     799     1033    1205    1249    1120    536     152     235     
66     2007 623     215     998     107     530     1267    607     -38     124     267     598     727     1196    1388    1215    851     629     340     148     
66     2008 601     214     1048    50      554     1264    547     -22     22      157     526     979     1192    1364    1232    994     338     317     133     
66     2009 634     196     1033    132     530     1270    602     198     59      119     597     878     1128    1421    1255    905     559     342     110     
66     2010 686     295     1088    154     582     1349    647     278     66      396     396     949     1274    1440    1331    1123    714     102     88      
66     2011 -999999 -999999 -999999 176     -999999 -999999 -999999 185     258     89      490     -999999 -999999 -999999 -999999 -999999 -999999 -999999 -999999 
