EUROPEAN CLIMATE ASSESSMENT & DATASET (ECA&D), file created on: 10-05-2011
THESE DATA CAN BE USED FREELY PROVIDED THAT THE FOLLOWING SOURCE IS ACKNOWLEDGED: 

Klein Tank, A.M.G. and Coauthors, 2002. Daily dataset of 20th-century surface
air temperature and precipitation series for the European Climate Assessment.
Int. J. of Climatol., 22, 1441-1453.
Data and metadata available at http://eca.knmi.nl

FILE FORMAT (MISSING VALUE CODE = -999999):

THIS FILE HOLDS DATA FOR STATION FRANCE                                   CAP-DE-LA-HEVE                           (STAID:    765)
LATITUDE: dd:mm:ss +49:30:36
LONGITUDE: ddd:mm:ss +000:04:12
ELEVATION: m  100

DATA IS FOR INDEX Mean of daily mean temperature (TG) with unit 0.01 Temperature (&#176;C)

01-06 SOUID: Source identifier
08-11 YEAR : YYYY
13-20 ANNUAL DATA VALUES
21-28 WINTER HALF YEAR DATA VALUES
29-36 SUMMER HALF YEAR DATA VALUES
37-44 WINTER (DJF) DATA VALUES
45-52 SPRING (MAM) DATA VALUES
53-60 SUMMER (JJA) DATA VALUES
61-68 AUTUMN (SON) DATA VALUES
69-76 JANUARY DATA VALUES
etc. 
157-164 DECEMBER DATA VALUES

765    1949 1156    -999999 1536    -999999 923     1712    1341    632     678     576     1099    1100    1467    1870    1791    1886    1376    759     617     
765    1950 1090    787     1478    573     1016    1735    1157    376     744     848     869     1325    1711    1744    1750    1457    1162    852     227     
765    1951 1067    644     1395    425     837     1599    1240    548     508     558     846     1107    1475    1690    1629    1615    1128    981     682     
765    1952 1057    742     1484    517     1096    1694    1008    450     412     788     1080    1417    1538    1769    1769    1316    1106    600     405     
765    1953 1103    598     1468    361     1043    1633    1201    254     430     778     979     1371    1467    1655    1772    1551    1245    807     871     
765    1954 1020    708     1301    472     889     1469    1273    268     254     761     728     1172    1341    1475    1587    1489    1395    931     777     
765    1955 1038    708     1439    520     776     1687    1184    412     356     352     885     1094    1496    1722    1836    1589    1133    833     705     
765    1956 973     631     1342    366     894     1486    1146    552     -194    712     747     1219    1285    1634    1532    1621    1142    677     691     
765    1957 1095    790     1411    624     1004    1679    1138    493     694     1027    921     1062    1649    1737    1652    1436    1249    723     465     
765    1958 1050    675     1391    537     806     1576    1207    531     623     456     706     1252    1413    1604    1706    1650    1230    739     661     
765    1959 1172    742     1551    538     1047    1754    1329    440     509     852     1003    1285    1552    1866    1837    1755    1418    811     689     
765    1960 1081    778     1436    558     1014    1617    1194    455     529     748     911     1379    1601    1598    1652    1468    1204    909     500     
765    1961 1140    792     1506    577     1073    1629    1281    450     803     889     1131    1201    1496    1659    1727    1823    1269    752     469     
765    1962 977     653     1337    504     742     1567    1146    571     470     373     802     1052    1422    1641    1632    1463    1239    732     297     
765    1963 918     466     1351    51      856     1567    1215    -167    20      642     849     1078    1480    1668    1551    1472    1216    958     200     
765    1964 1043    610     1486    317     928     1661    1166    235     530     525     899     1358    1529    1696    1755    1667    1038    799     476     
765    1965 1007    623     1342    400     915     1534    1104    452     259     682     847     1213    1415    1536    1646    1383    1275    649     660     
765    1966 1069    722     1418    564     963     1586    1137    278     775     701     1009    1180    1607    1585    1566    1555    1191    662     711     
765    1967 1082    752     1402    627     918     1628    1200    548     620     762     794     1194    1404    1790    1682    1532    1324    741     556     
765    1968 1045    709     1405    481     921     1608    1235    514     367     731     953     1080    1517    1632    1671    1570    1420    710     346     
765    1969 1090    690     1460    448     938     1658    1303    662     323     641     885     1287    1481    1745    1741    1605    1478    820     353     
765    1970 1069    700     1442    461     840     1657    1297    564     468     497     748     1271    1647    1600    1724    1651    1245    995     383     
765    1971 1078    695     1457    478     914     1620    1227    519     538     488     974     1282    1336    1785    1730    1618    1294    766     567     
765    1972 1030    758     1310    526     953     1508    1112    422     594     895     826     1135    1296    1595    1625    1366    1156    813     620     
765    1973 1085    692     1474    496     914     1708    1220    425     437     679     788     1272    1545    1677    1895    1653    1170    839     590     
765    1974 1096    779     1399    639     961     1610    1070    705     619     737     978     1168    1512    1608    1706    1410    936     867     867     
765    1975 1118    802     1476    803     854     1768    1171    815     718     605     860     1098    1517    1798    1982    1584    1121    809     484     
765    1976 1121    674     1555    513     910     1873    1210    545     509     570     823     1335    1771    1933    1913    1540    1261    828     395     
765    1977 1082    748     1340    508     937     1538    1226    465     683     854     789     1162    1306    1667    1633    1469    1386    819     718     
765    1978 1042    765     1337    542     903     1504    1275    492     401     743     770     1191    1378    1548    1582    1543    1363    916     535     
765    1979 1014    655     1353    336     856     1548    1237    145     327     618     835     1115    1384    1651    1603    1521    1300    887     740     
765    1980 1028    748     1407    561     899     1571    1140    264     688     610     901     1185    1454    1532    1721    1639    1124    657     555     
765    1981 1078    706     1421    505     1013    1589    1212    578     370     919     899     1217    1360    1617    1782    1642    1103    895     496     
765    1982 1141    709     1530    516     975     1739    1296    459     601     695     894     1334    1685    1803    1726    1727    1205    961     576     
765    1983 1128    742     1515    533     889     1825    1252    714     285     674     866     1125    1535    2061    1870    1618    1266    871     580     
765    1984 1090    720     1425    538     844     1685    1277    575     454     559     1001    977     1485    1766    1798    1512    1271    1050    613     
765    1985 1011    656     1427    354     889     1591    1161    88      362     539     931     1198    1411    1737    1620    1657    1242    582     719     
765    1986 1002    598     1323    392     789     1610    1203    484     -74     569     608     1184    1609    1642    1579    1304    1370    929     726     
765    1987 1008    643     1447    351     901     1600    1236    -62     391     490     1133    1088    1371    1691    1729    1666    1243    799     525     
765    1988 1136    768     1443    617     993     1610    1212    726     600     706     968     1305    1477    1609    1739    1547    1309    777     840     
765    1989 1215    872     1566    727     1098    1774    1336    637     701     951     807     1526    1601    1883    1832    1726    1459    818     597     
765    1990 1222    905     1551    721     1125    1776    1281    690     894     967     912     1488    1470    1890    1957    1565    1424    848     525     
765    1991 1069    742     1444    408     962     1652    1254    468     213     924     913     1048    1336    1767    1842    1748    1195    820     488     
765    1992 1126    721     1513    502     1066    1707    1193    407     619     794     922     1477    1579    1740    1797    1550    1039    994     577     
765    1993 1078    762     1440    587     1045    1607    1016    715     457     767     1027    1340    1557    1615    1646    1443    1043    562     712     
765    1994 1192    742     1490    655     1016    1756    1306    683     560     867     892     1285    1522    1923    1816    1485    1262    1174    784     
765    1995 1186    896     1540    745     983     1815    1332    644     814     703     888     1355    1482    1923    2031    1538    1535    915     375     
765    1996 1056    727     1447    420     881     1732    1202    510     372     639     959     1047    1608    1754    1829    1475    1323    805     323     
765    1997 1174    718     1547    405     1090    1757    1307    198     725     940     961     1364    1565    1702    1999    1677    1269    978     689     
765    1998 1161    861     1508    684     1089    1668    1198    595     777     857     937     1468    1558    1658    1785    1630    1239    723     674     
765    1999 1222    805     1608    661     1130    1774    1303    727     573     867     1052    1468    1554    1881    1879    1798    1253    860     698     
765    2000 1183    817     1521    665     1039    1705    1292    555     747     788     968     1359    1607    1642    1861    1680    1272    924     782     
765    2001 1171    827     1520    653     1019    1778    1321    547     626     795     904     1354    1586    1797    1944    1518    1562    875     501     
765    2002 1208    888     1502    653     1093    1678    1324    659     814     910     1050    1318    1566    1671    1792    1605    1304    1063    720     
765    2003 1214    847     1643    567     1148    1903    1261    454     525     991     1128    1323    1777    1886    2047    1701    1088    998     634     
765    2004 1169    781     1544    627     1012    1735    1323    630     618     713     1042    1281    1620    1712    1869    1729    1319    921     564     
765    2005 1213    800     1580    569     1073    1782    1414    678     453     835     1069    1315    1764    1800    1781    1747    1582    907     577     
765    2006 1223    758     1642    479     975     1877    1501    430     424     599     968     1358    1757    2133    1736    1891    1539    1070    717     
765    2007 1214    972     1554    785     1177    1689    1239    821     821     850     1328    1357    1609    1708    1749    1568    1228    922     587     
765    2008 1185    830     1552    690     1123    1729    1219    736     750     756     968     1640    1599    1815    1768    1501    1223    933     507     
765    2009 1183    720     1587    450     1080    1798    1377    336     513     797     1096    1348    1639    1844    1907    1676    1353    1102    550     
765    2010 1078    750     1515    426     978     1761    1228    267     463     748     1031    1158    1628    1897    1753    1616    1266    800     275     
765    2011 -999999 754     -999999 512     -999999 -999999 -999999 523     762     901     1374    -999999 -999999 -999999 -999999 -999999 -999999 -999999 -999999 
