EUROPEAN CLIMATE ASSESSMENT & DATASET (ECA&D), file created on: 10-05-2011
THESE DATA CAN BE USED FREELY PROVIDED THAT THE FOLLOWING SOURCE IS ACKNOWLEDGED: 

Klein Tank, A.M.G. and Coauthors, 2002. Daily dataset of 20th-century surface
air temperature and precipitation series for the European Climate Assessment.
Int. J. of Climatol., 22, 1441-1453.
Data and metadata available at http://eca.knmi.nl

FILE FORMAT (MISSING VALUE CODE = -999999):

THIS FILE HOLDS DATA FOR STATION FRANCE                                   NANTES                                   (STAID:    742)
LATITUDE: dd:mm:ss +47:09:36
LONGITUDE: ddd:mm:ss -001:36:00
ELEVATION: m   27

DATA IS FOR INDEX Mean of daily mean temperature (TG) with unit 0.01 Temperature (&#176;C)

01-06 SOUID: Source identifier
08-11 YEAR : YYYY
13-20 ANNUAL DATA VALUES
21-28 WINTER HALF YEAR DATA VALUES
29-36 SUMMER HALF YEAR DATA VALUES
37-44 WINTER (DJF) DATA VALUES
45-52 SPRING (MAM) DATA VALUES
53-60 SUMMER (JJA) DATA VALUES
61-68 AUTUMN (SON) DATA VALUES
69-76 JANUARY DATA VALUES
etc. 
157-164 DECEMBER DATA VALUES

742    1958 1165    -999999 1546    -999999 1012    1714    1259    571     781     692     934     1409    1575    1772    1791    1785    1253    738     651     
742    1959 1302    808     1722    612     1208    1930    1398    519     670     1003    1128    1489    1741    2051    1992    1916    1402    877     794     
742    1960 1211    882     1595    665     1220    1789    1264    572     628     1004    1108    1545    1874    1715    1780    1540    1230    1023    495     
742    1961 1265    868     1664    659     1199    1804    1353    592     915     965     1256    1379    1686    1897    1826    1937    1319    805     591     
742    1962 1121    746     1548    600     936     1804    1219    650     555     541     1032    1239    1685    1859    1864    1601    1308    745     333     
742    1963 1051    566     1495    144     1052    1696    1319    -70     170     876     1019    1261    1607    1842    1635    1595    1285    1078    268     
742    1964 1152    709     1635    383     1078    1832    1224    245     653     732     1018    1483    1680    1918    1894    1805    1108    762     511     
742    1965 1120    690     1444    470     1063    1640    1189    575     309     839     1000    1347    1589    1644    1686    1386    1356    820     817     
742    1966 1214    883     1578    772     1102    1720    1259    527     993     793     1179    1336    1704    1698    1758    1788    1332    656     793     
742    1967 1172    819     1545    691     1033    1814    1243    597     683     837     1013    1249    1650    1977    1809    1559    1385    780     494     
742    1968 1176    778     1543    556     1034    1791    1313    615     561     817     1053    1231    1667    1854    1849    1591    1472    869     503     
742    1969 1217    809     1624    559     1088    1859    1373    721     441     816     1083    1364    1623    2008    1936    1717    1513    886     440     
742    1970 1182    799     1600    578     978     1851    1345    637     665     640     886     1403    1856    1794    1904    1747    1211    1082    334     
742    1971 1188    726     1642    497     1061    1827    1270    586     578     561     1199    1427    1527    2110    1836    1739    1336    731     575     
742    1972 1137    801     1448    595     1051    1670    1189    502     716     940     1004    1207    1405    1853    1743    1463    1227    874     691     
742    1973 1173    746     1639    544     1016    1904    1261    439     499     725     901     1417    1771    1867    2068    1797    1165    823     559     
742    1974 1196    819     1540    688     1058    1801    1113    802     705     846     1028    1297    1683    1817    1899    1499    908     939     889     
742    1975 1196    835     1625    828     977     1944    1218    799     793     679     991     1262    1757    1974    2093    1655    1158    842     330     
742    1976 1254    721     1756    519     1098    2125    1224    587     648     758     1042    1492    2143    2114    2119    1609    1270    791     458     
742    1977 1176    808     1469    602     1061    1684    1261    513     860     957     917     1303    1493    1833    1720    1534    1401    844     707     
742    1978 1164    835     1496    619     1057    1683    1286    500     653     885     879     1401    1563    1758    1723    1641    1321    895     715     
742    1979 1134    756     1518    511     983     1750    1270    228     598     771     946     1232    1637    1898    1711    1677    1336    795     743     
742    1980 1096    781     1506    616     985     1690    1168    351     764     696     990     1271    1553    1663    1850    1698    1160    646     500     
742    1981 1230    755     1611    538     1179    1822    1313    617     493     1088    1097    1350    1635    1811    2013    1752    1274    914     663     
742    1982 1291    870     1693    735     1122    1913    1375    781     764     815     1087    1465    1856    2085    1797    1857    1262    1008    692     
742    1983 1254    842     1688    642     1032    2048    1310    748     468     844     989     1262    1816    2319    2001    1722    1281    927     605     
742    1984 1222    790     1611    606     1003    1917    1345    668     541     707     1190    1118    1765    1997    1983    1603    1340    1093    643     
742    1985 1166    763     1628    469     1074    1805    1285    165     613     721     1134    1369    1635    2027    1747    1844    1361    647     696     
742    1986 1141    691     1513    450     980     1790    1317    662     -56     764     805     1364    1789    1863    1716    1528    1475    942     741     
742    1987 1170    732     1653    418     1088    1830    1344    -31     558     700     1276    1296    1587    1956    1939    1854    1326    852     697     
742    1988 1260    880     1612    747     1174    1777    1313    859     679     852     1186    1485    1769    1713    1850    1663    1438    834     765     
742    1989 1365    930     1770    728     1287    2020    1413    629     798     1101    949     1800    1856    2154    2044    1796    1510    931     765     
742    1990 1348    1001    1756    858     1267    1980    1373    761     1069    977     1071    1747    1665    2095    2171    1761    1474    880     483     
742    1991 1193    790     1649    444     1144    1865    1301    533     302     1028    1014    1385    1496    1926    2160    1896    1175    836     499     
742    1992 1215    736     1640    507     1167    1884    1236    408     621     874     1008    1613    1729    1922    1996    1551    1058    1105    669     
742    1993 1178    841     1579    677     1121    1802    1055    843     504     844     1103    1416    1794    1726    1886    1537    1059    567     806     
742    1994 1312    824     1634    770     1129    1964    1343    723     784     995     994     1394    1757    2103    2026    1511    1365    1150    893     
742    1995 1297    971     1687    829     1115    2020    1333    671     935     813     1081    1451    1716    2178    2157    1514    1602    876     539     
742    1996 1178    840     1593    581     1046    1879    1260    720     476     805     1086    1248    1797    1935    1902    1582    1352    843     366     
742    1997 1307    800     1712    495     1257    1914    1424    309     843     1094    1150    1523    1620    1912    2202    1850    1387    1036    724     
742    1998 1231    920     1623    706     1187    1809    1235    645     753     959     983     1613    1650    1768    2003    1702    1308    691     659     
742    1999 1298    846     1712    694     1227    1915    1315    745     676     975     1137    1564    1687    2104    1948    1813    1337    794     739     
742    2000 1273    848     1659    697     1148    1861    1319    518     844     855     1044    1543    1788    1806    1987    1775    1250    936     916     
742    2001 1246    923     1626    767     1196    1892    1296    689     689     1037    1012    1534    1762    1926    1983    1519    1597    761     391     
742    2002 1303    901     1607    686     1165    1811    1371    805     881     965     1131    1398    1727    1839    1865    1669    1375    1068    885     
742    2003 1335    918     1832    643     1277    2160    1314    455     584     1114    1254    1463    2053    2039    2385    1788    1131    1030    684     
742    2004 1260    819     1697    665     1097    1938    1370    683     627     755     1084    1452    1893    1899    2021    1826    1345    940     575     
742    2005 1290    833     1735    594     1153    2019    1419    717     479     911     1119    1427    2043    2053    1962    1800    1643    807     461     
742    2006 1301    772     1762    455     1114    2028    1532    471     432     787     1125    1431    1947    2327    1809    1921    1573    1099    638     
742    2007 1272    995     1655    802     1294    1788    1215    838     942     880     1490    1518    1782    1779    1802    1553    1274    816     573     
742    2008 1235    864     1610    738     1200    1806    1206    784     865     869     1079    1647    1738    1842    1835    1502    1206    910     535     
742    2009 1274    766     1698    526     1184    1910    1443    426     625     887     1140    1524    1854    1873    2000    1787    1404    1139    596     
742    2010 1177    805     1679    485     1145    1935    1247    314     552     811     1239    1389    1886    2065    1857    1643    1283    814     273     
742    2011 -999999 799     -999999 559     -999999 -999999 -999999 599     833     994     1484    -999999 -999999 -999999 -999999 -999999 -999999 -999999 -999999 
