EUROPEAN CLIMATE ASSESSMENT & DATASET (ECA&D), file created on: 10-05-2011
THESE DATA CAN BE USED FREELY PROVIDED THAT THE FOLLOWING SOURCE IS ACKNOWLEDGED: 

Klein Tank, A.M.G. and Coauthors, 2002. Daily dataset of 20th-century surface
air temperature and precipitation series for the European Climate Assessment.
Int. J. of Climatol., 22, 1441-1453.
Data and metadata available at http://eca.knmi.nl

FILE FORMAT (MISSING VALUE CODE = -999999):

THIS FILE HOLDS DATA FOR STATION GERMANY                                  NUERNBERG-KRA.                           (STAID:    827)
LATITUDE: dd:mm:ss +49:30:00
LONGITUDE: ddd:mm:ss +011:03:00
ELEVATION: m  314

DATA IS FOR INDEX Mean of daily mean temperature (TG) with unit 0.01 Temperature (&#176;C)

01-06 SOUID: Source identifier
08-11 YEAR : YYYY
13-20 ANNUAL DATA VALUES
21-28 WINTER HALF YEAR DATA VALUES
29-36 SUMMER HALF YEAR DATA VALUES
37-44 WINTER (DJF) DATA VALUES
45-52 SPRING (MAM) DATA VALUES
53-60 SUMMER (JJA) DATA VALUES
61-68 AUTUMN (SON) DATA VALUES
69-76 JANUARY DATA VALUES
etc. 
157-164 DECEMBER DATA VALUES

827    1955 -999999 -999999 1353    -999999 -999999 1663    784     -999999 -999999 -999999 709     1089    1582    1746    1659    1318    734     300     223     
827    1956 684     90      1305    -262    708     1538    794     -2      -1057   273     606     1240    1381    1748    1478    1359    825     198     77      
827    1957 871     341     1378    104     822     1753    814     -111    371     684     762     1018    1809    1899    1554    1215    811     415     -6      
827    1958 852     221     1433    41      669     1700    920     -84     230     -31     580     1455    1556    1776    1763    1443    871     447     181     
827    1959 904     338     1501    24      973     1804    766     -37     -84     614     955     1348    1706    1994    1707    1279    739     281     274     
827    1960 879     291     1417    68      892     1701    907     -85     13      506     804     1364    1781    1658    1666    1217    922     580     89      
827    1961 918     411     1466    125     930     1623    1028    -86     397     570     1162    1066    1637    1571    1662    1702    1028    355     -56     
827    1962 739     247     1355    10      662     1632    781     114     -33     47      910     1037    1514    1635    1743    1281    823     236     -487    
827    1963 740     -92     1478    -618    806     1730    992     -730    -639    200     936     1285    1668    1867    1654    1443    778     761     -419    
827    1964 863     132     1564    -289    840     1844    905     -472    45      111     979     1433    1850    1998    1685    1424    774     522     -7      
827    1965 795     233     1352    -53     719     1633    744     100     -271    239     700     1218    1663    1664    1572    1280    757     193     345     
827    1966 905     299     1459    175     906     1662    906     -364    583     304     1044    1373    1769    1609    1612    1340    1157    211     218     
827    1967 935     405     1478    159     869     1790    995     17      251     551     700     1349    1576    2046    1741    1430    1198    351     -49     
827    1968 850     327     1434    -17     862     1697    897     -140    148     442     928     1217    1696    1733    1663    1358    1006    324     -184    
827    1969 843     210     1498    -116    831     1763    962     8       -178    246     801     1445    1565    1974    1744    1437    924     527     -447    
827    1970 847     160     1441    -228    668     1792    985     -213    -2      167     625     1211    1858    1760    1761    1417    937     602     -3      
827    1971 888     260     1518    -41     884     1789    782     -220    114     128     990     1539    1475    1967    1915    1196    804     346     336     
827    1972 819     351     1374    112     877     1701    705     -204    208     607     807     1214    1550    1883    1664    1107    622     390     -41     
827    1973 863     225     1493    -15     799     1809    851     -59     61      367     589     1434    1718    1810    1896    1492    743     324     -71     
827    1974 943     393     1418    189     912     1678    803     330     322     699     840     1194    1519    1647    1862    1431    549     438     443     
827    1975 941     404     1531    332     856     1800    894     393     141     435     790     1340    1563    1922    1907    1647    762     276     60      
827    1976 933     262     1562    120     804     1921    951     214     83      164     791     1456    1925    2130    1709    1341    993     518     -159    
827    1977 953     416     1424    89      888     1766    945     67      387     691     647     1317    1700    1856    1741    1262    1039    529     155     
827    1978 832     377     1354    48      828     1618    824     87      -113    523     757     1201    1600    1673    1579    1302    847     321     134     
827    1979 869     235     1432    -100    851     1731    871     -447    23      515     690     1344    1856    1670    1670    1351    910     351     435     
827    1980 827     381     1380    173     760     1673    833     -203    296     492     609     1176    1616    1577    1825    1461    786     255     18      
827    1981 890     259     1487    -105    1011    1724    967     -262    -68     793     871     1364    1693    1744    1736    1502    920     482     -151    
827    1982 936     229     1545    -166    829     1867    1050    -291    -46     444     685     1353    1773    2043    1783    1616    954     582     266     
827    1983 959     423     1607    169     890     2001    858     387     -179    473     971     1230    1798    2265    1934    1427    911     234     -31     
827    1984 829     233     1345    6       672     1648    939     79      -32     222     690     1105    1479    1710    1750    1320    1020    474     98      
827    1985 791     155     1473    -308    870     1710    780     -606    -427    324     848     1438    1474    1909    1741    1406    825     109     353     
827    1986 874     201     1490    -40     914     1786    873     61      -585    365     801     1573    1718    1814    1823    1186    947     485     181     
827    1987 812     175     1447    -124    665     1682    1001    -533    -10     -27     971     1060    1509    1867    1665    1604    947     453     199     
827    1988 981     407     1545    242     937     1780    911     308     218     303     923     1585    1620    1866    1849    1403    1065    259     329     
827    1989 993     480     1540    263     1019    1807    919     158     305     737     791     1522    1635    1943    1837    1489    1034    229     178     
827    1990 993     467     1505    279     998     1814    911     148     536     673     771     1543    1658    1798    1980    1256    1005    468     36      
827    1991 898     354     1492    -6      813     1855    930     156     -233    641     781     1016    1509    2101    1942    1579    810     406     -25     
827    1992 999     344     1628    105     998     1956    899     96      254     521     862     1607    1773    1971    2120    1411    718     573     57      
827    1993 944     318     1578    72      1069    1757    752     274     -135    383     1186    1642    1697    1785    1787    1354    820     79      372     
827    1994 1090    420     1638    278     1001    2038    1016    324     123     761     811     1424    1820    2320    1968    1460    800     796     398     
827    1995 971     475     1558    294     919     1878    934     3       503     362     1025    1372    1535    2201    1888    1303    1232    258     -65     
827    1996 755     194     1372    -165    732     1688    835     -262    -169    151     827     1220    1721    1631    1712    1109    929     465     -303    
827    1997 913     308     1469    -78     904     1782    859     -287    404     655     684     1367    1631    1714    1996    1401    763     416     184     
827    1998 945     399     1519    221     988     1773    822     175     313     537     953     1474    1777    1733    1808    1353    939     169     62      
827    1999 960     322     1570    76      982     1780    938     174     -16     568     909     1468    1587    1952    1795    1690    870     255     189     
827    2000 1014    382     1555    195     1053    1770    1014    25      382     568     1052    1539    1843    1614    1855    1416    1055    571     239     
827    2001 931     458     1479    173     964     1784    902     41      246     578     748     1560    1500    1890    1954    1191    1230    275     -104    
827    2002 984     405     1521    108     945     1856    923     -48     515     566     853     1412    1854    1834    1879    1272    880     618     149     
827    2003 991     341     1693    -22     1003    2099    867     -38     -194    586     890     1530    2100    1972    2223    1418    651     539     131     
827    2004 922     327     1494    119     861     1779    954     -31     265     408     989     1189    1617    1808    1907    1442    1014    403     33      
827    2005 911     300     1525    0       900     1761    970     130     -182    357     995     1351    1784    1883    1616    1509    1072    326     19      
827    2006 970     221     1591    -103    823     1853    1185    -282    -39     210     871     1390    1752    2257    1545    1714    1200    642     323     
827    2007 1006    616     1553    408     1117    1775    786     458     446     611     1233    1510    1814    1797    1715    1235    830     292     97      
827    2008 979     395     1523    261     950     1826    868     343     350     451     833     1564    1812    1883    1782    1241    885     477     107     
827    2009 944     266     1602    -77     1044    1798    1011    -348    20      438     1257    1445    1598    1846    1944    1510    842     686     40      
827    2010 841     290     1483    -84     848     1851    855     -285    1       443     928     1175    1758    2096    1696    1228    790     549     -330    
827    2011 -999999 299     -999999 -47     -999999 -999999 -999999 105     99      569     1213    -999999 -999999 -999999 -999999 -999999 -999999 -999999 -999999 
