EUROPEAN CLIMATE ASSESSMENT & DATASET (ECA&D), file created on: 10-05-2011
THESE DATA CAN BE USED FREELY PROVIDED THAT THE FOLLOWING SOURCE IS ACKNOWLEDGED: 

Klein Tank, A.M.G. and Coauthors, 2002. Daily dataset of 20th-century surface
air temperature and precipitation series for the European Climate Assessment.
Int. J. of Climatol., 22, 1441-1453.
Data and metadata available at http://eca.knmi.nl

FILE FORMAT (MISSING VALUE CODE = -999999):

THIS FILE HOLDS DATA FOR STATION SPAIN                                    BILBAO AEROPUERTO                        (STAID:   1393)
LATITUDE: dd:mm:ss +43:17:53
LONGITUDE: ddd:mm:ss -002:54:20
ELEVATION: m   42

DATA IS FOR INDEX Mean of daily mean temperature (TG) with unit 0.01 Temperature (&#176;C)

01-06 SOUID: Source identifier
08-11 YEAR : YYYY
13-20 ANNUAL DATA VALUES
21-28 WINTER HALF YEAR DATA VALUES
29-36 SUMMER HALF YEAR DATA VALUES
37-44 WINTER (DJF) DATA VALUES
45-52 SPRING (MAM) DATA VALUES
53-60 SUMMER (JJA) DATA VALUES
61-68 AUTUMN (SON) DATA VALUES
69-76 JANUARY DATA VALUES
etc. 
157-164 DECEMBER DATA VALUES

1393   1958 -999999 -999999 -999999 -999999 1274    -999999 -999999 901     1177    1096    1131    1585    1754    -999999 -999999 -999999 -999999 -999999 1113    
1393   1959 1462    -999999 1760    1008    1325    1946    1568    998     904     1215    1289    1467    1795    2026    2012    1962    1635    1104    1086    
1393   1960 1419    1192    1704    1040    1355    1889    1491    945     1093    1282    1198    1580    1881    1850    1936    1772    1465    1237    782     
1393   1961 1498    1115    1794    954     1375    1892    1629    842     1269    1115    1426    1577    1812    1927    1934    2087    1654    1144    1169    
1393   1962 1360    1120    1702    974     1194    1883    1522    947     789     979     1139    1455    1675    1883    2083    1964    1669    928     752     
1393   1963 1348    996     1624    706     1240    1845    1574    686     678     1235    1201    1282    1758    1966    1808    1721    1621    1378    791     
1393   1964 1391    1108    1776    862     1302    1914    1476    826     977     1056    1175    1670    1728    1999    2009    2062    1360    1009    806     
1393   1965 1348    965     1597    757     1231    1791    1506    823     629     1140    1103    1443    1640    1822    1906    1654    1724    1134    1081    
1393   1966 1387    1181    1679    1126    1187    1791    1478    1020    1294    834     1347    1373    1709    1764    1898    1983    1545    903     957     
1393   1967 1374    1055    1642    939     1179    1841    1595    845     1022    1049    999     1479    1638    1946    1932    1841    1715    1226    755     
1393   1968 1407    1093    1655    872     1191    1856    1633    885     982     993     1229    1352    1668    1951    1941    1781    1834    1278    977     
1393   1969 1376    1159    1668    920     1255    1861    1513    1050    714     1059    1167    1532    1570    2039    1965    1721    1731    1080    815     
1393   1970 1362    1065    1697    922     1081    1940    1562    1076    869     792     995     1444    1850    1954    2014    1914    1380    1398    610     
1393   1971 1361    962     1714    762     1164    1906    1490    879     802     693     1341    1447    1595    2154    1959    1773    1736    952     927     
1393   1972 1295    1068    1512    875     1143    1725    1411    755     946     1080    1076    1271    1510    1859    1798    1544    1485    1201    994     
1393   1973 1340    1017    1718    856     1154    1918    1479    815     750     834     1008    1604    1732    1895    2120    1931    1421    1088    818     
1393   1974 1352    1071    1626    952     1195    1837    1361    1114    922     1049    1100    1427    1731    1876    1899    1711    1168    1210    979     
1393   1975 1361    1046    1689    1012    1105    1954    1471    1011    1049    859     1103    1345    1746    2039    2069    1819    1562    1030    660     
1393   1976 1374    1001    1713    801     1156    2019    1418    739     1017    1003    999     1460    1967    2039    2050    1749    1496    1007    948     
1393   1977 1393    1122    1570    981     1242    1745    1518    812     1206    1275    1136    1313    1591    1844    1794    1731    1688    1130    1176    
1393   1978 1389    1161    1619    1019    1185    1802    1531    753     1140    1070    1102    1375    1625    1841    1934    1827    1581    1183    1213    
1393   1979 1391    1145    1666    1022    1200    1860    1516    873     974     1029    1153    1410    1690    1975    1911    1850    1626    1068    1083    
1393   1980 1367    1136    1644    1016    1172    1818    1561    856     1116    1065    1087    1361    1659    1760    2028    1963    1534    1187    784     
1393   1981 1426    1079    1702    791     1375    1862    1561    805     783     1366    1190    1561    1741    1850    1990    1870    1584    1230    1085    
1393   1982 1466    1184    1773    1096    1240    1952    1605    1144    1055    992     1177    1541    1892    2038    1923    2057    1514    1246    976     
1393   1983 1488    1096    1806    894     1286    2026    1732    905     791     1117    1303    1437    1831    2219    2020    2019    1645    1536    994     
1393   1984 1378    1121    1689    896     1145    1919    1556    921     765     858     1370    1214    1756    2032    1964    1793    1550    1324    971     
1393   1985 1464    1092    1812    905     1221    2007    1672    595     1175    948     1296    1413    1834    2143    2039    2140    1759    1113    1082    
1393   1986 1441    1155    1730    985     1219    1957    1612    951     916     1085    997     1568    1810    2015    2040    1938    1705    1191    1037    
1393   1987 1496    1122    1839    907     1334    1973    1694    757     929     1096    1473    1438    1766    1999    2146    2210    1658    1216    1235    
1393   1988 1499    1224    1801    1127    1362    1960    1666    1162    976     1080    1385    1622    1849    1974    2054    1913    1777    1304    867     
1393   1989 1548    1165    1818    884     1364    2066    1686    785     1014    1232    1109    1742    1892    2174    2127    1847    1742    1468    1404    
1393   1990 1499    1358    1829    1221    1393    2009    1610    939     1331    1262    1161    1745    1754    2093    2173    2033    1667    1128    686     
1393   1991 1395    1054    1736    772     1199    1964    1560    826     808     1189    1059    1345    1695    2000    2189    2115    1367    1206    901     
1393   1992 1401    1016    1735    833     1303    1909    1505    693     912     1019    1180    1707    1573    2048    2096    1782    1310    1428    1040    
1393   1993 1394    1117    1705    956     1293    1901    1402    1005    809     1092    1214    1572    1816    1861    2024    1734    1414    1058    1087    
1393   1994 1490    1119    1763    999     1320    2031    1592    886     1028    1230    1140    1583    1813    2131    2143    1746    1599    1431    1108    
1393   1995 1505    1208    1769    1052    1295    2022    1647    939     1114    1056    1176    1649    1748    2187    2124    1708    1906    1317    1095    
1393   1996 1423    1249    1710    1037    1313    1937    1447    1217    782     1148    1300    1490    1853    2014    1940    1651    1551    1135    960     
1393   1997 1553    1175    1826    1040    1412    1988    1729    967     1208    1232    1277    1716    1825    1922    2211    1991    1852    1339    1055    
1393   1998 1472    1295    1779    1098    1360    1972    1500    1068    1179    1267    1234    1572    1855    1976    2081    1946    1481    1072    902     
1393   1999 1460    1077    1844    909     1391    1999    1539    1004    811     1164    1318    1687    1753    2081    2154    2060    1591    965     880     
1393   2000 -999999 1037    1810    884     1328    1968    1537    700     1086    1005    1301    1679    1887    1963    2052    1967    1480    1124    -999999 
1393   2001 -999999 -999999 -999999 -999999 1382    1986    1541    -999999 -999999 1429    1190    1528    1809    1945    2181    1727    1918    957     714     
1393   2002 -999999 -999999 -999999 998     1319    1806    1687    1137    1157    1246    1227    1472    1714    1825    1875    1836    1788    1433    1376    
1393   2003 -999999 -999999 -999999 -999999 1542    2245    1670    927     967     1467    1530    1632    2149    2123    2466    2094    1558    1377    1086    
1393   2004 -999999 -999999 1846    1039    1268    2099    1658    1060    959     1016    1229    1535    2040    2011    2243    2015    1841    1131    1052    
1393   2005 -999999 -999999 -999999 906     1462    2096    1669    957     686     1254    1372    1747    2077    2133    2080    1906    1907    1193    778     
1393   2006 -999999 -999999 1942    787     1500    2134    1888    806     777     1402    1373    1725    2001    2356    2037    2144    1967    1543    987     
1393   2007 -999999 -999999 1816    1096    1394    2000    1467    1063    1263    1071    1469    1625    1915    2051    2032    1797    1563    1012    903     
1393   2008 -999999 -999999 -999999 1111    1408    1993    1502    1130    1319    1167    1352    1696    1851    2030    2079    1863    1515    1113    892     
1393   2009 -999999 1078    -999999 913     1320    2113    1733    938     907     1090    1246    1633    1970    2160    2207    1956    1754    1497    1032    
1393   2010 -999999 -999999 -999999 964     1404    2025    -999999 893     966     1211    1453    1545    1839    2127    2111    1920    1635    1155    885     
1393   2011 -999999 -999999 -999999 1002    -999999 -999999 -999999 999     1134    1302    1717    -999999 -999999 -999999 -999999 -999999 -999999 -999999 -999999 
