EUROPEAN CLIMATE ASSESSMENT & DATASET (ECA&D), file created on: 10-05-2011
THESE DATA CAN BE USED FREELY PROVIDED THAT THE FOLLOWING SOURCE IS ACKNOWLEDGED: 

Klein Tank, A.M.G. and Coauthors, 2002. Daily dataset of 20th-century surface
air temperature and precipitation series for the European Climate Assessment.
Int. J. of Climatol., 22, 1441-1453.
Data and metadata available at http://eca.knmi.nl

FILE FORMAT (MISSING VALUE CODE = -999999):

THIS FILE HOLDS DATA FOR STATION BELARUS                                  LYNTUPY                                  (STAID:    617)
LATITUDE: dd:mm:ss +55:06:00
LONGITUDE: ddd:mm:ss +026:18:00
ELEVATION: m  209

DATA IS FOR INDEX Mean of daily mean temperature (TG) with unit 0.01 Temperature (&#176;C)

01-06 SOUID: Source identifier
08-11 YEAR : YYYY
13-20 ANNUAL DATA VALUES
21-28 WINTER HALF YEAR DATA VALUES
29-36 SUMMER HALF YEAR DATA VALUES
37-44 WINTER (DJF) DATA VALUES
45-52 SPRING (MAM) DATA VALUES
53-60 SUMMER (JJA) DATA VALUES
61-68 AUTUMN (SON) DATA VALUES
69-76 JANUARY DATA VALUES
etc. 
157-164 DECEMBER DATA VALUES

617    1995 -999999 -999999 -999999 -999999 643     -999999 -999999 -454    78      172     583     1171    1785    1694    1647    1150    777     -218    -824    
617    1996 -999999 -999999 -999999 -897    463     1565    686     -924    -948    -537    610     1351    1472    1506    1717    884     769     403     -753    
617    1997 -999999 -999999 -999999 -507    462     1707    578     -547    -177    -45     349     1079    1567    1773    1775    1099    486     138     -513    
617    1998 -999999 -999999 -999999 -247    586     1598    388     -121    -79     -165    707     1238    1698    1637    1458    1134    591     -567    -441    
617    1999 -999999 -197    -999999 -428    628     1834    639     -321    -527    33      926     934     1955    1947    1606    1337    670     -45     -161    
617    2000 724     13      1305    -221    773     1530    750     -408    -84     99      1013    1215    1461    1571    1555    989     862     403     -3      
617    2001 -999999 80      -999999 -223    608     1773    685     -223    -467    -135    826     1153    1450    2121    1738    1194    757     78      -862    
617    2002 675     -999999 1437    -387    789     1782    500     -331    78      227     722     1415    1577    1949    1815    1125    320     60      -960    
617    2003 -999999 -999999 1311    -736    573     1644    614     -639    -611    -39     396     1336    1413    1909    1595    1188    401     267     -66     
617    2004 587     -106    1264    -451    546     1584    640     -829    -444    40      610     990     1366    1637    1743    1217    732     -12     -19     
617    2005 618     -999999 1337    -279    448     1618    749     -151    -703    -479    655     1145    1441    1811    1596    1357    722     170     -303    
617    2006 652     -241    1386    -645    414     1750    857     -809    -842    -426    556     1116    1552    1966    1727    1375    895     300     304     
617    2007 722     192     1395    -189    808     1739    630     -19     -924    490     572     1355    1692    1657    1866    1205    703     -21     -55     
617    2008 746     109     1329    -69     674     1665    708     -213    70      163     816     1048    1469    1744    1777    1103    825     190     -69     
617    2009 624     14      1328    -304    620     1579    697     -382    -477    -45     755     1154    1445    1749    1534    1320    459     320     -378    
617    2010 602     -226    1506    -691    669     1936    611     -1176   -499    -90     733     1368    1655    2175    1969    1105    408     326     -812    
617    2011 -999999 -244    -999999 -708    -999999 -999999 -999999 -414    -918    -101    782     -999999 -999999 -999999 -999999 -999999 -999999 -999999 -999999 
