EUROPEAN CLIMATE ASSESSMENT & DATASET (ECA&D), file created on: 10-05-2011
THESE DATA CAN BE USED FREELY PROVIDED THAT THE FOLLOWING SOURCE IS ACKNOWLEDGED: 

Klein Tank, A.M.G. and Coauthors, 2002. Daily dataset of 20th-century surface
air temperature and precipitation series for the European Climate Assessment.
Int. J. of Climatol., 22, 1441-1453.
Data and metadata available at http://eca.knmi.nl

FILE FORMAT (MISSING VALUE CODE = -999999):

THIS FILE HOLDS DATA FOR STATION RUSSIAN FEDERATION                       OPARINO                                  (STAID:   1178)
LATITUDE: dd:mm:ss +59:54:00
LONGITUDE: ddd:mm:ss +048:18:00
ELEVATION: m  180

DATA IS FOR INDEX Mean of daily mean temperature (TG) with unit 0.01 Temperature (&#176;C)

01-06 SOUID: Source identifier
08-11 YEAR : YYYY
13-20 ANNUAL DATA VALUES
21-28 WINTER HALF YEAR DATA VALUES
29-36 SUMMER HALF YEAR DATA VALUES
37-44 WINTER (DJF) DATA VALUES
45-52 SPRING (MAM) DATA VALUES
53-60 SUMMER (JJA) DATA VALUES
61-68 AUTUMN (SON) DATA VALUES
69-76 JANUARY DATA VALUES
etc. 
157-164 DECEMBER DATA VALUES

1178   1995 -999999 -999999 -999999 -999999 561     1562    253     -1081   -448    -188    672     1183    1600    1539    1551    1118    332     -727    -1544   
1178   1996 -999999 -839    -999999 -1386   129     1499    -999999 -1316   -1291   -510    31      886     1451    1700    1352    624     187     -8      -1124   
1178   1997 -999999 -999999 -999999 -999999 229     1485    111     -1798   -1028   -437    296     812     1619    1508    1336    849     178     -697    -1262   
1178   1998 -999999 -999999 -999999 -999999 148     1639    77      -1045   -1947   -333    -280    1043    1701    1820    1398    832     312     -890    -970    
1178   1999 -999999 -999999 -999999 -1159   105     1598    159     -1582   -906    -575    501     448     1664    1781    1344    869     605     -1029   -620    
1178   2000 -999999 -999999 -999999 -822    374     -999999 -999999 -1116   -704    -337    649     810     1555    1955    1369    861     368     -571    -1375   
1178   2001 -999999 -999999 -999999 -999999 -999999 1541    223     -963    -1365   -471    -999999 928     1458    1839    1325    1083    70      -502    -1583   
1178   2002 -999999 -999999 -999999 -1069   291     1414    -999999 -1115   -486    -237    386     729     1345    1845    1079    849     13      -609    -1966   
1178   2003 -999999 -999999 -999999 -1549   305     1563    382     -1418   -1246   -525    377     1094    1119    1860    1711    920     502     -247    -486    
1178   2004 -999999 -999999 -999999 -901    284     1585    244     -1139   -1063   -191    -6      1031    1402    1923    1436    1039    247     -554    -932    
1178   2005 -999999 -999999 -999999 -999999 299     1598    524     -820    -1182   -906    398     1329    1414    1769    1618    1054    493     64      -850    
1178   2006 -999999 -999999 -999999 -1323   232     1572    185     -1610   -1507   -662    370     1018    1781    1513    1418    1011    121     -574    -310    
1178   2007 -999999 -999999 -999999 -880    534     1572    250     -737    -1664   53      361     1210    1207    1788    1716    951     390     -591    -738    
1178   2008 -999999 -999999 -999999 -858    344     1564    -999999 -1109   -707    -152    386     832     1354    1828    1503    735     609     -2      -514    
1178   2009 -999999 -999999 -999999 -860    232     1502    438     -1197   -859    -377    41      1080    1531    1539    1436    1220    255     -155    -1379   
1178   2010 239     -847    1372    -1573   482     1755    294     -1859   -1464   -532    555     1426    1494    2095    1660    969     238     -345    -1513   
1178   2011 -999999 -999999 -999999 -1480   -999999 -999999 -999999 -1199   -1735   -400    384     -999999 -999999 -999999 -999999 -999999 -999999 -999999 -999999 
