EUROPEAN CLIMATE ASSESSMENT & DATASET (ECA&D), file created on: 10-05-2011
THESE DATA CAN BE USED FREELY PROVIDED THAT THE FOLLOWING SOURCE IS ACKNOWLEDGED: 

Klein Tank, A.M.G. and Coauthors, 2002. Daily dataset of 20th-century surface
air temperature and precipitation series for the European Climate Assessment.
Int. J. of Climatol., 22, 1441-1453.
Data and metadata available at http://eca.knmi.nl

FILE FORMAT (MISSING VALUE CODE = -999999):

THIS FILE HOLDS DATA FOR STATION FINLAND                                  KOKEMAKI PEIPOHJA HY                     (STAID:    707)
LATITUDE: dd:mm:ss +61:16:12
LONGITUDE: ddd:mm:ss +022:15:00
ELEVATION: m   38

DATA IS FOR INDEX Mean of daily mean temperature (TG) with unit 0.01 Temperature (&#176;C)

01-06 SOUID: Source identifier
08-11 YEAR : YYYY
13-20 ANNUAL DATA VALUES
21-28 WINTER HALF YEAR DATA VALUES
29-36 SUMMER HALF YEAR DATA VALUES
37-44 WINTER (DJF) DATA VALUES
45-52 SPRING (MAM) DATA VALUES
53-60 SUMMER (JJA) DATA VALUES
61-68 AUTUMN (SON) DATA VALUES
69-76 JANUARY DATA VALUES
etc. 
157-164 DECEMBER DATA VALUES

707    1959 -999999 -999999 -999999 -999999 -999999 1535    472     -999999 -999999 -999999 -999999 865     1391    1642    1567    859     445     113     -495    
707    1960 410     -369    1183    -786    282     1589    406     -967    -904    -421    275     991     1503    1771    1490    1046    295     -118    -93     
707    1961 554     -80     1126    -235    427     1499    691     -497    -103    35      297     946     1615    1506    1380    997     880     191     -635    
707    1962 258     -263    844     -580    108     956     550     -495    -614    -925    414     846     1156    464     1256    929     655     61      -691    
707    1963 342     -518    1195    -975    166     1508    552     -1005   -1258   -925    228     1197    1363    1602    1554    1198    524     -67     -420    
707    1964 405     -313    1067    -582    206     1409    527     -305    -1053   -595    320     895     1325    1501    1400    943     658     -25     -269    
707    1965 350     -193    1057    -455    189     1369    405     -358    -768    -447    406     615     1402    1342    1365    1206    526     -521    -640    
707    1966 277     -659    1066    -1200   162     1539    494     -1425   -1572   -406    -35     922     1591    1643    1384    866     464     152     -398    
707    1967 401     -258    1109    -754    407     1447    731     -1264   -584    65      260     890     1257    1515    1562    1149    731     312     -1133   
707    1968 317     -424    1079    -1129   275     1472    323     -1514   -713    -221    379     671     1511    1449    1456    998     174     -199    -209    
707    1969 270     -504    1102    -753    121     1512    423     -997    -1087   -751    303     816     1401    1562    1569    938     506     -177    -926    
707    1970 295     -576    1072    -1185   237     1486    389     -1209   -1445   -277    79      904     1458    1584    1414    970     420     -223    -263    
707    1971 407     -246    1056    -364    183     1451    330     -263    -587    -592    198     943     1285    1590    1472    819     431     -263    -236    
707    1972 510     -288    1193    -514    265     1664    475     -762    -547    -365    207     952     1561    1827    1601    985     434     8       177     
707    1973 417     25      1097    -101    385     1573    134     -119    -389    1       249     901     1489    1827    1400    686     172     -456    -825    
707    1974 542     -280    1057    -402    244     1411    599     -256    -96     -207    251     689     1335    1488    1405    1160    477     164     54      
707    1975 554     24      1134    -150    427     1410    606     -175    -348    -58     304     1030    1170    1610    1442    1222    470     130     -220    
707    1976 247     -363    989     -696    163     1338    286     -1196   -672    -693    177     1007    1179    1455    1376    712     145     6       -556    
707    1977 370     -371    999     -728    263     1378    491     -649    -1007   -216    114     885     1349    1415    1367    840     520     113     -389    
707    1978 277     -318    1021    -734    252     1389    481     -625    -1237   -363    166     950     1382    1445    1340    820     398     228     -1274   
707    1979 382     -465    1119    -1099   379     1481    482     -933    -1088   -158    236     1055    1470    1468    1503    956     380     113     -520    
707    1980 355     -422    1171    -788    186     1569    397     -876    -981    -665    482     752     1646    1634    1429    1072    452     -336    -391    
707    1981 369     -363    1086    -543    179     1434    516     -568    -685    -682    148     1070    1318    1616    1365    972     591     -18     -774    
707    1982 421     -369    1068    -920    342     1436    572     -1250   -716    -67     238     853     1114    1605    1578    994     397     329     -103    
707    1983 484     -122    1191    -370    417     1451    518     -181    -875    -361    523     1092    1308    1599    1440    1163    573     -185    -396    
707    1984 488     -288    1158    -509    354     1431    584     -623    -507    -598    418     1243    1347    1531    1412    973     692     83      -151    
707    1985 208     -477    1044    -1143   199     1485    490     -1627   -1706   -256    10      836     1362    1522    1567    940     696     -172    -825    
707    1986 370     -426    1092    -1020   425     1495    552     -994    -1264   -72     269     1073    1575    1596    1317    699     588     367     -823    
707    1987 234     -523    972     -1152   125     1296    519     -1819   -779    -669    294     757     1243    1434    1211    877     694     -19     -471    
707    1988 471     -145    1220    -397    281     1658    413     -305    -416    -367    158     1049    1650    1858    1465    1117    464     -343    -712    
707    1989 616     -70     1210    -242    588     1502    559     -34     46      164     593     1008    1482    1574    1450    1141    502     37      -605    
707    1990 580     -34     1143    -294    524     1512    391     -358    122     113     573     887     1394    1578    1560    846     519     -196    -108    
707    1991 528     -145    1111    -391    379     1510    597     -345    -755    -48     442     744     1227    1637    1655    934     572     288     -115    
707    1992 547     75      1155    -175    464     1486    339     -152    -264    105     175     1104    1504    1513    1442    1173    -6      -137    67      
707    1993 476     -88     1075    -121    557     1363    237     -193    -251    -26     393     1298    1120    1599    1363    644     373     -309    -372    
707    1994 434     -400    1142    -731    315     1520    477     -496    -1389   -296    511     736     1237    1806    1507    1031    469     -69     18      
707    1995 503     -14     1142    -167    399     1526    534     -390    -126    3       309     882     1651    1485    1447    1067    777     -250    -853    
707    1996 376     -415    1075    -847    216     1463    587     -549    -1159   -500    294     857     1284    1428    1671    892     677     189     -628    
707    1997 514     -118    1192    -524    291     1721    441     -488    -448    -35     156     748     1576    1788    1795    1066    270     -7      -324    
707    1998 444     -197    1101    -345    272     1422    409     -228    -499    -419    352     887     1353    1567    1345    1087    507     -372    -316    
707    1999 496     -293    1200    -584    357     1588    651     -672    -784    -170    506     741     1706    1704    1358    1176    618     161     -459    
707    2000 621     -90     1166    -368    460     1481    726     -323    -318    -226    561     1049    1382    1602    1456    923     825     425     66      
707    2001 -999999 -999999 -999999 -999999 -999999 -999999 -999999 -999999 -999999 -999999 -999999 -999999 -999999 -999999 -999999 -999999 -999999 -999999 -999999 
707    2002 -999999 -999999 -999999 -999999 -999999 -999999 -999999 -999999 -999999 -999999 -999999 -999999 -999999 -999999 -999999 -999999 -999999 -999999 -999999 
707    2003 -999999 -999999 -999999 -999999 -999999 -999999 -999999 -999999 -999999 -999999 -999999 -999999 -999999 -999999 -999999 -999999 -999999 -999999 -999999 
707    2004 -999999 -999999 -999999 -999999 -999999 -999999 -999999 -999999 -999999 -999999 -999999 -999999 -999999 -999999 -999999 -999999 -999999 -999999 -999999 
707    2005 -999999 -999999 -999999 -999999 -999999 -999999 -999999 -999999 -999999 -999999 -999999 -999999 -999999 -999999 -999999 -999999 -999999 -999999 -999999 
707    2006 -999999 -999999 -999999 -999999 -999999 -999999 -999999 -999999 -999999 -999999 -999999 -999999 -999999 -999999 -999999 -999999 -999999 -999999 -999999 
707    2007 -999999 -999999 -999999 -999999 -999999 -999999 -999999 -999999 -999999 -999999 -999999 -999999 -999999 -999999 -999999 -999999 -999999 -999999 -999999 
707    2008 -999999 -999999 -999999 -999999 491     1490    591     -999999 -12     -70     595     951     1407    1618    1442    938     702     175     43      
707    2009 519     -49     1243    -329    469     1528    601     -479    -574    -204    497     1114    1356    1657    1564    1253    323     237     -581    
707    2010 -999999 -412    -999999 -908    397     -999999 -999999 -1185   -963    -334    474     1179    -999999 -999999 -999999 -999999 -999999 -999999 -999999 
