EUROPEAN CLIMATE ASSESSMENT & DATASET (ECA&D), file created on: 10-05-2011
THESE DATA CAN BE USED FREELY PROVIDED THAT THE FOLLOWING SOURCE IS ACKNOWLEDGED: 

Klein Tank, A.M.G. and Coauthors, 2002. Daily dataset of 20th-century surface
air temperature and precipitation series for the European Climate Assessment.
Int. J. of Climatol., 22, 1441-1453.
Data and metadata available at http://eca.knmi.nl

FILE FORMAT (MISSING VALUE CODE = -999999):

THIS FILE HOLDS DATA FOR STATION PORTUGAL                                 PORTO                                    (STAID:    215)
LATITUDE: dd:mm:ss +41:07:59
LONGITUDE: ddd:mm:ss -008:36:00
ELEVATION: m   93

DATA IS FOR INDEX Mean of daily mean temperature (TG) with unit 0.01 Temperature (&#176;C)

01-06 SOUID: Source identifier
08-11 YEAR : YYYY
13-20 ANNUAL DATA VALUES
21-28 WINTER HALF YEAR DATA VALUES
29-36 SUMMER HALF YEAR DATA VALUES
37-44 WINTER (DJF) DATA VALUES
45-52 SPRING (MAM) DATA VALUES
53-60 SUMMER (JJA) DATA VALUES
61-68 AUTUMN (SON) DATA VALUES
69-76 JANUARY DATA VALUES
etc. 
157-164 DECEMBER DATA VALUES

215    1941 -999999 -999999 -999999 -999999 -999999 1909    1598    780     972     1081    1244    1331    1824    1950    1948    2056    1662    1076    876     
215    1942 -999999 -999999 -999999 818     1356    1946    1597    800     774     1267    1307    1497    1930    1996    1912    1898    1658    1246    1034    
215    1943 -999999 -999999 -999999 1041    1473    1945    1411    1092    993     1208    1605    1613    1831    1960    2032    1722    1481    1045    942     
215    1944 -999999 -999999 -999999 867     1424    1967    1480    892     763     1177    1473    1645    1988    1867    2042    1892    1355    1207    843     
215    1945 -999999 -999999 1781    839     1481    1900    1678    647     1040    1288    1641    1519    1963    1825    1915    1834    1786    1406    1081    
215    1946 -999999 -999999 -999999 966     1268    1857    1563    797     1028    1098    1367    1342    1679    2052    1847    1792    1659    1239    921     
215    1947 -999999 -999999 -999999 898     1357    1886    1688    847     930     1184    1465    1432    1730    1873    2049    1915    1717    1422    939     
215    1948 -999999 -999999 -999999 1028    1432    1922    1723    1056    1098    1445    1348    1501    1877    1909    1984    1995    1702    1464    1140    
215    1949 -999999 -999999 -999999 1068    1427    2097    1620    944     1126    1210    1585    1479    1872    2178    2235    1938    1714    1226    987     
215    1950 -999999 -999999 -999999 955     1372    1895    1588    842     1045    1276    1309    1537    1814    1938    1932    1810    1594    1350    803     
215    1951 -999999 -999999 -999999 851     1248    1865    1541    919     831     1125    1298    1324    1760    1974    1859    1859    1508    1223    1093    
215    1952 -999999 -999999 -999999 933     1401    1940    1463    749     975     1273    1290    1635    1866    2054    1898    1667    1514    1210    981     
215    1953 -999999 -999999 -999999 909     1392    1941    1636    859     888     1187    1276    1713    1710    1955    2145    1970    1545    1400    1239    
215    1954 -999999 -999999 -999999 922     1322    1828    1660    704     824     1075    1338    1561    1680    1968    1837    1802    1791    1367    957     
215    1955 -999999 -999999 -999999 1043    1431    1926    1645    1183    975     1084    1564    1638    1785    1917    2062    1998    1636    1290    1157    
215    1956 -999999 -999999 -999999 922     1350    1842    1441    979     600     1081    1316    1652    1837    1871    1819    1712    1620    1005    812     
215    1957 -999999 -999999 -999999 908     1421    1953    1540    786     1146    1365    1325    1563    1738    2102    2016    1952    1531    1151    772     
215    1958 -999999 -999999 -999999 933     1305    1795    1573    921     1138    1104    1312    1514    1704    1831    1846    1878    1652    1198    1006    
215    1959 -999999 -999999 -999999 -999999 1345    2009    1583    1037    966     1182    1293    1564    1859    2083    2079    1940    1600    1207    1029    
215    1960 -999999 -999999 -999999 988     1420    1913    1508    945     990     1229    1441    1579    1911    1977    1854    1804    1461    1252    815     
215    1961 -999999 -999999 -999999 949     1513    2026    1529    838     1220    1480    1328    1724    1890    2046    2144    1845    1558    1169    1159    
215    1962 -999999 -999999 1775    1015    1354    1938    1595    976     897     1131    1367    1556    1939    1894    1981    1921    1830    1041    901     
215    1963 -999999 -999999 -999999 899     1356    1847    1630    952     839     1147    1312    1616    1718    1972    1848    1824    1734    1318    901     
215    1964 -999999 -999999 -999999 974     1346    1972    1567    943     1084    1114    1258    1686    1916    1943    2064    2019    1543    1140    768     
215    1965 -999999 -999999 -999999 827     1397    1856    1509    866     849     1174    1346    1649    1816    1795    1957    1648    1716    1176    1043    
215    1966 -999999 -999999 -999999 -999999 1385    1914    1493    1189    1166    1191    1336    1644    1797    2028    1904    2008    1505    983     916     
215    1967 -999999 -999999 -999999 920     1357    1904    1557    829     1025    1335    1370    1366    1916    1887    1909    1849    1627    1203    837     
215    1968 -999999 -999999 -999999 908     1287    1887    -999999 929     967     1135    1197    1530    1758    1943    1953    1746    1749    1343    1012    
215    1969 -999999 -999999 -999999 972     1249    1990    1535    1024    868     1083    1234    1422    1752    2132    2089    1737    1778    1091    804     
215    1970 -999999 -999999 -999999 925     1278    1870    1641    1059    906     945     1219    1659    1744    2008    1867    1966    1561    1407    680     
215    1971 -999999 -999999 -999999 859     1216    1849    1585    887     1028    1004    1270    1374    1629    2052    1859    1902    1783    1062    1037    
215    1972 -999999 1102    -999999 899     1223    1814    1536    750     922     1040    1301    1334    1498    1959    1964    1811    1522    1274    986     
215    1973 -999999 -999999 -999999 921     1313    1927    1584    864     910     1129    1318    1505    1857    1903    2012    1845    1606    1299    811     
215    1974 -999999 -999999 -999999 937     1257    1914    1328    1050    952     1071    1218    1488    1790    2063    1890    1638    1237    1113    994     
215    1975 -999999 -999999 -999999 1002    1235    1900    1522    966     1054    962     1260    1467    1741    1899    2038    1758    1647    1150    798     
215    1976 -999999 -999999 -999999 892     1279    1989    1411    832     1051    1113    1256    1481    1971    2057    1941    1727    1404    1080    1039    
215    1977 -999999 -999999 -999999 -999999 1282    1724    1571    879     1082    1186    1306    1356    1563    1838    1774    1982    1565    1152    1226    
215    1978 -999999 -999999 -999999 -999999 1213    1753    1639    915     1087    1071    1118    1447    1656    1819    1784    2014    1657    1257    1161    
215    1979 -999999 -999999 -999999 1062    1178    1942    1490    971     1051    966     1184    1384    1835    2037    1964    1802    1487    1171    1048    
215    1980 -999999 -999999 -999999 1011    1332    1862    1539    945     1044    1118    1441    1438    1727    1837    2022    1877    1578    1144    845     
215    1981 -999999 -999999 -999999 901     1288    2047    1626    922     940     1201    1281    1374    2071    2062    2008    1834    1534    1516    1134    
215    1982 -999999 -999999 -999999 1080    1388    1874    1530    1058    1044    1158    1493    1515    1679    1869    2068    1967    1474    1170    958     
215    1983 -999999 -999999 -999999 892     -999999 1951    1685    862     858     1305    1128    1323    1928    1904    2022    1913    1623    1519    1096    
215    1984 -999999 -999999 -999999 967     1288    1914    1534    895     910     1018    1581    1285    1816    1914    2010    1840    1549    1191    1070    
215    1985 -999999 -999999 -999999 1007    -999999 1867    1678    773     1203    1054    1362    1478    1750    1967    1879    2135    1744    1170    1039    
215    1986 -999999 -999999 -999999 930     1183    1889    1638    840     913     1033    1009    1507    1811    2036    1824    1978    1725    1220    980     
215    1987 -999999 1170    -999999 938     1431    -999999 -999999 883     953     1244    1411    1628    1761    2064    2131    2092    1517    1277    1183    
215    1988 -999999 -999999 -999999 1084    1286    -999999 1670    1033    1041    1167    1224    1470    1817    1869    1891    1966    1609    1449    1005    
215    1989 -999999 -999999 -999999 993     1371    2053    1730    907     1082    1250    1159    1693    1858    2232    2064    1912    1897    1387    1277    
215    1990 -999999 -999999 -999999 -999999 1482    2049    1587    882     1260    1392    1302    1750    1803    2186    2159    2002    1605    1168    935     
215    1991 -999999 -999999 -999999 905     1434    2009    1558    917     858     1200    1308    1776    1841    2037    2159    1979    1480    1200    1045    
215    1992 -999999 -999999 -999999 954     1434    1901    1510    802     1032    1239    1412    1683    1723    2017    1970    1762    1415    1349    1112    
215    1993 -999999 -999999 -999999 1048    1322    -999999 1408    952     1087    1241    1225    1498    1860    2105    2042    1693    1396    1126    1070    
215    1994 -999999 -999999 -999999 -999999 1337    1917    1604    894     908     1324    1275    1411    1935    1866    1950    1750    1665    1407    1177    
215    1995 -999999 -999999 -999999 -999999 1516    2084    1715    1039    1176    1347    1480    1731    1921    2059    2271    1821    1839    1478    1227    
215    1996 -999999 -999999 -999999 1082    1376    2018    1565    1076    940     1249    1417    1470    2017    2093    1945    1858    1621    1204    1045    
215    1997 -999999 -999999 -999999 -999999 1643    1962    1769    981     1250    1631    1701    1597    1728    2131    2037    2037    1870    1409    1141    
215    1998 -999999 -999999 -999999 1210    1433    1972    -999999 1165    1331    1433    1251    1595    1769    2033    2106    1866    1530    1274    973     
215    1999 -999999 -999999 -999999 1003    1452    1993    1574    1023    1013    1319    1421    1628    1876    2100    1993    1898    1642    1168    1026    
215    2000 1487    -999999 1739    1025    1406    1946    1489    875     1184    1389    1219    1605    1954    1943    1943    1764    1499    1205    1247    
215    2001 1510    1261    1756    1181    1417    1872    1645    1106    1191    1319    1365    1565    1803    1880    1932    1990    1762    1180    982     
215    2002 -999999 -999999 1683    1112    1371    1815    1678    1198    1161    1373    1313    1425    1694    1841    1907    1920    1766    1345    1262    
215    2003 -999999 1299    -999999 1092    1481    2017    1663    985     1019    1381    1440    1621    1937    1896    2206    2047    1563    1397    1094    
215    2004 -999999 -999999 -999999 1104    1362    1985    1599    1107    1110    1164    1321    1606    2013    1963    1980    1976    1565    1247    1031    
215    2005 1542    -999999 1866    958     1431    2100    1650    974     860     1295    1385    1606    2017    2072    2212    1903    1782    1247    1106    
215    2006 1605    -999999 1920    1006    1495    2118    1798    915     995     1256    1544    1685    1963    2143    2242    1923    1883    1586    1080    
215    2007 -999999 -999999 1794    1101    1422    1908    1708    1050    1183    1253    1446    1561    1767    1905    2043    2037    1734    1353    1048    
215    2008 -999999 -999999 -999999 1222    1406    -999999 1525    1202    1421    1186    1530    1518    -999999 1945    1892    1882    1564    1127    1008    
215    2009 -999999 -999999 -999999 1010    -999999 -999999 1756    923     1108    1425    1195    -999999 -999999 -999999 2013    1986    1885    1393    1085    
215    2010 -999999 -999999 -999999 -999999 -999999 2074    1626    973     -999999 -999999 1602    1598    1855    2184    2183    1983    1660    1235    1053    
215    2011 -999999 -999999 -999999 1080    -999999 -999999 -999999 1093    1098    1319    1793    -999999 -999999 -999999 -999999 -999999 -999999 -999999 -999999 
