EUROPEAN CLIMATE ASSESSMENT & DATASET (ECA&D), file created on: 10-05-2011
THESE DATA CAN BE USED FREELY PROVIDED THAT THE FOLLOWING SOURCE IS ACKNOWLEDGED: 

Klein Tank, A.M.G. and Coauthors, 2002. Daily dataset of 20th-century surface
air temperature and precipitation series for the European Climate Assessment.
Int. J. of Climatol., 22, 1441-1453.
Data and metadata available at http://eca.knmi.nl

FILE FORMAT (MISSING VALUE CODE = -999999):

THIS FILE HOLDS DATA FOR STATION UNITED KINGDOM                           RONALDSWAY                               (STAID:   1803)
LATITUDE: dd:mm:ss +54:05:06
LONGITUDE: ddd:mm:ss -004:37:59
ELEVATION: m   16

DATA IS FOR INDEX Mean of daily mean temperature (TG) with unit 0.01 Temperature (&#176;C)

01-06 SOUID: Source identifier
08-11 YEAR : YYYY
13-20 ANNUAL DATA VALUES
21-28 WINTER HALF YEAR DATA VALUES
29-36 SUMMER HALF YEAR DATA VALUES
37-44 WINTER (DJF) DATA VALUES
45-52 SPRING (MAM) DATA VALUES
53-60 SUMMER (JJA) DATA VALUES
61-68 AUTUMN (SON) DATA VALUES
69-76 JANUARY DATA VALUES
etc. 
157-164 DECEMBER DATA VALUES

1803   1960 -999999 -999999 -999999 -999999 891     1438    -999999 489     418     635     872     1140    1450    1427    1437    1326    1105    828     488     
1803   1961 -999999 -999999 -999999 -999999 911     1344    -999999 -999999 713     803     883     1038    1273    1374    1385    1398    1119    -999999 -999999 
1803   1962 -999999 -999999 -999999 -999999 665     1292    -999999 511     553     304     711     948     1171    1346    1353    1218    1068    689     485     
1803   1963 -999999 -999999 -999999 -999999 749     1336    1049    109     76      562     747     937     1345    1303    1360    1203    1111    809     519     
1803   1964 -999999 -999999 -999999 -999999 809     1364    1050    569     516     490     810     1127    1254    1435    1390    1342    959     846     499     
1803   1965 -999999 -999999 -999999 -999999 740     1322    -999999 396     -999999 480     732     1015    1272    1308    1382    1167    1126    518     570     
1803   1966 -999999 -999999 -999999 -999999 780     1388    1011    360     523     684     631     1006    1379    1433    1348    1343    1012    653     641     
1803   1967 -999999 -999999 -999999 -999999 -999999 1383    -999999 598     617     689     742     913     1281    1422    1445    1331    1098    673     -999999 
1803   1968 -999999 -999999 -999999 -999999 754     1393    -999999 580     328     645     721     890     1328    1384    1469    1323    1241    -999999 525     
1803   1969 -999999 -999999 -999999 -999999 686     1414    -999999 585     -999999 356     688     983     1271    1466    1509    1351    1305    539     518     
1803   1970 -999999 -999999 -999999 -999999 770     1450    -999999 493     393     451     645     1168    1506    1357    1492    1333    1091    811     571     
1803   1971 -999999 -999999 -999999 -999999 781     1371    -999999 604     -999999 565     759     1005    1160    1480    1463    1382    1251    773     790     
1803   1972 -999999 -999999 -999999 -999999 816     1307    1016    534     544     626     847     982     1107    1415    1395    1195    1124    715     716     
1803   1973 -999999 -999999 -999999 -999999 784     1401    -999999 612     -999999 646     710     1000    1303    1421    1475    1321    1022    696     607     
1803   1974 -999999 -999999 -999999 -999999 800     1355    -999999 723     612     571     811     996     1295    1376    1395    1170    854     724     787     
1803   1975 -999999 -999999 -999999 -999999 745     1471    -999999 696     574     546     779     920     1307    1542    1564    1246    1085    767     711     
1803   1976 -999999 -999999 -999999 -999999 782     1527    -999999 647     560     526     784     1002    1330    1605    1628    1294    1049    760     394     
1803   1977 -999999 -999999 -999999 -999999 802     1390    -999999 359     488     690     691     999     1205    1505    1452    1242    1213    683     681     
1803   1978 -999999 -999999 -999999 -999999 787     1315    1179    462     365     619     634     1088    1236    1334    1382    1334    1222    951     -999999 
1803   1979 -999999 -999999 -999999 -999999 -999999 1301    -999999 242     270     469     663     779     1211    1366    1320    1228    1144    758     627     
1803   1980 -999999 -999999 -999999 -999999 829     1343    -999999 424     582     510     853     1104    1240    1364    1420    1380    906     -999999 634     
1803   1981 -999999 -999999 -999999 -999999 -999999 1348    -999999 579     -999999 689     745     1025    1202    1406    1437    1362    813     846     269     
1803   1982 -999999 -999999 -999999 -999999 806     -999999 -999999 438     557     616     805     997     1320    1503    1437    1298    1065    797     546     
1803   1983 -999999 -999999 -999999 -999999 -999999 1512    -999999 709     334     632     607     952     1273    1664    1597    1302    1065    824     -999999 
1803   1984 -999999 -999999 -999999 -999999 765     1471    -999999 437     504     520     797     971     1344    1487    1581    1281    1107    820     724     
1803   1985 -999999 -999999 -999999 -999999 771     1288    1004    298     -999999 537     781     1003    1170    1375    1327    1335    1138    539     627     
1803   1986 -999999 -999999 -999999 -999999 699     1310    -999999 471     157     545     581     972     1297    1370    1263    1117    1066    851     688     
1803   1987 -999999 -999999 -999999 -999999 -999999 1357    -999999 300     439     473     884     996     1174    1469    1426    1299    966     773     716     
1803   1988 -999999 -999999 -999999 -999999 848     1440    -999999 635     583     667     781     1088    1450    1445    1426    1286    1087    709     883     
1803   1989 -999999 -999999 -999999 -999999 836     1497    1145    -999999 679     695     687     1126    1308    1653    1536    1367    1215    831     570     
1803   1990 -999999 -999999 -999999 -999999 913     1443    -999999 748     703     813     777     1136    1255    1486    1590    1269    1171    743     588     
1803   1991 -999999 -999999 -999999 -999999 875     1430    -999999 472     345     710     813     1089    1150    1598    1553    1412    1088    779     755     
1803   1992 -999999 -999999 -999999 -999999 943     1443    985     582     670     758     831     1236    1446    1454    1429    1277    854     832     591     
1803   1993 -999999 -999999 -999999 -999999 852     1365    -999999 670     668     662     866     1029    1316    1396    1383    1226    871     683     562     
1803   1994 -999999 -999999 -999999 -999999 808     1380    1132    592     -999999 694     736     989     1213    1461    1453    1246    1077    1065    773     
1803   1995 -999999 -999999 -999999 -999999 -999999 1576    -999999 542     670     598     827     1042    1356    1613    1758    1385    1294    900     470     
1803   1996 -999999 -999999 -999999 -999999 738     1410    -999999 621     387     525     784     881     1245    1442    1537    1403    1178    701     497     
1803   1997 -999999 -999999 -999999 -999999 899     1497    -999999 418     684     776     874     1051    1304    1513    1655    1414    1139    -999999 757     
1803   1998 -999999 -999999 -999999 -999999 962     1425    -999999 626     825     840     775     1256    1292    1465    1509    1423    1073    800     -999999 
1803   1999 -999999 -999999 -999999 -999999 938     1460    -999999 661     -999999 727     908     1180    1251    1591    1540    1472    1173    901     641     
1803   2000 -999999 -999999 -999999 -999999 891     1450    -999999 658     685     771     757     1154    1297    1494    1546    1439    1123    818     -999999 
1803   2001 -999999 -999999 -999999 -999999 823     1434    -999999 510     -999999 539     762     1170    1281    1513    1499    1375    1351    909     591     
1803   2002 -999999 -999999 -999999 -999999 911     1435    -999999 737     -999999 717     887     1123    1312    1444    1557    1403    1056    984     684     
1803   2003 -999999 -999999 -999999 -999999 923     1547    -999999 571     -999999 744     949     1070    1381    1591    1670    1380    1014    -999999 708     
1803   2004 -999999 -999999 -999999 -999999 921     1487    -999999 668     554     698     919     1154    1399    1457    1598    1466    1108    -999999 752     
1803   2005 1075    -999999 1322    697     893     1516    1190    747     587     757     863     1058    1395    1587    1563    1456    1286    825     734     
1803   2006 1100    780     1368    668     843     1562    1284    650     614     555     857     1116    1429    1696    1557    1546    1330    973     837     
1803   2007 1105    892     1345    762     997     1475    1202    782     659     754     1081    1160    1426    1485    1512    1403    1235    968     765     
1803   2008 1048    852     1320    738     939     1476    1090    758     688     693     833     1288    1348    1529    1547    1359    1065    847     603     
1803   2009 -999999 735     -999999 586     924     -999999 -999999 573     581     731     918     1122    1434    -999999 -999999 -999999 -999999 -999999 -999999 
1803   2010 -999999 -999999 -999999 -999999 -999999 -999999 1091    -999999 -999999 -999999 -999999 -999999 -999999 -999999 1501    1430    1155    669     480     
1803   2011 -999999 -999999 -999999 -999999 -999999 -999999 -999999 -999999 740     644     1093    -999999 -999999 -999999 -999999 -999999 -999999 -999999 -999999 
