EUROPEAN CLIMATE ASSESSMENT & DATASET (ECA&D), file created on: 10-05-2011
THESE DATA CAN BE USED FREELY PROVIDED THAT THE FOLLOWING SOURCE IS ACKNOWLEDGED: 

Klein Tank, A.M.G. and Coauthors, 2002. Daily dataset of 20th-century surface
air temperature and precipitation series for the European Climate Assessment.
Int. J. of Climatol., 22, 1441-1453.
Data and metadata available at http://eca.knmi.nl

FILE FORMAT (MISSING VALUE CODE = -999999):

THIS FILE HOLDS DATA FOR STATION UNITED KINGDOM                           BENMORE: YOUNGER BOTANIC GARDEN          (STAID:   1874)
LATITUDE: dd:mm:ss +56:01:41
LONGITUDE: ddd:mm:ss -004:59:09
ELEVATION: m   12

DATA IS FOR INDEX Mean of daily mean temperature (TG) with unit 0.01 Temperature (&#176;C)

01-06 SOUID: Source identifier
08-11 YEAR : YYYY
13-20 ANNUAL DATA VALUES
21-28 WINTER HALF YEAR DATA VALUES
29-36 SUMMER HALF YEAR DATA VALUES
37-44 WINTER (DJF) DATA VALUES
45-52 SPRING (MAM) DATA VALUES
53-60 SUMMER (JJA) DATA VALUES
61-68 AUTUMN (SON) DATA VALUES
69-76 JANUARY DATA VALUES
etc. 
157-164 DECEMBER DATA VALUES

1874   1960 -999999 -999999 1256    -999999 897     1421    921     290     277     545     880     1198    1464    1391    1409    1195    975     556     311     
1874   1961 -999999 -999999 -999999 -999999 875     1301    -999999 303     594     745     822     1039    1260    1307    1335    1251    958     501     155     
1874   1962 -999999 -999999 -999999 -999999 672     1283    -999999 367     480     265     758     995     1246    1321    1282    1125    1043    524     347     
1874   1963 -999999 -999999 -999999 -999999 727     -999999 -999999 51      -11     523     733     924     1403    1338    1302    1191    981     613     373     
1874   1964 -999999 -999999 -999999 -999999 805     1318    -999999 425     446     463     789     1163    1249    1375    1327    1207    808     654     322     
1874   1965 -999999 -999999 -999999 -999999 693     1275    -999999 201     312     390     700     991     1296    1236    1295    1136    948     323     301     
1874   1966 -999999 -999999 -999999 -999999 721     1349    857     253     348     658     551     942     1359    1372    1316    1283    829     458     409     
1874   1967 -999999 -999999 -999999 -999999 742     1354    -999999 447     478     604     705     905     1300    1362    1401    1221    875     571     435     
1874   1968 -999999 -999999 -999999 -999999 718     1372    -999999 430     174     551     724     868     1334    1382    1399    1216    1075    547     324     
1874   1969 -999999 -999999 -999999 -999999 639     1431    -999999 420     -999999 272     657     976     1302    1468    1514    1271    1206    300     319     
1874   1970 -999999 -999999 -999999 -999999 684     1408    -999999 289     201     374     549     1117    1483    1271    1477    1189    937     591     470     
1874   1971 -999999 -999999 -999999 -999999 772     1354    -999999 447     -999999 536     717     1050    1167    1479    1409    1302    974     529     704     
1874   1972 -999999 -999999 1116    -999999 761     1268    -999999 376     391     505     786     986     1049    1430    1318    1103    937     482     527     
1874   1973 -999999 -999999 -999999 -999999 730     1388    -999999 420     335     562     668     953     1261    1473    1427    1218    827     447     414     
1874   1974 -999999 -999999 -999999 -999999 777     1295    -999999 554     -999999 474     819     1018    1258    1289    1336    1038    698     529     655     
1874   1975 -999999 -999999 -999999 -999999 699     1470    -999999 501     419     444     734     922     1304    1475    1625    1107    946     579     591     
1874   1976 -999999 -999999 -999999 -999999 736     1532    -999999 480     471     394     786     996     1409    1632    1546    1246    953     -999999 137     
1874   1977 -999999 -999999 -999999 -999999 720     1375    -999999 200     321     577     637     944     1212    1527    1373    1120    1088    430     531     
1874   1978 -999999 -999999 -999999 -999999 762     1340    -999999 -999999 150     553     586     1136    1269    1357    1391    1270    1100    722     316     
1874   1979 -999999 -999999 -999999 -999999 603     1308    -999999 -24     105     349     649     796     1290    1354    1279    1171    1019    498     371     
1874   1980 -999999 -999999 -999999 -999999 781     1319    -999999 133     457     376     834     1108    1265    1316    1378    1246    768     562     -999999 
1874   1981 -999999 -999999 -999999 -999999 792     1337    864     437     274     553     741     1071    1211    1370    1423    1253    650     684     -39     
1874   1982 -999999 -999999 -999999 -999999 772     -999999 909     284     -999999 509     783     1010    1313    1552    1336    1150    944     622     -999999 
1874   1983 -999999 -999999 -999999 -999999 699     1478    -999999 565     209     593     569     927     1246    1616    1563    1138    859     -999999 555     
1874   1984 -999999 -999999 -999999 -999999 -999999 1461    901     180     391     439     798     1013    1321    1507    1547    1124    922     639     -999999 
1874   1985 -999999 -999999 -999999 -999999 713     1244    -999999 67      -999999 391     709     1008    1139    1340    1253    1136    962     301     442     
1874   1986 -999999 -999999 -999999 -999999 633     1255    898     261     83      451     519     934     1284    1294    1194    1039    957     682     407     
1874   1987 -999999 -999999 -999999 -999999 742     1316    -999999 193     303     375     838     996     1147    1478    1328    1167    775     593     548     
1874   1988 -999999 -999999 -999999 -999999 -999999 1367    -999999 363     416     472     725     1053    1440    1317    1344    1170    854     530     771     
1874   1989 -999999 -999999 -999999 -999999 703     1395    -999999 664     500     494     555     1034    1241    1579    1366    1131    1016    530     272     
1874   1990 -999999 -999999 -999999 -999999 -999999 1386    -999999 528     515     696     699     1124    1275    1453    1426    1114    973     542     439     
1874   1991 -999999 -999999 -999999 -999999 830     1400    913     309     265     645     743     1095    1116    1585    1499    1251    899     565     517     
1874   1992 -999999 -999999 -999999 -999999 851     1380    761     388     519     644     717     1177    1461    1377    1309    1079    649     592     348     
1874   1993 -999999 -999999 -999999 -999999 791     1290    765     469     579     566     801     1008    1314    1281    1279    1151    719     428     302     
1874   1994 -999999 -999999 -999999 -999999 721     1334    -999999 374     262     543     669     954     1186    1472    1344    1112    862     875     483     
1874   1995 -999999 -999999 1274    -999999 738     1526    -999999 324     422     378     809     1005    1346    1558    1664    1251    1091    700     157     
1874   1996 -999999 -999999 -999999 -999999 677     1399    -999999 486     289     457     743     828     1269    1415    1509    1307    1016    455     293     
1874   1997 -999999 -999999 -999999 -999999 860     1499    971     276     517     721     859     1015    1297    1538    1641    1202    896     796     552     
1874   1998 -999999 -999999 -999999 -999999 845     1340    930     447     812     695     675     1149    1248    1384    1382    1326    892     576     -999999 
1874   1999 -999999 -999999 -999999 -999999 876     1399    1029    444     -999999 618     865     1144    1232    1530    1433    1420    996     646     320     
1874   2000 -999999 -999999 -999999 -999999 849     1402    951     518     537     715     704     1119    1252    1446    1503    1318    914     609     446     
1874   2001 -999999 -999999 -999999 -999999 766     1361    -999999 307     384     459     682     1178    1193    1466    1415    1223    1147    -999999 247     
1874   2002 -999999 -999999 1238    -999999 839     1418    953     509     508     627     822     1061    1309    1392    1543    1297    812     724     472     
1874   2003 -999999 -999999 -999999 -999999 868     1502    927     343     382     655     927     1025    1411    1568    1529    1236    774     754     407     
1874   2004 -999999 -999999 -999999 -999999 861     1441    974     468     401     567     849     1157    1341    1397    1585    1302    872     758     525     
1874   2005 942     -999999 1241    514     817     1445    997     567     444     691     797     963     1402    1511    1422    1345    1099    544     481     
1874   2006 973     582     1296    465     726     1537    1113    449     464     442     693     1044    1415    1704    1489    1421    1155    761     599     
1874   2007 988     738     1261    607     925     1419    1019    653     566     678     1016    1083    1418    1397    1441    1209    1049    799     517     
1874   2008 924     671     1265    546     856     1437    903     548     573     537     743     1283    1274    1538    1495    1241    849     622     372     
1874   2009 -999999 559     -999999 405     885     -999999 -999999 378     470     659     927     1071    1405    -999999 -999999 -999999 -999999 -999999 -999999 
