EUROPEAN CLIMATE ASSESSMENT & DATASET (ECA&D), file created on: 10-05-2011
THESE DATA CAN BE USED FREELY PROVIDED THAT THE FOLLOWING SOURCE IS ACKNOWLEDGED: 

Klein Tank, A.M.G. and Coauthors, 2002. Daily dataset of 20th-century surface
air temperature and precipitation series for the European Climate Assessment.
Int. J. of Climatol., 22, 1441-1453.
Data and metadata available at http://eca.knmi.nl

FILE FORMAT (MISSING VALUE CODE = -999999):

THIS FILE HOLDS DATA FOR STATION GERMANY                                  MUEHLDORF/INN (WST)                      (STAID:    831)
LATITUDE: dd:mm:ss +48:16:48
LONGITUDE: ddd:mm:ss +012:30:00
ELEVATION: m  405

DATA IS FOR INDEX Mean of daily mean temperature (TG) with unit 0.01 Temperature (&#176;C)

01-06 SOUID: Source identifier
08-11 YEAR : YYYY
13-20 ANNUAL DATA VALUES
21-28 WINTER HALF YEAR DATA VALUES
29-36 SUMMER HALF YEAR DATA VALUES
37-44 WINTER (DJF) DATA VALUES
45-52 SPRING (MAM) DATA VALUES
53-60 SUMMER (JJA) DATA VALUES
61-68 AUTUMN (SON) DATA VALUES
69-76 JANUARY DATA VALUES
etc. 
157-164 DECEMBER DATA VALUES

831    1958 785     -999999 1416    -999999 651     1658    890     -301    27      -131    593     1489    1500    1738    1730    1420    832     422     48      
831    1959 825     240     1439    -138    926     1711    744     -235    -237    568     909     1301    1588    1868    1672    1281    728     223     151     
831    1960 798     196     1364    -82     856     1613    856     -256    -146    457     787     1322    1639    1565    1636    1224    856     488     -30     
831    1961 836     312     1430    -21     906     1613    910     -296    293     563     1114    1049    1629    1577    1633    1577    899     253     -274    
831    1962 690     122     1345    -156    651     1615    746     -142    -40     22      908     1033    1445    1628    1766    1278    765     193     -613    
831    1963 695     -171    1459    -719    761     1712    956     -777    -771    130     943     1215    1640    1847    1647    1450    774     651     -483    
831    1964 773     66      1471    -365    775     1738    851     -601    12      56      915     1359    1732    1870    1613    1322    715     520     -237    
831    1965 730     125     1303    -220    646     1592    725     -18     -424    153     680     1105    1624    1642    1512    1242    741     190     224     
831    1966 857     252     1417    93      846     1617    894     -419    515     285     1005    1254    1685    1603    1566    1383    1159    130     113     
831    1967 860     340     1413    71      822     1722    874     -83     195     505     691     1265    1515    1948    1695    1342    1013    264     -78     
831    1968 795     262     1379    -52     851     1609    851     -215    150     431     918     1207    1619    1646    1562    1314    903     335     -340    
831    1969 778     148     1422    -220    838     1619    910     -155    -161    284     809     1421    1425    1829    1596    1432    879     419     -503    
831    1970 778     107     1374    -289    632     1724    898     -285    -55     181     622     1092    1767    1719    1687    1346    812     540     -128    
831    1971 797     135     1447    -185    774     1717    752     -368    -44     -5      928     1405    1448    1851    1844    1179    774     303     193     
831    1972 757     283     1347    8       858     1664    620     -271    109     580     787     1206    1535    1788    1666    1076    533     252     -200    
831    1973 775     113     1408    -142    740     1709    761     -212    -2      297     573     1345    1598    1703    1824    1383    655     248     -170    
831    1974 871     307     1363    84      873     1625    705     161     280     663     811     1143    1416    1632    1820    1339    493     289     362     
831    1975 845     314     1441    232     819     1660    840     248     70      397     719     1338    1464    1754    1756    1598    726     199     -179    
831    1976 824     185     1422    -1      753     1744    828     154     24      176     769     1312    1764    1951    1517    1202    912     368     -292    
831    1977 870     309     1364    -44     871     1675    861     -126    320     675     655     1277    1640    1755    1628    1210    933     437     -3      
831    1978 745     245     1300    -122    754     1553    772     -83     -297    436     719     1107    1518    1605    1535    1307    826     183     11      
831    1979 817     170     1377    -171    812     1655    824     -542    39      490     631     1310    1734    1651    1582    1339    836     297     381     
831    1980 747     307     1305    103     669     1609    772     -305    242     388     518     1098    1517    1546    1762    1373    751     193     -129    
831    1981 847     195     1456    -178    974     1703    901     -347    -45     725     888     1305    1664    1685    1759    1421    895     386     -233    
831    1982 868     153     1502    -276    819     1806    963     -442    -141    432     663     1357    1728    1951    1735    1559    905     427     175     
831    1983 880     340     1529    81      878     1877    782     302     -267    443     937     1255    1675    2160    1789    1338    851     153     -175    
831    1984 773     140     1327    -130    681     1622    855     -9      -213    208     687     1147    1494    1658    1711    1245    915     402     -6      
831    1985 728     74      1436    -384    806     1679    720     -755    -391    244     790     1382    1430    1895    1702    1392    751     16      189     
831    1986 806     117     1449    -137    884     1686    835     -31     -614    319     809     1521    1613    1691    1752    1290    892     323     -2      
831    1987 790     115     1424    -182    645     1657    977     -485    -45     -3      905     1042    1513    1828    1625    1624    929     378     131     
831    1988 880     333     1449    129     891     1673    796     129     126     292     901     1479    1545    1767    1702    1278    976     127     199     
831    1989 847     373     1383    150     930     1611    745     37      221     657     787     1341    1428    1755    1643    1323    835     75      5       
831    1990 819     254     1359    5       884     1642    789     -313    356     573     664     1407    1499    1648    1775    1139    897     327     -172    
831    1991 757     202     1364    -197    712     1718    796     -19     -422    546     681     908     1472    1922    1752    1436    714     241     -229    
831    1992 905     195     1549    -77     900     1884    842     -81     90      433     753     1510    1695    1888    2063    1359    697     475     -56     
831    1993 840     192     1475    -84     939     1643    730     95      -313    213     1036    1570    1607    1642    1677    1300    820     67      275     
831    1994 991     372     1529    186     948     1892    941     219     52      757     734     1345    1687    2089    1894    1403    693     734     210     
831    1995 859     352     1445    136     830     1735    832     -173    395     268     899     1324    1452    2028    1716    1223    1100    165     -120    
831    1996 713     107     1372    -244    738     1675    757     -326    -288    86      816     1315    1719    1646    1662    1055    862     351     -370    
831    1997 814     203     1387    -181    813     1707    744     -396    267     517     557     1356    1646    1660    1813    1268    681     285     78      
831    1998 858     262     1467    57      891     1735    791     -14     111     415     865     1391    1708    1747    1750    1324    933     110     -95     
831    1999 872     222     1508    -102    961     1717    860     -40     -178    561     859     1459    1584    1852    1709    1569    855     157     -3      
831    2000 921     253     1507    2       1008    1726    899     -281    310     480     1015    1529    1773    1561    1845    1308    970     417     115     
831    2001 -999999 -999999 -999999 -999999 -999999 -999999 -999999 -999999 -999999 -999999 -999999 -999999 -999999 -999999 -999999 -999999 -999999 -999999 -999999 
831    2002 -999999 -999999 -999999 -999999 -999999 -999999 -999999 -999999 -999999 -999999 -999999 -999999 -999999 -999999 -999999 -999999 -999999 -999999 -999999 
831    2003 -999999 -999999 -999999 -999999 -999999 -999999 -999999 -999999 -999999 -999999 -999999 -999999 -999999 -999999 -999999 -999999 -999999 -999999 -999999 
831    2004 871     -999999 1476    -999999 804     1760    966     -179    99      296     955     1165    1596    1777    1903    1446    1086    361     -70     
831    2005 833     209     1518    -154    838     1759    924     -65     -344    239     905     1373    1751    1876    1651    1543    1004    223     -240    
831    2006 887     56      1568    -341    807     1820    1096    -489    -287    96      943     1387    1739    2139    1581    1607    1145    533     182     
831    2007 -999999 -999999 1554    316     1064    1813    801     316     465     580     1107    1491    1858    1856    1726    1274    847     201     10      
831    2008 -999999 -999999 1527    170     971     1832    900     192     317     478     887     1482    1822    1843    1830    1282    978     426     111     
831    2009 947     -999999 1615    -96     1058    1810    997     -321    -83     442     1231    1488    1628    1891    1905    1532    868     597     36      
831    2010 -999999 -999999 1472    -122    855     1826    842     -293    -107    455     848     1263    1699    2025    1752    1253    782     482     -425    
831    2011 -999999 -999999 -999999 -136    -999999 -999999 -999999 -60     69      536     1103    -999999 -999999 -999999 -999999 -999999 -999999 -999999 -999999 
