EUROPEAN CLIMATE ASSESSMENT & DATASET (ECA&D), file created on: 10-05-2011
THESE DATA CAN BE USED FREELY PROVIDED THAT THE FOLLOWING SOURCE IS ACKNOWLEDGED: 

Klein Tank, A.M.G. and Coauthors, 2002. Daily dataset of 20th-century surface
air temperature and precipitation series for the European Climate Assessment.
Int. J. of Climatol., 22, 1441-1453.
Data and metadata available at http://eca.knmi.nl

FILE FORMAT (MISSING VALUE CODE = -999999):

THIS FILE HOLDS DATA FOR STATION RUSSIAN FEDERATION                       SAR-JA                                   (STAID:   1188)
LATITUDE: dd:mm:ss +58:24:00
LONGITUDE: ddd:mm:ss +045:36:00
ELEVATION: m  139

DATA IS FOR INDEX Mean of daily mean temperature (TG) with unit 0.01 Temperature (&#176;C)

01-06 SOUID: Source identifier
08-11 YEAR : YYYY
13-20 ANNUAL DATA VALUES
21-28 WINTER HALF YEAR DATA VALUES
29-36 SUMMER HALF YEAR DATA VALUES
37-44 WINTER (DJF) DATA VALUES
45-52 SPRING (MAM) DATA VALUES
53-60 SUMMER (JJA) DATA VALUES
61-68 AUTUMN (SON) DATA VALUES
69-76 JANUARY DATA VALUES
etc. 
157-164 DECEMBER DATA VALUES

1188   1995 -999999 -999999 -999999 -999999 666     1671    419     -1033   -317    -195    835     1309    1807    1636    1572    1257    496     -499    -1414   
1188   1996 -999999 -999999 -999999 -1387   209     1563    400     -1473   -1272   -587    157     1055    1520    1756    1412    786     314     113     -1120   
1188   1997 -999999 -999999 -999999 -1215   313     -999999 -999999 -1621   -865    -399    425     902     1637    1536    1368    853     326     -479    -1244   
1188   1998 -999999 -999999 -999999 -999999 -999999 -999999 -999999 -933    -1828   -999999 -999999 1231    1825    1829    1448    926     451     -858    -818    
1188   1999 -999999 -999999 -999999 -999999 160     -999999 -999999 -1384   -792    -664    580     535     1695    1781    1397    920     665     -941    -483    
1188   2000 -999999 -999999 -999999 -999999 435     -999999 -999999 -1015   -575    -284    807     836     1535    2010    1465    862     531     -539    -1111   
1188   2001 -999999 -999999 -999999 -999999 -999999 1575    -999999 -868    -1136   -465    799     973     1496    1878    1369    1099    210     -303    -1534   
1188   2002 -999999 -999999 -999999 -999999 308     -999999 -999999 -833    -313    -126    360     734     1362    1975    1281    941     -999999 -448    -1853   
1188   2003 -999999 -999999 -999999 -1540   282     -999999 -999999 -1387   -1355   -557    367     1124    1148    1861    1662    1032    502     -79     -419    
1188   2004 -999999 -999999 -999999 -845    407     -999999 -999999 -1114   -1057   -52     91      1118    1382    1838    1569    1143    323     -411    -763    
1188   2005 -999999 -999999 -999999 -999999 301     -999999 -999999 -999999 -1158   -937    424     1381    1440    1708    1530    1077    433     136     -870    
1188   2006 -999999 -999999 -999999 -1329   -999999 1610    326     -1490   -1616   -609    380     1072    1747    1553    1531    1096    238     -357    -201    
1188   2007 -999999 -999999 -999999 -769    601     1625    319     -562    -1609   112     412     1237    1247    1786    1832    973     456     -472    -617    
1188   2008 -999999 -999999 -999999 -780    434     1573    563     -1131   -572    -99     518     918     1406    1744    1575    872     746     74      -410    
1188   2009 -999999 -999999 1175    -999999 265     1549    501     -975    -846    -403    46      1152    1558    1610    1480    1193    378     -69     -1131   
1188   2010 -999999 -999999 -999999 -1465   509     1827    361     -1892   -1375   -512    615     1460    1564    2121    1769    1023    249     -198    -1355   
1188   2011 -999999 -999999 -999999 -1390   -999999 -999999 -999999 -1171   -1671   -383    389     -999999 -999999 -999999 -999999 -999999 -999999 -999999 -999999 
