EUROPEAN CLIMATE ASSESSMENT & DATASET (ECA&D), file created on: 10-05-2011
THESE DATA CAN BE USED FREELY PROVIDED THAT THE FOLLOWING SOURCE IS ACKNOWLEDGED: 

Klein Tank, A.M.G. and Coauthors, 2002. Daily dataset of 20th-century surface
air temperature and precipitation series for the European Climate Assessment.
Int. J. of Climatol., 22, 1441-1453.
Data and metadata available at http://eca.knmi.nl

FILE FORMAT (MISSING VALUE CODE = -999999):

THIS FILE HOLDS DATA FOR STATION SPAIN                                    BARCELONA                                (STAID:    335)
LATITUDE: dd:mm:ss +41:25:09
LONGITUDE: ddd:mm:ss +002:07:31
ELEVATION: m  412

DATA IS FOR INDEX Mean of daily mean temperature (TG) with unit 0.01 Temperature (&#176;C)

01-06 SOUID: Source identifier
08-11 YEAR : YYYY
13-20 ANNUAL DATA VALUES
21-28 WINTER HALF YEAR DATA VALUES
29-36 SUMMER HALF YEAR DATA VALUES
37-44 WINTER (DJF) DATA VALUES
45-52 SPRING (MAM) DATA VALUES
53-60 SUMMER (JJA) DATA VALUES
61-68 AUTUMN (SON) DATA VALUES
69-76 JANUARY DATA VALUES
etc. 
157-164 DECEMBER DATA VALUES

335    1885 1306    -999999 1771    -999999 1098    2110    1338    325     909     808     1024    1458    1816    2235    2269    1799    1204    1015    767     
335    1886 1199    825     1659    636     1096    1898    1270    480     664     808     1057    1421    1697    2029    1965    1782    1309    718     449     
335    1887 1175    685     1708    415     1046    2071    1158    390     404     815     1013    1308    1931    2131    2146    1705    995     780     425     
335    1888 1238    634     1671    437     1009    1960    1411    541     338     709     911     1418    1763    2033    2082    1807    1356    1071    816     
335    1889 1299    873     1780    682     1097    2069    1471    578     647     755     1056    1477    1900    2169    2132    1937    1405    1075    404     
335    1890 -999999 -999999 1647    -999999 1003    1933    1335    778     602     647     1011    1362    1843    1907    2049    1700    1401    901     394     
335    1891 1204    692     1646    376     985     1939    1403    265     481     689     971     1294    1737    2095    1973    1795    1493    918     675     
335    1892 1217    817     1715    620     1022    2016    1298    558     627     614     1039    1413    1877    2105    2063    1779    1186    933     372     
335    1893 1342    742     1841    425     1236    2147    1432    254     673     1032    1173    1500    1944    2211    2278    1926    1525    842     701     
335    1894 1360    860     1811    643     1156    2127    1506    502     736     841     1193    1434    1940    2256    2178    1849    1537    1131    680     
335    1895 1421    900     1893    597     1231    2150    1647    424     697     917     1278    1501    1895    2290    2257    2123    1532    1290    805     
335    1896 1347    1019    1810    736     1272    2052    1359    642     764     1072    1216    1525    1920    2249    1983    1955    1328    794     696     
335    1897 1461    914     1912    749     1320    2238    1498    598     976     1091    1304    1565    2083    2377    2248    1880    1429    1188    764     
335    1898 1388    968     1804    794     1138    2049    1569    794     827     798     1161    1455    1779    2097    2263    2059    1562    1086    742     
335    1899 1408    967     1825    755     1186    2083    1628    694     839     873     1182    1504    1794    2155    2290    2010    1716    1156    651     
335    1900 1417    984     1861    751     1158    2134    1539    690     930     761     1183    1529    1960    2292    2145    2043    1583    992     866     
335    1901 -999999 -999999 -999999 -999999 -999999 -999999 -999999 -999999 -999999 -999999 -999999 -999999 -999999 -999999 -999999 -999999 -999999 -999999 -999999 
335    1902 -999999 -999999 -999999 -999999 -999999 2053    -999999 -999999 -999999 1109    -999999 1339    1739    2257    2163    1872    -999999 -999999 -999999 
335    1903 -999999 -999999 -999999 -999999 -999999 -999999 -999999 -999999 -999999 928     -999999 -999999 -999999 -999999 -999999 -999999 -999999 -999999 -999999 
335    1904 -999999 -999999 -999999 -999999 -999999 -999999 -999999 -999999 -999999 -999999 -999999 -999999 -999999 -999999 -999999 -999999 -999999 -999999 -999999 
335    1905 -999999 -999999 -999999 -999999 -999999 -999999 -999999 678     -999999 1067    -999999 1481    -999999 2445    2308    1880    1286    907     699     
335    1906 -999999 -999999 -999999 -999999 -999999 -999999 -999999 729     -999999 817     1069    1518    2020    2237    2432    1966    1602    1110    655     
335    1907 -999999 -999999 -999999 -999999 -999999 -999999 -999999 -999999 -999999 -999999 -999999 -999999 -999999 -999999 2282    -999999 -999999 -999999 -999999 
335    1908 -999999 -999999 -999999 -999999 -999999 -999999 -999999 -999999 -999999 -999999 -999999 -999999 -999999 -999999 -999999 -999999 1589    -999999 -999999 
335    1909 -999999 -999999 -999999 -999999 -999999 -999999 -999999 591     -999999 872     1233    -999999 -999999 -999999 2232    1791    -999999 965     903     
335    1910 1399    -999999 1772    -999999 1133    2101    1529    725     832     914     1127    1358    1983    2099    2217    1835    1578    1173    908     
335    1911 1525    1017    1996    785     1250    2322    1689    607     844     981     1188    1580    1922    2463    2569    2234    1635    1200    1019    
335    1912 1421    1166    1791    971     1389    2038    1352    882     1016    1237    1218    1707    1875    2142    2091    1693    1395    965     803     
335    1913 1424    970     1767    828     1123    2081    1643    874     803     960     1009    1398    1818    2170    2245    1944    1666    1319    829     
335    1914 -999999 -999999 -999999 751     -999999 2072    1584    459     985     1141    1379    1568    1832    2166    2210    2100    1555    1081    902     
335    1915 -999999 -999999 -999999 806     1282    -999999 -999999 732     786     1015    1166    1661    2076    2298    -999999 -999999 -999999 1142    -999999 
335    1916 -999999 -999999 -999999 -999999 -999999 -999999 -999999 -999999 -999999 -999999 -999999 -999999 -999999 -999999 -999999 1884    -999999 -999999 -999999 
335    1917 -999999 -999999 -999999 -999999 -999999 -999999 -999999 658     -999999 -999999 -999999 -999999 -999999 -999999 -999999 -999999 -999999 -999999 -999999 
335    1918 -999999 -999999 -999999 -999999 -999999 -999999 -999999 -999999 830     -999999 -999999 1604    -999999 -999999 -999999 2006    -999999 1045    959     
335    1919 -999999 -999999 -999999 -999999 -999999 -999999 1230    540     -999999 -999999 1144    -999999 1951    -999999 2249    1814    1155    820     747     
335    1920 -999999 877     -999999 778     1250    2142    -999999 735     857     941     1213    1617    2039    2155    2229    -999999 -999999 -999999 -999999 
335    1921 -999999 -999999 -999999 -999999 1213    -999999 -999999 814     743     940     1139    1561    2041    -999999 2283    -999999 1903    1126    -999999 
335    1922 -999999 -999999 -999999 -999999 -999999 -999999 -999999 817     -999999 1079    -999999 1867    -999999 -999999 2359    -999999 -999999 -999999 806     
335    1923 -999999 -999999 -999999 831     -999999 -999999 -999999 673     1051    998     -999999 -999999 -999999 -999999 2456    1881    1798    -999999 -999999 
335    1924 -999999 -999999 -999999 -999999 -999999 -999999 1568    -999999 661     -999999 1305    1731    -999999 2288    2089    1949    1564    1193    858     
335    1925 1383    -999999 1821    816     1140    2142    1438    793     799     714     1199    1511    2052    2162    2208    1782    1551    979     784     
335    1926 1469    1050    1873    864     1284    2115    1653    744     1083    1152    1299    1402    1882    2170    2285    2192    1679    1087    636     
335    1927 1481    1002    1940    738     1362    2193    1561    762     824     1010    1417    1661    1988    2263    2321    1973    1599    1109    800     
335    1928 1504    1030    1990    822     1215    2381    1621    715     959     996     1193    1454    2029    2580    2523    2139    1610    1114    712     
335    1929 1454    932     1940    614     1256    2256    1588    464     671     1001    1186    1579    2141    2440    2184    2098    1572    1093    970     
335    1930 1479    1022    1896    794     1279    2175    1695    824     567     1065    1209    1559    2058    2223    2241    2077    1667    1343    851     
335    1931 1425    1070    -999999 747     1337    2235    1466    722     660     1146    1255    1606    2265    2231    2208    1734    1523    1140    633     
335    1932 1387    920     1797    627     1188    2047    1575    810     424     966     1075    1518    1808    1971    2353    2040    1504    1183    944     
335    1933 1434    1020    1953    781     1381    2198    1509    582     822     1072    1419    1652    1683    2364    2529    2051    1622    851     509     
335    1934 1480    885     1980    624     1333    2245    1526    622     754     936     1198    1859    2148    2447    2136    2077    1650    847     1030    
335    1935 1432    970     1926    777     1205    2266    1539    519     784     969     1275    1375    2120    2433    2241    2101    1434    1084    820     
335    1936 1416    1041    1836    899     1243    2083    1479    980     895     1025    1223    1478    1829    2143    2269    2061    1321    1059    692     
335    1937 -999999 990     1992    871     1321    2296    1575    855     1086    936     1299    1728    2101    2346    2435    2027    1502    1200    -999999 
335    1938 1527    -999999 1912    -999999 1277    2242    1773    725     719     1189    1233    1408    2108    2273    2341    2098    1805    1413    955     
335    1939 1405    1141    1798    914     1175    2071    1523    895     889     872     1241    1415    1844    2151    2210    1913    1498    1160    743     
335    1940 1404    1017    1855    760     1356    2075    1496    595     954     1155    1294    1616    1891    2123    2205    1990    1401    1099    519     
335    1941 -999999 912     1805    621     1210    2132    1440    556     806     1087    1170    1370    1974    2311    2106    1885    1463    972     -999999 
335    1942 1444    -999999 1913    -999999 1341    2183    1616    524     510     1117    1270    1634    2109    2249    2188    2015    1792    1037    815     
335    1943 1522    1085    2025    858     1431    2288    1526    879     881     1082    1426    1783    2169    2324    2367    2066    1621    889     732     
335    1944 1429    925     1965    712     1330    2227    1462    864     528     891     1418    1684    1994    2257    2422    2002    1304    1084    668     
335    1945 1517    907     2031    664     1433    2278    1623    352     1005    1047    1517    1740    2230    2408    2199    2081    1695    1090    841     
335    1946 1421    1003    1896    775     1216    2167    1598    599     898     890     1277    1482    1889    2362    2240    2113    1643    1036    592     
335    1947 1556    963     2070    632     1431    2416    1699    582     731     1174    1453    1667    2232    2520    2488    2042    1651    1405    675     
335    1948 1530    1115    1909    787     1405    2157    1663    860     828     1259    1321    1632    2042    2098    2326    2023    1610    1358    983     
335    1949 1552    1106    2036    914     1283    2346    1695    802     961     919     1469    1466    2081    2561    2389    2240    1734    1109    859     
335    1950 -999999 1089    1982    858     1292    2362    1642    769     955     1096    1134    1642    2218    2570    2292    2019    1655    1252    -999999 
335    1951 1506    -999999 1873    -999999 1247    2158    1660    870     937     1093    1205    1442    1986    2269    2213    2114    1594    1273    1042    
335    1952 1579    1117    2026    859     1447    2350    1691    698     836     1247    1391    1702    2204    2448    2393    2002    1810    1257    926     
335    1953 1551    1089    1953    814     1363    2174    1730    714     801     1002    1336    1750    1924    2249    2340    2102    1729    1359    1251    
335    1954 1511    1181    1850    942     1308    2080    1766    752     810     1157    1227    1539    1949    2115    2172    2086    1792    1420    1070    
335    1955 1602    1255    1993    1094    1349    2277    1655    1197    1006    1025    1301    1720    2042    2385    2395    2097    1647    1221    1140    
335    1956 1454    1102    1913    868     1360    2124    1571    992     445     1126    1284    1669    1833    2213    2318    2143    1583    986     806     
335    1957 1511    1076    1885    892     1317    2143    1656    748     1146    1193    1264    1493    1885    2234    2301    2122    1653    1194    871     
335    1958 1568    1118    1945    904     1335    2169    1758    858     991     1129    1189    1683    1976    2185    2340    2286    1681    1310    1147    
335    1959 1583    1229    1964    1036    1434    2226    1654    914     1047    1263    1401    1636    2004    2367    2299    2066    1687    1207    1064    
335    1960 1547    1194    1963    1003    1451    2224    1597    890     1060    1248    1349    1754    2138    2226    2306    1995    1550    1248    782     
335    1961 1629    1118    2044    905     1492    2243    1762    853     1099    1177    1545    1754    2090    2345    2287    2233    1739    1313    1079    
335    1962 1536    1198    1955    1014    1319    2218    1696    1038    916     1081    1310    1566    1967    2279    2398    2195    1798    1091    745     
335    1963 1499    1048    1897    751     1351    2159    1688    763     743     1119    1330    1605    1975    2323    2174    1963    1720    1378    822     
335    1964 1557    1127    2011    844     1396    2252    1702    745     974     1111    1268    1804    2086    2364    2303    2229    1611    1268    901     
335    1965 1514    1074    1889    803     1348    2182    1647    830     665     1137    1281    1624    1995    2283    2263    1873    1766    1299    1087    
335    1966 1557    1232    1953    1080    1391    2150    1650    951     1215    1075    1436    1664    2011    2177    2257    2164    1735    1047    936     
335    1967 1577    1141    1947    926     1389    2219    1801    816     1036    1263    1286    1613    1926    2370    2352    2119    1880    1400    827     
335    1968 1593    1202    1950    932     1394    2172    1789    957     1018    1125    1402    1655    1933    2281    2293    2123    1898    1342    1067    
335    1969 1516    1219    1905    963     1389    2153    1636    982     825     1166    1327    1672    1863    2271    2315    1965    1770    1167    812     
335    1970 1533    1110    1946    915     1265    2204    1751    974     964     957     1248    1590    1995    2283    2328    2222    1680    1353    771     
335    1971 1542    1088    1985    862     1316    2240    1660    854     971     895     1406    1649    1920    2365    2425    2131    1788    1056    1001    
335    1972 1468    1139    1794    945     1297    2069    1574    824     1016    1141    1269    1480    1874    2215    2111    1801    1560    1360    955     
335    1973 1476    1086    1911    884     1220    2210    1636    872     820     931     1129    1597    1956    2303    2363    2101    1585    1224    782     
335    1974 1488    1112    1874    915     1308    2135    1520    1000    968     1103    1213    1605    1956    2198    2245    2013    1338    1215    964     
335    1975 1507    1085    1903    993     1243    2203    1609    993     1025    975     1220    1535    1911    2308    2380    2045    1611    1172    872     
335    1976 1496    1082    1923    881     1310    2240    1489    810     967     1055    1238    1634    2128    2348    2241    1936    1518    1014    1037    
335    1977 1499    1119    1785    1010    1281    2010    1672    889     1114    1136    1229    1478    1850    2094    2082    1967    1814    1231    1080    
335    1978 1490    1179    1824    958     1273    2043    1659    769     1031    1136    1184    1495    1847    2081    2195    2130    1622    1227    1127    
335    1979 1537    1186    1910    1043    1305    2203    1630    958     1045    1122    1218    1571    2034    2274    2297    2052    1708    1127    1004    
335    1980 1509    1155    1887    981     1292    2116    1710    860     1085    1140    1247    1487    1891    2059    2392    2240    1658    1233    807     
335    1981 1563    1110    1931    811     1397    2177    1733    807     818     1315    1330    1545    2046    2143    2338    2179    1744    1276    1162    
335    1982 1591    1229    1991    1089    1304    2297    1728    1095    1003    1074    1263    1575    2087    2487    2312    2212    1690    1282    975     
335    1983 1579    1123    1982    866     1343    2280    1807    857     756     1147    1303    1578    2032    2463    2338    2164    1813    1444    996     
335    1984 1477    1162    1839    920     1217    2116    1676    899     862     945     1287    1420    1854    2276    2210    1974    1631    1424    918     
335    1985 1512    1092    1939    824     1269    2199    1721    514     1063    1007    1319    1482    1971    2343    2277    2233    1837    1088    982     
335    1986 1526    1119    1934    886     1322    2202    1747    852     818     1107    1154    1699    1956    2278    2365    2135    1802    1300    787     
335    1987 1563    1116    1967    828     1313    2202    1795    793     911     1088    1341    1510    1942    2297    2360    2341    1807    1238    1080    
335    1988 1569    1184    1973    969     1399    2227    1740    879     948     1141    1363    1690    1980    2310    2383    2098    1849    1270    890     
335    1989 1602    1197    1967    930     1405    2289    1694    881     1028    1248    1290    1674    2013    2437    2407    1959    1737    1385    1112    
335    1990 1671    1299    2090    1139    1465    2364    1803    1003    1318    1245    1347    1800    2130    2425    2530    2289    1844    1273    825     
335    1991 1583    1182    2049    902     1595    2179    1617    956     926     1244    1695    1849    1892    2269    2368    2211    1515    1130    903     
335    1992 1476    1028    1888    812     1349    2093    1619    682     854     1078    1271    1696    1742    2144    2380    2077    1499    1286    974     
335    1993 1438    1069    1857    870     1274    2136    1478    794     840     1005    1218    1595    2005    2137    2262    1909    1453    1074    919     
335    1994 1644    1066    2084    888     1460    2394    1783    831     917     1188    1378    1811    2118    2573    2483    2123    1737    1491    1028    
335    1995 1657    1272    1998    1073    1413    2295    1779    1012    1189    1172    1312    1751    1989    2455    2431    2029    1900    1403    1195    
335    1996 1596    1294    1961    1106    1400    2244    1652    1157    958     1131    1361    1707    2017    2326    2382    1953    1673    1328    1127    
335    1997 1674    1265    2025    1094    1507    2307    1796    1011    1148    1290    1382    1846    2138    2306    2470    1992    1975    1417    1073    
335    1998 1658    1280    2119    1015    1505    2395    1732    879     1101    1223    1461    1830    2187    2485    2505    2227    1745    1224    991     
335    1999 1622    1204    2103    994     1510    2350    1650    996     995     1252    1371    1904    2149    2436    2459    2281    1702    964     903     
335    2000 1592    1123    2017    932     1469    2281    1610    768     1140    1256    1318    1828    2099    2285    2455    2099    1599    1133    1103    
335    2001 1621    1223    2041    1035    1563    2357    1659    987     1014    1480    1382    1819    2195    2368    2502    1959    1942    1068    679     
335    2002 1582    1161    1936    898     1386    2229    1680    924     1112    1232    1369    1555    2237    2292    2157    1998    1735    1306    1038    
335    2003 1647    1138    2223    852     1471    2678    1621    789     715     1210    1398    1802    2565    2616    2850    2082    1525    1274    883     
