EUROPEAN CLIMATE ASSESSMENT & DATASET (ECA&D), file created on: 10-05-2011
THESE DATA CAN BE USED FREELY PROVIDED THAT THE FOLLOWING SOURCE IS ACKNOWLEDGED: 

Klein Tank, A.M.G. and Coauthors, 2002. Daily dataset of 20th-century surface
air temperature and precipitation series for the European Climate Assessment.
Int. J. of Climatol., 22, 1441-1453.
Data and metadata available at http://eca.knmi.nl

FILE FORMAT (MISSING VALUE CODE = -999999):

THIS FILE HOLDS DATA FOR STATION UNITED KINGDOM                           BLYTH BRIDGE                             (STAID:   1834)
LATITUDE: dd:mm:ss +55:42:11
LONGITUDE: ddd:mm:ss -003:22:00
ELEVATION: m  253

DATA IS FOR INDEX Mean of daily mean temperature (TG) with unit 0.01 Temperature (&#176;C)

01-06 SOUID: Source identifier
08-11 YEAR : YYYY
13-20 ANNUAL DATA VALUES
21-28 WINTER HALF YEAR DATA VALUES
29-36 SUMMER HALF YEAR DATA VALUES
37-44 WINTER (DJF) DATA VALUES
45-52 SPRING (MAM) DATA VALUES
53-60 SUMMER (JJA) DATA VALUES
61-68 AUTUMN (SON) DATA VALUES
69-76 JANUARY DATA VALUES
etc. 
157-164 DECEMBER DATA VALUES

1834   1960 -999999 -999999 -999999 -999999 765     1298    775     142     71      410     767     1050    1363    1281    1254    1066    815     422     100     
1834   1961 -999999 -999999 -999999 246     768     1190    -999999 171     472     683     733     883     1128    1219    1219    1216    868     387     10      
1834   1962 -999999 -999999 -999999 -999999 490     1138    -999999 248     313     83      555     823     1110    1151    1151    1001    882     262     122     
1834   1963 -999999 -999999 -999999 -999999 624     1219    797     -211    -292    433     631     803     1238    1243    1178    1041    858     457     181     
1834   1964 -999999 -999999 -999999 -999999 640     1217    -999999 329     282     259     672     988     1108    1294    1241    1115    669     469     149     
1834   1965 -999999 -999999 -999999 107     589     1168    -999999 34      135     265     628     884     1218    1083    1205    991     805     100     145     
1834   1966 -999999 -999999 -999999 -999999 602     1218    -999999 101     -999999 506     409     892     1272    1248    1127    1198    708     299     -999999 
1834   1967 -999999 -999999 -999999 -999999 -999999 1261    766     251     324     431     559     723     1194    1287    1302    1115    747     423     -999999 
1834   1968 -999999 -999999 -999999 -999999 601     1237    -999999 222     -42     431     629     729     1228    1232    1253    1066    986     400     112     
1834   1969 -999999 -999999 -999999 -999999 474     1330    -999999 283     -999999 79      483     835     1200    1351    1440    1144    1094    138     95      
1834   1970 -999999 -999999 -999999 -999999 519     1279    -999999 120     -4      197     420     958     1307    1171    1355    1163    835     444     230     
1834   1971 -999999 -999999 1037    -999999 628     1179    -999999 327     -999999 343     587     933     1009    1321    1206    1148    873     -999999 532     
1834   1972 -999999 -999999 -999999 -999999 640     1163    -999999 196     252     415     626     870     964     1309    1216    941     825     265     379     
1834   1973 -999999 -999999 -999999 -999999 579     1280    -999999 223     -999999 487     441     811     1235    1325    1280    1133    643     216     192     
1834   1974 -999999 -999999 -999999 -999999 620     1182    -999999 436     -999999 348     591     902     1084    1208    1245    913     537     381     472     
1834   1975 -999999 -999999 -999999 -999999 522     1407    -999999 391     278     278     599     710     1204    1408    1594    1020    819     395     379     
1834   1976 -999999 -999999 -999999 -999999 -999999 1424    -999999 -999999 330     258     622     913     1336    1515    1415    1063    794     399     -23     
1834   1977 -999999 -999999 -999999 -999999 -999999 1244    -999999 -69     178     448     484     770     1060    1383    1271    1002    988     288     387     
1834   1978 -999999 -999999 -999999 -999999 -999999 1207    -999999 -10     -33     442     407     989     1133    1224    1262    1131    957     625     125     
1834   1979 -999999 -999999 -999999 -999999 469     1216    -999999 -240    -47     136     494     724     1199    1257    1189    1034    847     353     266     
1834   1980 -999999 -999999 -999999 -999999 633     1213    -999999 21      318     217     713     933     1111    1234    1282    1193    588     422     -999999 
1834   1981 -999999 -999999 -999999 -999999 676     1230    -999999 262     -999999 463     588     941     1077    1280    1339    1141    450     496     -298    
1834   1982 -999999 -999999 -999999 -999999 660     -999999 -999999 -14     328     403     697     884     1177    1382    1275    1087    810     489     -999999 
1834   1983 -999999 -999999 -999999 -999999 -999999 1395    -999999 381     40      411     432     761     1097    1558    1492    1059    751     530     403     
1834   1984 -999999 -999999 -999999 -999999 592     1344    -999999 -19     205     277     640     837     1151    1447    1428    1037    833     525     352     
1834   1985 -999999 -999999 -999999 -999999 -999999 1151    -999999 -42     -999999 259     599     845     999     1276    1181    1108    846     140     -999999 
1834   1986 -999999 -999999 -999999 -999999 512     -999999 -999999 53      -213    316     361     854     1208    1252    1086    897     852     534     296     
1834   1987 -999999 -999999 -999999 -999999 -999999 1205    722     -18     193     180     751     752     1006    1325    1271    1039    660     456     408     
1834   1988 -999999 -999999 -999999 -999999 -999999 1261    -999999 256     297     370     593     899     1302    1223    1256    1059    753     380     573     
1834   1989 -999999 -999999 -999999 -999999 -999999 1332    -999999 -999999 -999999 422     450     965     1174    1517    1310    1058    904     425     100     
1834   1990 -999999 -999999 -999999 -999999 -999999 1304    -999999 414     -999999 580     576     986     1142    1374    1391    976     862     376     246     
1834   1991 -999999 -999999 -999999 -999999 682     1288    -999999 96      70      552     567     914     991     1473    1413    1108    787     400     317     
1834   1992 -999999 -999999 -999999 -999999 -999999 1280    652     188     364     473     615     1042    1329    1291    1223    1041    489     432     164     
1834   1993 -999999 -999999 -999999 -999999 -999999 -999999 613     320     -999999 446     636     849     1167    1197    1173    978     564     296     132     
1834   1994 -999999 -999999 -999999 -999999 582     1260    -999999 230     97      405     551     777     1110    1435    1231    995     793     -999999 -999999 
1834   1995 -999999 -999999 -999999 -999999 598     1417    -999999 178     317     214     624     921     1166    1489    1581    1102    1034    540     -101    
1834   1996 -999999 -999999 -999999 -999999 -999999 1327    -999999 380     113     261     -999999 654     1214    1334    1433    1137    949     273     121     
1834   1997 -999999 -999999 -999999 -999999 728     1389    -999999 141     401     598     725     858     1131    1438    1580    1110    796     677     376     
1834   1998 -999999 -999999 -999999 -999999 697     1243    -999999 283     638     568     526     993     1115    1289    1317    1214    664     406     373     
1834   1999 -999999 -999999 -999999 -999999 -999999 1246    -999999 263     -999999 450     683     978     1082    1410    1241    1291    820     483     126     
1834   2000 -999999 -999999 -999999 -999999 -999999 1280    829     347     350     537     522     940     1147    1299    1389    1194    805     500     291     
1834   2001 -999999 -999999 -999999 -999999 611     1264    -999999 202     -999999 239     552     1040    1095    1343    1339    1094    1106    -999999 215     
1834   2002 -999999 -999999 -999999 -999999 738     1288    825     383     -999999 535     719     952     1170    1266    1427    1196    645     614     331     
1834   2003 -999999 -999999 -999999 -999999 789     1430    839     198     248     586     813     966     1310    1511    1463    1194    663     640     -999999 
1834   2004 -999999 -999999 -999999 -999999 759     1347    -999999 288     270     473     774     1029    1246    1306    1492    1173    768     -999999 398     
1834   2005 824     -999999 1138    363     703     1354    891     420     265     586     668     855     1306    1390    1364    1241    1010    417     320     
1834   2006 848     442     1192    312     602     1421    996     312     302     275     590     940     1321    1589    1351    1351    1010    626     477     
1834   2007 -999999 604     -999999 474     811     1317    912     486     458     554     942     941     1280    1333    1336    1128    994     640     327     
1834   2008 -999999 539     -999999 399     721     -999999 -999999 422     454     390     626     1143    -999999 -999999 -999999 -999999 -999999 499     235     
1834   2009 -999999 -999999 -999999 271     771     1389    928     275     306     534     816     966     1299    1440    1416    1203    980     600     40      
1834   2010 692     -999999 1140    33      668     1352    781     -36     98      413     710     884     1352    1408    1298    1192    850     281     -195    
1834   2011 -999999 -999999 -999999 150     -999999 -999999 -999999 218     467     498     979     -999999 -999999 -999999 -999999 -999999 -999999 -999999 -999999 
