EUROPEAN CLIMATE ASSESSMENT & DATASET (ECA&D), file created on: 10-05-2011
THESE DATA CAN BE USED FREELY PROVIDED THAT THE FOLLOWING SOURCE IS ACKNOWLEDGED: 

Klein Tank, A.M.G. and Coauthors, 2002. Daily dataset of 20th-century surface
air temperature and precipitation series for the European Climate Assessment.
Int. J. of Climatol., 22, 1441-1453.
Data and metadata available at http://eca.knmi.nl

FILE FORMAT (MISSING VALUE CODE = -999999):

THIS FILE HOLDS DATA FOR STATION RUSSIAN FEDERATION                       BOLOGOE                                  (STAID:   1157)
LATITUDE: dd:mm:ss +57:54:00
LONGITUDE: ddd:mm:ss +034:06:00
ELEVATION: m  213

DATA IS FOR INDEX Mean of daily mean temperature (TG) with unit 0.01 Temperature (&#176;C)

01-06 SOUID: Source identifier
08-11 YEAR : YYYY
13-20 ANNUAL DATA VALUES
21-28 WINTER HALF YEAR DATA VALUES
29-36 SUMMER HALF YEAR DATA VALUES
37-44 WINTER (DJF) DATA VALUES
45-52 SPRING (MAM) DATA VALUES
53-60 SUMMER (JJA) DATA VALUES
61-68 AUTUMN (SON) DATA VALUES
69-76 JANUARY DATA VALUES
etc. 
157-164 DECEMBER DATA VALUES

1157   1995 -999999 -999999 -999999 -999999 601     -999999 514     -655    -182    3       581     1217    -999999 1581    1570    1213    665     -368    -1123   
1157   1996 -999999 -999999 -999999 -1057   432     1626    542     -971    -1074   -403    453     1274    1539    1674    1658    826     519     283     -734    
1157   1997 -999999 -999999 -999999 -654    355     1712    288     -747    -471    -184    357     875     1692    1778    1658    829     239     -186    -754    
1157   1998 -999999 -999999 -999999 -693    444     1630    -999999 -418    -921    -314    380     1237    1777    1696    1425    1009    486     -899    -668    
1157   1999 -999999 -999999 -999999 -745    448     1844    474     -729    -844    -142    853     674     2054    2018    1479    1146    651     -412    -261    
1157   2000 -999999 -203    -999999 -440    554     1609    540     -675    -378    -171    886     972     1478    1783    1563    949     693     20      -403    
1157   2001 -999999 -999999 -999999 -581    519     1748    -999999 -431    -930    -415    954     1045    1516    2148    1539    1124    517     -210    -1267   
1157   2002 -999999 -999999 -999999 -999999 577     1762    -999999 -682    -999999 101     538     1141    1557    2050    1680    1035    64      -340    -1316   
1157   2003 -999999 -999999 -999999 -1047   442     1595    527     -1013   -797    -251    277     1317    1207    1983    1581    1118    464     38      -283    
1157   2004 -999999 -999999 -999999 -999999 457     1643    489     -942    -999999 9       336     1008    1412    1770    1724    1234    491     -233    -297    
1157   2005 -999999 -999999 -999999 -508    336     1667    679     -394    -908    -733    599     1239    1453    1850    1692    1269    596     157     -592    
1157   2006 -999999 -448    -999999 -985    356     1691    668     -983    -1424   -497    481     1089    1683    1754    1632    1326    655     2       111     
1157   2007 592     -999999 1352    -514    738     1706    499     -418    -1342   387     479     1338    1524    1742    1845    1154    623     -283    -201    
1157   2008 612     -89     1251    -301    569     1605    615     -481    -212    0       686     1024    1423    1740    1642    973     745     125     -322    
1157   2009 526     -109    1275    -462    464     1602    600     -557    -512    -161    363     1188    1552    1726    1527    1274    398     157     -680    
1157   2010 480     -472    1539    -1061   630     2008    450     -1558   -931    -237    610     1489    1691    2372    1953    1077    331     -52     -1098   
1157   2011 -999999 -496    -999999 -1016   -999999 -999999 -999999 -821    -1139   -233    519     -999999 -999999 -999999 -999999 -999999 -999999 -999999 -999999 
