EUROPEAN CLIMATE ASSESSMENT & DATASET (ECA&D), file created on: 10-05-2011
THESE DATA CAN BE USED FREELY PROVIDED THAT THE FOLLOWING SOURCE IS ACKNOWLEDGED: 

Klein Tank, A.M.G. and Coauthors, 2002. Daily dataset of 20th-century surface
air temperature and precipitation series for the European Climate Assessment.
Int. J. of Climatol., 22, 1441-1453.
Data and metadata available at http://eca.knmi.nl

FILE FORMAT (MISSING VALUE CODE = -999999):

THIS FILE HOLDS DATA FOR STATION GREECE                                   ARGOSTOLI                                (STAID:    497)
LATITUDE: dd:mm:ss +38:07:00
LONGITUDE: ddd:mm:ss +020:28:59
ELEVATION: m   22

DATA IS FOR INDEX Mean of daily mean temperature (TG) with unit 0.01 Temperature (&#176;C)

01-06 SOUID: Source identifier
08-11 YEAR : YYYY
13-20 ANNUAL DATA VALUES
21-28 WINTER HALF YEAR DATA VALUES
29-36 SUMMER HALF YEAR DATA VALUES
37-44 WINTER (DJF) DATA VALUES
45-52 SPRING (MAM) DATA VALUES
53-60 SUMMER (JJA) DATA VALUES
61-68 AUTUMN (SON) DATA VALUES
69-76 JANUARY DATA VALUES
etc. 
157-164 DECEMBER DATA VALUES

497    1970 1802    -999999 2169    -999999 1561    2448    1916    1301    1198    1332    1568    1783    2262    2489    2587    2314    1869    1566    1309    
497    1971 1784    1405    2193    1255    1605    2449    1838    1321    1124    1216    1547    2050    2250    2455    2636    2199    1795    1521    1238    
497    1972 1764    1397    2151    1262    1581    2392    1815    1297    1251    1269    1609    1866    2333    2408    2434    2249    1703    1498    1225    
497    1973 1806    1323    2200    1181    1515    2473    1980    1140    1177    1187    1393    1959    2298    2578    2537    2422    1983    1533    1412    
497    1974 1754    1435    2144    1254    1521    2413    1908    1095    1254    1320    1482    1760    2190    2455    2587    2377    1906    1440    1154    
497    1975 1757    1323    2149    1073    1585    2360    1971    1017    1046    1351    1531    1871    2191    2457    2426    2407    1965    1542    1229    
497    1976 1723    1361    2076    1136    1537    2323    1862    1091    1086    1243    1461    1904    2246    2466    2254    2112    1947    1525    1315    
497    1977 1804    1444    2161    1256    1636    2405    1933    1128    1333    1405    1499    2001    2249    2466    2495    2241    1844    1716    1237    
497    1978 1757    1423    2090    1210    1544    2362    1839    1153    1243    1336    1471    1824    2259    2392    2430    2149    1953    1412    1419    
497    1979 1813    1433    2162    1277    1566    2455    1965    1130    1282    1389    1446    1859    2445    2438    2482    2292    2041    1559    1355    
497    1980 1722    1394    2052    1162    1460    2316    1993    1043    1082    1271    1351    1754    2096    2322    2524    2251    2006    1723    1219    
497    1981 1760    1393    2161    1084    1579    2431    1903    932     1102    1356    1564    1817    2368    2402    2521    2285    2062    1357    1309    
497    1982 1800    1365    2210    1195    1485    2482    2039    1217    1044    1168    1454    1833    2352    2517    2573    2524    2076    1515    1281    
497    1983 1765    1369    2178    1120    1613    2401    1916    1069    1000    1241    1566    2030    2205    2526    2465    2260    1883    1607    1279    
497    1984 1746    1394    2055    1196    1520    2271    1994    1179    1124    1282    1392    1881    2073    2362    2372    2238    2113    1627    1283    
497    1985 1820    1433    2204    1186    1615    2439    1976    1175    1089    1284    1571    1988    2235    2468    2608    2341    1881    1710    1437    
497    1986 1816    1461    2214    1280    1613    2468    1982    1200    1195    1327    1562    1947    2281    2468    2648    2366    2015    1565    1174    
497    1987 1786    1353    2176    1204    1356    2468    2053    1223    1216    923     1452    1695    2201    2666    2528    2501    2039    1619    1337    
497    1988 1782    1441    2226    1263    1507    2579    1818    1322    1120    1195    1467    1858    2274    2744    2709    2282    1805    1368    1208    
497    1989 1757    1338    2134    1141    1615    2360    1879    1033    1185    1414    1652    1779    2124    2420    2529    2288    1801    1550    1273    
497    1990 1775    1384    2102    1179    1601    2344    1983    1055    1212    1399    1532    1870    2208    2434    2386    2181    2026    1739    1236    
497    1991 1690    1418    2025    1100    1502    2265    1982    1000    1060    1420    1446    1639    2156    2318    2319    2278    2062    1604    963     
497    1992 1767    1316    2160    1018    1491    2454    2031    1107    980     1165    1457    1849    2221    2415    2718    2285    2144    1660    1166    
497    1993 1784    1366    2180    1074    1495    2481    2002    1095    951     1149    1466    1868    2278    2479    2679    2304    2082    1617    1391    
497    1994 1844    1479    2242    1277    1590    2508    2042    1275    1158    1322    1548    1899    2170    2593    2749    2474    2064    1588    1233    
497    1995 1748    1425    2127    1222    1447    2459    1823    1133    1308    1217    1349    1772    2252    2584    2535    2252    1863    1353    1321    
497    1996 1738    1302    2146    1159    1487    2448    1857    1103    1047    1110    1401    1948    2328    2408    2603    2170    1815    1589    1307    
497    1997 1732    1373    2079    1216    1414    2383    1909    1206    1127    1180    1164    1890    2265    2451    2429    2254    1876    1599    1301    
497    1998 1799    1370    2235    1231    1483    2567    1963    1162    1231    1044    1541    1865    2299    2600    2794    2296    2025    1566    1125    
497    1999 -999999 1363    -999999 1103    -999999 2470    2032    1154    1022    1262    1500    -999999 -999999 2487    2615    2336    2097    1660    1413    
497    2000 1813    1398    2246    1144    1605    2520    2001    935     1081    1192    1602    2021    2412    2547    2596    2286    1949    1771    1334    
497    2001 -999999 -999999 -999999 -999999 -999999 2601    2026    -999999 -999999 -999999 -999999 2079    2333    2680    2781    2387    2119    1568    1044    
497    2002 1868    1406    2313    1111    1690    2643    1947    1000    1308    1392    1605    2062    2579    2716    2630    2270    1943    1640    1239    
497    2003 1879    1353    2374    1118    1597    2763    2012    1301    781     1167    1478    2143    2685    2755    2846    2315    2046    1673    1270    
497    2004 1856    1420    2267    1163    1599    2581    2029    1060    1157    1304    1638    1855    2358    2754    2623    2357    2095    1631    1383    
497    2005 -999999 -999999 -999999 -999999 -999999 -999999 -999999 -999999 -999999 -999999 -999999 -999999 -999999 -999999 -999999 -999999 -999999 -999999 -999999 
497    2006 -999999 -999999 -999999 -999999 -999999 -999999 -999999 -999999 -999999 -999999 -999999 -999999 -999999 -999999 -999999 -999999 -999999 -999999 -999999 
497    2007 -999999 -999999 -999999 -999999 -999999 -999999 -999999 -999999 -999999 -999999 -999999 -999999 -999999 -999999 -999999 -999999 -999999 -999999 -999999 
497    2008 -999999 -999999 -999999 -999999 -999999 -999999 -999999 -999999 -999999 -999999 -999999 -999999 -999999 -999999 -999999 -999999 -999999 -999999 -999999 
497    2009 -999999 -999999 -999999 -999999 -999999 -999999 -999999 -999999 -999999 -999999 -999999 -999999 -999999 -999999 -999999 -999999 -999999 -999999 -999999 
