EUROPEAN CLIMATE ASSESSMENT & DATASET (ECA&D), file created on: 10-05-2011
THESE DATA CAN BE USED FREELY PROVIDED THAT THE FOLLOWING SOURCE IS ACKNOWLEDGED: 

Klein Tank, A.M.G. and Coauthors, 2002. Daily dataset of 20th-century surface
air temperature and precipitation series for the European Climate Assessment.
Int. J. of Climatol., 22, 1441-1453.
Data and metadata available at http://eca.knmi.nl

FILE FORMAT (MISSING VALUE CODE = -999999):

THIS FILE HOLDS DATA FOR STATION SPAIN                                    MURCIA/SAN JAVIER                        (STAID:   1404)
LATITUDE: dd:mm:ss +37:47:20
LONGITUDE: ddd:mm:ss -000:48:11
ELEVATION: m    4

DATA IS FOR INDEX Mean of daily mean temperature (TG) with unit 0.01 Temperature (&#176;C)

01-06 SOUID: Source identifier
08-11 YEAR : YYYY
13-20 ANNUAL DATA VALUES
21-28 WINTER HALF YEAR DATA VALUES
29-36 SUMMER HALF YEAR DATA VALUES
37-44 WINTER (DJF) DATA VALUES
45-52 SPRING (MAM) DATA VALUES
53-60 SUMMER (JJA) DATA VALUES
61-68 AUTUMN (SON) DATA VALUES
69-76 JANUARY DATA VALUES
etc. 
157-164 DECEMBER DATA VALUES

1404   1927 -999999 -999999 -999999 -999999 1609    2327    1821    979     936     1411    1538    1876    2156    2356    2435    2252    1892    1318    1153    
1404   1928 1755    1325    2153    1103    1572    2421    1927    977     1184    1418    1522    1776    2180    2495    2579    2352    1965    1463    1134    
1404   1929 -999999 1346    -999999 1108    1594    2410    1910    960     1245    1303    1595    1884    2264    2489    2450    2347    1921    1463    1294    
1404   1930 1821    1380    2184    1145    1642    2415    2052    1135    991     1442    1560    1923    2210    2487    2542    2367    2137    1650    1340    
1404   1931 -999999 -999999 2196    -999999 1690    2489    1865    1200    1170    1553    1592    1921    2430    2489    2547    2187    1856    1552    995     
1404   1932 -999999 1311    2122    1009    1613    2323    1961    1034    997     1418    1577    1844    2143    2344    2476    2342    1923    1552    1247    
1404   1933 -999999 -999999 2225    1139    1660    2416    1913    1010    1164    1334    1663    1982    2158    2456    2624    2452    2033    1270    916     
1404   1934 1767    -999999 2216    954     1590    2462    1888    973     977     1256    1572    1942    2313    2590    2477    2392    1956    1313    1379    
1404   1935 1782    1343    2204    1153    1577    2460    1923    945     1132    1311    1687    1737    2257    2565    2553    2420    1856    1495    1384    
1404   1936 -999999 1468    -999999 1347    1596    2352    -999999 1300    1359    1410    1620    1760    2117    2476    2455    -999999 1811    1460    1058    
1404   1937 -999999 1415    2222    1264    1670    2467    1948    1224    1536    1416    1717    1877    2278    2513    2603    2330    1854    1647    1103    
1404   1938 1758    -999999 2138    1086    1511    2433    1985    1124    1023    1269    1433    1829    2265    2484    2545    2255    2042    1655    1124    
1404   1939 1766    1427    2125    1189    1531    2348    1951    1282    1159    1282    1547    1765    2145    2418    2476    2392    1913    1550    1226    
1404   1940 -999999 1436    -999999 1203    1653    2283    1796    1089    1302    1532    1582    1844    2043    2350    2453    2219    1777    1448    1052    
1404   1941 1724    1318    2117    1089    1555    2399    1836    994     1238    1397    1518    1748    2213    2490    2487    2233    1900    1373    1068    
1404   1942 1779    1300    2182    1008    1692    2391    1960    1047    899     1476    1653    1947    2257    2423    2490    2310    2073    1493    1210    
1404   1943 1818    1417    2261    1193    1676    2502    1911    1192    1175    1339    1677    2011    2348    2545    2608    2362    1948    1422    1145    
1404   1944 1759    1296    2230    1040    1646    2447    1924    1018    950     1273    1720    1947    2260    2465    2610    2367    1816    1593    1066    
1404   1945 -999999 -999999 2248    1031    1754    2435    2009    797     1252    1408    1822    1979    2293    2524    2484    2380    2000    1648    1348    
1404   1946 -999999 1411    2148    1158    1570    2394    -999999 961     1166    1327    1557    1826    2145    2437    2592    2317    2036    1450    1034    
1404   1947 1842    -999999 2229    1097    1658    2538    2043    1003    1270    1563    1555    1852    2357    2619    2631    2345    2044    1740    1085    
1404   1948 1810    1473    2151    1212    1640    2379    1924    1227    1331    1413    1598    1908    2228    2337    2566    2257    1979    1533    1326    
1404   1949 -999999 1380    2195    1169    1546    2460    1981    1032    1148    1245    1615    1781    2245    2547    2581    2388    2025    1535    1253    
1404   1950 1798    -999999 2211    1194    1548    2534    1993    1053    1284    1332    1503    1808    2310    2635    2652    2357    1961    1663    1010    
1404   1951 1747    1368    2133    1062    1534    2403    1862    1045    1139    1377    1487    1737    2262    2456    2485    2362    1727    1502    1344    
1404   1952 1792    1351    2210    1096    1670    2526    1931    905     1034    1577    1533    1902    2383    2585    2603    2230    2050    1510    1163    
1404   1953 1778    1310    2225    1034    1602    2440    1969    921     1016    1179    1582    2045    2247    2502    2565    2397    1915    1595    1331    
1404   1954 1776    1387    2137    1121    1577    2396    2010    987     1036    1450    1422    1855    2207    2460    2516    2350    1994    1688    1298    
1404   1955 1882    1507    2263    1348    1673    2501    1947    1452    1288    1308    1663    2047    2298    2595    2603    2358    1950    1532    1444    
1404   1956 1684    1354    2144    1112    1547    2401    1825    1185    678     1300    1510    1829    2098    2484    2610    2317    1882    1275    985     
1404   1957 -999999 1306    -999999 1049    1614    2403    1868    842     1348    1508    1467    1861    2155    2455    2627    2397    1853    1355    1048    
1404   1958 1686    1292    2031    1072    1501    2240    1820    984     1195    1326    1361    1811    2068    2269    2377    2289    1811    1361    1343    
1404   1959 1677    1326    2025    1133    1521    2237    1845    1049    995     1365    1514    1682    2057    2292    2357    2241    1861    1432    1229    
1404   1960 1695    1360    2067    1137    1549    2341    1810    990     1195    1444    1428    1771    2166    2396    2454    2174    1758    1500    1050    
1404   1961 1742    1293    2147    1125    1600    2302    1858    1061    1279    1115    1734    1954    2128    2407    2365    2283    1862    1430    1262    
1404   1962 1718    1356    2121    1160    1578    2316    1880    1083    1132    1349    1543    1840    2000    2470    2468    2391    1975    1271    1053    
1404   1963 1696    1294    2046    1057    1498    2312    1874    1048    1071    1322    1494    1678    2069    2410    2450    2164    1857    1602    1147    
1404   1964 1724    1363    2144    1111    1555    2374    1883    1014    1176    1375    1366    1918    2168    2449    2497    2450    1861    1339    1048    
1404   1965 1711    1248    2141    981     1634    2402    1765    1003    885     1319    1588    1994    2330    2439    2434    2047    1867    1379    1182    
1404   1966 1704    1347    2113    1235    1492    2326    1785    1244    1283    1118    1600    1760    2106    2368    2498    2340    1807    1209    1095    
1404   1967 1689    1267    2045    1072    1496    2309    1907    945     1189    1348    1359    1776    1975    2421    2520    2200    1997    1522    972     
1404   1968 1691    1316    2060    1061    1434    2322    1855    1088    1127    1183    1459    1655    2044    2456    2457    2277    1862    1425    1217    
1404   1969 1670    1334    2035    1108    1566    2258    1793    1141    950     1377    1478    1839    2030    2296    2442    2110    1893    1371    1053    
1404   1970 1659    1294    2051    1118    1402    2315    1838    1161    1141    1131    1402    1673    2104    2350    2482    2284    1727    1506    919     
1404   1971 1645    1213    2046    994     1387    2303    1824    950     1127    1050    1440    1674    1977    2395    2526    2247    1992    1226    1093    
1404   1972 1595    1255    1949    1045    1389    2220    1745    943     1103    1163    1404    1600    1986    2305    2363    2021    1692    1525    1026    
1404   1973 1624    1204    2033    986     1343    2315    1848    962     968     1037    1240    1750    2065    2436    2434    2254    1779    1513    1004    
1404   1974 1617    1259    2015    1028    1395    2263    1756    1066    1014    1160    1276    1746    2109    2277    2396    2273    1646    1354    1042    
1404   1975 1639    1245    2000    1100    1362    2302    1768    1117    1144    1159    1346    1580    1976    2436    2483    2163    1798    1343    1082    
1404   1976 1629    1241    2036    1032    1405    2342    1699    925     1092    1200    1322    1690    2143    2418    2458    2170    1704    1223    1184    
1404   1977 1664    1291    1942    1184    1440    2138    1842    1112    1265    1251    1401    1668    1974    2247    2189    2165    1899    1459    1309    
1404   1978 1700    1391    2043    1206    1508    2270    1815    1021    1299    1353    1511    1659    2072    2281    2450    2273    1780    1394    1279    
1404   1979 1692    1371    2013    1264    1430    2300    1794    1270    1240    1251    1386    1650    2118    2329    2446    2135    1851    1395    1195    
1404   1980 1675    1335    2054    1140    1455    2304    1852    1027    1203    1330    1343    1687    2127    2266    2513    2378    1801    1380    1025    
1404   1981 1733    1299    2059    1021    1616    2253    1914    990     1050    1525    1542    1780    2167    2252    2337    2266    1921    1555    1367    
1404   1982 1749    1443    2130    1272    1525    2428    1853    1203    1243    1355    1475    1745    2310    2510    2460    2268    1854    1436    1102    
1404   1983 1741    1289    2117    1019    1535    2345    2036    1015    933     1365    1496    1743    2118    2448    2461    2424    2022    1664    1146    
1404   1984 1683    1364    2065    1104    1484    2278    1857    1067    1098    1179    1618    1659    2047    2391    2390    2277    1760    1537    1165    
1404   1985 1719    1292    2129    1080    1496    2377    1935    875     1211    1203    1571    1715    2210    2444    2471    2353    2027    1422    1103    
1404   1986 1715    1335    2097    1099    1468    2364    1910    1087    1108    1242    1328    1829    2100    2407    2577    2325    1943    1463    1126    
1404   1987 1759    1364    2135    1108    1572    2374    1922    1031    1175    1430    1555    1729    2152    2445    2518    2398    1922    1446    1262    
1404   1988 1764    1398    2128    1206    1602    2372    1942    1198    1154    1391    1537    1875    2138    2419    2550    2234    2012    1577    1052    
1404   1989 1800    1382    2148    1120    1522    2454    1958    1084    1235    1327    1448    1788    2151    2522    2678    2281    1976    1615    1448    
1404   1990 1778    1481    2167    1302    1539    2413    1969    1105    1357    1377    1426    1811    2237    2437    2558    2524    1944    1440    1098    
1404   1991 1697    1322    2094    1048    1463    2378    1849    1002    1043    1385    1399    1602    2148    2483    2495    2426    1730    1395    1214    
1404   1992 1694    1272    2080    1078    1527    2290    1872    943     1075    1263    1466    1851    1968    2358    2535    2283    1810    1526    1222    
1404   1993 1664    1304    2078    1077    1496    2359    1745    928     1082    1240    1478    1770    2152    2399    2518    2136    1684    1419    1127    
1404   1994 1787    1295    2174    1113    1576    2475    1934    1029    1190    1318    1502    1904    2157    2590    2668    2204    1951    1647    1238    
1404   1995 1790    1442    2102    1226    1560    2385    1927    1137    1311    1360    1436    1880    2135    2458    2553    2128    1995    1656    1396    
1404   1996 1739    1466    2116    1276    1560    2391    1793    1301    1120    1309    1583    1790    2206    2431    2530    2141    1767    1471    1192    
1404   1997 1808    1361    2162    1198    1613    2363    2017    1164    1243    1322    1598    1918    2282    2335    2470    2364    2115    1569    1282    
1404   1998 1808    1470    2234    1236    1634    2487    1949    1212    1212    1409    1615    1876    2284    2591    2579    2450    1833    1568    1026    
1404   1999 1786    1331    2225    1082    1622    2483    1895    1108    1115    1324    1593    1947    2249    2541    2652    2351    1999    1331    1167    
1404   2000 1767    1351    2184    1127    1649    2411    1854    912     1313    1382    1593    1969    2260    2470    2499    2300    1875    1386    1229    
1404   2001 1946    1498    2334    1306    1845    2610    2023    1357    1336    1787    1804    1944    2453    2646    2725    2419    2195    1449    1183    
1404   2002 1921    1496    2256    1263    1685    2515    2108    1256    1358    1522    1609    1921    2357    2587    2596    2455    2155    1711    1490    
1404   2003 2001    1575    2419    1345    1730    2749    2172    1252    1287    1532    1672    1985    2579    2818    2845    2601    2136    1780    1475    
1404   2004 2022    1663    2378    1490    1740    2679    2187    1625    1363    1584    1703    1934    2495    2659    2875    2589    2301    1668    1438    
1404   2005 1949    1571    2359    1295    1850    2587    2070    1248    1189    1549    1841    2159    2480    2735    2541    2385    2182    1641    1387    
1404   2006 2068    1577    2440    1291    1930    2655    2340    1176    1313    1738    1898    2154    2430    2790    2739    2620    2428    1969    1510    
1404   2007 1899    1760    2212    1533    1750    2459    1869    1449    1653    1549    1616    2083    2344    2571    2456    2188    1892    1528    1437    
1404   2008 1953    1543    2349    1399    1784    2594    2086    1368    1393    1627    1765    1958    2342    2648    2784    2587    2165    1505    1273    
1404   2009 1976    1515    2352    1286    1741    2708    2168    1279    1309    1542    1658    2021    2533    2865    2719    2297    2302    1900    1234    
1404   2010 -999999 -999999 -999999 1127    1538    2452    1892    1044    1100    1205    1534    1864    2196    2548    2599    2329    1895    1420    1086    
1404   2011 -999999 -999999 -999999 1121    -999999 -999999 -999999 1101    1184    1342    1725    -999999 -999999 -999999 -999999 -999999 -999999 -999999 -999999 
