EUROPEAN CLIMATE ASSESSMENT & DATASET (ECA&D), file created on: 10-05-2011
THESE DATA CAN BE USED FREELY PROVIDED THAT THE FOLLOWING SOURCE IS ACKNOWLEDGED: 

Klein Tank, A.M.G. and Coauthors, 2002. Daily dataset of 20th-century surface
air temperature and precipitation series for the European Climate Assessment.
Int. J. of Climatol., 22, 1441-1453.
Data and metadata available at http://eca.knmi.nl

FILE FORMAT (MISSING VALUE CODE = -999999):

THIS FILE HOLDS DATA FOR STATION SWEDEN                                   BARKAKRA                                 (STAID:   1417)
LATITUDE: dd:mm:ss +56:17:24
LONGITUDE: ddd:mm:ss +012:51:00
ELEVATION: m   20

DATA IS FOR INDEX Mean of daily mean temperature (TG) with unit 0.01 Temperature (&#176;C)

01-06 SOUID: Source identifier
08-11 YEAR : YYYY
13-20 ANNUAL DATA VALUES
21-28 WINTER HALF YEAR DATA VALUES
29-36 SUMMER HALF YEAR DATA VALUES
37-44 WINTER (DJF) DATA VALUES
45-52 SPRING (MAM) DATA VALUES
53-60 SUMMER (JJA) DATA VALUES
61-68 AUTUMN (SON) DATA VALUES
69-76 JANUARY DATA VALUES
etc. 
157-164 DECEMBER DATA VALUES

1417   1961 813     -999999 1289    -999999 733     1517    981     -112    231     430     725     1045    1606    1496    1450    1406    1127    404     -84     
1417   1962 658     238     1143    19      449     1375    825     112     30      -175    658     872     1316    1423    1383    1198    915     360     -225    
1417   1963 658     -43     1299    -483    541     1587    936     -712    -516    -112    522     1214    1529    1621    1609    1283    894     633     -135    
1417   1964 738     199     1283    -101    624     1508    844     -27     -144    -38     731     1183    1490    1514    1518    1251    780     505     72      
1417   1965 675     211     1209    -23     513     1449    786     43      -201    36      602     904     1461    1427    1459    1397    893     63      -43     
1417   1966 693     73      1237    -242    548     1568    836     -378    -313    176     333     1126    1625    1625    1455    1241    908     356     85      
1417   1967 800     293     1270    0       700     1533    990     -178    105     464     504     1125    1336    1653    1605    1377    1084    507     -34     
1417   1968 751     240     1315    -153    643     1615    909     -253    -173    291     713     926     1596    1523    1725    1401    859     470     -90     
1417   1969 721     126     1362    -167    502     1706    930     -109    -315    -91     542     1056    1567    1761    1785    1442    973     373     -404    
1417   1970 686     8       1284    -432    499     1649    825     -391    -509    -30     365     1158    1711    1599    1639    1212    884     378     133     
1417   1971 793     253     1297    70      611     1595    802     -33     114     31      607     1195    1429    1685    1667    1181    896     324     370     
1417   1972 778     270     1275    43      670     1598    802     -250    7       259     622     1128    1419    1794    1574    1092    774     540     341     
1417   1973 776     381     1297    175     683     1646    696     24      160     432     523     1088    1527    1806    1602    1217    639     233     13      
1417   1974 838     285     1281    151     720     1508    835     194     256     371     751     1040    1430    1515    1576    1367    647     497     381     
1417   1975 891     386     1387    303     658     1708    900     406     103     259     530     1181    1457    1752    1906    1473    864     365     303     
1417   1976 710     199     1287    13      509     1632    811     -134    -129    -88     503     1111    1475    1757    1660    1191    818     425     -102    
1417   1977 772     217     1235    -87     628     1563    872     -88     -71     297     461     1120    1583    1573    1533    1117    998     505     190     
1417   1978 716     284     1204    -6      611     1488    896     55      -289    199     501     1130    1491    1455    1518    1112    900     677     -220    
1417   1979 655     113     1207    -344    562     1478    791     -382    -438    106     473     1105    1544    1411    1482    1214    727     433     116     
1417   1980 694     118     1283    -146    530     1579    789     -272    -293    -17     604     1006    1580    1618    1540    1341    763     265     159     
1417   1981 713     215     1290    -2      700     1526    834     -174    11      247     531     1316    1433    1585    1556    1301    759     445     -494    
1417   1982 793     64      1329    -398    680     1635    985     -470    -212    339     652     1048    1391    1759    1747    1355    981     617     235     
1417   1983 847     413     1369    176     740     1650    874     410     -148    332     726     1163    1460    1775    1709    1362    929     330     37      
1417   1984 828     242     1312    31      681     1580    955     67      -12     89      706     1247    1458    1585    1693    1163    1086    609     205     
1417   1985 647     126     1251    -355    594     1532    808     -616    -686    95      438     1245    1380    1638    1574    1210    1008    198     168     
1417   1986 706     124     1231    -205    603     1548    866     -216    -606    126     478     1201    1491    1652    1499    1040    873     685     149     
1417   1987 626     105     1164    -256    465     1394    867     -749    -160    -175    598     975     1228    1507    1443    1220    946     434     196     
1417   1988 835     365     1368    225     661     1654    791     287     189     132     581     1267    1681    1687    1596    1379    804     191     205     
1417   1989 925     443     1352    359     827     1606    916     420     460     573     711     1195    1504    1731    1581    1374    997     374     148     
1417   1990 942     504     1369    341     892     1644    860     356     539     608     813     1253    1585    1622    1725    1199    962     415     193     
1417   1991 835     340     1311    66      703     1609    927     130     -147    442     679     986     1249    1800    1766    1366    906     509     258     
1417   1992 881     423     1426    231     791     1769    760     160     278     421     597     1349    1768    1852    1687    1307    564     416     215     
1417   1993 761     269     1281    124     839     1449    634     104     44      251     810     1454    1422    1457    1467    1055    685     162     170     
1417   1994 853     219     1382    58      725     1698    860     184     -207    276     809     1094    1315    1978    1790    1284    752     548     326     
1417   1995 825     364     1380    192     671     1735    896     -54     315     297     693     1023    1495    1830    1873    1345    1098    238     -291    
1417   1996 688     95      1251    -283    596     1565    816     -209    -352    61      779     955     1370    1501    1818    1066    946     433     -147    
1417   1997 780     218     1353    -115    559     1777    784     -331    159     250     493     932     1519    1796    2006    1349    657     351     139     
1417   1998 780     317     1275    214     730     1452    773     133     386     246     737     1207    1378    1490    1485    1343    880     91      -42     
1417   1999 845     215     1371    -12     723     1599    986     122     -127    328     805     1039    1424    1758    1609    1583    901     477     155     
1417   2000 906     388     1335    215     820     1519    1021    196     299     296     901     1265    1454    1553    1549    1273    1101    685     285     
1417   2001 -999999 -999999 -999999 -999999 610     -999999 955     91      19      63      614     1119    1293    1776    1756    1304    1178    388     -54     
1417   2002 -999999 -999999 1471    140     811     1796    765     127     379     385     726     1317    1598    1768    2015    1356    636     307     -999999 
1417   2003 -999999 -999999 -999999 -999999 -999999 -999999 -999999 -999999 -999999 -999999 -999999 -999999 -999999 -999999 -999999 -999999 -999999 -999999 -999999 
1417   2004 -999999 -999999 -999999 -999999 -999999 -999999 -999999 -999999 -999999 -999999 -999999 -999999 -999999 -999999 -999999 -999999 -999999 -999999 -999999 
1417   2005 -999999 -999999 -999999 -999999 -999999 -999999 -999999 -999999 -999999 -999999 -999999 -999999 -999999 -999999 -999999 -999999 -999999 -999999 -999999 
1417   2006 -999999 -999999 -999999 -999999 -999999 -999999 -999999 -999999 -999999 -999999 -999999 -999999 -999999 -999999 -999999 -999999 -999999 -999999 -999999 
1417   2007 -999999 -999999 -999999 -999999 -999999 -999999 -999999 -999999 -999999 -999999 -999999 -999999 -999999 -999999 -999999 -999999 -999999 -999999 -999999 
1417   2008 -999999 -999999 1427    -999999 790     1717    951     -999999 440     351     813     1208    1568    1816    1761    1381    945     528     226     
1417   2009 -999999 342     1450    82      840     1681    940     42      -33     331     1000    1195    1414    1816    1804    1452    701     674     -999999 
1417   2010 -999999 -999999 -999999 -999999 636     1662    776     -999999 -201    192     710     1009    1373    1899    1743    1284    765     278     -609    
1417   2011 -999999 -999999 -999999 -999999 -999999 -999999 -999999 -118    -999999 103     867     -999999 -999999 -999999 -999999 -999999 -999999 -999999 -999999 
