EUROPEAN CLIMATE ASSESSMENT & DATASET (ECA&D), file created on: 10-05-2011
THESE DATA CAN BE USED FREELY PROVIDED THAT THE FOLLOWING SOURCE IS ACKNOWLEDGED: 

Klein Tank, A.M.G. and Coauthors, 2002. Daily dataset of 20th-century surface
air temperature and precipitation series for the European Climate Assessment.
Int. J. of Climatol., 22, 1441-1453.
Data and metadata available at http://eca.knmi.nl

FILE FORMAT (MISSING VALUE CODE = -999999):

THIS FILE HOLDS DATA FOR STATION RUSSIAN FEDERATION                       TVER                                     (STAID:   1202)
LATITUDE: dd:mm:ss +56:54:00
LONGITUDE: ddd:mm:ss +035:54:00
ELEVATION: m  137

DATA IS FOR INDEX Mean of daily mean temperature (TG) with unit 0.01 Temperature (&#176;C)

01-06 SOUID: Source identifier
08-11 YEAR : YYYY
13-20 ANNUAL DATA VALUES
21-28 WINTER HALF YEAR DATA VALUES
29-36 SUMMER HALF YEAR DATA VALUES
37-44 WINTER (DJF) DATA VALUES
45-52 SPRING (MAM) DATA VALUES
53-60 SUMMER (JJA) DATA VALUES
61-68 AUTUMN (SON) DATA VALUES
69-76 JANUARY DATA VALUES
etc. 
157-164 DECEMBER DATA VALUES

1202   1995 -999999 -999999 -999999 -999999 -999999 -999999 506     -673    -999999 46      760     1406    -999999 1664    1640    1200    647     -324    -1146   
1202   1996 -999999 -999999 -999999 -999999 -999999 -999999 611     -1114   -1049   -432    502     1399    1558    1761    1650    928     546     349     -797    
1202   1997 -999999 -999999 -999999 -999999 407     -999999 341     -789    -504    -145    380     968     1719    1835    1719    833     293     -149    -840    
1202   1998 -999999 -999999 -999999 -999999 -999999 1737    -999999 -491    -908    -166    -999999 1307    1907    1823    1479    1066    -999999 -740    -660    
1202   1999 -999999 -999999 -999999 -999999 470     1933    -999999 -615    -673    -167    889     732     2082    2132    1588    1146    776     -518    -247    
1202   2000 -999999 -999999 -999999 -422    -999999 1676    538     -643    -345    -170    931     1056    1509    1890    1621    966     675     -17     -322    
1202   2001 -999999 -999999 -999999 -548    607     1765    503     -479    -865    -364    1036    1100    1504    2209    1543    1139    508     -162    -1253   
1202   2002 -999999 -999999 -999999 -674    653     1807    357     -539    -166    159     638     1145    1618    2096    1709    1134    179     -177    -1326   
1202   2003 -999999 -999999 -999999 -1055   491     1686    575     -932    -882    -338    371     1436    1292    2052    1673    1120    527     97      -206    
1202   2004 -999999 -172    -999999 -583    512     1704    518     -741    -833    47      394     1091    1457    1846    1804    1239    554     -216    -358    
1202   2005 -999999 -999999 -999999 -999999 440     1720    675     -350    -967    -699    670     1356    1581    1883    1704    1284    578     141     -530    
1202   2006 -999999 -999999 1390    -1028   403     1751    674     -1071   -1533   -521    557     1178    1774    1782    1696    1362    651     -14     140     
1202   2007 642     -999999 1414    -454    800     1782    528     -275    -1290   427     494     1456    1593    1842    1906    1159    645     -224    -206    
1202   2008 670     -67     1319    -323    646     1692    689     -563    -192    128     789     1027    1489    1866    1713    1036    849     176     -244    
1202   2009 581     -72     1358    -465    545     1699    667     -591    -575    -105    441     1295    1678    1839    1581    1292    495     219     -708    
1202   2010 539     -455    1628    -1078   683     2100    527     -1573   -939    -248    707     1591    1786    2453    2061    1137    335     122     -991    
1202   2011 -999999 -999999 -999999 -998    -999999 -999999 -999999 -880    -1133   -216    587     -999999 -999999 -999999 -999999 -999999 -999999 -999999 -999999 
