EUROPEAN CLIMATE ASSESSMENT & DATASET (ECA&D), file created on: 10-05-2011
THESE DATA CAN BE USED FREELY PROVIDED THAT THE FOLLOWING SOURCE IS ACKNOWLEDGED: 

Klein Tank, A.M.G. and Coauthors, 2002. Daily dataset of 20th-century surface
air temperature and precipitation series for the European Climate Assessment.
Int. J. of Climatol., 22, 1441-1453.
Data and metadata available at http://eca.knmi.nl

FILE FORMAT (MISSING VALUE CODE = -999999):

THIS FILE HOLDS DATA FOR STATION GERMANY                                  WENDELSTEIN (WST)                        (STAID:    832)
LATITUDE: dd:mm:ss +47:42:00
LONGITUDE: ddd:mm:ss +012:01:12
ELEVATION: m 1832

DATA IS FOR INDEX Mean of daily mean temperature (TG) with unit 0.01 Temperature (&#176;C)

01-06 SOUID: Source identifier
08-11 YEAR : YYYY
13-20 ANNUAL DATA VALUES
21-28 WINTER HALF YEAR DATA VALUES
29-36 SUMMER HALF YEAR DATA VALUES
37-44 WINTER (DJF) DATA VALUES
45-52 SPRING (MAM) DATA VALUES
53-60 SUMMER (JJA) DATA VALUES
61-68 AUTUMN (SON) DATA VALUES
69-76 JANUARY DATA VALUES
etc. 
157-164 DECEMBER DATA VALUES

832    1958 289     -999999 739     -999999 -18     957     499     -393    -253    -658    -234    831     704     1034    1126    945     400     154     -228    
832    1959 362     -26     739     -288    281     950     477     -549    -64     135     221     486     785     1145    914     874     470     86      -184    
832    1960 248     -95     621     -339    131     859     362     -533    -298    -117    -23     527     860     763     955     628     388     69      -266    
832    1961 379     -40     759     -218    197     890     654     -289    -87     -56     425     228     870     807     992     1241    635     87      -310    
832    1962 150     -213    602     -455    -128    864     374     -383    -696    -650    83      190     598     863     1123    740     523     -147    -509    
832    1963 175     -358    653     -767    54      896     476     -1036   -756    -253    109     309     788     1031    866     807     421     203     -436    
832    1964 244     -157    711     -404    98      939     294     -357    -421    -359    125     529     907     1057    852     784     121     -19     -311    
832    1965 100     -346    499     -616    -126    793     365     -493    -1089   -349    -228    195     807     787     786     640     683     -238    -399    
832    1966 181     -214    632     -395    14      779     376     -755    8       -563    183     427     814     734     790     839     648     -369    -572    
832    1967 226     -253    618     -518    -3      907     525     -576    -394    -275    -175    435     639     1135    939     716     706     148     -626    
832    1968 200     -199    591     -600    108     782     432     -773    -386    -266    218     377     745     842     758     601     616     71      -416    
832    1969 187     -183    635     -507    108     774     485     -322    -813    -287    -39     644     522     1015    776     874     688     -115    -783    
832    1970 135     -329    562     -638    -265    902     426     -353    -793    -658    -301    163     876     854     976     791     371     117     -480    
832    1971 225     -279    680     -475    29      912     261     -305    -659    -745    208     630     527     1055    1141    494     518     -237    -11     
832    1972 232     -16     480     -151    69      806     174     -386    -48     56      -128    272     670     904     838     305     273     -60     62      
832    1973 169     -188    618     -307    -98     920     315     -294    -729    -430    -399    524     773     829     1153    807     328     -189    -425    
832    1974 172     -112    555     -275    67      808     31      -98     -305    -2      -38     238     508     795     1112    699     -393    -200    -289    
832    1975 254     -278    650     -237    -6      835     398     -125    -304    -359    -136    472     562     943     992     1050    306     -160    -239    
832    1976 204     -220    620     -319    -14     892     356     -580    -125    -517    -32     506     892     1074    708     557     667     -165    -548    
832    1977 246     -121    539     -439    99      833     334     -419    -341    55      -186    419     739     892     865     489     721     -222    -125    
832    1978 172     -137    467     -364    -58     727     370     -429    -558    -254    -132    210     627     779     772     531     406     171     -115    
832    1979 185     -161    567     -446    16      807     377     -790    -431    -222    -219    481     847     768     806     708     643     -229    -191    
832    1980 107     -162    504     -366    -139    768     284     -598    -307    -304    -327    207     553     718     1025    835     207     -187    -551    
832    1981 156     -324    656     -677    223     848     249     -803    -677    36      159     471     777     819     945     757     252     -262    -654    
832    1982 296     -291    715     -472    -32     993     565     -336    -420    -335    -274    504     861     1152    961     1069    433     197     -311    
832    1983 315     -133    774     -416    116     1094    426     -221    -750    -195    167     378     829     1417    1026    811     425     43      -235    
832    1984 171     -253    511     -499    -135    814     501     -536    -743    -496    -161    251     617     897     922     520     523     459     -240    
832    1985 193     -186    672     -588    52      878     338     -893    -635    -354    -38     545     537     1096    990     884     577     -456    -14     
832    1986 257     -240    703     -478    202     890     515     -608    -849    -158    23      735     764     900     1001    775     615     154     -351    
832    1987 210     -231    640     -484    -157    861     523     -747    -340    -717    117     138     641     1045    891     1002    642     -80     -93     
832    1988 252     -130    708     -257    71      931     357     -139    -560    -576    133     657     672     1063    1050    649     682     -272    -378    
832    1989 367     14      637     -142    214     842     394     40      -82     76      50      510     567     995     955     727     501     -50     71      
832    1990 304     89      620     2       184     912     317     -115    55      65      -118    597     703     929     1097    484     667     -213    -544    
832    1991 250     -114    607     -435    -13     964     408     -182    -596    130     -150    -24     632     1146    1104    920     350     -45     -358    
832    1992 339     -141    798     -297    125     1113    329     -195    -341    -265    -49     685     834     1121    1375    796     111     89      -131    
832    1993 280     -126    702     -188    181     874     295     -147    -298    -392    213     723     790     825     1005    638     447     -207    -279    
832    1994 368     -125    771     -345    157     1127    483     -332    -433    20      -93     535     856     1335    1183    787     401     265     -181    
832    1995 228     -143    624     -338    -4      922     386     -626    -194    -513    33      470     558     1275    921     460     884     -203    -372    
832    1996 186     -152    577     -364    23      857     183     -51     -689    -519    96      492     861     831     881     285     330     -71     -258    
832    1997 316     -31     658     -130    49      924     432     11      -145    -67     -303    506     812     831     1126    960     263     78      -318    
832    1998 249     -98     691     -184    74      968     133     -256    43      -375    50      547     879     965     1056    635     265     -505    -337    
832    1999 254     -285    740     -447    189     910     396     -229    -811    -155    15      700     681     1045    995     985     415     -212    -466    
832    2000 338     -246    786     -460    222     968     475     -561    -348    -310    292     685     1012    704     1188    826     522     75      -43     
832    2001 -999999 -999999 -999999 -999999 -999999 -999999 -999999 -999999 -999999 -999999 -999999 -999999 -999999 -999999 -999999 -999999 -999999 -999999 -999999 
832    2002 -999999 -999999 -999999 -999999 -999999 -999999 -999999 -999999 -999999 -999999 -999999 -999999 -999999 -999999 -999999 -999999 -999999 -999999 -999999 
832    2003 -999999 -999999 -999999 -999999 -999999 -999999 -999999 -999999 -999999 -999999 -999999 -999999 -999999 -999999 -999999 -999999 -999999 -999999 -999999 
832    2004 -999999 -999999 -999999 -999999 -999999 -999999 463     -710    -380    -272    158     358     824     1005    1274    809     707     -125    -109    
832    2005 -999999 -999999 -999999 -999999 -999999 -999999 546     -536    -895    -122    140     658     990     1038    870     899     834     -93     -668    
832    2006 -999999 -999999 -999999 -550    -999999 1091    -999999 -418    -576    -999999 130     -999999 1021    1478    730     1207    881     232     106     
832    2007 -999999 -999999 -999999 -999999 -999999 1070    -999999 -118    -146    -82     637     845     1015    1172    1035    626     363     -269    -291    
832    2008 -999999 -999999 -999999 -170    -999999 1038    -999999 -126    -77     -999999 65      760     997     1037    1080    584     536     98      -344    
832    2009 -999999 -999999 -999999 -999999 302     1077    -999999 -440    -665    -409    493     728     780     1141    1287    953     398     280     -545    
832    2010 -999999 -999999 -999999 -999999 83      1073    343     -630    -511    -330    175     404     938     1273    1016    599     410     17      -667    
832    2011 -999999 -130    -999999 -415    -999999 -999999 -999999 -355    -203    12      455     -999999 -999999 -999999 -999999 -999999 -999999 -999999 -999999 
