EUROPEAN CLIMATE ASSESSMENT & DATASET (ECA&D), file created on: 10-05-2011
THESE DATA CAN BE USED FREELY PROVIDED THAT THE FOLLOWING SOURCE IS ACKNOWLEDGED: 

Klein Tank, A.M.G. and Coauthors, 2002. Daily dataset of 20th-century surface
air temperature and precipitation series for the European Climate Assessment.
Int. J. of Climatol., 22, 1441-1453.
Data and metadata available at http://eca.knmi.nl

FILE FORMAT (MISSING VALUE CODE = -999999):

THIS FILE HOLDS DATA FOR STATION PORTUGAL                                 BRAGANCA                                 (STAID:    212)
LATITUDE: dd:mm:ss +41:48:00
LONGITUDE: ddd:mm:ss -006:43:59
ELEVATION: m  690

DATA IS FOR INDEX Mean of daily mean temperature (TG) with unit 0.01 Temperature (&#176;C)

01-06 SOUID: Source identifier
08-11 YEAR : YYYY
13-20 ANNUAL DATA VALUES
21-28 WINTER HALF YEAR DATA VALUES
29-36 SUMMER HALF YEAR DATA VALUES
37-44 WINTER (DJF) DATA VALUES
45-52 SPRING (MAM) DATA VALUES
53-60 SUMMER (JJA) DATA VALUES
61-68 AUTUMN (SON) DATA VALUES
69-76 JANUARY DATA VALUES
etc. 
157-164 DECEMBER DATA VALUES

212    1941 -999999 -999999 -999999 -999999 889     1913    1309    196     523     725     897     1057    1723    2053    1965    1947    1363    569     325     
212    1942 -999999 -999999 -999999 -999999 1036    1980    -999999 369     283     853     996     1256    1873    2048    2014    -999999 -999999 -999999 356     
212    1943 -999999 -999999 -999999 -999999 1223    2136    1182    571     597     789     1305    1578    2150    2036    2220    1645    1222    677     447     
212    1944 -999999 -999999 -999999 354     1178    1978    1192    266     341     846     1149    1526    1853    1997    2087    1740    1021    807     355     
212    1945 -999999 -999999 -999999 415     1247    -999999 1373    194     709     998     1420    1339    1914    1974    1833    1817    1408    878     599     
212    1946 -999999 -999999 -999999 -999999 892     1878    1259    334     593     702     959     1007    1648    2077    1907    1685    1318    758     402     
212    1947 -999999 -999999 -999999 -999999 -999999 -999999 -999999 341     452     711     1049    1078    -999999 -999999 -999999 -999999 -999999 897     288     
212    1948 -999999 -999999 1654    497     1059    1968    1432    510     709     1063    913     1196    1860    2065    1977    1922    1384    1007    633     
212    1949 -999999 -999999 -999999 -999999 1162    2209    1286    424     673     794     1374    1323    1928    2324    2356    1718    1347    814     493     
212    1950 -999999 -999999 -999999 -999999 1110    1962    1397    408     618     931     1055    1351    1805    2129    1947    1757    1433    983     358     
212    1951 -999999 -999999 1609    -999999 950     1925    1251    356     374     754     1064    1025    1739    2110    1914    1780    1136    807     644     
212    1952 -999999 -999999 -999999 503     1165    1937    1221    304     567     1039    1050    1408    1840    2085    1882    1482    1316    846     505     
212    1953 -999999 -999999 -999999 -999999 1148    2012    1303    342     478     867     987     1595    1708    2012    2296    1799    1198    931     723     
212    1954 -999999 -999999 -999999 -999999 1015    1895    1385    242     456     737     922     1371    1683    2103    1891    1742    1454    926     431     
212    1955 -999999 -999999 -999999 -999999 1154    2093    1313    729     499     669     1259    1528    1784    2194    2282    1824    1323    791     635     
212    1956 -999999 -999999 -999999 -999999 1020    1821    1122    524     65      735     910     1412    1710    1914    1834    1599    1212    591     216     
212    1957 -999999 -999999 -999999 357     1101    1930    1250    180     704     1083    951     1260    1673    1995    2112    1845    1248    678     214     
212    1958 -999999 -999999 -999999 -999999 1041    1804    1273    441     698     740     967     1400    1521    1897    1968    1858    1223    757     -999999 
212    1959 -999999 -999999 -999999 -999999 -999999 2014    1235    559     592     819     958     1347    1732    2266    2035    1715    1243    711     560     
212    1960 -999999 -999999 -999999 -999999 1124    1893    1157    511     490     794     1090    1478    1933    1961    1782    1698    1018    769     384     
212    1961 -999999 -999999 -999999 -999999 1202    2012    -999999 345     860     1115    1039    1437    1837    2035    2158    1829    1190    741     566     
212    1962 -999999 -999999 -999999 -999999 1010    2016    1301    460     539     667     1005    1345    1908    2015    2118    1854    1438    561     320     
212    1963 -999999 -999999 -999999 -999999 1009    1899    1387    355     277     736     924     1364    1632    2098    1953    1733    1545    806     316     
212    1964 -999999 -999999 -999999 -999999 1151    2058    -999999 381     602     660     1040    1716    1789    2245    2126    1998    1160    791     271     
212    1965 -999999 -999999 -999999 -999999 1186    1999    -999999 354     330     813     1088    1630    1959    1905    2131    1560    1331    701     547     
212    1966 -999999 -999999 -999999 -999999 1116    1940    1240    -999999 726     814     990     1558    1645    2120    2029    2025    1136    577     450     
212    1967 -999999 -999999 -999999 -999999 1024    2026    1334    316     654     983     1020    1072    1736    2272    2071    1676    1464    818     415     
212    1968 -999999 -999999 -999999 -999999 -999999 2037    -999999 496     565     746     925     1277    1922    2073    2113    1565    1554    873     524     
212    1969 -999999 -999999 -999999 -999999 964     1993    -999999 485     354     725     1004    1171    1609    2276    2083    1534    1437    634     410     
212    1970 -999999 -999999 -999999 -999999 974     1955    1422    518     585     584     976     1390    1710    2168    1971    2008    1263    1020    122     
212    1971 -999999 -999999 -999999 -999999 878     1748    1333    322     676     542     910     1174    1531    1944    1769    1811    1505    630     545     
212    1972 -999999 -999999 -999999 -999999 961     1891    -999999 246     531     692     954     1227    1661    2087    1902    1559    1144    904     450     
212    1973 -999999 -999999 -999999 -999999 987     2017    1227    403     517     755     967     1256    1781    1952    2298    1684    1193    835     321     
212    1974 -999999 -999999 -999999 -999999 1021    1943    1130    574     551     767     956     1350    1758    2093    1962    1555    996     842     325     
212    1975 -999999 -999999 -999999 -999999 966     2003    1244    603     -999999 603     1043    1257    1780    2122    2093    1610    1389    740     229     
212    1976 -999999 -999999 -999999 433     1102    2074    1073    435     622     799     935     1558    2096    2117    2008    1524    1044    652     -999999 
212    1977 -999999 -999999 -999999 -999999 1053    1704    1380    401     638     850     1097    1219    1465    1806    1830    2045    1320    729     752     
212    1978 -999999 -999999 1661    -999999 967     1937    1408    440     657     832     829     1225    1557    2046    2195    2098    1257    801     669     
212    1979 -999999 -999999 -999999 630     951     2072    1288    559     663     639     887     1311    1903    2211    2090    1878    1183    788     615     
212    1980 -999999 -999999 -999999 604     1006    1925    -999999 490     716     795     1015    1210    1675    1910    2190    1989    1339    630     393     
212    1981 -999999 -999999 -999999 441     1029    2120    1366    431     505     932     957     1196    1932    2131    2292    1833    1256    1041    617     
212    1982 -999999 -999999 -999999 -999999 1150    1999    1256    645     583     832     1179    1429    1791    2077    2115    1844    1170    759     510     
212    1983 -999999 -999999 -999999 404     -999999 1936    1508    349     356     1002    817     1017    1847    2016    1944    1993    1410    1089    599     
212    1984 -999999 -999999 -999999 -999999 962     1935    1264    463     466     562     1384    938     1700    2101    1988    1727    1241    822     585     
212    1985 -999999 -999999 -999999 483     999     2001    1462    183     692     677     1098    1247    1769    2198    2028    2207    1494    659     519     
212    1986 -999999 -999999 -999999 477     985     2030    1393    422     487     774     682     1479    1800    2314    1961    1884    1460    774     467     
212    1987 -999999 -999999 -999999 -999999 1171    2095    -999999 376     569     955     1113    1438    1870    2154    2257    2074    1087    839     590     
212    1988 -999999 -999999 -999999 -999999 1040    1864    1386    648     635     852     1000    1270    1587    1900    2071    1875    1349    919     427     
212    1989 -999999 -999999 -999999 -999999 1151    2187    1426    323     609     991     815     1639    1903    2409    2249    1789    1523    917     858     
212    1990 -999999 -999999 -999999 -999999 1192    2214    1331    348     903     1001    964     1584    1924    2378    2325    2012    1235    719     398     
212    1991 -999999 -999999 -999999 418     -999999 2174    1278    404     457     890     970     1444    1901    2242    2374    1982    1121    777     583     
212    1992 -999999 -999999 -999999 476     1215    1993    1249    242     603     960     1102    1597    1529    2305    2140    1752    1104    895     555     
212    1993 -999999 -999999 -999999 -999999 999     1996    -999999 248     604     830     923     1237    1836    2041    2105    1437    967     672     589     
212    1994 -999999 -999999 -999999 -999999 1128    2076    1296    438     531     1122    973     1294    1814    2240    2151    1572    1372    940     669     
212    1995 -999999 -999999 1795    645     1232    2122    1390    568     705     896     1273    1538    1970    2168    2224    1583    1571    983     678     
212    1996 -999999 -999999 1714    -999999 1082    2063    1255    613     486     786     1176    1277    1974    2180    2030    1643    1272    821     600     
212    1997 -999999 -999999 -999999 -999999 1368    1925    1480    411     817     1278    1433    1398    1495    2049    2188    1997    1543    876     561     
212    1998 -999999 -999999 -999999 -999999 1133    2139    1280    666     870     1105    866     1408    1771    2221    2405    1824    1231    804     342     
212    1999 -999999 -999999 -999999 -999999 1121    2068    1217    462     542     849     1097    1428    1840    2297    2069    1727    1232    674     505     
212    2000 1284    -999999 1720    582     1137    2021    1317    312     948     1009    857     1537    1973    2014    2074    1858    1320    773     742     
212    2001 -999999 873     -999999 704     1214    2079    1327    653     718     1016    1118    1497    2004    2054    2176    1835    1436    708     265     
212    2002 -999999 797     -999999 534     1164    2062    1341    613     743     1008    1176    1313    1939    2146    2096    1732    1381    909     756     
212    2003 -999999 -999999 -999999 612     1251    2228    1369    530     541     1056    1116    1583    2127    2120    2424    1946    1197    969     598     
212    2004 -999999 -999999 -999999 639     1080    -999999 1267    647     677     799     1045    1406    2171    2196    1975    1881    1312    605     503     
212    2005 -999999 669     -999999 395     -999999 2258    1344    294     388     891     -999999 -999999 2170    2255    2334    1856    1359    778     -999999 
212    2006 1357    -999999 1890    -999999 1276    2172    1493    375     519     945     1245    1637    2047    2357    2108    1934    1466    1078    464     
212    2007 -999999 -999999 1703    -999999 1189    1891    1331    591     768     889     1230    1440    1678    1977    2003    1862    1340    790     470     
212    2008 -999999 -999999 1685    655     1113    1982    1198    619     889     873     1135    1331    1869    2005    2068    1700    1279    631     559     
212    2009 -999999 -999999 1814    573     1226    2109    1501    480     686     1091    1020    1560    1980    2041    2307    1979    1545    977     526     
212    2010 -999999 -999999 -999999 -999999 -999999 2185    1303    489     -999999 816     1199    1365    1866    2359    2315    1900    1238    769     495     
212    2011 -999999 -999999 -999999 573     -999999 -999999 -999999 548     686     896     1479    -999999 -999999 -999999 -999999 -999999 -999999 -999999 -999999 
