EUROPEAN CLIMATE ASSESSMENT & DATASET (ECA&D), file created on: 10-05-2011
THESE DATA CAN BE USED FREELY PROVIDED THAT THE FOLLOWING SOURCE IS ACKNOWLEDGED: 

Klein Tank, A.M.G. and Coauthors, 2002. Daily dataset of 20th-century surface
air temperature and precipitation series for the European Climate Assessment.
Int. J. of Climatol., 22, 1441-1453.
Data and metadata available at http://eca.knmi.nl

FILE FORMAT (MISSING VALUE CODE = -999999):

THIS FILE HOLDS DATA FOR STATION ITALY                                    PORRETTA TERME                           (STAID:    862)
LATITUDE: dd:mm:ss +44:09:15
LONGITUDE: ddd:mm:ss +010:58:37
ELEVATION: m  352

DATA IS FOR INDEX Mean of daily mean temperature (TG) with unit 0.01 Temperature (&#176;C)

01-06 SOUID: Source identifier
08-11 YEAR : YYYY
13-20 ANNUAL DATA VALUES
21-28 WINTER HALF YEAR DATA VALUES
29-36 SUMMER HALF YEAR DATA VALUES
37-44 WINTER (DJF) DATA VALUES
45-52 SPRING (MAM) DATA VALUES
53-60 SUMMER (JJA) DATA VALUES
61-68 AUTUMN (SON) DATA VALUES
69-76 JANUARY DATA VALUES
etc. 
157-164 DECEMBER DATA VALUES

862    1958 1154    -999999 1681    -999999 909     1977    1230    244     755     366     774     1583    1665    2065    2190    1781    1187    725     483     
862    1959 1291    717     1823    444     1282    2145    1216    381     471     1034    1238    1572    1993    2317    2121    1681    1198    771     655     
862    1960 1260    702     1765    467     1185    2043    1379    252     498     829     1138    1586    2014    1976    2138    1724    1418    995     527     
862    1961 1346    816     1897    476     1355    2081    1496    138     793     1030    1527    1514    1916    2132    2189    2098    1480    911     402     
862    1962 1211    684     1815    415     1023    2114    1330    458     383     448     1127    1496    1879    2113    2343    1917    1365    706     247     
862    1963 1164    500     1785    71      1125    2057    1434    -48     9       680     1190    1508    1824    2263    2077    1833    1272    1202    90      
862    1964 1211    611     1796    154     1155    2077    1313    -52     443     722     1173    1570    2012    2145    2070    1791    1303    844     492     
862    1965 1189    648     1704    336     1043    2032    1296    335     165     710     964     1452    1880    2131    2081    1699    1334    853     588     
862    1966 1257    740     1794    512     1159    2028    1386    95      891     695     1269    1517    1997    2015    2069    1887    1619    645     379     
862    1967 1332    750     1863    380     1246    2189    1499    277     496     1054    1041    1637    1851    2355    2349    1921    1559    1016    358     
862    1968 1234    798     1747    440     1246    1943    1336    213     769     879     1390    1473    1741    2109    1973    1785    1338    885     252     
862    1969 1182    573     1776    194     1135    2023    1383    230     90      605     1071    1727    1746    2177    2135    1776    1318    1056    177     
862    1970 1102    668     1611    358     987     1855    1206    373     543     543     1072    1350    1883    1819    1864    1672    1071    880     130     
862    1971 1130    481     1769    185     983     2126    1132    97      342     363     1125    1466    1834    2178    2356    1629    1189    575     344     
862    1972 1211    657     1688    372     1192    2026    1216    234     550     1043    1108    1424    1860    2128    2084    1503    1180    965     431     
862    1973 1233    648     1826    383     1050    2140    1358    281     444     577     935     1633    1991    2170    2254    1957    1343    776     383     
862    1974 1301    781     1817    570     1154    2141    1201    597     748     835     1086    1538    1847    2241    2326    1844    978     787     748     
862    1975 1274    736     1815    610     1174    2057    1332    607     461     809     1157    1555    1752    2256    2154    1997    1237    766     478     
862    1976 -999999 642     -999999 429     1112    -999999 1281    417     390     550     1186    1602    1950    -999999 1834    1607    1397    835     509     
862    1977 1286    -999999 1703    599     1227    2014    1326    494     807     1066    1112    1498    1852    2210    1974    1551    1515    906     362     
862    1978 1162    759     1633    405     1084    1887    1237    472     378     892     960     1396    1730    1943    1983    1776    1257    676     417     
862    1979 1132    663     1592    387     1006    1923    1165    188     574     856     785     1368    1927    1904    1940    1615    1240    639     506     
862    1980 1019    611     1526    364     892     1787    1165    88      507     682     831     1160    1610    1782    1962    1799    1163    532     104     
862    1981 1130    489     1681    98      1148    1924    1231    -45     249     911     1148    1386    1823    1889    2057    1774    1337    577     388     
862    1982 1194    579     1796    309     1021    2148    1253    282     250     606     984     1472    1981    2321    2137    1866    1149    749     465     
862    1983 1287    663     1910    401     1237    2225    1288    537     180     853     1275    1584    1953    2497    2216    1917    1289    659     405     
862    1984 1166    579     1690    333     936     2038    1306    292     301     513     1091    1197    1805    2216    2085    1735    1355    826     527     
862    1985 -999999 -999999 -999999 -999999 -999999 -999999 -999999 -999999 -999999 -999999 -999999 -999999 -999999 -999999 -999999 -999999 -999999 -999999 -999999 
862    1986 -999999 -999999 -999999 -999999 -999999 -999999 -999999 -999999 -999999 -999999 -999999 -999999 -999999 -999999 -999999 -999999 -999999 -999999 -999999 
862    1987 -999999 -999999 -999999 -999999 -999999 -999999 -999999 -999999 -999999 -999999 -999999 -999999 -999999 -999999 -999999 -999999 -999999 -999999 -999999 
862    1988 -999999 -999999 -999999 -999999 -999999 -999999 -999999 -999999 -999999 -999999 -999999 -999999 -999999 -999999 -999999 -999999 -999999 -999999 -999999 
862    1989 -999999 -999999 -999999 -999999 -999999 -999999 -999999 -999999 -999999 -999999 -999999 -999999 -999999 -999999 -999999 -999999 -999999 -999999 -999999 
862    1990 -999999 -999999 -999999 -999999 -999999 1945    1305    -999999 -999999 -999999 -999999 1321    1634    2111    2079    1720    1439    753     79      
862    1991 1277    675     1887    202     1218    2273    1325    228     309     1211    1088    1352    1978    2431    2401    2052    1227    699     271     
862    1992 1338    708     1884    414     1370    2148    1328    340     646     1061    1351    1697    1900    2175    2362    1800    1250    938     514     
862    1993 1286    717     1869    451     1189    2187    1292    435     399     744     1171    1653    2046    2122    2387    1816    1392    666     535     
862    1994 1318    764     1838    486     1206    2194    1379    524     389     1041    960     1609    1892    2302    2379    1861    1256    1023    501     
862    1995 1176    736     1697    485     1070    2025    1169    289     684     666     1092    1454    1734    2269    2063    1549    1315    637     326     
862    1996 1169    537     1748    243     1056    2086    1317    273     123     522     1103    1545    1934    2162    2159    1563    1387    1000    216     
862    1997 1257    735     1783    361     1134    2098    1348    329     556     913     915     1567    1968    2129    2192    1912    1347    786     417     
862    1998 1260    710     1857    467     1134    2229    1249    408     588     705     1150    1547    2032    2320    2329    1742    1346    656     253     
862    1999 1274    647     1868    344     1222    2145    1316    444     333     818     1144    1700    1966    2168    2296    1918    1389    638     397     
862    2000 1433    706     1994    429     1362    2267    1560    277     627     901     1311    1872    2154    2220    2424    1966    1632    1080    703     
