EUROPEAN CLIMATE ASSESSMENT & DATASET (ECA&D), file created on: 10-05-2011
THESE DATA CAN BE USED FREELY PROVIDED THAT THE FOLLOWING SOURCE IS ACKNOWLEDGED: 

Klein Tank, A.M.G. and Coauthors, 2002. Daily dataset of 20th-century surface
air temperature and precipitation series for the European Climate Assessment.
Int. J. of Climatol., 22, 1441-1453.
Data and metadata available at http://eca.knmi.nl

FILE FORMAT (MISSING VALUE CODE = -999999):

THIS FILE HOLDS DATA FOR STATION ICELAND                                  TEIGARHORN                               (STAID:     68)
LATITUDE: dd:mm:ss +64:40:59
LONGITUDE: ddd:mm:ss -015:13:39
ELEVATION: m   23

DATA IS FOR INDEX Mean of daily mean temperature (TG) with unit 0.01 Temperature (&#176;C)

01-06 SOUID: Source identifier
08-11 YEAR : YYYY
13-20 ANNUAL DATA VALUES
21-28 WINTER HALF YEAR DATA VALUES
29-36 SUMMER HALF YEAR DATA VALUES
37-44 WINTER (DJF) DATA VALUES
45-52 SPRING (MAM) DATA VALUES
53-60 SUMMER (JJA) DATA VALUES
61-68 AUTUMN (SON) DATA VALUES
69-76 JANUARY DATA VALUES
etc. 
157-164 DECEMBER DATA VALUES

68     1937 438     -999999 731     -999999 258     871     507     149     -40     -241    430     591     802     858     951     750     451     321     201     
68     1938 447     212     675     97      346     815     501     -2      91      202     469     371     740     811     891     769     491     242     271     
68     1939 476     226     767     90      434     892     574     -108    110     341     268     688     786     851     1032    971     612     139     1       
68     1940 429     149     696     71      255     877     445     188     22      -78     191     649     901     849     883     690     531     110     189     
68     1941 -999999 -999999 -999999 -999999 -999999 -999999 -999999 -999999 -999999 -999999 -999999 -999999 -999999 -999999 -999999 -999999 -999999 -999999 -999999 
68     1942 -999999 -999999 -999999 -999999 -999999 -999999 -999999 -999999 -999999 -999999 -999999 -999999 -999999 -999999 -999999 -999999 -999999 -999999 -999999 
68     1943 -999999 -999999 -999999 -999999 -999999 -999999 -999999 -999999 -999999 -999999 -999999 -999999 -999999 -999999 -999999 -999999 -999999 -999999 -999999 
68     1944 -999999 -999999 -999999 -999999 -999999 -999999 -999999 -999999 -999999 -999999 -999999 -999999 -999999 -999999 -999999 -999999 -999999 -999999 -999999 
68     1945 493     -999999 724     -999999 395     884     673     -168    89      362     332     488     691     982     972     869     629     522     119     
68     1946 508     304     720     148     395     859     556     349     -41     221     312     650     700     952     920     772     693     199     321     
68     1947 437     216     740     227     188     929     498     449     -122    -279    151     691     743     958     1080    802     589     101     32      
68     1948 432     274     585     168     322     799     401     132     350     439     149     371     630     850     910     589     368     248     132     
68     1949 359     117     601     28      81      851     529     -169    130     -1      -30     270     793     891     868     810     430     350     -41     
68     1950 425     207     663     91      264     875     488     351     -49     182     91      512     741     890     988     742     531     189     -109    
68     1951 387     74      684     -11     101     886     544     9       75      -246    -69     614     688     972     992     889     549     194     -49     
68     1952 405     104     671     -49     292     823     489     -136    44      23      371     483     676     938     849     699     584     181     130     
68     1953 509     247     724     94      300     975     585     45      110     415     -61     534     901     984     1038    936     564     257     350     
68     1954 440     261     706     227     332     904     417     218     99      63      349     584     825     933     952     580     370     301     -17     
68     1955 385     51      747     -134    284     948     473     -172    -221    25      429     404     724     1078    1034    802     305     318     -144    
68     1956 476     121     713     -62     384     853     596     -241    215     284     212     650     791     939     827     847     488     456     237     
68     1957 439     231     709     123     356     852     483     201     -92     73      467     532     732     853     966     697     455     299     43      
68     1958 429     74      713     -101    219     875     704     -147    -210    -15     399     279     731     945     945     975     662     475     77      
68     1959 490     266     733     14      399     903     606     -324    318     400     171     618     754     972     977     891     713     210     162     
68     1960 513     219     821     46      445     974     604     97      -132    239     408     686     943     1016    962     902     512     400     105     
68     1961 482     245     767     148     343     925     610     181     159     108     139     775     796     992     984     902     610     319     -205    
68     1962 392     95      705     -33     206     866     444     124     -16     -268    298     590     775     910     911     736     460     136     26      
68     1963 415     149     682     -26     372     894     389     -132    32      358     255     498     893     922     867     648     540     -26     91      
68     1964 486     238     725     149     471     910     494     195     163     453     364     593     822     1005    899     656     571     253     -160    
68     1965 322     101     561     -4      113     731     448     -45     213     -208    178     370     632     757     800     618     664     54      -176    
68     1966 341     16      697     -187    214     909     393     -131    -261    -81     281     443     855     958     913     722     408     50      -110    
68     1967 318     66      586     66      61      759     380     110     213     -260    156     290     708     790     778     789     314     38      -107    
68     1968 262     -66     529     -192    18      736     438     -226    -245    -176    47      184     564     754     885     732     227     361     21      
68     1969 263     0       576     -140    108     788     283     -104    -359    -170    186     310     705     790     865     592     448     -198    35      
68     1970 332     -5      609     -8      112     794     390     70      -143    -262    110     487     832     775     777     664     396     111     138     
68     1971 353     93      628     -10     266     780     401     -278    122     73      230     493     646     838     851     698     454     49      48      
68     1972 516     237     732     191     430     886     476     277     252     339     312     634     763     951     941     781     515     131     272     
68     1973 330     228     615     150     279     776     314     360     -216    263     191     380     647     817     859     790     417     -268    -335    
68     1974 469     81      730     -26     532     836     471     217     54      389     635     575     745     913     845     661     405     349     -195    
68     1975 367     103     591     -62     205     797     458     -194    232     40      120     451     561     939     884     573     535     263     -17     
68     1976 437     163     692     -25     298     905     595     -206    162     248     229     415     745     953     1012    785     665     334     -110    
68     1977 388     183     630     -38     264     831     409     -63     69      197     94      495     793     878     823     690     556     -25     117     
68     1978 393     99      671     -38     303     856     417     -159    -76     160     225     522     752     889     924     706     450     93      190     
68     1979 227     -25     493     -105    -71     753     362     -422    -80     -380    133     40      737     735     785     526     455     103     75      
68     1980 372     136     691     56      338     814     368     -9      104     86      399     532     707     820     912     770     243     95      -195    
68     1981 283     -37     624     -171    216     784     280     -211    -101    -54     332     373     624     823     900     685     153     5       -149    
68     1982 366     54      591     8       253     777     387     -54     251     137     324     299     560     933     829     589     472     96      -58     
68     1983 311     85      556     -23     114     806     333     -143    147     1       -50     386     695     845     875     569     335     94      -35     
68     1984 463     82      762     -22     360     958     470     -206    189     126     378     578     822     1027    1019    736     416     261     208     
68     1985 356     146     634     73      250     809     400     -38     46      -23     226     546     694     883     846     594     620     -23     -123    
68     1986 406     119     677     -21     280     891     405     25      40      165     258     416     855     940     877     710     329     177     56      
68     1987 463     141     713     95      336     861     498     208     12      53      376     581     660     956     960     734     373     390     215     
68     1988 336     91      631     -38     97      882     440     -229    -106    -103    -40     428     860     847     939     741     375     205     95      
68     1989 404     108     679     24      216     878     501     112     -151    -11     196     463     756     983     893     774     493     237     60      
68     1990 402     147     658     79      190     864     482     173     -3      -87     142     514     736     905     945     692     504     248     25      
68     1991 483     244     726     139     376     921     454     219     175     288     129     702     722     1020    1015    749     507     102     133     
68     1992 418     180     671     151     241     853     453     265     48      12      218     493     842     848     869     748     453     158     55      
68     1993 407     128     664     -25     355     779     560     -193    73      222     356     486     627     837     869     800     403     482     -85     
68     1994 423     134     706     -23     252     915     508     -135    170     -13     180     587     738     986     1016    710     426     391     11      
68     1995 375     96      699     -67     170     968     456     -80     -141    -46     165     391     980     884     1040    724     439     205     -99     
68     1996 -999999 172     742     45      349     881     442     249     -19     247     330     470     776     952     913     1006    487     -167    -999999 
68     1997 -999999 -999999 658     -999999 256     827     545     -999999 -25     87      281     399     623     875     976     783     400     457     234     
68     1998 368     161     635     71      209     774     451     54      -91     -103    156     574     594     833     888     754     347     254     122     
68     1999 407     108     710     43      209     911     528     61      -64     -85     177     534     820     927     985     817     577     189     -67     
68     2000 429     141     674     17      220     848     575     161     -47     23      26      605     641     918     978     863     605     255     97      
68     2001 444     195     686     124     234     838     549     218     51      -67     200     568     652     940     915     830     673     141     171     
68     2002 480     153     751     39      305     906     611     145     -223    -22     424     516     812     961     942     846     502     488     324     
68     2003 525     336     801     211     453     989     549     1       318     386     496     478     817     987     1157    864     437     349     -3      
68     2004 495     206     808     8       491     949     538     -25     53      420     470     581     771     995     1075    948     506     160     -27     
68     2005 421     161     659     22      304     884     373     14      86      220     299     392     765     971     912     603     395     121     247     
