EUROPEAN CLIMATE ASSESSMENT & DATASET (ECA&D), file created on: 10-05-2011
THESE DATA CAN BE USED FREELY PROVIDED THAT THE FOLLOWING SOURCE IS ACKNOWLEDGED: 

Klein Tank, A.M.G. and Coauthors, 2002. Daily dataset of 20th-century surface
air temperature and precipitation series for the European Climate Assessment.
Int. J. of Climatol., 22, 1441-1453.
Data and metadata available at http://eca.knmi.nl

FILE FORMAT (MISSING VALUE CODE = -999999):

THIS FILE HOLDS DATA FOR STATION SWEDEN                                   SVENSKA HOGARNA                          (STAID:   1414)
LATITUDE: dd:mm:ss +59:26:39
LONGITUDE: ddd:mm:ss +019:30:20
ELEVATION: m   12

DATA IS FOR INDEX Mean of daily mean temperature (TG) with unit 0.01 Temperature (&#176;C)

01-06 SOUID: Source identifier
08-11 YEAR : YYYY
13-20 ANNUAL DATA VALUES
21-28 WINTER HALF YEAR DATA VALUES
29-36 SUMMER HALF YEAR DATA VALUES
37-44 WINTER (DJF) DATA VALUES
45-52 SPRING (MAM) DATA VALUES
53-60 SUMMER (JJA) DATA VALUES
61-68 AUTUMN (SON) DATA VALUES
69-76 JANUARY DATA VALUES
etc. 
157-164 DECEMBER DATA VALUES

1414   1961 717     -999999 1105    -999999 423     1438    969     -11     123     231     352     684     1400    1497    1417    1269    1132    501     -30     
1414   1962 538     204     944     -49     157     1273    763     -16     -107    -276    236     513     1054    1375    1382    1087    833     366     -30     
1414   1963 513     -42     1073    -334    89      1463    796     -403    -595    -465    48      683     1201    1533    1647    1306    719     366     33      
1414   1964 569     95      1018    -101    244     1354    750     -41     -307    -215    223     724     1150    1533    1373    1086    805     358     100     
1414   1965 532     141     983     -60     194     1292    757     -29     -273    -147    199     532     1114    1401    1356    1283    868     116     -100    
1414   1966 453     -126    981     -521    79      1463    704     -465    -1049   -210    -75     516     1335    1703    1348    1035    676     403     96      
1414   1967 615     150     1046    -120    329     1388    927     -330    -127    165     268     551     1073    1603    1478    1284    927     569     -126    
1414   1968 583     134     1115    -240    321     1472    723     -356    -237    16      353     594     1310    1459    1642    1320    644     206     17      
1414   1969 554     -12     1105    -174    101     1577    754     -139    -423    -410    193     522     1307    1604    1812    1174    792     295     -143    
1414   1970 432     -108    949     -520    113     1324    714     -485    -976    -202    46      493     1157    1318    1493    1171    734     237     95      
1414   1971 580     126     1017    2       188     1399    696     30      -131    -227    142     647     1078    1566    1542    1101    775     209     166     
1414   1972 667     148     1114    -31     239     1591    784     -198    -63     -15     181     550     1284    1824    1656    1166    767     421     395     
1414   1973 680     340     1168    207     427     1638    591     160     50      222     300     755     1412    1929    1565    1024    587     162     -57     
1414   1974 711     163     1118    51      364     1457    835     103     113     66      339     685     1299    1506    1562    1302    716     491     306     
1414   1975 765     327     1200    201     416     1576    890     228     55      143     321     780     1256    1648    1814    1361    819     493     202     
1414   1976 559     162     1037    -55     237     1399    724     -243    -128    -182    178     712     1070    1475    1641    1122    659     392     -16     
1414   1977 554     101     942     -144    238     1283    772     -79     -358    -30     157     584     1112    1268    1462    1050    790     474     142     
1414   1978 522     139     990     -92     193     1376    752     11      -466    -164    123     617     1173    1407    1541    1060    705     492     -311    
1414   1979 526     -20     1032    -418    184     1470    720     -425    -530    -84     51      579     1329    1471    1607    1137    638     387     78      
1414   1980 578     35      1130    -200    190     1541    772     -252    -441    -220    247     544     1304    1728    1585    1358    749     210     83      
1414   1981 555     107     1024    -54     272     1339    752     -133    -118    -165    213     766     1038    1500    1471    1132    792     330     -218    
1414   1982 623     48      1079    -312    348     1435    855     -429    -288    78      254     708     1092    1558    1642    1194    829     544     221     
1414   1983 640     270     1096    82      311     1456    752     174     -174    -6      245     692     1127    1618    1613    1258    760     237     67      
1414   1984 681     136     1122    -22     314     1496    881     -69     -67     -122    284     777     1281    1522    1677    1171    927     542     214     
1414   1985 401     4       939     -418    119     1347    659     -549    -973    -212    37      529     992     1509    1529    1013    755     205     -138    
1414   1986 548     -13     1034    -348    304     1427    753     -250    -688    -19     132     793     1326    1552    1399    982     743     533     -18     
1414   1987 426     -59     883     -400    37      1216    805     -833    -359    -455    124     446     897     1474    1266    1075    915     420     55      
1414   1988 628     236     1123    52      288     1483    722     92      7       -80     177     763     1177    1795    1467    1339    707     120     -56     
1414   1989 749     239     1171    121     475     1503    867     202     228     230     335     857     1300    1652    1551    1313    853     437     -3      
1414   1990 763     330     1160    122     558     1475    786     104     282     305     500     867     1285    1479    1654    1154    843     359     280     
1414   1991 699     272     1103    91      361     1484    855     119     -149    140     324     617     1015    1644    1778    1218    844     504     258     
1414   1992 738     347     1190    177     448     1575    735     181     86      199     230     909     1552    1609    1564    1256    566     388     287     
1414   1993 643     260     1060    155     475     1350    638     143     24      134     340     947     1091    1532    1418    1009    707     194     114     
1414   1994 659     76      1166    -138    320     1563    805     -33     -533    -47     343     666     1131    1806    1737    1286    699     435     325     
1414   1995 666     295     1104    151     363     1475    832     17      108     171     280     635     1230    1524    1663    1276    976     239     -164    
1414   1996 579     41      1071    -271    212     1479    852     -164    -502    -166    261     544     1131    1421    1874    1175    891     488     -48     
1414   1997 710     239     1224    -30     328     1722    749     -54     18      127     210     642     1330    1818    2004    1313    614     326     121     
1414   1998 633     221     1032    118     315     1323    766     130     101     27      218     697     1053    1468    1440    1301    795     203     122     
1414   1999 753     179     1259    -9      391     1625    1002    -46     -114    86      391     698     1392    1788    1686    1589    887     535     85      
1414   2000 771     291     1119    64      439     1401    1061    69      36      125     396     795     1186    1426    1583    1310    1117    753     422     
1414   2001 706     364     1192    117     355     1573    906     143     -249    -51     358     757     1212    1836    1659    1304    1007    404     16      
1414   2002 757     289     1370    46      490     1840    698     -1      130     166     405     895     1571    1819    2122    1384    515     202     -171    
1414   2003 687     20      1207    -226    346     1633    835     -243    -268    65      220     750     1258    1876    1754    1358    662     490     246     
1414   2004 703     217     1171    28      399     1524    850     -120    -47     64      397     736     1162    1609    1791    1312    877     360     256     
1414   2005 721     238     1186    122     303     1569    916     175     -85     -182    358     735     1176    1859    1658    1309    929     509     146     
1414   2006 761     180     1255    -38     242     1672    1042    -76     -200    -253    262     717     1278    1813    1912    1524    1074    526     485     
1414   2007 744     378     1198    134     490     1572    824     131     -250    245     435     788     1375    1620    1716    1235    852     383     315     
1414   2008 798     369     1212    275     497     1570    859     250     260     148     440     901     1403    1728    1575    1207    919     448     277     
1414   2009 -999999 -999999 -999999 73      -999999 1568    851     12      -85     79      482     905     1228    1706    1748    1318    688     569     80      
1414   2010 610     83      1249    -209    305     1691    773     -327    -399    -141    315     755     1264    2033    1762    1324    752     245     -330    
1414   2011 -999999 45      -999999 -271    -999999 -999999 -999999 -123    -371    62      445     -999999 -999999 -999999 -999999 -999999 -999999 -999999 -999999 
