EUROPEAN CLIMATE ASSESSMENT & DATASET (ECA&D), file created on: 10-05-2011
THESE DATA CAN BE USED FREELY PROVIDED THAT THE FOLLOWING SOURCE IS ACKNOWLEDGED: 

Klein Tank, A.M.G. and Coauthors, 2002. Daily dataset of 20th-century surface
air temperature and precipitation series for the European Climate Assessment.
Int. J. of Climatol., 22, 1441-1453.
Data and metadata available at http://eca.knmi.nl

FILE FORMAT (MISSING VALUE CODE = -999999):

THIS FILE HOLDS DATA FOR STATION FRANCE                                   SETE                                     (STAID:    797)
LATITUDE: dd:mm:ss +43:23:53
LONGITUDE: ddd:mm:ss +003:41:30
ELEVATION: m   80

DATA IS FOR INDEX Mean of daily mean temperature (TG) with unit 0.01 Temperature (&#176;C)

01-06 SOUID: Source identifier
08-11 YEAR : YYYY
13-20 ANNUAL DATA VALUES
21-28 WINTER HALF YEAR DATA VALUES
29-36 SUMMER HALF YEAR DATA VALUES
37-44 WINTER (DJF) DATA VALUES
45-52 SPRING (MAM) DATA VALUES
53-60 SUMMER (JJA) DATA VALUES
61-68 AUTUMN (SON) DATA VALUES
69-76 JANUARY DATA VALUES
etc. 
157-164 DECEMBER DATA VALUES

797    1949 1610    -999999 2096    -999999 1347    2386    1746    905     999     956     1483    1611    2152    2556    2443    2298    1814    1124    939     
797    1950 1522    1122    2018    874     1373    2369    1606    721     967     1140    1237    1738    2254    2535    2315    2011    1596    1211    483     
797    1951 1450    978     1862    701     1204    2144    1597    815     816     938     1271    1406    2007    2260    2162    2059    1463    1275    894     
797    1952 1482    1012    2013    701     1465    2351    1437    555     650     1208    1396    1790    2267    2527    2255    1825    1532    951     770     
797    1953 1491    899     1948    605     1406    2169    1638    415     632     1070    1275    1868    1849    2287    2361    2027    1654    1232    1150    
797    1954 1467    1061    1881    779     1341    2121    1655    582     587     1123    1281    1617    2077    2216    2068    2020    1623    1323    1025    
797    1955 1512    1129    1965    947     1375    2198    1515    959     846     978     1479    1672    2007    2325    2256    2042    1480    1024    1028    
797    1956 1371    938     1862    690     1316    2073    1443    861     108     1021    1192    1730    1887    2185    2140    2021    1425    884     850     
797    1957 1469    1034    1859    862     1380    2120    1527    696     1058    1287    1314    1536    1910    2287    2155    1938    1603    1039    779     
797    1958 1454    1005    1881    818     1258    2092    1597    741     946     918     1187    1668    1933    2113    2225    2148    1563    1082    892     
797    1959 1513    1072    1944    850     1402    2233    1539    739     928     1214    1287    1703    2057    2413    2223    1964    1560    1092    934     
797    1960 1465    1064    1930    859     1457    2160    1491    715     934     1140    1421    1808    2190    2209    2082    1858    1446    1170    593     
797    1961 1551    1033    2004    780     1466    2207    1625    685     1092    1220    1482    1696    2145    2265    2209    2220    1618    1039    918     
797    1962 1434    1018    1928    873     1240    2223    1493    941     750     816     1306    1599    2034    2248    2381    1984    1596    896     607     
797    1963 1377    821     1854    471     1316    2100    1589    370     433     988     1311    1649    1913    2351    2030    1854    1591    1321    648     
797    1964 1459    1001    1988    716     1367    2243    1493    592     923     934     1336    1829    2129    2376    2220    2022    1354    1107    676     
797    1965 1420    902     1843    641     1334    2107    1494    705     531     1012    1306    1682    2006    2147    2164    1735    1623    1119    935     
797    1966 1477    1083    1908    893     1379    2102    1536    700     1061    1060    1409    1668    2085    2138    2084    2060    1662    882     887     
797    1967 1484    1038    1909    832     1361    2206    1626    716     898     1165    1353    1565    1933    2401    2275    1912    1738    1225    592     
797    1968 1445    1034    1833    728     1320    2056    1590    741     858     1046    1312    1603    1941    2140    2083    1906    1731    1128    834     
797    1969 1413    1036    1846    771     1290    2101    1578    852     611     1020    1268    1583    1818    2231    2244    1915    1704    1110    537     
797    1970 1453    985     1911    755     1201    2188    1626    875     862     815     1180    1607    2111    2246    2204    2104    1522    1256    627     
797    1971 1474    940     1986    711     1274    2246    1549    689     828     717     1415    1694    1988    2348    2395    2059    1696    889     925     
797    1972 1449    1070    1817    892     1338    2086    1489    788     968     1142    1275    1595    1894    2281    2076    1764    1519    1183    889     
797    1973 1469    998     1964    768     1270    2290    1569    712     697     966     1185    1656    2097    2345    2423    2063    1500    1145    786     
797    1974 1450    1048    1870    870     1304    2169    1354    961     861     1020    1257    1634    2014    2255    2234    1811    1157    1099    1052    
797    1975 1465    1025    1914    992     1267    2209    1505    977     942     919     1304    1578    1964    2312    2345    1967    1490    1058    685     
797    1976 1478    1001    1949    800     1349    2299    1405    804     920     1048    1221    1774    2234    2420    2243    1785    1435    996     828     
797    1977 1463    1041    1805    870     1340    2028    1572    751     1048    1189    1311    1519    1857    2157    2065    1912    1691    1108    917     
797    1978 1427    1055    1837    793     1271    2073    1560    668     795     1127    1139    1543    1884    2125    2205    2112    1507    1062    918     
797    1979 1475    1013    1922    787     1308    2248    1558    600     849     1129    1191    1599    2131    2387    2222    1985    1618    1069    878     
797    1980 1405    1038    1857    849     1241    2103    1512    640     1042    982     1199    1540    1898    2046    2359    2084    1512    941     611     
797    1981 1462    927     1921    651     1341    2189    1569    689     654     1128    1381    1516    2094    2145    2326    2059    1584    1065    854     
797    1982 1549    1067    2011    911     1335    2310    1629    952     929     1005    1332    1668    2164    2495    2266    2128    1551    1212    852     
797    1983 1500    1041    1944    800     1268    2273    1635    931     599     1065    1190    1547    2028    2504    2281    2100    1617    1190    873     
797    1984 1423    1004    1824    781     1176    2141    1588    769     694     865     1266    1401    1967    2246    2204    1846    1562    1358    870     
797    1985 1460    995     1965    705     1284    2212    1601    334     932     922     1380    1553    1998    2412    2217    2222    1747    828     942     
797    1986 1497    984     1947    743     1321    2237    1684    751     514     1074    1068    1813    2047    2373    2286    2071    1742    1237    911     
797    1987 1475    988     1967    682     1249    2230    1690    346     800     883     1342    1527    1962    2360    2358    2241    1695    1135    1014    
797    1988 1528    1136    1950    969     1375    2218    1589    1009    879     1070    1340    1713    1992    2335    2318    1983    1726    1053    887     
797    1989 1583    1123    2023    903     1434    2334    1613    847     982     1228    1225    1842    2096    2466    2432    2051    1647    1139    992     
797    1990 1565    1185    2000    1018    1459    2289    1616    885     1194    1252    1255    1865    2060    2385    2414    2003    1735    1106    601     
797    1991 1456    1023    1930    680     1328    2220    1531    753     687     1224    1250    1508    1914    2341    2395    2159    1415    1024    747     
797    1992 1505    962     1968    727     1451    2209    1554    623     817     1138    1401    1814    1881    2326    2411    1952    1414    1300    962     
797    1993 1482    1069    1937    889     1374    2215    1431    881     815     1025    1339    1758    2142    2184    2315    1867    1454    973     985     
797    1994 1598    1099    1994    916     1454    2375    1624    898     858     1400    1226    1728    2133    2516    2468    1868    1575    1431    1015    
797    1995 1579    1163    2002    969     1375    2348    1644    791     1115    1057    1397    1670    2095    2525    2415    1888    1841    1197    925     
797    1996 1508    1120    1950    892     1348    2265    1524    1042    697     990     1393    1663    2196    2333    2263    1842    1603    1124    913     
797    1997 1620    1161    2015    921     1553    2244    1736    789     1077    1448    1454    1753    1978    2301    2444    2147    1756    1303    948     
797    1998 1551    1187    2005    939     1441    2322    1515    890     984     1225    1252    1839    2140    2438    2383    1955    1603    985     870     
797    1999 1566    1067    2042    865     1461    2298    1634    907     812     1199    1389    1793    2111    2399    2377    2168    1712    1020    845     
797    2000 1581    1107    1998    885     1465    2251    1623    755     1067    1240    1316    1835    2149    2202    2400    2069    1597    1203    1122    
797    2001 1577    1196    2017    1013    1505    2337    1600    934     980     1317    1359    1833    2194    2365    2448    1880    1875    1036    652     
797    2002 1590    1134    1963    863     1474    2218    1664    889     1066    1274    1498    1650    2111    2283    2258    1970    1673    1347    1027    
797    2003 1610    1113    2161    811     1465    2582    1597    703     690     1206    1354    1830    2438    2578    2725    2019    1502    1272    930     
797    2004 1540    1064    2003    859     1336    2318    1649    818     828     1025    1332    1651    2236    2353    2361    2074    1734    1136    905     
797    2005 1524    1034    -999999 786     1378    2397    1633    815     622     955     1367    1811    2379    2451    2360    2101    1729    1113    584     
797    2006 -999999 -999999 2137    686     1479    2435    1801    734     751     1052    1547    1866    2236    2740    2322    2076    1880    1445    957     
797    2007 -999999 -999999 2032    -999999 1553    2239    1576    1033    1086    1203    1626    1831    2152    2305    2259    2010    1625    1092    869     
797    2008 1566    1133    2009    981     1430    2309    1568    1046    1030    1131    1375    1783    2197    2360    2366    1955    1608    1152    775     
797    2009 1630    1044    2137    756     1517    2427    1774    663     836     1215    1415    1916    2273    2447    2557    2195    1756    1372    868     
797    2010 1507    1057    2054    735     1396    2375    1557    579     759     991     1510    1691    2126    2574    2416    1987    1522    1164    715     
797    2011 -999999 1054    -999999 816     -999999 -999999 -999999 774     975     1169    1661    -999999 -999999 -999999 -999999 -999999 -999999 -999999 -999999 
