EUROPEAN CLIMATE ASSESSMENT & DATASET (ECA&D), file created on: 10-05-2011
THESE DATA CAN BE USED FREELY PROVIDED THAT THE FOLLOWING SOURCE IS ACKNOWLEDGED: 

Klein Tank, A.M.G. and Coauthors, 2002. Daily dataset of 20th-century surface
air temperature and precipitation series for the European Climate Assessment.
Int. J. of Climatol., 22, 1441-1453.
Data and metadata available at http://eca.knmi.nl

FILE FORMAT (MISSING VALUE CODE = -999999):

THIS FILE HOLDS DATA FOR STATION RUSSIAN FEDERATION                       ROSLAVL                                  (STAID:   1168)
LATITUDE: dd:mm:ss +53:58:12
LONGITUDE: ddd:mm:ss +032:51:00
ELEVATION: m  219

DATA IS FOR INDEX Mean of daily mean temperature (TG) with unit 0.01 Temperature (&#176;C)

01-06 SOUID: Source identifier
08-11 YEAR : YYYY
13-20 ANNUAL DATA VALUES
21-28 WINTER HALF YEAR DATA VALUES
29-36 SUMMER HALF YEAR DATA VALUES
37-44 WINTER (DJF) DATA VALUES
45-52 SPRING (MAM) DATA VALUES
53-60 SUMMER (JJA) DATA VALUES
61-68 AUTUMN (SON) DATA VALUES
69-76 JANUARY DATA VALUES
etc. 
157-164 DECEMBER DATA VALUES

1168   1995 -999999 -999999 -999999 -999999 769     1729    546     -598    -112    153     811     1299    1835    1698    1660    1236    654     -280    -867    
1168   1996 -999999 -999999 -999999 -930    588     -999999 -999999 -998    -926    -423    686     1549    1542    1733    1706    983     624     459     -780    
1168   1997 -999999 -999999 -999999 -654    486     -999999 462     -765    -402    -93     380     1125    1677    1790    1702    872     436     92      -690    
1168   1998 -999999 -999999 -999999 -999999 -999999 1691    -999999 -370    -430    -39     541     1254    1807    1759    1519    1185    -999999 -671    -729    
1168   1999 -999999 -999999 -999999 -594    624     1934    587     -436    -614    -55     968     970     2068    2052    1672    1248    704     -272    -222    
1168   2000 -999999 -999999 -999999 -423    659     1647    692     -725    -307    -145    1107    1070    1491    1776    1674    1019    775     215     -149    
1168   2001 -999999 -999999 -999999 -999999 632     1858    -999999 -300    -644    -172    994     1131    1536    2259    1753    1167    623     -41     -998    
1168   2002 -999999 -999999 -999999 -999999 803     1898    513     -468    -23     273     813     1306    1696    2143    1835    1175    352     13      -1110   
1168   2003 -999999 -999999 -999999 -999999 607     1681    -999999 -714    -887    -234    420     1573    1419    1968    1656    1177    551     144     -276    
1168   2004 -999999 -999999 -999999 -999999 597     -999999 -999999 -628    -638    76      591     1123    1482    1824    1880    1236    708     -155    -180    
1168   2005 -999999 -999999 -999999 -423    518     1726    -999999 -271    -830    -613    792     1406    1527    1884    1766    1413    739     126     -407    
1168   2006 -999999 -999999 -999999 -999999 498     -999999 760     -980    -1254   -423    655     1201    1716    1825    1742    1378    790     112     114     
1168   2007 -999999 -999999 -999999 -999999 905     1816    599     -163    -1036   510     614     1555    1754    1769    1918    1248    738     -144    -164    
1168   2008 750     -3      1446    -270    781     1755    749     -473    -167    202     945     1213    1534    1873    1852    1204    907     137     -276    
1168   2009 656     -999999 1400    -417    622     1687    773     -549    -425    -69     666     1271    1656    1832    1571    1391    604     329     -541    
1168   2010 688     -284    1705    -834    767     2146    687     -1306   -629    -185    861     1631    1929    2329    2175    1243    421     405     -721    
1168   2011 -999999 -289    -999999 -783    -999999 -999999 -999999 -635    -1016   -238    719     -999999 -999999 -999999 -999999 -999999 -999999 -999999 -999999 
