EUROPEAN CLIMATE ASSESSMENT & DATASET (ECA&D), file created on: 10-05-2011
THESE DATA CAN BE USED FREELY PROVIDED THAT THE FOLLOWING SOURCE IS ACKNOWLEDGED: 

Klein Tank, A.M.G. and Coauthors, 2002. Daily dataset of 20th-century surface
air temperature and precipitation series for the European Climate Assessment.
Int. J. of Climatol., 22, 1441-1453.
Data and metadata available at http://eca.knmi.nl

FILE FORMAT (MISSING VALUE CODE = -999999):

THIS FILE HOLDS DATA FOR STATION UNITED KINGDOM                           OXFORD                                   (STAID:    274)
LATITUDE: dd:mm:ss +51:46:00
LONGITUDE: ddd:mm:ss -001:16:00
ELEVATION: m   63

DATA IS FOR INDEX Mean of daily mean temperature (TG) with unit 0.01 Temperature (&#176;C)

01-06 SOUID: Source identifier
08-11 YEAR : YYYY
13-20 ANNUAL DATA VALUES
21-28 WINTER HALF YEAR DATA VALUES
29-36 SUMMER HALF YEAR DATA VALUES
37-44 WINTER (DJF) DATA VALUES
45-52 SPRING (MAM) DATA VALUES
53-60 SUMMER (JJA) DATA VALUES
61-68 AUTUMN (SON) DATA VALUES
69-76 JANUARY DATA VALUES
etc. 
157-164 DECEMBER DATA VALUES

274    1853 -999999 -999999 -999999 -999999 -999999 1580    -999999 525     60      357     820     1121    1539    1654    1544    1272    1026    505     -999999 
274    1854 -999999 -999999 -999999 -999999 872     -999999 -999999 393     412     655     874     1087    1353    1610    1538    1419    936     484     -999999 
274    1855 -999999 -999999 -999999 -999999 -999999 1644    -999999 -999999 -157    -999999 769     921     1423    1801    1692    1439    -999999 542     255     
274    1856 -999999 -999999 -999999 -999999 -999999 1620    -999999 436     -999999 402     808     933     1457    1666    1741    1231    991     -999999 425     
274    1857 -999999 -999999 -999999 -999999 -999999 -999999 -999999 212     388     519     -999999 1126    1563    1730    1774    1501    1049    721     724     
274    1858 -999999 -999999 -999999 -999999 812     -999999 -999999 285     -999999 501     820     1106    1712    1569    1602    1509    1016    405     442     
274    1859 -999999 -999999 -999999 -999999 -999999 1735    -999999 451     595     732     708     1168    1566    1931    1701    1306    967     505     159     
274    1860 -999999 -999999 -999999 -999999 -999999 1416    -999999 376     157     -999999 581     1209    1323    1480    1442    1107    1002    458     -999999 
274    1861 -999999 -999999 -999999 -999999 828     1612    -999999 105     -999999 666     717     1102    1558    1582    1697    1371    -999999 459     404     
274    1862 -999999 -999999 -999999 -999999 -999999 1477    -999999 450     -999999 646     975     1335    1388    1525    1517    1402    1063    329     637     
274    1863 -999999 -999999 -999999 -999999 896     1531    -999999 512     573     634     928     1118    1445    1537    1620    1161    987     716     -999999 
274    1864 -999999 -999999 -999999 -999999 -999999 1516    -999999 173     253     521     906     1256    1465    1653    1415    1386    1015    510     342     
274    1865 -999999 -999999 -999999 -999999 882     -999999 -999999 -999999 -999999 286     1105    1319    1588    1730    1538    1660    -999999 683     563     
274    1866 -999999 -999999 -999999 -999999 -999999 -999999 -999999 589     -999999 413     906     1024    1567    1640    1529    1349    -999999 716     591     
274    1867 -999999 -999999 -999999 -999999 -999999 -999999 -999999 129     -999999 271     1006    1129    1424    1523    1636    1370    952     468     314     
274    1868 -999999 -999999 -999999 428     -999999 1750    -999999 346     643     654     909     1362    1628    1915    1700    -999999 849     486     755     
274    1869 -999999 -999999 -999999 -999999 -999999 -999999 -999999 558     -999999 383     1006    1066    1326    1824    1532    1480    -999999 -999999 276     
274    1870 -999999 -999999 -999999 -999999 -999999 1693    -999999 353     275     438     911     1218    1630    1858    1598    1324    1003    -999999 -999999 
274    1871 -999999 -999999 -999999 -999999 -999999 1582    -999999 -999999 619     668     939     1041    1312    1647    1776    1344    949     293     341     
274    1872 -999999 -999999 -999999 -999999 -999999 -999999 -999999 508     726     714     895     1024    1478    1785    1615    1378    826     -999999 540     
274    1873 -999999 -999999 -999999 -999999 -999999 -999999 -999999 -999999 198     590     -999999 1061    1486    1695    -999999 1234    -999999 650     400     
274    1874 -999999 -999999 -999999 -999999 946     1637    -999999 548     -999999 725     1023    1084    1448    1851    1595    1449    -999999 557     28      
274    1875 -999999 -999999 -999999 -999999 -999999 1611    -999999 707     -999999 550     804     1275    1556    1547    1729    1565    901     -999999 410     
274    1876 -999999 -999999 -999999 -999999 -999999 -999999 -999999 226     -999999 506     852     994     1504    1877    1716    1320    1118    -999999 -999999 
274    1877 -999999 -999999 -999999 -999999 774     -999999 -999999 619     -999999 548     814     976     1632    1561    1587    1149    927     703     478     
274    1878 -999999 -999999 -999999 -999999 -999999 1675    -999999 484     633     536     980     1270    1532    1726    1741    1352    1019    -999999 21      
274    1879 -999999 -999999 -999999 -999999 -999999 1428    -999999 -93     -999999 444     560     885     1360    1435    1496    1301    -999999 -999999 -17     
274    1880 -999999 -999999 -999999 -999999 881     1546    -999999 -23     550     700     830     1111    1386    1594    1664    -999999 837     -999999 638     
274    1881 -999999 -999999 -999999 -999999 -999999 -999999 -999999 -140    -999999 553     766     1225    1432    1694    1494    1318    771     934     451     
274    1882 -999999 -999999 -999999 -999999 987     1485    -999999 484     -999999 803     918     1228    1359    1580    1522    1263    1024    -999999 462     
274    1883 -999999 -999999 -999999 -999999 -999999 -999999 -999999 513     674     268     884     1138    1460    1475    1613    1372    1040    666     -999999 
274    1884 -999999 -999999 -999999 -999999 863     -999999 -999999 696     589     651     725     1193    1444    1690    1725    1500    969     557     -999999 
274    1885 -999999 -999999 -999999 -999999 -999999 -999999 -999999 276     671     495     787     952     1459    1673    1414    1237    781     -999999 385     
274    1886 -999999 -999999 -999999 -999999 -999999 -999999 -999999 168     -999999 391     821     1113    1404    1664    1616    1447    -999999 654     194     
274    1887 -999999 -999999 -999999 -999999 -999999 1667    -999999 204     382     354     646     986     1591    1811    1589    1211    684     462     287     
274    1888 -999999 -999999 -999999 -999999 -999999 -999999 -999999 310     -999999 370     618     1124    -999999 1444    1389    1305    826     793     450     
274    1889 -999999 -999999 -999999 -999999 -999999 -999999 -999999 222     -999999 471     717     -999999 1560    1562    1498    1246    911     682     270     
274    1890 -999999 -999999 -999999 -999999 -999999 1467    1026    576     -999999 568     698     1179    1407    1520    1471    1486    984     610     -219    
274    1891 -999999 -999999 -999999 -999999 670     1477    -999999 137     -999999 411     650     947     1514    1482    1437    -999999 985     560     418     
274    1892 -999999 -999999 -999999 -999999 -999999 -999999 -999999 231     -999999 272     -999999 1143    1349    1432    1582    1280    752     607     168     
274    1893 -999999 -999999 -999999 -999999 1063    -999999 -999999 187     494     764     1087    1338    1536    1680    1753    1340    1006    -999999 478     
274    1894 -999999 -999999 -999999 -999999 879     -999999 -999999 298     -999999 699     994     959     1406    1614    1455    1170    933     -999999 494     
274    1895 -999999 -999999 -999999 -999999 -999999 -999999 -999999 -999999 -175    562     852     1303    1510    1592    1601    1562    727     779     428     
274    1896 -999999 -999999 -999999 -999999 -999999 1631    -999999 466     -999999 731     920     1193    1670    1731    1499    1385    757     454     -999999 
274    1897 -999999 -999999 -999999 -999999 841     -999999 -999999 141     620     694     753     1059    -999999 1728    1616    1250    997     -999999 -999999 
274    1898 -999999 -999999 -999999 -999999 -999999 -999999 -999999 608     501     419     848     1055    1406    1589    1718    1508    1112    748     747     
274    1899 -999999 -999999 -999999 -999999 -999999 -999999 -999999 552     -999999 521     832     1060    1555    1828    1855    1423    910     -999999 218     
274    1900 -999999 -999999 -999999 -999999 -999999 -999999 -999999 -999999 325     369     846     1035    1438    1866    1565    1425    -999999 -999999 739     
274    1901 -999999 -999999 -999999 -999999 -999999 -999999 -999999 324     246     394     869     1188    1454    1784    1587    1429    946     471     -999999 
274    1902 -999999 -999999 -999999 -999999 829     -999999 -999999 531     182     732     808     940     -999999 1490    1517    1321    955     -999999 471     
274    1903 -999999 -999999 -999999 -999999 -999999 -999999 -999999 -999999 732     741     646     1145    1314    1572    1483    1351    1085    -999999 342     
274    1904 -999999 -999999 -999999 -999999 854     1585    -999999 402     -999999 449     960     1136    1400    1804    1559    1262    912     -999999 409     
274    1905 -999999 -999999 -999999 -999999 -999999 1631    -999999 291     -999999 739     -999999 1125    1504    1825    1554    1249    709     513     409     
274    1906 -999999 -999999 -999999 -999999 -999999 -999999 -999999 542     344     503     769     1066    1458    1686    1761    1443    1127    -999999 320     
274    1907 -999999 -999999 -999999 -999999 -999999 -999999 -999999 352     300     683     797     1067    1313    1450    1515    1410    -999999 682     560     
274    1908 -999999 -999999 -999999 -999999 -999999 -999999 -999999 222     545     483     619     1283    1452    1679    1534    1303    -999999 -999999 389     
274    1909 -999999 -999999 -999999 -999999 -999999 1467    -999999 353     -999999 393     915     -999999 1213    1564    1603    1214    1104    484     445     
274    1910 -999999 -999999 -999999 -999999 -999999 -999999 -999999 367     542     584     755     1177    1500    1470    1570    1274    -999999 331     668     
274    1911 -999999 -999999 -999999 -999999 898     1804    -999999 346     503     513     816     1340    1513    1946    1929    -999999 970     614     670     
274    1912 -999999 -999999 -999999 -999999 -999999 -999999 -999999 411     -999999 744     888     1282    1418    1630    1330    1136    833     635     750     
274    1913 -999999 -999999 -999999 -999999 900     -999999 -999999 515     -999999 664     809     1214    1466    1534    1586    1433    1154    -999999 -999999 
274    1914 -999999 -999999 -999999 -999999 -999999 -999999 -999999 361     704     628     1023    1083    1491    1603    1695    1346    1047    -999999 523     
274    1915 -999999 -999999 -999999 -999999 822     1559    -999999 416     -999999 538     819     1130    1507    1535    1639    1345    941     325     619     
274    1916 -999999 -999999 -999999 -999999 -999999 1496    -999999 759     -999999 347     890     1224    1204    1593    1691    1286    1137    645     124     
274    1917 -999999 -999999 -999999 -999999 -999999 1595    -999999 -999999 119     -999999 622     1359    1571    1639    1574    1470    775     784     132     
274    1918 -999999 -999999 -999999 -999999 -999999 -999999 -999999 281     622     609     648     1337    1367    1589    1601    -999999 943     517     -999999 
274    1919 -999999 -999999 -999999 -999999 -999999 -999999 -999999 261     127     376     700     1362    1494    1426    1696    -999999 682     348     566     
274    1920 -999999 -999999 -999999 -999999 -999999 -999999 -999999 571     605     768     871     1239    1448    1454    1369    1373    1036    -999999 441     
274    1921 -999999 -999999 -999999 -999999 -999999 -999999 -999999 736     500     770     832     1194    1504    1960    1634    1467    1341    442     615     
274    1922 -999999 -999999 -999999 -999999 -999999 1421    -999999 408     456     -999999 593     1294    1424    1433    1405    1237    843     529     607     
274    1923 -999999 -999999 -999999 -999999 -999999 -999999 -999999 487     619     633     805     939     1283    1745    1584    1298    999     -999999 395     
274    1924 -999999 -999999 -999999 -999999 -999999 1498    -999999 528     -999999 455     797     1197    1457    1570    1469    1388    1048    -999999 627     
274    1925 -999999 -999999 -999999 -999999 848     -999999 -999999 507     -999999 488     784     1233    1551    1701    1575    1197    1064    -999999 278     
274    1926 -999999 -999999 -999999 -999999 -999999 -999999 -999999 412     733     656     954     1042    1373    1669    1677    1477    789     638     389     
274    1927 -999999 -999999 -999999 -999999 -999999 -999999 -999999 421     -999999 742     846     1158    1310    1582    1602    -999999 1086    -999999 149     
274    1928 -999999 -999999 -999999 -999999 -999999 1564    -999999 543     609     667     861     1032    1363    1736    1595    1332    1030    792     -999999 
274    1929 -999999 -999999 -999999 -999999 -999999 1574    -999999 95      -999999 578     644     1174    1373    1696    1640    1696    992     696     630     
274    1930 -999999 -999999 -999999 -999999 847     -999999 -999999 590     266     559     857     1116    1579    1589    1568    -999999 1075    -999999 400     
274    1931 -999999 -999999 -999999 -999999 -999999 -999999 -999999 354     420     479     794     1178    1501    1573    1483    1165    875     785     470     
274    1932 -999999 -999999 -999999 -999999 -999999 -999999 -999999 582     257     466     700     1052    1425    1620    1755    1357    947     692     -999999 
274    1933 -999999 -999999 -999999 -999999 995     -999999 -999999 209     433     810     941     1248    1544    1840    1834    1541    1004    510     138     
274    1934 -999999 -999999 -999999 -999999 -999999 1694    -999999 379     325     521     831     1167    1529    1916    1623    -999999 1053    608     785     
274    1935 -999999 -999999 -999999 -999999 -999999 -999999 -999999 450     -999999 689     848     1012    1542    1782    1745    1433    981     -999999 -999999 
274    1936 -999999 -999999 -999999 -999999 -999999 -999999 -999999 -999999 252     704     677     1108    1514    1549    1682    1476    913     542     498     
274    1937 -999999 -999999 -999999 -999999 879     -999999 -999999 506     -999999 409     959     1252    1469    1630    1794    1362    1066    510     294     
274    1938 -999999 -999999 -999999 -999999 -999999 1622    -999999 608     -999999 957     759     1084    1539    1635    1694    1407    1068    937     380     
274    1939 -999999 -999999 -999999 -999999 -999999 1578    -999999 454     586     -999999 905     1179    1435    1591    1690    1466    851     922     -999999 
274    1940 -999999 -999999 -999999 -999999 -999999 1633    -999999 -188    249     601     928     1323    1688    1576    1642    1367    950     -999999 -999999 
274    1941 -999999 -999999 -999999 -999999 -999999 -999999 -999999 58      -999999 -999999 700     931     1574    1776    1488    -999999 1016    681     512     
274    1942 -999999 -999999 -999999 -999999 905     -999999 -999999 43      -999999 559     970     1162    -999999 1632    1697    1412    1119    494     697     
274    1943 -999999 -999999 -999999 -999999 1019    1640    -999999 501     589     689     1134    1258    1488    1716    1708    1328    1091    -999999 332     
274    1944 -999999 -999999 -999999 -999999 -999999 -999999 -999999 601     -999999 482     1087    -999999 1421    1703    1799    1318    987     650     268     
274    1945 -999999 -999999 -999999 -999999 -999999 -999999 -999999 20      -999999 849     -999999 1294    1496    1720    1626    1458    1217    -999999 -999999 
274    1946 -999999 -999999 -999999 -999999 876     -999999 -999999 312     -999999 547     1014    1088    1363    1663    1570    1469    -999999 811     288     
274    1947 -999999 -999999 -999999 -999999 940     -999999 -999999 -999999 -999999 432     931     1408    1573    1814    1942    1583    1045    -999999 530     
274    1948 -999999 -999999 -999999 -999999 999     -999999 -999999 555     451     869     946     1181    1371    1565    1584    1469    954     734     613     
274    1949 -999999 -999999 -999999 -999999 -999999 1721    -999999 543     -999999 -999999 -999999 1165    1592    1826    1757    1697    1201    646     574     
274    1950 -999999 -999999 -999999 -999999 -999999 -999999 -999999 419     -999999 775     819     -999999 -999999 1644    1639    1362    926     -999999 -999999 
274    1951 -999999 -999999 -999999 -999999 -999999 1582    -999999 398     402     480     669     1051    1451    1709    1582    1452    925     879     -999999 
274    1952 -999999 -999999 -999999 -999999 -999999 -999999 -999999 307     356     690     987     1382    1491    1782    1664    -999999 907     378     -999999 
274    1953 -999999 -999999 -999999 -999999 848     1574    -999999 306     386     555     796     1240    1458    1605    1664    1417    995     854     708     
274    1954 -999999 -999999 -999999 -999999 -999999 1467    -999999 283     308     622     746     1086    1410    1485    1507    1347    1200    686     671     
274    1955 -999999 -999999 -999999 -999999 -999999 1721    -999999 231     124     310     950     1016    1447    1783    1893    1453    -999999 -999999 545     
274    1956 -999999 -999999 -999999 -999999 -999999 -999999 -999999 374     -90     630     718     1252    1364    1615    1450    -999999 932     560     554     
274    1957 -999999 -999999 -999999 -999999 982     -999999 -999999 561     -999999 975     893     1073    1593    1693    1595    -999999 1141    -999999 387     
274    1958 -999999 -999999 -999999 -999999 -999999 1582    -999999 341     -999999 340     793     1193    1490    1638    1623    1535    1107    650     445     
274    1959 -999999 -999999 -999999 -999999 -999999 -999999 -999999 211     -999999 769     984     1245    1574    1776    1790    1562    1264    634     598     
274    1960 -999999 -999999 -999999 -999999 -999999 1582    -999999 391     440     -999999 942     1310    1630    1575    1548    1350    1038    746     393     
274    1961 -999999 -999999 -999999 -999999 1022    1605    -999999 414     731     805     1070    1165    1542    1620    1653    1553    1104    578     -999999 
274    1962 -999999 -999999 -999999 -999999 -999999 1529    -999999 437     -999999 322     778     1053    1456    1593    1541    1304    1044    554     65      
274    1963 -999999 -999999 -999999 -999999 -999999 1528    1123    -334    -88     563     925     1124    1517    1576    1490    1356    1139    876     191     
274    1964 -999999 -999999 -999999 323     -999999 1606    -999999 319     461     441     882     1374    1461    1729    1623    1483    878     752     345     
274    1965 -999999 -999999 -999999 -999999 -999999 1493    -999999 346     294     566     861     1172    1472    1461    1546    1296    -999999 448     483     
274    1966 -999999 -999999 -999999 -999999 882     1563    -999999 293     669     686     801     1154    1606    1564    1518    1404    -999999 538     572     
274    1967 -999999 -999999 -999999 -999999 -999999 1626    -999999 449     568     761     -999999 1100    1461    1779    1633    1413    -999999 543     -999999 
274    1968 -999999 -999999 -999999 -999999 862     -999999 -999999 -999999 236     704     854     1038    1548    1530    1562    1443    1291    661     281     
274    1969 -999999 -999999 -999999 -999999 -999999 1639    -999999 556     -999999 390     786     1200    1457    1799    1669    1412    1327    -999999 330     
274    1970 -999999 -999999 -999999 -999999 823     1622    -999999 378     -999999 405     714     1356    1640    1580    1646    1470    1084    814     373     
274    1971 -999999 -999999 -999999 -999999 840     1583    -999999 458     447     549     762     1213    1292    1794    1650    1449    -999999 572     632     
274    1972 -999999 -999999 -999999 -999999 903     1494    -999999 386     470     726     854     1123    1263    1618    1604    1203    1080    593     579     
274    1973 -999999 -999999 -999999 -999999 884     1656    -999999 438     -999999 657     775     1213    1575    1646    1742    1510    870     592     499     
274    1974 -999999 -999999 -999999 -999999 841     1552    926     632     -999999 560     822     1131    1451    1599    1597    1262    793     741     -999999 
274    1975 -999999 -999999 -999999 -999999 -999999 1782    -999999 701     471     489     881     994     1525    1858    1952    1387    1005    580     427     
274    1976 -999999 -999999 -999999 -999999 -999999 1861    -999999 628     449     523     836     1260    1852    1947    1778    1396    1100    -999999 155     
274    1977 -999999 -999999 -999999 -999999 848     1476    -999999 272     594     715     750     1062    1252    1624    1556    1359    1156    -999999 632     
274    1978 -999999 -999999 -999999 -999999 -999999 1517    -999999 328     292     662     666     1198    1405    1566    1576    1462    1129    821     425     
274    1979 -999999 -999999 -999999 -999999 -999999 1605    -999999 -22     136     479     790     1018    1467    1765    1578    1397    1165    701     -999999 
274    1980 -999999 -999999 -999999 -999999 858     1547    -999999 206     618     536     902     1129    1395    1542    1685    1570    888     680     560     
274    1981 -999999 -999999 -999999 -999999 -999999 -999999 -999999 462     295     802     -999999 1185    1364    1649    1711    1537    848     737     82      
274    1982 -999999 -999999 -999999 269     924     1693    -999999 254     511     637     882     1229    1668    1727    1684    1483    1043    829     462     
274    1983 -999999 -999999 -999999 -999999 -999999 -999999 -999999 703     177     637     760     1106    1508    2079    1833    1452    1049    723     562     
274    1984 -999999 -999999 -999999 -999999 -999999 1729    -999999 441     365     503     862     988     1568    1771    1852    -999999 1159    820     521     
274    1985 -999999 -999999 -999999 -999999 835     -999999 1022    103     192     510     866     1133    1308    1688    1518    1516    1086    429     701     
274    1986 -999999 -999999 -999999 -999999 803     1569    1053    -999999 -166    543     669     1171    1538    1704    1461    1196    1122    819     619     
274    1987 -999999 -999999 -999999 -999999 869     1566    -999999 34      372     455     1068    1079    1402    1658    1643    1458    984     -999999 553     
274    1988 -999999 -999999 -999999 -999999 916     1508    -999999 533     507     692     846     1215    1417    1524    1579    1364    1101    480     743     
274    1989 -999999 -999999 -999999 -999999 -999999 1751    -999999 623     619     805     708     1336    1547    1932    1780    1574    1226    588     510     
274    1990 -999999 -999999 -999999 -999999 -999999 1705    -999999 711     -999999 830     821     1324    1415    1803    1886    1398    1218    655     419     
274    1991 -999999 -999999 -999999 -999999 -999999 1626    -999999 337     128     809     782     1086    1290    1770    1820    1538    -999999 690     439     
274    1992 -999999 -999999 -999999 -999999 1039    -999999 -999999 373     515     762     920     1419    1576    1722    1654    1394    784     769     379     
274    1993 -999999 -999999 -999999 -999999 948     1596    -999999 647     -999999 706     987     1166    1580    1647    1558    1269    882     -999999 598     
274    1994 -999999 -999999 -999999 -999999 -999999 1718    -999999 576     -999999 780     879     1082    1584    1892    1688    1336    1037    1041    660     
274    1995 -999999 -999999 -999999 -999999 -999999 -999999 -999999 530     724     592     970     1227    1443    1944    1973    1428    1359    794     210     
274    1996 -999999 -999999 -999999 -999999 -999999 1677    1076    479     280     478     910     944     1506    1798    1719    1417    1210    562     285     
274    1997 -999999 -999999 -999999 -999999 1030    -999999 -999999 251     718     937     968     1201    1483    1779    2011    1519    966     873     547     
274    1998 -999999 -999999 -999999 -999999 1031    1631    -999999 474     763     829     836     1384    1500    1668    1709    1547    1103    546     603     
274    1999 -999999 -999999 -999999 -999999 1060    1683    -999999 586     549     810     1009    1380    1478    1863    1695    1658    1094    779     436     
274    2000 -999999 -999999 -999999 -999999 -999999 1676    -999999 474     688     789     839     1222    1589    1639    1792    1518    1122    751     636     
274    2001 -999999 -999999 -999999 -999999 -999999 1701    1195    345     -999999 563     873     1292    1534    1791    1776    1403    1409    750     291     
274    2002 -999999 -999999 1461    -999999 1032    1671    1162    616     747     845     1018    1239    1515    1710    1784    1483    1077    899     653     
274    2003 -999999 -999999 -999999 521     1020    1834    1074    465     447     799     976     1282    1712    1851    1940    1460    895     872     500     
274    2004 -999999 -999999 -999999 -999999 1011    1759    -999999 567     547     713     1030    1310    1680    1712    1879    1572    1154    810     534     
274    2005 1134    -999999 1518    560     1009    1741    1235    661     473     792     1000    1236    1677    1781    1762    1644    1402    653     476     
274    2006 1170    660     1610    442     950     1861    1345    471     371     557     966     1327    1736    2103    1740    1780    1390    863     685     
274    2007 1124    863     1464    707     1060    1638    1133    759     672     787     1169    1226    1588    1641    1683    1472    1147    781     533     
274    2008 1079    755     1454    630     991     1679    1051    749     605     706     909     1366    1559    1738    1736    1398    1012    745     410     
274    2009 1073    629     1477    406     1064    1671    1162    324     493     781     1086    1325    1633    1675    1704    1430    1151    907     342     
274    2010 909     579     1386    264     856     1661    973     104     354     603     889     1076    1561    1824    1594    1359    1035    506     -42     
274    2011 -999999 539     -999999 328     -999999 -999999 -999999 402     656     687     1189    -999999 -999999 -999999 -999999 -999999 -999999 -999999 -999999 
