EUROPEAN CLIMATE ASSESSMENT & DATASET (ECA&D), file created on: 10-05-2011
THESE DATA CAN BE USED FREELY PROVIDED THAT THE FOLLOWING SOURCE IS ACKNOWLEDGED: 

Klein Tank, A.M.G. and Coauthors, 2002. Daily dataset of 20th-century surface
air temperature and precipitation series for the European Climate Assessment.
Int. J. of Climatol., 22, 1441-1453.
Data and metadata available at http://eca.knmi.nl

FILE FORMAT (MISSING VALUE CODE = -999999):

THIS FILE HOLDS DATA FOR STATION SWEDEN                                   LULEA FLYGPLATS                          (STAID:   1412)
LATITUDE: dd:mm:ss +65:32:35
LONGITUDE: ddd:mm:ss +022:07:09
ELEVATION: m   17

DATA IS FOR INDEX Mean of daily mean temperature (TG) with unit 0.01 Temperature (&#176;C)

01-06 SOUID: Source identifier
08-11 YEAR : YYYY
13-20 ANNUAL DATA VALUES
21-28 WINTER HALF YEAR DATA VALUES
29-36 SUMMER HALF YEAR DATA VALUES
37-44 WINTER (DJF) DATA VALUES
45-52 SPRING (MAM) DATA VALUES
53-60 SUMMER (JJA) DATA VALUES
61-68 AUTUMN (SON) DATA VALUES
69-76 JANUARY DATA VALUES
etc. 
157-164 DECEMBER DATA VALUES

1412   1961 306     -999999 987     -999999 81      1497    561     -1235   -437    -246    -98     581     1430    1679    1379    926     741     9       -1091   
1412   1962 83      -624    871     -1028   -239    1236    341     -1013   -977    -1430   153     572     1127    1404    1173    777     472     -232    -1084   
1412   1963 152     -701    1016    -1167   -24     1359    321     -1156   -1269   -976    57      851     1198    1433    1440    1093    385     -518    -808    
1412   1964 202     -558    860     -825    -57     1269    365     -432    -1262   -759    -37     626     1064    1409    1329    746     572     -231    -673    
1412   1965 77      -479    865     -850    -114    1270    196     -1025   -853    -694    -4      360     1212    1379    1217    1015    363     -797    -1300   
1412   1966 -22     -1118   880     -1713   -314    1468    183     -1806   -2067   -1184   -282    525     1447    1619    1337    605     130     -184    -549    
1412   1967 171     -532    955     -987    139     1353    476     -1651   -737    -210    69      554     1192    1449    1414    1031    315     89      -1496   
1412   1968 22      -783    879     -1558   24      1354    -118    -1693   -1479   -450    128     398     1312    1440    1309    669     -233    -785    -406    
1412   1969 77      -839    963     -1071   -140    1512    200     -1173   -1695   -825    -61     469     1393    1545    1594    813     379     -598    -1052   
1412   1970 119     -771    950     -1315   -53     1520    126     -1174   -1763   -511    -242    588     1517    1569    1474    768     215     -607    -554    
1412   1971 123     -637    913     -807    -171    1390    68      -871    -1017   -1026   -98     613     1284    1490    1393    773     222     -797    -581    
1412   1972 267     -615    1006    -884    11      1560    228     -1084   -995    -485    24      495     1370    1910    1395    818     292     -427    -164    
1412   1973 203     -280    973     -447    125     1544    -59     -332    -889    -227    -3      599     1399    1919    1309    582     -95     -663    -1252   
1412   1974 323     -603    1031    -816    118     1446    284     -557    -620    -434    201     588     1410    1529    1398    1045    223     -414    -557    
1412   1975 344     -339    969     -579    219     1341    437     -815    -342    -129    -14     793     1176    1516    1326    994     390     -70     -739    
1412   1976 102     -600    925     -1030   -14     1390    87      -1535   -803    -842    5       795     1240    1453    1473    556     77      -371    -851    
1412   1977 129     -634    804     -1047   -28     1254    218     -997    -1319   -403    -176    491     1100    1350    1306    728     271     -346    -576    
1412   1978 52      -615    920     -1024   25      1356    213     -1087   -1450   -572    -111    754     1276    1503    1286    784     216     -361    -1711   
1412   1979 152     -845    972     -1519   17      1504    235     -1612   -1203   -420    -104    573     1381    1657    1470    831     115     -236    -719    
1412   1980 49      -809    1087    -1237   -61     1550    74      -1405   -1611   -1029   191     663     1531    1716    1403    999     107     -884    -1141   
1412   1981 38      -882    908     -1126   -141    1279    248     -919    -1340   -1158   67      675     1040    1523    1267    849     277     -384    -1531   
1412   1982 222     -666    927     -1230   163     1332    312     -1495   -602    -245    118     614     1005    1565    1415    815     276     -155    -696    
1412   1983 217     -448    1012    -758    122     1404    172     -732    -856    -554    111     808     1269    1622    1318    921     299     -707    -970    
1412   1984 244     -669    1017    -931    109     1397    209     -1285   -511    -832    161     1000    1370    1477    1344    725     315     -416    -445    
1412   1985 -52     -837    917     -1445   -89     1419    265     -1822   -2135   -629    -152    513     1284    1563    1405    866     437     -513    -1582   
1412   1986 146     -754    897     -1435   118     1402    353     -1526   -1170   -200    -55     605     1563    1537    1112    602     461     -6      -1251   
1412   1987 53      -791    853     -1444   -106    1251    391     -1851   -1208   -906    5       588     1149    1445    1154    756     663     -257    -979    
1412   1988 217     -479    1043    -906    25      1537    192     -748    -996    -583    -51     705     1442    1825    1342    974     209     -608    -951    
1412   1989 329     -413    997     -637    238     1371    321     -469    -476    -198    127     783     1280    1460    1370    942     155     -128    -951    
1412   1990 318     -418    991     -762    225     1397    194     -1131   -144    -270    138     804     1282    1481    1424    792     427     -646    -374    
1412   1991 240     -529    948     -821    35      1436    283     -716    -1431   -524    97      532     1101    1645    1551    731     257     -138    -356    
1412   1992 335     -196    1016    -405    232     1427    38      -508    -346    -91     -171    945     1564    1471    1252    1013    -354    -532    -251    
1412   1993 255     -440    941     -496    188     1384    132     -762    -471    -278    -22     855     1110    1669    1364    633     64      -299    -866    
1412   1994 205     -772    1044    -1253   50      1523    251     -1315   -1615   -666    222     601     1281    1751    1528    857     251     -356    -218    
1412   1995 259     -285    970     -472    125     1455    236     -667    -536    -213    45      541     1447    1463    1455    849     444     -591    -1179   
1412   1996 196     -619    943     -1012   -7      1424    273     -647    -1224   -553    26      507     1177    1456    1630    835     481     -503    -896    
1412   1997 288     -433    1023    -772    34      1584    227     -680    -738    -294    -132    521     1379    1811    1556    979     138     -432    -732    
1412   1998 172     -586    907     -853    -80     1358    236     -759    -1090   -685    -184    628     1187    1600    1281    905     331     -529    -716    
1412   1999 227     -623    993     -1029   82      1387    548     -1328   -1044   -488    212     528     1380    1567    1215    1044    412     192     -1025   
1412   2000 382     -363    1006    -803    157     1425    584     -681    -698    -380    115     736     1243    1622    1403    894     642     213     -561    
1412   2001 232     -370    1017    -741    -51     1446    362     -465    -1246   -867    43      675     1357    1580    1397    1031    367     -313    -884    
1412   2002 260     -458    1170    -785    216     1674    16      -921    -526    -471    245     875     1558    1734    1726    857     -69     -737    -1199   
1412   2003 314     -665    1077    -1059   252     1573    279     -1441   -482    -47     65      732     1313    1925    1473    926     214     -299    -666    
1412   2004 243     -526    1004    -858    99      1415    233     -991    -922    -508    78      726     1191    1587    1458    957     228     -485    -455    
1412   2005 352     -430    1056    -550    17      1537    492     -456    -761    -685    171     571     1323    1774    1508    964     476     38      -776    
1412   2006 345     -450    1110    -775    -15     1563    371     -589    -980    -905    76      787     1306    1617    1757    1091    141     -111    -142    
1412   2007 340     -401    1043    -775    288     1471    335     -902    -1336   -136    294     707     1386    1560    1464    827     507     -335    -94     
1412   2008 331     -212    948     -307    75      1358    285     -430    -404    -534    52      706     1236    1571    1264    837     364     -349    -377    
1412   2009 279     -448    1087    -755    191     1463    386     -695    -1241   -462    100     932     1319    1552    1518    1105    63      1       -862    
1412   2010 -999999 -701    -999999 -1210   166     1396    149     -1210   -1595   -667    159     980     1210    1668    1280    922     364     -845    -1309   
1412   2011 -999999 -790    -999999 -1310   -999999 -999999 -999999 -1112   -1532   -378    405     -999999 -999999 -999999 -999999 -999999 -999999 -999999 -999999 
