EUROPEAN CLIMATE ASSESSMENT & DATASET (ECA&D), file created on: 10-05-2011
THESE DATA CAN BE USED FREELY PROVIDED THAT THE FOLLOWING SOURCE IS ACKNOWLEDGED: 

Klein Tank, A.M.G. and Coauthors, 2002. Daily dataset of 20th-century surface
air temperature and precipitation series for the European Climate Assessment.
Int. J. of Climatol., 22, 1441-1453.
Data and metadata available at http://eca.knmi.nl

FILE FORMAT (MISSING VALUE CODE = -999999):

THIS FILE HOLDS DATA FOR STATION BELARUS                                  VASILEVICI                               (STAID:    410)
LATITUDE: dd:mm:ss +52:15:00
LONGITUDE: ddd:mm:ss +029:49:59
ELEVATION: m  142

DATA IS FOR INDEX Mean of daily mean temperature (TG) with unit 0.01 Temperature (&#176;C)

01-06 SOUID: Source identifier
08-11 YEAR : YYYY
13-20 ANNUAL DATA VALUES
21-28 WINTER HALF YEAR DATA VALUES
29-36 SUMMER HALF YEAR DATA VALUES
37-44 WINTER (DJF) DATA VALUES
45-52 SPRING (MAM) DATA VALUES
53-60 SUMMER (JJA) DATA VALUES
61-68 AUTUMN (SON) DATA VALUES
69-76 JANUARY DATA VALUES
etc. 
157-164 DECEMBER DATA VALUES

410    1881 -999999 -999999 1391    -999999 555     1759    506     -1226   -638    -228    429     1459    1674    1915    1685    1152    339     33      -458    
410    1882 777     16      1543    -250    889     1907    575     -80     -206    450     688     1521    1663    2244    1804    1305    438     -12     -565    
410    1883 -999999 -385    -999999 -773    -999999 1888    811     -1012   -739    -439    -999999 1440    1898    2027    1741    1440    690     307     -351    
410    1884 627     -23     1290    -287    442     1671    547     -364    -136    -283    317     1287    1788    1857    1372    1098    645     -106    19      
410    1885 713     -63     1506    -300    691     1865    702     -631    -288    -39     818     1298    1881    2213    1503    1306    927     -134    -364    
410    1886 626     -217    1423    -563    574     1710    640     -443    -917    -436    768     1396    1641    1764    1723    1225    447     252     -16     
410    1887 670     -65     1434    -308    697     1644    684     -411    -516    -178    678     1590    1422    1909    1594    1385    497     174     -183    
410    1888 508     -287    1405    -664    575     1675    625     -864    -964    -410    802     1341    1601    1751    1671    1245    733     -108    -755    
410    1889 633     -346    1469    -730    622     1794    739     -905    -508    -545    675     1737    1773    1957    1650    987     930     294     -520    
410    1890 665     -27     1598    -521    926     1894    563     -435    -618    138     1032    1613    1583    1992    2095    1245    507     -60     -1199   
410    1891 661     -329    1483    -871    776     1816    549     -898    -477    149     554     1618    1708    2055    1681    1252    706     -318    -186    
410    1892 642     -186    1524    -457    687     1814    654     -817    -362    -156    751     1469    1932    1717    1798    1463    650     -151    -604    
410    1893 533     -428    1345    -998    489     1755    732     -1670   -691    -119    301     1278    1638    1863    1759    1201    879     112     -236    
410    1894 632     -23     1369    -437    770     1706    511     -788    -271    145     758     1406    1435    1937    1736    907     558     66      -378    
410    1895 618     -172    1432    -489    591     1795    728     -295    -828    -210    585     1397    1716    1939    1728    1201    800     180     -902    
410    1896 661     -239    1513    -799    609     1929    759     -1009   -465    -41     469     1394    1910    1989    1888    1401    1117    -252    -513    
410    1897 738     -131    1668    -586    947     1963    592     -762    -473    59      940     1841    1886    2069    1930    1313    619     -156    -500    
410    1898 666     -199    1401    -416    551     1737    594     -257    -498    -428    446     1631    1633    1764    1811    1085    395     309     16      
410    1899 664     29      1385    -154    684     1608    778     -87     -417    -78     809     1326    1434    1902    1484    1337    687     313     -803    
410    1900 667     -180    1435    -612    521     1857    642     -620    -390    -271    529     1305    1694    1946    1927    1178    786     -42     -113    
410    1901 734     -112    1571    -478    711     2020    661     -655    -688    -16     708     1442    2173    1945    1947    1194    752     34      -131    
410    1902 554     26      1307    -219    540     1693    427     -95     -455    8       428     1182    1804    1676    1601    1134    480     -334    -850    
410    1903 787     -142    1551    -471    881     1882    697     -474    -48     375     820     1446    1992    1957    1699    1377    492     228     -461    
410    1904 605     -127    1286    -410    526     1602    600     -597    -157    -258    710     1131    1520    1629    1653    1055    716     26      -186    
410    1905 682     -132    1510    -485    660     1879    700     -835    -427    -112    550     1539    1990    1818    1833    1305    539     260     -335    
410    1906 764     -43     1556    -392    971     1804    688     -395    -452    93      971     1849    1892    1936    1588    1079    625     363     -464    
410    1907 550     -222    1410    -694    604     1694    675     -856    -771    -263    492     1580    1754    1748    1582    1285    952     -219    -770    
410    1908 576     -159    1397    -509    562     1754    459     -459    -283    -184    534     1335    1679    1951    1630    1230    504     -357    -693    
410    1909 623     -401    1420    -826    489     1776    820     -895    -896    -112    463     1115    1685    1803    1838    1602    877     -20     -85     
410    1910 784     70      1540    -200    866     1838    601     -350    -161    132     858     1607    1971    1904    1644    1239    461     106     -65     
410    1911 623     -205    1428    -574    725     1675    733     -628    -1076   -102    748     1530    1559    1706    1757    1242    726     229     -338    
410    1912 -999999 -999999 1348    -999999 616     1796    451     -999999 -711    218     503     1123    1906    1769    1716    1053    261     45      23      
410    1913 776     -38     1482    -303    874     1754    777     -545    -395    351     1058    1219    1544    1821    1890    1343    646     347     -40     
410    1914 716     118     1458    -188    846     1805    403     -509    3       256     746     1533    1837    2003    1575    1027    424     -243    -107    
410    1915 632     -201    1431    -296    530     1766    561     -370    -422    -509    760     1347    1742    1951    1604    1165    477     45      -273    
410    1916 701     -38     1388    -250    701     1697    651     -215    -263    -11     895     1225    1657    1882    1551    1103    648     203     -292    
410    1917 589     -337    1474    -784    475     1858    836     -909    -1191   -547    752     1230    1987    1738    1855    1269    837     403     -458    
410    1918 -999999 -999999 -999999 -999999 -999999 -999999 -999999 -321    -999999 -999999 -999999 -999999 -999999 -999999 -999999 -999999 -999999 -999999 -999999 
410    1919 -999999 -999999 -999999 -999999 -999999 -999999 -999999 -999999 -999999 -999999 -999999 -999999 -999999 -999999 -999999 -999999 -999999 -999999 -999999 
410    1920 -999999 -999999 -999999 -999999 -999999 -999999 -999999 -999999 -999999 -999999 -999999 -999999 -999999 -999999 -999999 -999999 -999999 -999999 -999999 
410    1921 -999999 -999999 -999999 -999999 -999999 -999999 -999999 -999999 -999999 -999999 -999999 -999999 -999999 -999999 -999999 -999999 -999999 -999999 -999999 
410    1922 -999999 -999999 -999999 -999999 -999999 -999999 -999999 -999999 -999999 -999999 -999999 -999999 -999999 -999999 -999999 -999999 -999999 -999999 -999999 
410    1923 -999999 -999999 1377    -999999 699     1611    927     -999999 -999999 75      507     1510    1500    1788    1541    1394    887     502     -420    
410    1924 575     -232    1510    -814    598     1803    733     -1264   -753    -356    477     1670    1965    1725    1725    1480    672     50      -527    
410    1925 779     59      1486    -158    852     1741    609     -36     117     84      850     1622    1508    1967    1739    1200    565     64      -381    
410    1926 663     -203    1433    -512    633     1719    776     -646    -509    -329    797     1435    1725    1954    1479    1190    587     557     -348    
410    1927 629     -95     1512    -628    645     1947    726     -893    -644    141     651     1142    1901    2017    1921    1424    721     35      -937    
410    1928 565     -335    1307    -741    411     1602    765     -471    -819    -558    489     1305    1369    1873    1556    1223    612     464     -315    
410    1929 549     -376    1403    -972    455     1824    809     -992    -1677   -445    150     1648    1512    1880    2070    1110    1044    265     -168    
410    1930 717     95      1450    -306    819     1747    759     -258    -514    149     896     1415    1700    1716    1822    1134    808     333     -678    
410    1931 -999999 -999999 -999999 -999999 -999999 -999999 -999999 -999999 -999999 -999999 -999999 -999999 -999999 -999999 -999999 -999999 -999999 -999999 -999999 
410    1932 -999999 -999999 -999999 -999999 -999999 -999999 -999999 -999999 -999999 -999999 -999999 -999999 -999999 -999999 -999999 -999999 -999999 -999999 -999999 
410    1933 -999999 -999999 -999999 -999999 -999999 -999999 -999999 -999999 -999999 -999999 -999999 -999999 -999999 -999999 -999999 -999999 -999999 -999999 -999999 
410    1934 -999999 -999999 -999999 -999999 -999999 -999999 -999999 -999999 -999999 -999999 -999999 -999999 -999999 -999999 -999999 -999999 -999999 -999999 -999999 
410    1935 -999999 -999999 -999999 -999999 -999999 1723    -999999 -957    -370    -202    -999999 1236    1877    1602    1696    -999999 -999999 -85     -999999 
410    1936 -999999 -999999 -999999 -999999 -999999 -999999 -999999 -999999 -999999 -999999 -999999 -999999 -999999 -999999 -999999 -999999 -999999 -999999 -999999 
410    1937 -999999 -999999 -999999 -999999 -999999 -999999 -999999 -999999 -999999 -999999 -999999 -999999 -999999 -999999 -999999 -999999 -999999 -999999 -999999 
410    1938 -999999 -999999 -999999 -999999 -999999 -999999 -999999 -999999 -999999 -999999 -999999 -999999 -999999 -999999 -999999 -999999 -999999 -999999 -999999 
410    1939 -999999 -999999 -999999 -999999 -999999 -999999 -999999 -999999 -999999 -999999 -999999 -999999 -999999 -999999 -999999 -999999 -999999 -999999 -999999 
410    1940 -999999 -999999 -999999 -999999 -999999 -999999 -999999 -999999 -999999 -999999 -999999 -999999 -999999 -999999 -999999 -999999 -999999 -999999 -999999 
410    1941 -999999 -999999 -999999 -999999 -999999 -999999 -999999 -999999 -999999 -999999 -999999 -999999 -999999 -999999 -999999 -999999 -999999 -999999 -999999 
410    1942 -999999 -999999 -999999 -999999 -999999 -999999 -999999 -999999 -999999 -999999 -999999 -999999 -999999 -999999 -999999 -999999 -999999 -999999 -999999 
410    1943 -999999 -999999 -999999 -999999 -999999 -999999 -999999 -999999 -999999 -999999 -999999 -999999 -999999 -999999 -999999 -999999 -999999 -999999 -999999 
410    1944 -999999 -999999 1364    -999999 541     1745    763     -999999 -999999 -38     384     1272    1616    1893    1723    1269    791     227     -413    
410    1945 555     -137    1354    -581    551     1699    576     -790    -536    -128    638     1145    1573    1786    1733    1230    516     -17     -562    
410    1946 660     -188    1583    -532    733     1963    460     -574    -451    -63     783     1479    1956    1925    2009    1324    255     -191    -602    
410    1947 600     -448    1491    -880    665     1829    565     -986    -1070   -145    788     1357    1848    1957    1682    1294    351     59      -40     
410    1948 688     -104    1519    -304    793     1807    615     -217    -680    -130    937     1575    1884    1736    1803    1158    666     21      -538    
410    1949 729     -95     1428    -373    711     1657    730     -245    -334    -159    683     1606    1577    1738    1653    1285    582     329     -40     
410    1950 646     -120    1457    -559    863     1629    668     -1425   -174    21      1168    1410    1603    1700    1583    1266    573     169     -169    
410    1951 690     -120    1513    -476    684     1871    615     -569    -714    -59     911     1207    1803    1914    1895    1334    384     134     -49     
410    1952 618     -149    1417    -213    386     1789    617     -188    -414    -770    823     1118    1628    1833    1899    1182    636     31      -391    
410    1953 625     -197    1477    -615    647     1879    572     -544    -941    -38     716     1264    1907    1998    1733    1225    688     -201    -425    
410    1954 597     -399    1504    -981    646     1897    718     -1223   -1329   9       439     1483    2018    1849    1828    1389    679     89      -205    
410    1955 647     -99     1434    -371    433     1847    746     -477    -436    -268    378     1188    1643    1989    1902    1475    833     -73     -467    
410    1956 499     -323    1372    -801    507     1758    484     -526    -1452   -317    567     1273    1982    1678    1621    1094    707     -355    -370    
410    1957 719     -103    1459    -271    668     1792    692     -445    31      -179    825     1365    1760    1886    1727    1172    717     188     -448    
410    1958 669     -81     1371    -391    599     1679    669     -453    -258    -242    465     1571    1549    1830    1653    1127    763     116     -167    
410    1959 689     63      1478    -215    719     1944    444     -209    -276    122     748     1288    1813    2187    1827    975     462     -107    -639    
410    1960 707     -284    1444    -584    565     1860    673     -571    -539    -322    646     1373    1824    2051    1705    1041    694     284     255     
410    1961 725     154     1453    -124    785     1807    689     -495    -132    296     785     1273    1895    1858    1670    1220    682     165     -560    
410    1962 658     -125    1388    -411    642     1604    759     -214    -465    -385    945     1375    1502    1624    1685    1179    764     333     -508    
410    1963 574     -369    1577    -916    561     1909    818     -1471   -753    -592    513     1761    1659    2093    1966    1431    699     327     -819    
410    1964 626     -307    1463    -791    466     1862    714     -645    -918    -505    689     1222    2130    1937    1526    1265    763     111     -108    
410    1965 -999999 -999999 1323    -461    484     1657    546     -580    -731    -128    462     1098    1670    1705    1598    1362    552     -276    -141    
410    1966 760     -999999 1540    -362    960     1799    735     -549    -393    215     1060    1607    1681    1939    1774    1156    983     59      -490    
410    1967 701     -189    1540    -797    886     1767    942     -1156   -740    165     835     1655    1704    1876    1720    1428    1039    355     -559    
410    1968 620     -147    1477    -775    740     1797    642     -1189   -563    27      850     1346    1886    1649    1859    1259    612     58      -379    
410    1969 492     -383    1374    -822    479     1696    744     -1288   -795    -530    615     1358    1599    1807    1679    1162    630     443     -844    
410    1970 647     -220    1455    -786    705     1767    677     -745    -766    -70     774     1414    1670    1950    1678    1220    563     252     -264    
410    1971 670     -104    1405    -392    602     1730    620     -452    -468    -277    588     1495    1669    1729    1790    1130    645     84      18      
410    1972 715     -145    1582    -545    792     1958    679     -1163   -487    18      865     1494    1826    2097    1948    1232    567     243     -100    
410    1973 659     -16     1415    -346    772     1749    524     -825    -89     108     843     1366    1695    1877    1672    1013    546     13      -350    
410    1974 732     -52     1357    -355    607     1682    844     -656    -28     165     537     1116    1579    1713    1751    1428    870     231     30      
410    1975 843     199     1614    -77     1001    1825    656     -38     -239    298     948     1755    1847    1877    1753    1487    635     -152    -134    
410    1976 525     -267    1333    -644    591     1602    554     -788    -1037   -170    783     1167    1497    1749    1557    1229    258     185     -184    
410    1977 657     -95     1391    -403    810     1671    653     -754    -256    171     817     1443    1688    1754    1571    1054    633     273     -564    
410    1978 570     -140    1302    -653    684     1619    726     -727    -672    177     713     1161    1567    1636    1653    1064    665     453     -918    
410    1979 649     -203    1465    -818    762     1753    597     -698    -839    81      542     1656    1983    1522    1760    1311    447     38      -117    
410    1980 559     -248    1325    -524    391     1685    714     -916    -539    -412    660     933     1687    1780    1587    1289    824     27      -234    
410    1981 729     -34     1475    -382    671     1869    742     -574    -333    57      447     1503    1975    1989    1645    1270    850     104     -262    
410    1982 -999999 -999999 -999999 -999999 -999999 -999999 -999999 -999999 -999999 -999999 -999999 -999999 -999999 -999999 -999999 -999999 -999999 -999999 -999999 
410    1983 -999999 -999999 -999999 -999999 -999999 -999999 -999999 -999999 -999999 -999999 -999999 -999999 -999999 -999999 -999999 -999999 -999999 -999999 -999999 
410    1984 656     -999999 1422    -999999 779     1591    735     -269    -695    -44     845     1538    1499    1606    1665    1359    875     -32     -525    
410    1985 515     -424    1452    -1053   692     1741    555     -1185   -1492   -275    799     1555    1588    1700    1930    1113    745     -199    -258    
410    1986 662     -184    1500    -562    830     1818    588     -348    -1135   -3      960     1537    1828    1830    1795    1030    558     178     -416    
410    1987 467     -396    1331    -835    384     1679    604     -1633   -416    -632    430     1355    1723    1838    1476    1141    557     115     -389    
410    1988 662     -95     1495    -437    748     1824    514     -527    -392    52      674     1515    1742    2035    1692    1287    533     -278    -428    
410    1989 856     70      1519    -87     919     1798    672     20      173     398     944     1415    1853    1796    1747    1344    780     -110    -131    
410    1990 818     221     1355    26      902     1641    717     -43     278     546     871     1286    1581    1666    1674    1032    746     373     -226    
410    1991 733     25      1467    -342    668     1819    782     -225    -600    36      794     1177    1728    1939    1788    1357    742     249     -275    
410    1992 757     106     1488    -235    751     1913    594     -207    -221    334     638     1278    1735    1902    2095    1255    500     29      -302    
410    1993 643     -31     1350    -240    761     1585    358     -186    -231    -13     742     1553    1499    1687    1568    1029    692     -658    -49     
410    1994 -999999 -117    -999999 -267    746     -999999 -999999 -13     -789    31      988     1228    1508    -999999 -999999 -999999 -999999 41      -413    
410    1995 -999999 -999999 1502    -240    814     1863    -999999 -412    143     326     790     1327    1918    1885    1788    1291    -999999 -131    -681    
410    1996 619     -999999 1471    -815    735     1731    795     -999    -761    -376    891     1696    1675    1732    1785    1018    788     579     -632    
410    1997 661     21      1383    -455    659     1773    632     -580    -123    98      490     1383    1701    1837    1779    1077    569     253     -600    
410    1998 695     15      1473    -256    744     1778    480     -134    -10     18      834     1383    1884    1821    1632    1272    647     -485    -565    
410    1999 819     -108    1577    -370    818     1975    654     -232    -306    260     1076    1125    2130    2081    1720    1326    730     -96     -56     
410    2000 819     39      1476    -180    880     1751    772     -454    -19     119     1167    1363    1660    1786    1803    1058    852     404     64      
410    2001 757     158     1552    -153    810     1908    739     -180    -363    130     1031    1277    1570    2288    1856    1264    808     143     -814    
410    2002 814     80      1591    -301    911     1981    689     -288    252     395     847     1489    1794    2270    1874    1241    574     256     -965    
410    2003 709     -220    1485    -726    767     1788    690     -490    -724    -8      590     1712    1601    2035    1721    1220    583     270     -116    
410    2004 736     10      1430    -349    733     1777    745     -564    -370    243     758     1199    1569    1872    1883    1275    846     111     -34     
410    2005 737     -16     1526    -256    689     1789    759     -125    -646    -305    917     1462    1613    1948    1800    1394    757     125     -198    
410    2006 743     -168    1526    -572    648     1844    866     -777    -766    -219    836     1333    1690    1970    1866    1439    892     268     230     
410    2007 864     250     1585    -96     977     1928    734     115     -690    594     688     1630    1874    1903    2005    1355    816     28      -87     
410    2008 874     151     1525    -116    892     1847    857     -312    55      380     981     1319    1656    1939    1940    1295    1024    245     -104    
410    2009 781     107     1523    -277    761     1822    881     -403    -331    159     859     1286    1832    1973    1663    1505    716     427     -396    
410    2010 795     -125    1741    -657    876     2178    820     -1153   -398    46      916     1667    1994    2314    2220    1303    537     616     -597    
410    2011 -999999 -999999 -999999 -541    -999999 -999999 -999999 -302    -741    -9      874     -999999 -999999 -999999 -999999 -999999 -999999 -999999 -999999 
