EUROPEAN CLIMATE ASSESSMENT & DATASET (ECA&D), file created on: 10-05-2011
THESE DATA CAN BE USED FREELY PROVIDED THAT THE FOLLOWING SOURCE IS ACKNOWLEDGED: 

Klein Tank, A.M.G. and Coauthors, 2002. Daily dataset of 20th-century surface
air temperature and precipitation series for the European Climate Assessment.
Int. J. of Climatol., 22, 1441-1453.
Data and metadata available at http://eca.knmi.nl

FILE FORMAT (MISSING VALUE CODE = -999999):

THIS FILE HOLDS DATA FOR STATION FINLAND                                  VIEREMA KAARAKKALA                       (STAID:    726)
LATITUDE: dd:mm:ss +63:49:48
LONGITUDE: ddd:mm:ss +027:13:12
ELEVATION: m  207

DATA IS FOR INDEX Mean of daily mean temperature (TG) with unit 0.01 Temperature (&#176;C)

01-06 SOUID: Source identifier
08-11 YEAR : YYYY
13-20 ANNUAL DATA VALUES
21-28 WINTER HALF YEAR DATA VALUES
29-36 SUMMER HALF YEAR DATA VALUES
37-44 WINTER (DJF) DATA VALUES
45-52 SPRING (MAM) DATA VALUES
53-60 SUMMER (JJA) DATA VALUES
61-68 AUTUMN (SON) DATA VALUES
69-76 JANUARY DATA VALUES
etc. 
157-164 DECEMBER DATA VALUES

726    1959 -999999 -999999 989     -999999 -999999 1469    167     -999999 -999999 -999999 88      794     1355    1556    1491    617     176     -293    -1070   
726    1960 253     -677    1153    -1157   252     1600    117     -1189   -1216   -491    179     1065    1461    1870    1466    846     -111    -375    -528    
726    1961 358     -405    999     -550    113     1519    472     -690    -420    -308    -77     718     1583    1621    1355    773     709     -75     -950    
726    1962 162     -490    885     -878    6       1182    363     -856    -823    -962    271     717     1079    1324    1141    764     400     -76     -1082   
726    1963 200     -716    1112    -1224   136     1373    396     -1321   -1273   -980    163     1227    1174    1480    1458    1140    366     -317    -814    
726    1964 260     -490    976     -829    141     1368    283     -570    -1121   -520    99      842     1231    1512    1356    789     506     -453    -621    
726    1965 -999999 -482    -999999 -807    46      1343    -999999 -691    -1141   -555    151     544     1372    1365    1292    -999999 290     -804    -853    
726    1966 56      -953    967     -1475   -59     1505    247     -1729   -1882   -823    -192    833     1600    1640    1280    613     167     -35     -925    
726    1967 260     -526    1062    -1082   279     1471    524     -1457   -839    -80     179     735     1246    1533    1628    1026    435     113     -1454   
726    1968 -999999 -700    -999999 -1461   122     -999999 13      -1921   -976    -388    119     635     -999999 1384    1393    756     -237    -472    -492    
726    1969 139     -778    1004    -1091   15      1511    261     -1460   -1347   -705    67      684     1381    1552    1596    717     322     -257    -981    
726    1970 -999999 -642    -999999 -1209   128     1575    -999999 -1174   -1501   -328    -57     762     1613    1692    1422    -999999 152     -569    -709    
726    1971 116     -616    882     -839    -77     1352    44      -666    -1173   -784    -120    673     1251    1450    1352    657     101     -628    -823    
726    1972 338     -626    1125    -931    136     1676    200     -1105   -858    -455    86      775     1589    1900    1535    834     171     -404    -70     
726    1973 208     -335    1023    -469    183     1560    -80     -633    -728    -384    92      840     1489    1906    1283    498     -109    -628    -1205   
726    1974 360     -581    1010    -810    62      1490    351     -830    -350    -342    -1      527     1444    1621    1402    1048    254     -246    -248    
726    1975 331     -279    1015    -514    315     1325    312     -648    -658    -165    118     987     1173    1522    1274    992     229     -283    -638    
726    1976 42      -675    863     -1088   75      1228    -18     -1555   -1070   -742    -6      971     984     1363    1329    502     -190    -362    -759    
726    1977 145     -623    871     -911    47      1331    136     -865    -1132   -472    -38     648     1296    1479    1217    601     52      -242    -900    
726    1978 48      -683    901     -1155   80      1323    171     -1044   -1561   -473    -129    834     1301    1496    1170    707     40      -231    -1648   
726    1979 184     -772    999     -1377   156     1468    155     -1222   -1247   -350    -120    928     1408    1534    1461    750     -64     -212    -761    
726    1980 130     -689    1036    -1044   18      1525    65      -1188   -1193   -730    197     593     1654    1572    1354    832     175     -815    -928    
726    1981 154     -722    951     -931    -2      1332    260     -804    -1074   -922    -73     989     1143    1660    1185    768     362     -354    -1125   
726    1982 199     -642    905     -1215   179     1273    313     -1649   -832    -265    72      726     878     1564    1364    797     140     8       -482    
726    1983 240     -431    1074    -764    305     1367    148     -733    -1109   -461    360     1018    1239    1618    1238    948     222     -729    -833    
726    1984 285     -603    1057    -836    292     1340    280     -941    -728    -620    282     1212    1276    1506    1236    803     353     -319    -679    
726    1985 21      -790    942     -1479   44      1426    245     -1989   -1801   -389    -125    639     1303    1513    1457    836     353     -459    -1212   
726    1986 153     -695    947     -1301   214     1443    274     -1355   -1339   -210    -6      850     1594    1651    1089    479     317     25      -1353   
726    1987 27      -805    871     -1497   4       1246    221     -1953   -1151   -724    39      699     1282    1388    1070    730     529     -607    -1046   
726    1988 222     -548    1076    -918    115     1557    133     -837    -868    -483    -95     917     1499    1874    1295    937     215     -756    -1079   
726    1989 392     -426    1110    -650    405     1470    272     -466    -379    -94     362     945     1528    1527    1357    927     158     -264    -937    
726    1990 293     -434    979     -755    269     1377    87      -1174   -91     -260    367     702     1232    1469    1426    656     242     -641    -440    
726    1991 269     -539    960     -793    96      1430    351     -946    -1015   -482    206     567     1241    1548    1495    676     353     24      -528    
726    1992 264     -238    968     -565    220     1329    -34     -636    -527    -121    -210    978     1461    1385    1146    1029    -390    -729    -256    
726    1993 200     -490    887     -510    284     1241    -66     -649    -638    -297    66      1075    960     1524    1231    428     7       -635    -755    
726    1994 207     -723    1019    -1080   128     1462    174     -1017   -1511   -500    284     607     1262    1702    1415    824     169     -471    -406    
726    1995 273     -344    997     -525    201     1421    217     -652    -516    -208    61      745     1555    1381    1330    892     459     -707    -1123   
726    1996 213     -626    943     -1047   105     1412    329     -750    -1283   -395    53      656     1220    1368    1642    688     346     -48     -1009   
726    1997 228     -485    1021    -945    -18     1632    125     -980    -834    -408    -212    559     1513    1824    1556    855     -34     -441    -740    
726    1998 177     -629    940     -868    -28     1366    218     -689    -1209   -709    -69     693     1271    1592    1231    899     323     -571    -739    
726    1999 278     -597    1080    -995    174     1509    407     -1207   -1044   -384    377     537     1704    1609    1221    1028    401     -206    -769    
726    2000 396     -387    1051    -706    245     1447    460     -726    -617    -415    294     858     1312    1680    1346    792     609     -24     -397    
726    2001 -999999 -999999 -999999 -999999 -999999 -999999 -999999 -999999 -999999 -999999 -999999 -999999 -999999 -999999 -999999 -999999 -999999 -999999 -999999 
726    2002 -999999 -999999 -999999 -999999 -999999 -999999 -999999 -999999 -999999 -999999 -999999 -999999 -999999 -999999 -999999 -999999 -999999 -999999 -999999 
726    2003 -999999 -999999 -999999 -999999 -999999 -999999 -999999 -999999 -999999 -999999 -999999 -999999 -999999 -999999 -999999 -999999 -999999 -999999 -999999 
726    2004 -999999 -999999 -999999 -999999 -999999 -999999 -999999 -999999 -999999 -999999 -999999 -999999 -999999 -999999 -999999 -999999 -999999 -999999 -999999 
726    2005 -999999 -999999 -999999 -999999 -999999 -999999 -999999 -999999 -999999 -999999 -999999 -999999 -999999 -999999 -999999 -999999 -999999 -999999 -999999 
726    2006 -999999 -999999 -999999 -999999 -999999 -999999 -999999 -999999 -999999 -999999 -999999 -999999 -999999 -999999 -999999 -999999 -999999 -999999 -999999 
726    2007 -999999 -999999 -999999 -999999 -999999 -999999 -999999 -999999 -999999 -999999 -999999 -999999 -999999 -999999 -999999 -999999 -999999 -999999 -999999 
726    2008 -999999 -999999 -999999 -999999 172     1298    327     -999999 -446    -467    236     750     1234    1446    1212    717     458     -148    -305    
726    2009 270     -370    1075    -712    240     1417    330     -940    -910    -422    121     1016    1256    1530    1459    1041    -4      -36     -947    
726    2010 159     -726    1165    -1263   274     1557    191     -1630   -1208   -555    273     1104    1195    1998    1466    916     230     -574    -1401   
726    2011 -999999 -734    -999999 -1247   -999999 -999999 -999999 -924    -1434   -362    422     -999999 -999999 -999999 -999999 -999999 -999999 -999999 -999999 
