EUROPEAN CLIMATE ASSESSMENT & DATASET (ECA&D), file created on: 10-05-2011
THESE DATA CAN BE USED FREELY PROVIDED THAT THE FOLLOWING SOURCE IS ACKNOWLEDGED: 

Klein Tank, A.M.G. and Coauthors, 2002. Daily dataset of 20th-century surface
air temperature and precipitation series for the European Climate Assessment.
Int. J. of Climatol., 22, 1441-1453.
Data and metadata available at http://eca.knmi.nl

FILE FORMAT (MISSING VALUE CODE = -999999):

THIS FILE HOLDS DATA FOR STATION GERMANY                                  MAGDEBURG                                (STAID:    477)
LATITUDE: dd:mm:ss +52:06:11
LONGITUDE: ddd:mm:ss +011:35:03
ELEVATION: m   76

DATA IS FOR INDEX Mean of daily mean temperature (TG) with unit 0.01 Temperature (&#176;C)

01-06 SOUID: Source identifier
08-11 YEAR : YYYY
13-20 ANNUAL DATA VALUES
21-28 WINTER HALF YEAR DATA VALUES
29-36 SUMMER HALF YEAR DATA VALUES
37-44 WINTER (DJF) DATA VALUES
45-52 SPRING (MAM) DATA VALUES
53-60 SUMMER (JJA) DATA VALUES
61-68 AUTUMN (SON) DATA VALUES
69-76 JANUARY DATA VALUES
etc. 
157-164 DECEMBER DATA VALUES

477    1947 861     -999999 1666    -999999 896     1894    1022    -528    -876    156     969     1566    1853    1908    1920    1766    755     554     176     
477    1948 970     391     1535    173     1031    1712    953     296     39      510     1140    1446    1677    1737    1720    1478    906     478     180     
477    1949 974     375     1519    202     889     1665    1065    187     243     245     1076    1351    1426    1780    1783    1687    1098    411     348     
477    1950 907     433     1516    188     905     1836    875     -83     309     503     746     1462    1823    1816    1867    1364    815     448     -219    
477    1951 928     266     1464    24      763     1725    984     133     174     242     825     1223    1604    1754    1814    1549    729     684     363     
477    1952 829     357     1462    174     867     1748    664     75      76      209     1138    1265    1544    1848    1844    1112    736     142     -69     
477    1953 970     245     1502    8       963     1758    1012    40      58      542     964     1384    1758    1827    1690    1375    1076    582     287     
477    1954 830     272     1399    -156    825     1638    959     -319    -466    411     664     1394    1729    1513    1674    1408    1055    412     386     
477    1955 797     242     1387    -16     609     1699    910     -195    -263    15      727     1088    1508    1800    1782    1398    876     456     295     
477    1956 733     163     1323    -226    733     1544    883     -10     -1014   308     529     1355    1404    1773    1452    1403    914     330     268     
477    1957 918     444     1385    260     825     1743    906     101     426     622     793     1060    1802    1855    1573    1218    1002    494     45      
477    1958 876     291     1423    72      665     1686    981     -47     234     15      580     1398    1516    1771    1766    1483    1028    431     292     
477    1959 961     421     1568    116     1021    1886    834     49      -6      690     1022    1352    1749    2046    1859    1359    811     332     191     
477    1960 897     305     1421    85      859     1675    981     46      14      416     782     1377    1717    1664    1645    1328    971     643     132     
477    1961 941     473     1463    173     956     1647    1059    -96     517     683     1110    1079    1728    1598    1618    1650    1098    427     -124    
477    1962 760     307     1293    72      675     1517    831     225     119     83      891     1059    1480    1520    1550    1250    913     327     -328    
477    1963 768     -31     1495    -592    844     1774    1011    -825    -625    308     909     1318    1725    1875    1719    1410    849     779     -300    
477    1964 845     178     1501    -195    790     1757    869     -261    -11     22      918     1434    1809    1828    1637    1369    745     497     135     
477    1965 808     297     1349    89      747     1580    746     179     -60     256     763     1224    1635    1559    1549    1353    822     59      288     
477    1966 900     255     1463    67      908     1714    904     -264    190     421     897     1406    1824    1659    1665    1316    1127    262     248     
477    1967 966     461     1451    240     899     1719    1030    146     335     630     708     1352    1542    1903    1707    1472    1177    434     138     
477    1968 877     374     1466    36      885     1731    968     -75     45      506     1002    1151    1706    1684    1802    1445    1074    382     -220    
477    1969 811     177     1476    -131    694     1767    1015    47      -230    -26     751     1360    1603    1943    1751    1430    1040    575     -571    
477    1970 807     98      1401    -398    658     1741    961     -419    -182    136     605     1230    1806    1681    1739    1330    948     605     146     
477    1971 900     313     1463    45      821     1735    879     -200    203     174     817     1473    1472    1845    1881    1263    943     428     447     
477    1972 824     376     1363    107     858     1670    769     -296    174     548     794     1228    1535    1829    1642    1132    688     488     105     
477    1973 886     342     1434    122     779     1767    866     39      233     492     549     1290    1683    1811    1802    1449    770     382     81      
477    1974 953     427     1384    267     870     1618    878     361     370     591     839     1178    1468    1596    1785    1425    665     551     564     
477    1975 963     479     1516    416     788     1831    911     528     127     405     712     1245    1534    1929    2021    1632    806     299     243     
477    1976 882     276     1486    134     744     1816    921     131     21      138     750     1345    1766    2000    1680    1354    900     510     -40     
477    1977 908     389     1336    91      829     1637    951     34      301     626     632     1224    1608    1656    1647    1231    1031    588     275     
477    1978 841     419     1335    102     844     1594    913     133     -124    566     715     1248    1558    1603    1619    1253    1009    472     -35     
477    1979 809     166     1407    -275    793     1650    899     -432    -366    305     713     1358    1749    1543    1661    1405    857     435     394     
477    1980 799     314     1329    85      711     1594    874     -322    191     326     688     1117    1535    1546    1699    1374    877     370     175     
477    1981 892     375     1465    80      1010    1680    935     -32     100     731     826     1467    1611    1736    1691    1442    846     519     -280    
477    1982 974     235     1557    -165    871     1850    1133    -205    7       510     761     1340    1696    1995    1853    1679    1050    672     269     
477    1983 984     492     1551    226     902     1886    967     488     -113    532     920     1255    1683    2065    1904    1463    999     438     84      
477    1984 853     335     1353    106     752     1602    949     191     38      243     767     1248    1424    1587    1788    1284    1095    462     72      
477    1985 806     206     1429    -224    878     1628    809     -488    -260    318     854     1461    1412    1753    1711    1365    935     124     408     
477    1986 825     181     1403    -102    834     1689    918     -7      -773    304     689     1504    1630    1763    1673    1136    966     651     236     
477    1987 759     174     1359    -187    653     1577    971     -684    -108    -33     951     1049    1433    1715    1577    1421    935     559     248     
477    1988 970     445     1496    287     905     1719    924     355     257     309     853     1551    1572    1811    1769    1398    990     383     357     
477    1989 1026    533     1519    355     1009    1754    994     326     385     735     824     1462    1642    1823    1793    1553    1130    296     283     
477    1990 1026    584     1463    426     1021    1738    951     370     647     773     841     1444    1611    1698    1900    1262    1052    536     147     
477    1991 903     414     1423    47      842     1745    947     222     -257    724     774     1026    1426    2000    1798    1498    888     455     190     
477    1992 1016    444     1620    253     995     1965    854     177     402     550     876     1555    1946    1960    1988    1375    635     560     147     
477    1993 896     344     1471    144     1045    1617    699     273     -2      424     1145    1568    1584    1668    1596    1249    836     8       332     
477    1994 1023    361     1569    218     977     1913    947     367     -73     640     937     1352    1632    2251    1847    1370    757     722     387     
477    1995 951     472     1511    325     847     1840    978     90      515     374     913     1255    1497    2089    1922    1366    1224    337     -206    
477    1996 732     135     1368    -290    738     1655    842     -396    -267    100     947     1172    1557    1601    1803    1113    926     485     -288    
477    1997 930     304     1509    -55     854     1873    861     -280    453     547     671     1338    1714    1805    2096    1404    807     373     205     
477    1998 967     466     1504    358     1009    1703    810     316     574     527     996     1505    1718    1683    1710    1403    865     162     117     
477    1999 1026    365     1595    190     997     1791    1047    332     114     568     985     1436    1594    2011    1761    1766    973     406     299     
477    2000 1049    479     1546    299     1084    1723    1075    161     446     583     1118    1553    1740    1624    1808    1421    1162    638     323     
477    2001 945     465     1485    208     878     1776    1010    92      209     346     803     1484    1459    1933    1926    1275    1264    484     8       
477    2002 977     511     1547    248     950     1851    902     215     552     548     811     1487    1714    1816    2018    1411    831     468     -175    
477    2003 975     246     1636    -117    962     1981    915     14      -196    500     892     1493    1907    1971    2062    1469    618     668     228     
477    2004 952     388     1481    181     902     1737    992     -11     338     494     989     1224    1560    1701    1945    1451    1028    495     195     
477    2005 971     412     1519    169     920     1729    1064    307     -15     420     1010    1332    1645    1880    1659    1579    1124    486     152     
477    2006 1061    286     1671    -38     838     1952    1325    -263    0       194     912     1410    1760    2363    1725    1842    1316    817     587     
477    2007 1100    757     1621    544     1157    1860    936     589     446     760     1186    1527    1879    1880    1823    1417    904     489     254     
477    2008 1061    523     1573    404     986     1874    995     474     490     524     880     1550    1814    1933    1874    1367    1015    602     186     
477    2009 1018    393     1648    51      1112    1841    1089    -173    151     562     1311    1469    1550    1940    2024    1578    859     839     59      
477    2010 851     296     1530    -151    859     1913    921     -438    -65     503     966     1113    1750    2187    1796    1351    891     522     -413    
477    2011 -999999 304     -999999 -49     -999999 -999999 -999999 181     99      529     1307    -999999 -999999 -999999 -999999 -999999 -999999 -999999 -999999 
