EUROPEAN CLIMATE ASSESSMENT & DATASET (ECA&D), file created on: 10-05-2011
THESE DATA CAN BE USED FREELY PROVIDED THAT THE FOLLOWING SOURCE IS ACKNOWLEDGED: 

Klein Tank, A.M.G. and Coauthors, 2002. Daily dataset of 20th-century surface
air temperature and precipitation series for the European Climate Assessment.
Int. J. of Climatol., 22, 1441-1453.
Data and metadata available at http://eca.knmi.nl

FILE FORMAT (MISSING VALUE CODE = -999999):

THIS FILE HOLDS DATA FOR STATION FRANCE                                   NIMES                                    (STAID:    788)
LATITUDE: dd:mm:ss +43:51:29
LONGITUDE: ddd:mm:ss +004:24:24
ELEVATION: m   59

DATA IS FOR INDEX Mean of daily mean temperature (TG) with unit 0.01 Temperature (&#176;C)

01-06 SOUID: Source identifier
08-11 YEAR : YYYY
13-20 ANNUAL DATA VALUES
21-28 WINTER HALF YEAR DATA VALUES
29-36 SUMMER HALF YEAR DATA VALUES
37-44 WINTER (DJF) DATA VALUES
45-52 SPRING (MAM) DATA VALUES
53-60 SUMMER (JJA) DATA VALUES
61-68 AUTUMN (SON) DATA VALUES
69-76 JANUARY DATA VALUES
etc. 
157-164 DECEMBER DATA VALUES

788    1925 1373    -999999 1859    -999999 1165    2196    1363    788     780     664     1222    1595    2159    2210    2219    1736    1544    803     685     
788    1926 1472    969     1924    765     1313    2188    1660    578     1060    1149    1321    1468    1879    2285    2390    2186    1647    1148    535     
788    1927 1437    944     1954    628     1377    2213    1468    624     735     964     1398    1769    2070    2314    2249    1909    1465    1029    670     
788    1928 1468    962     1969    762     1210    2370    1541    708     918     981     1218    1433    1973    2635    2489    2047    1481    1095    612     
788    1929 1436    828     2009    448     1300    2320    1573    333     393     1020    1181    1696    2237    2405    2316    2206    1495    1021    855     
788    1930 1457    987     1923    776     1296    2210    1590    876     578     1058    1226    1602    2170    2219    2240    2069    1523    1181    684     
788    1931 1380    937     1871    616     1309    2241    1397    597     564     1046    1224    1653    2236    2300    2185    1607    1483    1098    511     
788    1932 1389    864     1848    549     1169    2107    1573    730     397     944     1074    1485    1827    2060    2425    2203    1389    1135    951     
788    1933 1425    959     2011    715     1413    2272    1505    481     713     1066    1476    1699    1856    2418    2529    2066    1575    871     299     
788    1934 1449    824     1983    499     1355    2252    1456    565     647     970     1226    1865    2099    2483    2170    2034    1499    834     929     
788    1935 1404    913     1926    720     1226    2266    1496    437     802     960     1234    1485    2095    2484    2212    2031    1400    1062    620     
788    1936 1441    973     1911    769     1292    2193    1449    871     820     1056    1193    1624    1987    2205    2378    2060    1243    1051    783     
788    1937 1499    969     2027    871     1316    2358    1528    872     968     900     1314    1736    2155    2445    2468    2023    1552    1009    513     
788    1938 1454    945     1918    613     1322    2293    1540    654     678     1241    1239    1482    2173    2367    2336    1894    1480    1247    599     
788    1939 -999999 -999999 -999999 -999999 -999999 -999999 -999999 -999999 -999999 -999999 -999999 -999999 -999999 -999999 -999999 -999999 -999999 -999999 -999999 
788    1940 -999999 -999999 -999999 -999999 1329    -999999 -999999 354     837     1030    1276    1680    -999999 -999999 -999999 -999999 -999999 -999999 -999999 
788    1941 -999999 -999999 -999999 -999999 -999999 -999999 -999999 -999999 -999999 -999999 -999999 -999999 -999999 -999999 -999999 -999999 -999999 -999999 -999999 
788    1942 -999999 -999999 -999999 -999999 -999999 -999999 -999999 -999999 -999999 -999999 -999999 -999999 -999999 -999999 -999999 -999999 -999999 -999999 -999999 
788    1943 -999999 -999999 -999999 -999999 1477    -999999 -999999 -999999 863     1130    1501    1801    2191    2412    -999999 -999999 -999999 -999999 -999999 
788    1944 -999999 -999999 -999999 -999999 -999999 -999999 -999999 -999999 -999999 -999999 -999999 -999999 -999999 -999999 -999999 -999999 -999999 -999999 -999999 
788    1945 -999999 -999999 -999999 -999999 -999999 -999999 1475    -999999 -999999 -999999 -999999 -999999 -999999 2502    2270    2001    1525    898     711     
788    1946 1427    920     1968    724     1317    2237    1499    538     943     906     1460    1589    1957    2405    2340    2044    1510    944     460     
788    1947 1500    814     2083    447     1407    2407    1659    312     581     1057    1406    1757    2233    2488    2493    2103    1631    1244    634     
788    1948 1481    1057    1914    716     1469    2149    1532    790     723     1302    1375    1728    2015    2145    2283    1926    1564    1106    784     
788    1949 1543    990     2097    793     1311    2395    1655    745     856     874     1498    1566    2164    2574    2439    2331    1688    946     792     
788    1950 1479    997     2046    751     1328    2448    1529    603     871     1067    1156    1756    2287    2636    2415    2005    1533    1049    325     
788    1951 1427    876     1901    588     1210    2209    1536    735     716     887     1279    1466    2027    2346    2249    2029    1417    1166    764     
788    1952 1463    928     2052    598     1451    2427    1397    444     588     1178    1401    1771    2325    2617    2336    1841    1520    827     674     
788    1953 1465    845     1988    539     1429    2216    1534    347     603     1075    1326    1882    1943    2310    2385    2064    1544    995     1038    
788    1954 1391    922     1854    653     1254    2133    1568    451     449     1012    1185    1564    2092    2204    2102    1970    1565    1170    866     
788    1955 1461    1010    1967    818     1319    2228    1465    856     723     858     1465    1639    2003    2372    2302    2009    1405    983     863     
788    1956 1330    835     1885    550     1287    2120    1377    761     -51     940     1138    1776    1914    2235    2203    2023    1335    775     745     
788    1957 1425    926     1864    732     1346    2138    1490    571     896     1224    1286    1526    1934    2287    2186    1954    1541    972     681     
788    1958 1425    924     1927    721     1247    2178    1513    638     856     852     1139    1747    1965    2231    2330    2132    1444    964     766     
788    1959 1488    982     1975    759     1383    2296    1480    633     891     1185    1277    1685    2105    2509    2267    1988    1496    955     819     
788    1960 1422    969     1928    761     1420    2181    1426    621     850     1065    1341    1852    2189    2220    2134    1816    1409    1054    500     
788    1961 1531    959     2036    696     1459    2251    1604    559     1066    1178    1542    1659    2157    2289    2303    2262    1579    970     787     
788    1962 1412    942     1964    770     1216    2293    1473    833     682     776     1293    1580    2043    2348    2480    2025    1579    811     439     
788    1963 1368    745     1917    350     1359    2170    1548    254     356     995     1362    1720    2009    2424    2072    1898    1521    1225    518     
788    1964 1446    933     2016    642     1373    2294    1435    553     870     915     1356    1849    2192    2471    2215    1999    1297    1012    613     
788    1965 1409    851     1882    594     1350    2167    1446    673     487     994     1300    1756    2085    2214    2199    1723    1619    990     796     
788    1966 1457    996     1950    778     1382    2152    1515    541     1019    1014    1390    1742    2099    2165    2189    2104    1665    770     757     
788    1967 1484    966     1972    724     1375    2297    1615    625     797     1160    1332    1632    1993    2518    2371    1965    1749    1126    494     
788    1968 1408    969     1861    627     1330    2125    1500    576     823     1041    1339    1610    1994    2256    2120    1836    1669    990     616     
788    1969 1374    926     1868    628     1298    2124    1518    730     530     985     1272    1636    1849    2287    2227    1920    1652    978     354     
788    1970 1436    880     1953    618     1190    2273    1585    745     769     774     1164    1631    2210    2343    2264    2093    1511    1153    535     
788    1971 1416    855     1968    591     1260    2231    1480    505     747     680     1435    1670    1928    2361    2395    2004    1624    807     787     
788    1972 1395    986     1801    791     1309    2090    1396    679     917     1094    1260    1573    1870    2310    2083    1693    1438    1057    746     
788    1973 1431    900     1981    657     1259    2311    1507    589     633     917     1126    1731    2120    2358    2447    2086    1394    1047    672     
788    1974 1417    970     1886    784     1280    2229    1277    885     797     1013    1193    1631    2011    2335    2334    1790    1048    1001    922     
788    1975 1423    917     1931    869     1237    2243    1438    825     861     842     1275    1595    1975    2383    2363    1978    1363    975     598     
788    1976 1438    919     1944    727     1307    2311    1361    730     863     981     1177    1759    2264    2423    2243    1776    1393    913     711     
788    1977 1418    957     1809    765     1310    2054    1505    659     941     1122    1262    1543    1866    2191    2100    1879    1634    997     787     
788    1978 1394    961     1847    677     1248    2113    1522    562     683     1079    1126    1534    1903    2206    2223    2076    1502    987     793     
788    1979 1458    950     1958    691     1313    2304    1525    487     804     1116    1181    1637    2173    2462    2274    2003    1588    980     744     
788    1980 1388    972     1893    766     1220    2179    1481    580     987     956     1182    1522    1962    2151    2418    2111    1455    879     442     
788    1981 1433    851     1947    539     1348    2237    1498    600     579     1125    1376    1543    2088    2215    2402    2051    1493    950     715     
788    1982 1529    974     2055    817     1338    2369    1572    894     844     938     1333    1744    2232    2600    2273    2135    1459    1124    728     
788    1983 1489    955     2003    692     1279    2378    1588    845     482     1050    1232    1553    2116    2654    2358    2089    1576    1099    732     
788    1984 1397    919     1861    658     1162    2226    1538    625     615     853     1249    1385    2031    2386    2254    1843    1533    1238    727     
788    1985 1428    901     1992    596     1251    2263    1543    224     862     828     1358    1570    1987    2515    2279    2228    1660    739     850     
788    1986 1461    890     1989    627     1309    2319    1617    616     394     1032    1050    1837    2123    2469    2358    2070    1662    1118    721     
788    1987 1433    884     1979    562     1233    2267    1602    259     723     811     1352    1540    1991    2375    2424    2179    1621    1005    867     
788    1988 1507    1026    1994    838     1355    2297    1549    876     767     999     1337    1728    2047    2432    2402    1999    1681    962     818     
788    1989 1577    1061    2084    819     1454    2438    1561    742     905     1239    1219    1898    2174    2581    2549    2059    1578    1044    878     
788    1990 1565    1101    2062    908     1457    2380    1621    719     1152    1239    1248    1877    2109    2513    2510    2092    1755    1011    524     
788    1991 1496    975     2050    596     1369    2410    1538    658     609     1258    1254    1593    2056    2567    2595    2212    1406    999     672     
788    1992 1509    936     2023    686     1481    2285    1515    577     817     1141    1413    1885    1908    2425    2510    1975    1355    1221    856     
788    1993 1475    990     2005    783     1381    2326    1412    783     701     1002    1351    1790    2192    2284    2496    1899    1480    853     809     
788    1994 1594    1017    2068    792     1456    2498    1594    755     813     1367    1214    1780    2222    2656    2606    1904    1524    1357    870     
788    1995 1533    1064    2022    843     1343    2400    1572    648     1028    962     1407    1662    2125    2618    2446    1849    1795    1065    757     
788    1996 1459    1021    1953    755     1356    2288    1422    906     591     984     1388    1696    2219    2387    2258    1757    1540    966     776     
788    1997 1589    1060    2051    804     1548    2302    1675    688     964     1415    1408    1816    2032    2365    2499    2168    1702    1154    806     
788    1998 1512    1078    2055    820     1405    2418    1430    759     904     1129    1237    1844    2191    2552    2506    1976    1525    785     687     
788    1999 1535    948     2086    728     1498    2351    1549    779     715     1171    1395    1924    2126    2514    2405    2133    1608    904     677     
788    2000 1556    1008    2039    772     1481    2306    1553    661     993     1202    1347    1890    2194    2245    2476    2065    1553    1042    987     
788    2001 1559    1107    2054    911     1504    2410    1550    833     914     1292    1314    1901    2238    2455    2532    1858    1857    923     528     
788    2002 1563    1048    2005    744     1464    2326    1581    722     1007    1240    1475    1679    2245    2397    2333    1887    1606    1248    878     
788    2003 1598    1014    2231    681     1474    2700    1537    543     617     1159    1363    1897    2574    2672    2850    2005    1466    1141    812     
788    2004 1511    969     2046    747     1324    2391    1601    677     753     957     1333    1682    2293    2473    2403    2076    1700    1024    737     
788    2005 1503    959     -999999 676     1381    2439    1590    684     599     976     1345    1820    2406    2500    2411    2084    1735    996     476     
788    2006 1609    924     2168    578     1473    2489    1770    598     667     1049    1514    1857    2292    2855    2312    2158    1831    1319    789     
788    2007 1579    1169    2097    893     1587    2311    1534    933     963     1162    1702    1902    2200    2378    2352    2035    1563    1002    721     
788    2008 1527    1034    2034    859     1399    2365    1506    918     943     1052    1352    1792    2220    2430    2440    1951    1531    1035    635     
788    2009 1606    952     2190    653     1544    2501    1676    546     792     1161    1482    1988    2285    2547    2663    2156    1645    1229    722     
788    2010 1459    945     2058    602     1368    2408    1486    428     663     964     1452    1689    2160    2609    2446    1970    1484    1004    584     
788    2011 -999999 957     -999999 709     -999999 -999999 -999999 672     888     1109    1659    -999999 -999999 -999999 -999999 -999999 -999999 -999999 -999999 
