EUROPEAN CLIMATE ASSESSMENT & DATASET (ECA&D), file created on: 10-05-2011
THESE DATA CAN BE USED FREELY PROVIDED THAT THE FOLLOWING SOURCE IS ACKNOWLEDGED: 

Klein Tank, A.M.G. and Coauthors, 2002. Daily dataset of 20th-century surface
air temperature and precipitation series for the European Climate Assessment.
Int. J. of Climatol., 22, 1441-1453.
Data and metadata available at http://eca.knmi.nl

FILE FORMAT (MISSING VALUE CODE = -999999):

THIS FILE HOLDS DATA FOR STATION FINLAND                                  MUHOS KK LAITASAARI                      (STAID:    729)
LATITUDE: dd:mm:ss +64:49:11
LONGITUDE: ddd:mm:ss +025:58:48
ELEVATION: m   22

DATA IS FOR INDEX Mean of daily mean temperature (TG) with unit 0.01 Temperature (&#176;C)

01-06 SOUID: Source identifier
08-11 YEAR : YYYY
13-20 ANNUAL DATA VALUES
21-28 WINTER HALF YEAR DATA VALUES
29-36 SUMMER HALF YEAR DATA VALUES
37-44 WINTER (DJF) DATA VALUES
45-52 SPRING (MAM) DATA VALUES
53-60 SUMMER (JJA) DATA VALUES
61-68 AUTUMN (SON) DATA VALUES
69-76 JANUARY DATA VALUES
etc. 
157-164 DECEMBER DATA VALUES

729    1959 -999999 -999999 -999999 -999999 -999999 1400    189     -999999 -999999 -999999 -999999 742     1294    1475    1428    654     179     -267    -943    
729    1960 214     -711    1122    -1195   157     1584    134     -1268   -1388   -609    131     949     1441    1859    1447    876     -136    -329    -472    
729    1961 307     -442    948     -595    6       1485    500     -734    -578    -414    -255    679     1538    1621    1298    781     747     -37     -1027   
729    1962 70      -629    847     -1022   -190    1145    357     -1105   -924    -1437   235     646     1014    1281    1137    751     377     -57     -1114   
729    1963 104     -814    1011    -1335   -28     1288    345     -1448   -1454   -1226   61      1085    1079    1347    1433    1035    319     -320    -762    
729    1964 195     -522    883     -798    6       1280    253     -486    -1170   -746    3       761     1107    1411    1316    674     496     -421    -679    
729    1965 79      -557    882     -915    -75     1269    145     -854    -1244   -705    64      421     1245    1310    1252    988     257     -816    -1059   
729    1966 -24     -1121   905     -1703   -186    1409    253     -1980   -2109   -1108   -174    723     1444    1570    1214    625     152     -15     -771    
729    1967 194     -565    1030    -1147   259     1428    494     -1813   -826    -125    199     700     1168    1487    1619    982     388     116     -1615   
729    1968 22      -835    890     -1666   2       1344    2       -1963   -1403   -538    65      479     1373    1380    1279    748     -307    -423    -463    
729    1969 39      -849    893     -1105   -198    1392    210     -1408   -1479   -1061   -53     525     1237    1443    1492    691     268     -330    -956    
729    1970 116     -721    960     -1296   25      1485    115     -1269   -1702   -419    -145    634     1422    1653    1379    794     205     -657    -647    
729    1971 71      -665    850     -842    -198    1333    17      -729    -1183   -1026   -201    632     1230    1393    1374    644     104     -700    -790    
729    1972 311     -630    1075    -894    103     1607    163     -909    -990    -520    100     728     1524    1842    1452    777     158     -445    -50     
729    1973 172     -345    996     -457    171     1499    -90     -530    -826    -428    148     793     1409    1840    1245    513     -135    -648    -1392   
729    1974 359     -622    1003    -853    43      1464    362     -731    -389    -415    -7      550     1349    1639    1401    1068    286     -264    -223    
729    1975 288     -279    949     -522    284     1226    332     -701    -656    -155    110     892     1119    1397    1159    996     238     -233    -779    
729    1976 37      -713    861     -1142   26      1243    -17     -1652   -985    -870    55      894     1054    1396    1273    462     -146    -363    -708    
729    1977 136     -634    857     -933    34      1290    184     -876    -1243   -517    -16     635     1200    1498    1169    633     139     -219    -873    
729    1978 12      -688    891     -1194   60      1316    156     -1093   -1662   -502    -97     775     1279    1484    1183    698     77      -305    -1804   
729    1979 172     -864    1003    -1561   164     1457    215     -1445   -1419   -322    -84     892     1346    1569    1450    813     0       -161    -685    
729    1980 79      -706    1037    -1087   27      1479    28      -1247   -1347   -822    258     653     1581    1559    1299    858     165     -942    -1114   
729    1981 97      -863    937     -1083   -106    1327    281     -939    -1206   -1177   -41     901     1128    1621    1224    761     389     -309    -1280   
729    1982 176     -715    893     -1391   197     1229    349     -1894   -955    -250    109     728     861     1484    1330    816     216     20      -432    
729    1983 193     -458    1055    -819    262     1327    131     -757    -1315   -545    380     954     1236    1562    1179    1001    260     -872    -884    
729    1984 274     -672    1047    -878    208     1340    319     -1141   -590    -805    299     1132    1265    1509    1242    809     395     -247    -597    
729    1985 -26     -825    929     -1574   5       1421    278     -2164   -2003   -432    -136    579     1293    1539    1427    849     397     -416    -1386   
729    1986 135     -773    952     -1505   238     1437    349     -1633   -1495   -165    -1      872     1537    1634    1142    504     424     117     -1420   
729    1987 -9      -862    873     -1635   -38     1232    307     -2125   -1331   -848    57      680     1278    1334    1086    784     674     -549    -1222   
729    1988 199     -569    1077    -995    53      1574    143     -791    -969    -582    -83     820     1493    1895    1331    982     235     -792    -1197   
729    1989 396     -452    1109    -727    438     1450    316     -527    -426    -12     437     889     1456    1489    1406    960     200     -206    -960    
729    1990 294     -445    1002    -787    225     1421    105     -1321   -5      -326    328     677     1281    1554    1423    726     282     -698    -406    
729    1991 250     -590    963     -849    68      1427    370     -944    -1235   -604    237     577     1247    1556    1471    667     375     68      -521    
729    1992 258     -248    965     -618    228     1317    -35     -771    -558    -91     -140    905     1359    1402    1192    1052    -454    -689    -142    
729    1993 216     -477    891     -470    234     1303    -15     -619    -670    -316    27      985     1035    1578    1288    396     -17     -425    -748    
729    1994 166     -761    990     -1204   105     1417    176     -1227   -1682   -547    369     501     1225    1630    1391    805     197     -473    -333    
729    1995 237     -329    970     -531    232     1387    154     -655    -611    -127    116     704     1547    1344    1274    821     446     -815    -1259   
729    1996 184     -700    931     -1089   26      1383    371     -598    -1433   -592    65      607     1228    1409    1508    746     423     -59     -1162   
729    1997 230     -535    1003    -1084   2       1580    216     -1103   -978    -357    -210    565     1407    1814    1513    903     47      -295    -631    
729    1998 173     -596    949     -847    -82     1403    245     -718    -1230   -803    -111    666     1302    1635    1270    910     336     -512    -775    
729    1999 240     -601    1021    -1038   171     1422    428     -1298   -1041   -353    338     532     1550    1581    1137    982     396     -94     -915    
729    2000 383     -465    1059    -855    203     1458    533     -896    -746    -542    277     877     1340    1687    1342    805     700     87      -374    
