EUROPEAN CLIMATE ASSESSMENT & DATASET (ECA&D), file created on: 10-05-2011
THESE DATA CAN BE USED FREELY PROVIDED THAT THE FOLLOWING SOURCE IS ACKNOWLEDGED: 

Klein Tank, A.M.G. and Coauthors, 2002. Daily dataset of 20th-century surface
air temperature and precipitation series for the European Climate Assessment.
Int. J. of Climatol., 22, 1441-1453.
Data and metadata available at http://eca.knmi.nl

FILE FORMAT (MISSING VALUE CODE = -999999):

THIS FILE HOLDS DATA FOR STATION FRANCE                                   MACON                                    (STAID:   2193)
LATITUDE: dd:mm:ss +46:18:00
LONGITUDE: ddd:mm:ss +004:48:00
ELEVATION: m  217

DATA IS FOR INDEX Mean of daily mean temperature (TG) with unit 0.01 Temperature (&#176;C)

01-06 SOUID: Source identifier
08-11 YEAR : YYYY
13-20 ANNUAL DATA VALUES
21-28 WINTER HALF YEAR DATA VALUES
29-36 SUMMER HALF YEAR DATA VALUES
37-44 WINTER (DJF) DATA VALUES
45-52 SPRING (MAM) DATA VALUES
53-60 SUMMER (JJA) DATA VALUES
61-68 AUTUMN (SON) DATA VALUES
69-76 JANUARY DATA VALUES
etc. 
157-164 DECEMBER DATA VALUES

2193   1956 958     -999999 1536    -999999 1040    1692    1041    350     -672    711     894     1508    1527    1874    1669    1730    1002    394     425     
2193   1957 1100    603     1572    384     1111    1858    1102    75      682     1042    1070    1219    1786    1962    1822    1562    1157    584     224     
2193   1958 1093    552     1636    359     963     1869    1109    279     596     479     824     1582    1692    1953    1956    1789    1044    496     396     
2193   1959 1211    590     1768    331     1195    2055    1207    287     308     975     1112    1495    1863    2258    2037    1826    1204    591     509     
2193   1960 1120    652     1612    411     1173    1853    1143    184     550     864     1013    1636    1903    1789    1868    1448    1161    821     190     
2193   1961 1204    678     1726    400     1181    1885    1269    291     752     865     1340    1343    1842    1924    1887    2018    1268    522     381     
2193   1962 1012    556     1597    365     909     1886    1037    457     245     432     1013    1284    1675    1911    2065    1621    1091    399     -105    
2193   1963 974     269     1597    -201    1046    1832    1214    -348    -145    684     1102    1355    1722    2009    1763    1618    1094    934     -165    
2193   1964 1097    480     1736    93      1068    2003    1111    -95     569     561     1094    1551    1888    2191    1924    1753    966     618     142     
2193   1965 1057    485     1525    196     1006    1799    1083    336     101     711     936     1368    1798    1788    1812    1438    1198    610     509     
2193   1966 1122    633     1634    455     1089    1797    1162    101     788     607     1188    1476    1816    1786    1790    1741    1374    365     423     
2193   1967 1117    628     1611    387     1055    1924    1207    222     529     838     953     1370    1680    2151    1934    1559    1401    654     64      
2193   1968 1061    573     1549    218     1028    1798    1150    144     462     711     1092    1285    1705    1936    1750    1517    1373    551     193     
2193   1969 1064    572     1611    258     1057    1840    1195    394     180     704     1002    1463    1550    2055    1906    1669    1230    685     -129    
2193   1970 1069    495     1621    203     884     1941    1159    338     422     425     839     1388    1932    1924    1969    1663    1029    790     78      
2193   1971 1048    415     1694    120     1011    1944    1053    -28     330     297     1228    1514    1660    2122    2040    1578    1165    413     210     
2193   1972 1046    588     1495    372     1012    1794    1009    282     640     816     915     1303    1587    1925    1863    1358    1030    637     175     
2193   1973 1059    461     1661    170     950     1978    1097    92      250     569     771     1505    1826    1952    2151    1742    989     564     245     
2193   1974 1136    626     1590    450     1068    1872    1010    572     543     836     1028    1337    1688    1897    2024    1551    759     730     626     
2193   1975 1095    628     1640    567     963     1943    1089    590     476     576     1006    1307    1688    2028    2105    1691    944     637     54      
2193   1976 1149    497     1733    246     1075    2093    1112    277     419     654     1018    1553    2107    2231    1940    1530    1193    611     234     
2193   1977 1122    681     1490    445     1048    1753    1162    418     709     922     896     1322    1608    1867    1779    1453    1353    673     431     
2193   1978 1046    642     1532    347     975     1811    1009    223     394     757     843     1321    1699    1908    1822    1582    1080    364     509     
2193   1979 1088    516     1585    282     1014    1872    1177    -103    459     780     882     1376    1832    1997    1785    1624    1286    618     478     
2193   1980 1043    649     1557    439     948     1817    1080    195     658     660     886     1295    1628    1797    2020    1700    1065    475     135     
2193   1981 1107    517     1619    168     1176    1843    1123    195     173     1025    1136    1366    1725    1878    1921    1678    1154    538     422     
2193   1982 1162    597     1696    420     999     1991    1223    385     457     613     981     1403    1906    2164    1899    1810    1080    783     417     
2193   1983 1133    595     1724    322     974     2146    1110    346     191     720     969     1233    1905    2457    2069    1690    1117    522     301     
2193   1984 1077    526     1554    315     892     1895    1191    342     302     556     971     1153    1713    2025    1939    1505    1160    907     326     
2193   1985 1018    473     1637    68      987     1876    1082    -329    221     541     1096    1328    1664    2085    1872    1767    1168    308     439     
2193   1986 1066    439     1617    183     947     1930    1228    275     -203    577     732     1526    1833    2029    1926    1636    1294    753     313     
2193   1987 1061    479     1644    106     938     1887    1272    -270    293     481     1125    1216    1647    2032    1974    1864    1290    661     383     
2193   1988 1176    687     1678    490     1119    1922    1122    626     459     686     1150    1521    1781    1947    2035    1619    1267    476     514     
2193   1989 1177    662     1702    405     1193    1984    1167    270     432     985     914     1671    1776    2111    2058    1656    1337    503     345     
2193   1990 1196    701     1691    485     1168    1969    1226    209     947     885     936     1675    1745    2054    2102    1608    1364    700     112     
2193   1991 1138    613     1713    185     1089    2048    1191    282     157     1020    953     1288    1728    2171    2234    1882    1066    630     171     
2193   1992 -999999 -999999 -999999 251     1237    2068    1217    126     468     865     1147    1681    1790    2142    2268    1718    1029    893     500     
2193   1993 -999999 -999999 1721    393     1193    1986    957     465     205     725     1224    1616    1977    1981    2001    1522    1010    337     581     
2193   1994 1281    669     1746    524     1179    2142    1266    433     564     1069    956     1506    1888    2351    2179    1568    1255    977     560     
2193   1995 1216    778     1695    573     1090    2040    1235    409     770     700     1098    1472    1736    2291    2082    1464    1541    689     297     
2193   1996 1104    650     1629    343     1058    1931    1086    426     303     623     1141    1411    1904    1965    1924    1417    1191    648     270     
2193   1997 1223    639     1747    312     1233    2016    1237    38      662     1027    1079    1588    1771    1991    2277    1756    1195    761     495     
2193   1998 1172    707     1715    486     1136    2012    1091    447     519     811     1024    1584    1856    2117    2056    1629    1221    420     337     
2193   1999 1220    614     1791    384     1228    2003    1219    459     351     865     1106    1710    1771    2139    2092    1907    1244    506     415     
2193   2000 1259    652     1762    447     1206    1986    1289    295     643     804     1143    1685    1962    1875    2121    1773    1250    844     715     
2193   2001 1203    834     1680    616     1230    2000    1152    542     589     1038    951     1693    1790    2087    2110    1425    1530    489     144     
2193   2002 1255    688     1710    379     1172    2022    1267    258     773     937     1164    1414    2077    1999    1992    1607    1223    971     622     
2193   2003 1310    725     1989    382     1279    2447    1186    212     306     983     1203    1648    2477    2283    2582    1726    1036    800     396     
2193   2004 1196    624     1736    394     1090    2036    1294    356     432     719     1098    1454    1951    2061    2094    1744    1456    676     280     
2193   2005 1194    613     1787    253     1165    2056    1322    297     173     755     1143    1597    2069    2159    1941    1799    1543    616     164     
2193   2006 1270    579     1858    183     1149    2148    1498    119     274     728     1134    1584    2038    2538    1862    1975    1584    932     410     
2193   2007 1253    861     1789    593     1360    1962    1142    599     788     839     1544    1704    1962    1997    1927    1589    1182    653     213     
2193   2008 1203    661     1714    456     1198    1980    1134    542     625     747     1086    1756    1920    2040    1978    1474    1182    756     310     
2193   2009 1263    579     1880    241     1295    2126    1327    47      378     786     1322    1779    1944    2194    2234    1791    1207    987     432     
2193   2010 1156    643     1747    298     1149    2072    1167    85      385     746     1275    1430    1924    2269    2018    1552    1177    771     189     
2193   2011 -999999 658     -999999 354     -999999 -999999 -999999 362     528     913     1502    -999999 -999999 -999999 -999999 -999999 -999999 -999999 -999999 
