EUROPEAN CLIMATE ASSESSMENT & DATASET (ECA&D), file created on: 10-05-2011
THESE DATA CAN BE USED FREELY PROVIDED THAT THE FOLLOWING SOURCE IS ACKNOWLEDGED: 

Klein Tank, A.M.G. and Coauthors, 2002. Daily dataset of 20th-century surface
air temperature and precipitation series for the European Climate Assessment.
Int. J. of Climatol., 22, 1441-1453.
Data and metadata available at http://eca.knmi.nl

FILE FORMAT (MISSING VALUE CODE = -999999):

THIS FILE HOLDS DATA FOR STATION EGYPT                                    SIWA                                     (STAID:    316)
LATITUDE: dd:mm:ss +29:12:00
LONGITUDE: ddd:mm:ss +025:19:00
ELEVATION: m  -15

DATA IS FOR INDEX Mean of daily mean temperature (TG) with unit 0.01 Temperature (&#176;C)

01-06 SOUID: Source identifier
08-11 YEAR : YYYY
13-20 ANNUAL DATA VALUES
21-28 WINTER HALF YEAR DATA VALUES
29-36 SUMMER HALF YEAR DATA VALUES
37-44 WINTER (DJF) DATA VALUES
45-52 SPRING (MAM) DATA VALUES
53-60 SUMMER (JJA) DATA VALUES
61-68 AUTUMN (SON) DATA VALUES
69-76 JANUARY DATA VALUES
etc. 
157-164 DECEMBER DATA VALUES

316    1994 2243    -999999 2799    -999999 2227    2974    2395    1375    1418    1691    2358    2637    2830    3048    3039    2872    2527    1780    1286    
316    1995 2236    1680    2831    1302    2122    3155    2328    1167    1468    1835    2046    2481    3231    3105    3132    2987    2349    1646    1339    
316    1996 2241    1674    2791    1407    2215    2972    2367    1364    1526    1807    2089    2745    2885    2960    3067    2986    2242    1878    1329    
316    1997 2213    1631    2772    1337    2097    3083    2314    1338    1346    1636    1981    2671    3056    3141    3052    2714    2370    1854    1342    
316    1998 2262    1673    2865    1398    2224    3070    2330    1324    1539    1591    2369    2716    2907    3117    3181    2884    2396    1706    1345    
316    1999 -999999 -999999 -999999 -999999 -999999 -999999 -999999 -999999 -999999 -999999 -999999 -999999 2918    -999999 -999999 -999999 2534    -999999 -999999 
316    2000 -999999 -999999 -999999 -999999 2188    2954    -999999 -999999 -999999 1646    2377    2595    2842    3038    2973    2806    2334    1903    1523    
316    2001 -999999 -999999 -999999 1454    2300    3062    2378    1400    1438    1993    2251    2654    2859    3147    3178    2961    2361    1853    1388    
316    2002 -999999 -999999 -999999 1351    -999999 3099    2478    1196    1485    1821    2237    2646    2845    3299    3144    3035    2419    1903    1514    
316    2003 -999999 -999999 -999999 1454    2143    3090    2451    1457    1381    1594    2268    2638    3049    3089    3130    2874    2570    1934    1422    
316    2004 -999999 1805    -999999 1435    2280    3027    2381    1328    1556    1977    2185    2702    2936    3128    3016    2762    2407    1989    1469    
316    2005 -999999 -999999 -999999 1471    2240    -999999 2370    1438    1510    1888    2236    2584    2958    3117    3117    2892    2379    1820    1461    
316    2006 -999999 -999999 -999999 1428    2247    3058    2363    1288    1546    1858    2248    2622    2949    3009    3214    2952    2394    1743    1423    
316    2007 -999999 1734    -999999 1451    2274    3085    2354    1343    1600    1881    2231    2705    3039    3077    3134    2766    2452    1851    1448    
316    2008 -999999 -999999 -999999 1369    2358    3127    2426    1280    1386    2063    2304    2698    3096    3144    3140    2934    2381    1965    1575    
316    2009 -999999 1777    -999999 1511    2170    3067    2439    1485    1471    1757    2307    2464    3040    3133    3033    2963    2506    1859    1584    
316    2010 -999999 -999999 -999999 -999999 2372    3113    2533    1497    1796    2067    2396    2664    3053    3127    3157    2966    2659    1968    1498    
316    2011 -999999 -999999 -999999 1494    -999999 -999999 -999999 1420    1577    1810    2204    -999999 -999999 -999999 -999999 -999999 -999999 -999999 -999999 
