EUROPEAN CLIMATE ASSESSMENT & DATASET (ECA&D), file created on: 10-05-2011
THESE DATA CAN BE USED FREELY PROVIDED THAT THE FOLLOWING SOURCE IS ACKNOWLEDGED: 

Klein Tank, A.M.G. and Coauthors, 2002. Daily dataset of 20th-century surface
air temperature and precipitation series for the European Climate Assessment.
Int. J. of Climatol., 22, 1441-1453.
Data and metadata available at http://eca.knmi.nl

FILE FORMAT (MISSING VALUE CODE = -999999):

THIS FILE HOLDS DATA FOR STATION FRANCE                                   CLERMONT-FERRAND                         (STAID:    750)
LATITUDE: dd:mm:ss +45:46:48
LONGITUDE: ddd:mm:ss +003:09:36
ELEVATION: m  331

DATA IS FOR INDEX Mean of daily mean temperature (TG) with unit 0.01 Temperature (&#176;C)

01-06 SOUID: Source identifier
08-11 YEAR : YYYY
13-20 ANNUAL DATA VALUES
21-28 WINTER HALF YEAR DATA VALUES
29-36 SUMMER HALF YEAR DATA VALUES
37-44 WINTER (DJF) DATA VALUES
45-52 SPRING (MAM) DATA VALUES
53-60 SUMMER (JJA) DATA VALUES
61-68 AUTUMN (SON) DATA VALUES
69-76 JANUARY DATA VALUES
etc. 
157-164 DECEMBER DATA VALUES

750    1958 1125    -999999 1627    -999999 979     1845    1159    342     741     548     792     1590    1636    1914    1979    1830    1101    548     450     
750    1959 1209    655     1674    446     1148    1910    1242    366     530     922     1116    1405    1753    2111    1862    1783    1224    719     665     
750    1960 1111    726     1556    514     1110    1793    1165    267     618     858     952     1516    1808    1743    1830    1471    1141    884     230     
750    1961 1234    724     1704    493     1152    1841    1354    393     896     823     1334    1306    1783    1875    1865    2063    1319    681     471     
750    1962 1008    619     1532    430     867     1793    1078    523     282     405     939     1258    1559    1816    1998    1605    1108    519     30      
750    1963 977     335     1538    -137    1009    1798    1229    -323    -117    756     1016    1253    1694    1943    1753    1556    1157    977     -7      
750    1964 1099    556     1689    182     1070    1911    1142    11      567     649     1045    1515    1786    2082    1860    1836    940     657     233     
750    1965 1081    505     1504    223     997     1782    1162    376     44      740     930     1320    1762    1814    1771    1413    1332    735     653     
750    1966 1144    745     1602    611     1042    1760    1190    295     915     557     1160    1413    1790    1725    1767    1755    1340    469     544     
750    1967 1129    686     1567    479     1029    1854    1278    310     594     844     908     1331    1576    2104    1874    1590    1495    743     135     
750    1968 1102    660     1524    321     1016    1755    1251    344     496     740     1108    1204    1657    1856    1748    1561    1475    709     310     
750    1969 1087    677     1579    370     1063    1793    1217    533     257     738     1003    1446    1506    2001    1862    1639    1295    714     -14     
750    1970 1125    581     1629    326     906     1919    1292    468     544     478     860     1376    1895    1906    1955    1772    1133    975     108     
750    1971 1063    508     1629    212     970     1874    1089    236     300     289     1153    1474    1626    2028    1959    1517    1280    463     369     
750    1972 1077    671     1440    468     1005    1739    1069    372     678     857     891     1262    1565    1875    1773    1257    1096    854     428     
750    1973 1082    581     1651    312     966     1943    1149    200     309     584     756     1550    1790    1882    2152    1757    1015    678     261     
750    1974 1096    652     1516    472     992     1798    981     653     507     783     937     1253    1617    1825    1947    1502    689     762     634     
750    1975 1044    608     1545    562     885     1822    1098    609     431     512     952     1193    1542    1898    2017    1654    1022    620     41      
750    1976 1080    513     1597    279     973     1931    1053    293     518     591     892     1435    1923    2041    1829    1447    1151    559     265     
750    1977 1082    673     1404    470     984     1650    1149    397     778     895     839     1214    1532    1770    1646    1409    1361    669     450     
750    1978 1028    651     1433    390     883     1698    1071    242     487     684     761     1200    1568    1816    1707    1534    1102    575     622     
750    1979 1072    603     1514    384     970     1774    1179    63      476     766     855     1285    1738    1868    1715    1614    1323    596     524     
750    1980 1004    659     1473    472     843     1736    1093    184     723     608     790     1129    1531    1720    1950    1703    1115    460     128     
750    1981 1082    523     1529    160     1131    1742    1154    192     160     1046    1063    1281    1579    1802    1840    1598    1211    652     490     
750    1982 1185    694     1645    567     941     1930    1296    617     597     586     844     1391    1844    2109    1834    1834    1174    884     472     
750    1983 1125    656     1646    376     953     2004    1180    478     157     731     925     1201    1792    2306    1906    1733    1163    646     388     
750    1984 1040    557     1461    353     799     1775    1236    405     261     462     902     1037    1591    1938    1790    1493    1176    1040    367     
750    1985 1034    550     1613    184     931     1845    1126    -235    446     510     1079    1209    1572    2044    1910    1852    1203    320     460     
750    1986 1105    521     1563    294     953     1868    1269    404     -13     692     690     1467    1770    1972    1859    1600    1393    810     523     
750    1987 1085    553     1648    188     945     1863    1329    -309    370     525     1151    1165    1618    1971    1992    1985    1305    697     522     
750    1988 1157    737     1609    574     1071    1843    1152    731     461     686     1108    1422    1629    1889    2003    1589    1335    526     467     
750    1989 1185    724     1611    482     1141    1877    1198    351     645     1009    844     1561    1599    2047    1975    1617    1328    646     551     
750    1990 1213    818     1641    669     1119    1940    1231    457     1033    906     849     1595    1696    2013    2103    1566    1375    748     196     
750    1991 1133    680     1651    296     1015    2008    1201    387     306     1033    871     1137    1718    2139    2156    1871    1064    672     180     
750    1992 1158    541     1682    229     1157    1925    1204    64      458     807     1034    1625    1599    1994    2171    1643    993     984     504     
750    1993 1123    675     1620    459     1088    1877    997     588     265     688     1075    1499    1808    1877    1943    1503    1093    391     671     
750    1994 1266    719     1680    587     1135    2060    1283    508     581     1049    887     1461    1807    2237    2129    1530    1288    1030    626     
750    1995 1202    817     1621    629     1057    1935    1250    458     823     686     1042    1442    1627    2179    1989    1424    1598    717     403     
750    1996 1098    720     1550    451     1015    1844    1078    645     295     632     1050    1366    1760    1909    1860    1339    1220    671     393     
750    1997 1258    708     1724    446     1183    2002    1309    185     795     993     1016    1536    1726    1962    2308    1776    1221    935     611     
750    1998 1175    787     1668    583     1099    1958    1102    500     643     804     1002    1489    1815    2047    2006    1631    1215    455     444     
750    1999 1217    671     1734    484     1208    1920    1221    584     417     881     1068    1672    1660    2051    2041    1896    1266    500     506     
750    2000 1250    675     1703    504     1148    1916    1319    284     737     756     1089    1598    1858    1810    2078    1774    1257    927     822     
750    2001 1195    888     1643    677     1197    1966    1158    623     576     1095    958     1541    1746    2009    2136    1434    1593    457     133     
750    2002 1268    741     1638    482     1136    1945    1276    524     823     944     1075    1387    1972    1953    1911    1520    1328    979     773     
750    2003 1297    777     1918    449     1256    2352    1213    210     356     984     1195    1586    2370    2204    2482    1656    1117    871     471     
750    2004 1186    687     1663    487     995     1969    1301    515     474     665     1005    1316    1892    1971    2042    1742    1481    674     423     
750    2005 1196    -999999 1733    339     1165    1993    1325    392     181     791     1134    1557    2009    2125    1847    1716    1598    652     226     
750    2006 1271    652     1790    264     1138    2053    1521    283     285     819     1072    1518    1960    2410    1788    1960    1613    1003    456     
750    2007 -999999 885     -999999 627     1283    1903    1094    614     839     785     1431    1650    1879    1966    1861    1494    1195    591     413     
750    2008 1185    714     -999999 589     1131    1920    1130    639     723     719     1000    1652    1813    1965    1978    1473    1215    724     294     
750    2009 1273    602     1836    294     1252    2085    1369    184     416     765     1237    1755    1906    2147    2198    1737    1283    1091    499     
750    2010 1121    686     1672    332     1071    1993    1173    108     395     724     1201    1293    1801    2202    1969    1549    1185    785     199     
750    2011 -999999 660     -999999 370     -999999 -999999 -999999 356     575     856     1363    -999999 -999999 -999999 -999999 -999999 -999999 -999999 -999999 
