EUROPEAN CLIMATE ASSESSMENT & DATASET (ECA&D), file created on: 10-05-2011
THESE DATA CAN BE USED FREELY PROVIDED THAT THE FOLLOWING SOURCE IS ACKNOWLEDGED: 

Klein Tank, A.M.G. and Coauthors, 2002. Daily dataset of 20th-century surface
air temperature and precipitation series for the European Climate Assessment.
Int. J. of Climatol., 22, 1441-1453.
Data and metadata available at http://eca.knmi.nl

FILE FORMAT (MISSING VALUE CODE = -999999):

THIS FILE HOLDS DATA FOR STATION NORWAY                                   KARASJOK                                 (STAID:    190)
LATITUDE: dd:mm:ss +69:28:00
LONGITUDE: ddd:mm:ss +025:30:11
ELEVATION: m  129

DATA IS FOR INDEX Mean of daily mean temperature (TG) with unit 0.01 Temperature (&#176;C)

01-06 SOUID: Source identifier
08-11 YEAR : YYYY
13-20 ANNUAL DATA VALUES
21-28 WINTER HALF YEAR DATA VALUES
29-36 SUMMER HALF YEAR DATA VALUES
37-44 WINTER (DJF) DATA VALUES
45-52 SPRING (MAM) DATA VALUES
53-60 SUMMER (JJA) DATA VALUES
61-68 AUTUMN (SON) DATA VALUES
69-76 JANUARY DATA VALUES
etc. 
157-164 DECEMBER DATA VALUES

190    1943 -56     -999999 742     -999999 -168    1234    -90     -2042   -953    -655    -273    422     1184    1428    1090    580     -204    -641    -658    
190    1944 -999999 -786    609     -1010   -371    1084    -999999 -1316   -1057   -854    -547    284     950     1271    1027    647     321     -999999 -999999 
190    1945 -999999 -999999 -999999 -999999 -999999 1236    -325    -999999 -999999 -999999 -999999 323     872     1466    1358    553     -613    -906    -1539   
190    1946 -70     -1178   787     -1492   -361    1300    -145    -1118   -1853   -1095   -308    322     1204    1467    1227    788     -185    -1036   -391    
190    1947 -217    -1085   767     -1241   -526    1289    -48     -979    -2473   -1582   -326    335     1279    1452    1135    704     61      -911    -1461   
190    1948 -84     -1063   746     -1618   -50     1077    -14     -2219   -1142   -706    -12     569     903     1450    873     672     -92     -620    -706    
190    1949 -42     -734    635     -916    -285    968     138     -1130   -911    -960    -243    350     856     1089    955     786     -178    -183    -979    
190    1950 -999999 -999999 -999999 -999999 -999999 -999999 -999999 -999999 -999999 -999999 -999999 -999999 -999999 -999999 -999999 -999999 -999999 -999999 -999999 
190    1951 -237    -999999 641     -999999 -373    1068    -95     -1836   -1286   -1119   -121    130     712     1075    1405    620     313     -1233   -1576   
190    1952 -224    -1054   659     -1386   -388    1095    -136    -1450   -1115   -1274   -149    265     1172    1296    818     539     -172    -774    -1848   
190    1953 -2      -1078   791     -1650   -111    1322    14      -1337   -1765   -637    -77     383     1507    1295    1169    455     84      -499    -774    
190    1954 -81     -838    754     -1284   -126    1158    -153    -1405   -1714   -792    -205    616     924     1483    1061    613     -315    -750    -616    
190    1955 -473    -1120   560     -1445   -579    1022    -359    -1611   -2178   -1336   -588    185     640     1229    1186    676     -250    -1506   -2256   
190    1956 -346    -1396   568     -1876   -435    1083    -463    -1620   -1744   -1026   -747    457     1143    1219    887     418     -363    -1449   -1389   
190    1957 -143    -1114   695     -1285   -310    1167    -83     -1078   -1399   -1046   -141    261     784     1561    1142    536     -166    -616    -1634   
190    1958 -289    -1171   565     -1673   -542    1059    73      -1761   -1619   -1255   -511    140     869     1127    1175    564     13      -356    -1932   
190    1959 -1      -761    667     -1302   -131    1183    -58     -1535   -346    -358    -505    458     1057    1316    1173    473     -51     -597    -1110   
190    1960 -174    -1049   922     -1736   107     1339    -303    -2090   -2026   -469    30      757     1064    1707    1237    709     -601    -1008   -1470   
190    1961 -143    -1105   675     -1395   -413    1280    145     -1320   -1395   -858    -655    267     1187    1464    1185    573     374     -518    -2100   
190    1962 -366    -1274   568     -1885   -610    939     -25     -2031   -1486   -1877   -194    255     858     1023    934     513     -130    -454    -1837   
190    1963 -176    -1177   775     -1702   -237    1046    13      -1508   -1768   -1399   -265    951     833     1153    1145    805     115     -886    -1409   
190    1964 -119    -918    613     -1249   -345    1087    -47     -694    -1673   -1011   -426    401     905     1347    1003    420     226     -796    -1209   
190    1965 -345    -993    551     -1345   -518    946     -246    -1607   -1206   -1381   -235    72      882     975     980     617     -128    -1231   -1912   
190    1966 -429    -1630   566     -2229   -715    1159    -263    -2112   -2709   -1779   -546    185     1099    1409    967     252     -447    -588    -1040   
190    1967 -174    -1009   747     -1502   -103    1159    90      -2157   -1288   -549    -189    428     980     1276    1216    747     -159    -309    -2135   
190    1968 -358    -1258   465     -1991   -491    928     -368    -2033   -1794   -1122   -348    1       879     975     929     339     -830    -597    -733    
190    1969 -283    -1138   632     -1389   -490    1165    -168    -1626   -1853   -1240   -427    199     981     1296    1213    506     41      -1059   -1537   
190    1970 -214    -1255   735     -1919   -342    1349    -119    -1685   -2603   -810    -686    460     1304    1500    1241    560     34      -957    -1127   
190    1971 -376    -1204   594     -1588   -580    1089    -535    -1668   -2009   -1568   -454    285     970     1194    1100    445     -284    -1776   -882    
190    1972 18      -962    829     -1034   -194    1446    -212    -874    -1368   -641    -281    337     1436    1658    1244    555     -56     -1140   -729    
190    1973 -261    -870    693     -1080   -263    1284    -589    -894    -1674   -816    -302    326     1139    1717    992     254     -683    -1335   -1973   
190    1974 41      -1089   802     -1339   -97     1273    -59     -1072   -933    -532    -144    384     1181    1494    1140    739     -122    -790    -926    
190    1975 -166    -843    588     -1243   -88     903     -49     -1731   -1055   -454    -289    473     729     1088    886     616     -108    -652    -1542   
190    1976 -298    -1162   667     -1721   -224    1097    -401    -2400   -1188   -1067   -229    624     870     1267    1146    288     -361    -1132   -1426   
190    1977 -253    -1210   578     -1576   -420    1074    -174    -1676   -1630   -1074   -460    273     843     1294    1079    407     -355    -569    -1264   
190    1978 -326    -1135   632     -1609   -356    1092    -214    -2066   -1485   -1089   -417    437     1018    1250    1006    468     -173    -939    -1985   
190    1979 -195    -1262   739     -1879   -271    1259    -221    -2050   -1570   -871    -343    398     1120    1474    1179    580     -390    -846    -1117   
190    1980 -346    -1231   776     -1641   -317    1233    -362    -1956   -1864   -1242   -47     347     1270    1310    1121    637     -281    -1445   -2044   
190    1981 -422    -1558   602     -2004   -536    1012    -135    -2143   -1808   -1648   -293    340     699     1328    999     512     -16     -904    -2206   
190    1982 -199    -1159   595     -1753   -231    990     -183    -1887   -1103   -825    -226    359     571     1366    1021    446     -195    -798    -1181   
190    1983 -276    -973    737     -1353   -155    1095    -385    -1535   -1341   -818    -58     414     1001    1333    949     770     -152    -1780   -2170   
190    1984 -130    -1279   719     -1575   -138    1082    -366    -1842   -656    -1053   -143    783     1080    1166    999     400     -270    -1233   -810    
190    1985 -396    -1290   651     -1810   -403    1213    -121    -2161   -2528   -858    -532    176     965     1485    1182    599     -61     -904    -2263   
190    1986 -249    -1252   655     -2006   -151    1162    -40     -2175   -1536   -590    -378    508     1273    1293    925     287     137     -551    -2252   
190    1987 -344    -1277   559     -2004   -452    940     37      -2066   -1660   -1284   -399    329     862     1116    840     584     473     -960    -2048   
190    1988 -279    -1134   727     -1726   -429    1256    -286    -1583   -1533   -1175   -497    384     1160    1515    1090    682     -47     -1502   -1892   
190    1989 28      -993    833     -1328   89      1216    -34     -1016   -1047   -473    154     589     1228    1226    1195    585     -138    -546    -1488   
190    1990 17      -836    771     -1218   -117    1226    -131    -1685   -403    -705    -10     368     1103    1353    1217    573     19      -991    -658    
190    1991 -111    -897    712     -1133   -260    1189    -163    -1110   -1684   -1035   -102    363     1080    1301    1184    423     -91     -824    -951    
190    1992 -54     -675    714     -889    -98     1092    -441    -947    -762    -484    -427    606     1214    1117    949     805     -951    -1160   -639    
190    1993 -159    -959    609     -903    -298    1103    -318    -1068   -1013   -935    -334    373     686     1441    1170    278     -498    -728    -1340   
190    1994 -150    -1141   743     -1635   -101    1171    -255    -2241   -1290   -750    102     353     965     1364    1178    475     -163    -1079   -791    
190    1995 -173    -748    655     -958    -129    1119    -375    -1151   -929    -401    -302    310     1102    1187    1068    545     -280    -1391   -1892   
190    1996 -190    -1165   618     -1541   -344    1162    -139    -1120   -1617   -724    -426    115     945     1222    1314    511     108     -1044   -1628   
190    1997 -107    -1000   735     -1464   -327    1286    -104    -1426   -1324   -720    -586    317     1013    1497    1338    797     -62     -1049   -1181   
190    1998 -293    -1168   645     -1570   -455    1151    -279    -1339   -2257   -1223   -487    344     861     1500    1083    535     -15     -1367   -1322   
190    1999 -158    -1185   752     -1667   -231    1194    229     -2073   -1600   -779    -154    242     1290    1383    913     830     159     -299    -1869   
190    2000 7       -880    751     -1493   -131    1182    264     -1412   -1177   -679    -210    495     992     1444    1105    652     390     -253    -1302   
190    2001 -147    -865    773     -1282   -483    1248    -88     -922    -1658   -1504   -305    366     1285    1341    1119    817     -92     -989    -1319   
190    2002 -154    -986    873     -1356   6       1296    -408    -1514   -1221   -806    154     675     1198    1465    1223    499     -206    -1525   -1858   
190    2003 -67     -1172   820     -1648   24      1291    -57     -2307   -686    -417    -136    619     1001    1675    1186    542     -42     -672    -1595   
190    2004 -23     -971    837     -1543   -12     1282    -91     -1381   -1661   -508    -60     531     946     1691    1197    686     2       -964    -832    
190    2005 -999999 -813    788     -951    -272    1309    92      -994    -1035   -1079   -33     303     1177    1507    1245    532     239     -481    -1531   
190    2006 -65     -999999 816     -1423   -214    1228    -133    -1272   -1475   -1269   87      549     1168    1265    1250    556     -294    -657    -783    
190    2007 -68     -973    724     -1535   -8      1174    16      -1787   -2088   -327    -116    417     1050    1301    1167    503     273     -737    -630    
190    2008 -99     -667    591     -861    -324    1026    -175    -929    -1036   -971    -336    335     929     1224    921     452     -91     -888    -842    
190    2009 -84     -897    756     -1237   -92     1117    16      -1079   -1850   -724    -186    630     904     1227    1213    719     -354    -306    -1321   
190    2010 -247    -1125   779     -1631   -181    1097    -254    -1625   -1981   -1216   52      631     899     1367    1017    683     85      -1541   -1471   
190    2011 -999999 -1207   -999999 -1730   -999999 -999999 -999999 -1677   -2073   -661    179     -999999 -999999 -999999 -999999 -999999 -999999 -999999 -999999 
