EUROPEAN CLIMATE ASSESSMENT & DATASET (ECA&D), file created on: 10-05-2011
THESE DATA CAN BE USED FREELY PROVIDED THAT THE FOLLOWING SOURCE IS ACKNOWLEDGED: 

Klein Tank, A.M.G. and Coauthors, 2002. Daily dataset of 20th-century surface
air temperature and precipitation series for the European Climate Assessment.
Int. J. of Climatol., 22, 1441-1453.
Data and metadata available at http://eca.knmi.nl

FILE FORMAT (MISSING VALUE CODE = -999999):

THIS FILE HOLDS DATA FOR STATION ITALY                                    BERGAMO/ORIO AL SERIO                    (STAID:   2076)
LATITUDE: dd:mm:ss +45:40:12
LONGITUDE: ddd:mm:ss +009:42:00
ELEVATION: m  238

DATA IS FOR INDEX Mean of daily mean temperature (TG) with unit 0.01 Temperature (&#176;C)

01-06 SOUID: Source identifier
08-11 YEAR : YYYY
13-20 ANNUAL DATA VALUES
21-28 WINTER HALF YEAR DATA VALUES
29-36 SUMMER HALF YEAR DATA VALUES
37-44 WINTER (DJF) DATA VALUES
45-52 SPRING (MAM) DATA VALUES
53-60 SUMMER (JJA) DATA VALUES
61-68 AUTUMN (SON) DATA VALUES
69-76 JANUARY DATA VALUES
etc. 
157-164 DECEMBER DATA VALUES

2076   1952 -999999 -999999 -999999 -999999 1229    2277    1136    153     244     697     1339    1656    2146    2469    2212    1656    1209    577     262     
2076   1953 -999999 -999999 -999999 -999999 1292    2039    1348    -999999 321     828     1302    1744    1789    2202    2119    1837    1486    671     595     
2076   1954 -999999 -999999 -999999 226     1131    2006    1324    -20     103     848     1052    1491    1990    2044    1986    1919    1255    781     519     
2076   1955 -999999 -999999 -999999 424     1082    -999999 1268    347     408     591     1123    1533    1910    2172    1987    1795    1297    711     323     
2076   1956 -999999 -999999 -999999 71      1102    2063    -999999 210     -322    638     980     1670    1801    2170    2218    1870    1292    621     265     
2076   1957 -999999 -999999 -999999 -999999 -999999 -999999 -999999 -999999 -999999 -999999 -999999 -999999 -999999 -999999 -999999 -999999 -999999 -999999 -999999 
2076   1958 -999999 -999999 -999999 -999999 -999999 -999999 -999999 -999999 -999999 -999999 -999999 -999999 -999999 -999999 -999999 -999999 -999999 -999999 -999999 
2076   1959 -999999 -999999 -999999 -999999 1266    2154    1274    205     541     995     1191    1608    2029    2324    2105    1816    1253    754     472     
2076   1960 1213    -999999 1796    328     1241    2059    1240    221     299     800     1233    1675    2059    2026    2093    1684    1228    808     420     
2076   1961 1328    738     1905    429     1350    2109    1430    119     782     1076    1459    1519    2033    2133    2161    2121    1428    742     308     
2076   1962 -999999 619     -999999 344     1019    2123    1324    299     432     483     1116    1460    1885    2133    2396    1904    1399    670     133     
2076   1963 1202    -999999 1824    104     1172    2089    1389    95      83      678     1232    1609    1924    2276    2063    1823    1335    1012    222     
2076   1964 -999999 618     -999999 232     1216    -999999 -999999 61      427     652     1254    1743    2157    2298    -999999 -999999 -999999 -999999 -999999 
2076   1965 -999999 -999999 -999999 -999999 1137    2046    -999999 250     252     735     1083    1547    1969    2157    2003    1664    1288    -999999 285     
2076   1966 1244    -999999 1859    294     1273    2081    1329    -43     676     828     1294    1696    2151    2079    2014    1911    1528    541     227     
2076   1967 1257    620     1848    217     1237    2164    1374    88      350     959     1079    1668    1927    2400    2158    1830    1487    802     266     
2076   1968 1227    689     1804    300     1272    2033    1345    145     502     925     1350    1543    1941    2198    1955    1828    1399    806     114     
2076   1969 1216    568     1837    146     1220    2073    1393    171     155     728     1139    1791    1867    2274    2070    1862    1499    813     146     
2076   1970 1195    607     1809    233     1018    2135    1370    237     326     599     1047    1410    2066    2190    2147    1984    1271    859     164     
2076   1971 1254    596     1876    303     1149    2183    1292    270     494     520     1288    1645    1847    2319    2371    1765    1325    786     365     
2076   1972 1185    731     1708    430     1218    2035    1085    294     646     967     1140    1544    1913    2150    2037    1443    1135    675     258     
2076   1973 -999999 -999999 1804    300     1102    2140    1239    270     379     727     890     1610    2036    2135    2246    1890    1191    639     182     
2076   1974 -999999 649     1775    410     1125    2103    -999999 415     657     809     1065    1498    1816    2212    2272    1765    839     -999999 -999999 
2076   1975 1227    -999999 1818    -999999 1152    2074    1267    427     461     725     1149    1580    1849    2223    2145    1944    1230    630     306     
2076   1976 1182    567     1770    322     1099    2097    1223    179     491     562     1109    1626    2141    2257    1893    1578    1326    760     240     
2076   1977 1177    665     1681    318     1131    1984    1246    213     521     922     1031    1436    1872    2083    1993    1654    1422    657     268     
2076   1978 -999999 -999999 -999999 253     1090    2021    1224    299     188     822     1021    1407    1874    2101    2083    1816    1276    575     215     
2076   1979 1221    551     1826    196     1151    2167    1266    -25     420     832     965     1651    2134    2222    2143    1824    1308    665     464     
2076   1980 1203    647     1816    372     1083    2127    1300    147     516     775     1016    1456    1897    2107    2370    2035    1324    542     235     
2076   1981 1210    581     1834    223     1224    2130    1252    129     315     937     1219    1515    2077    2095    2215    1873    1282    600     209     
2076   1982 1277    549     1928    221     1175    2230    1388    201     255     717     1162    1644    2170    2362    2155    2062    1259    849     427     
2076   1983 1262    660     1901    334     1178    2263    1308    396     163     825     1202    1506    2046    2543    2192    1896    1369    658     267     
2076   1984 1158    572     1710    248     985     2087    1275    223     256     642     1103    1215    1900    2259    2097    1669    1346    808     346     
2076   1985 1184    513     1871    80      1108    2162    1344    -240    138     653     1110    1560    1872    2364    2240    2061    1411    557     405     
2076   1986 1230    575     1852    256     1198    2115    1359    225     125     682     1044    1864    1972    2179    2189    1841    1433    802     317     
2076   1987 1235    575     1884    240     1035    2175    1430    56      360     469     1208    1433    1908    2387    2221    2134    1352    806     435     
2076   1988 -999999 745     -999999 488     1255    2211    1317    494     537     835     1226    1704    1901    2357    2334    1860    1511    490     335     
2076   1989 1257    -999999 1842    363     1279    2147    1217    176     597     1018    1089    1723    1949    2255    2231    1781    1223    647     310     
2076   1990 1307    711     1893    433     1316    2199    1311    275     740     1061    1093    1804    2021    2304    2266    1842    1411    654     170     
2076   1991 1253    621     1905    195     1165    2292    1313    237     177     1039    1075    1384    1971    2451    2445    2066    1213    662     245     
2076   1992 1235    568     1887    241     1227    2181    1257    98      390     791     1114    1771    1880    2225    2428    1877    1148    749     320     
2076   1993 1327    585     1942    296     1196    2288    1419    257     312     704     1134    1747    2135    2171    2552    1893    1562    797     561     
2076   1994 1402    -999999 1960    548     1353    2349    1359    592     484     1169    1161    1716    2072    2517    2455    1829    1294    957     528     
2076   1995 -999999 750     -999999 496     1192    2234    1385    369     600     743     1215    1620    1858    2571    2273    1755    1581    805     440     
2076   1996 -999999 -999999 -999999 435     1262    -999999 -999999 437     429     754     1312    1720    2216    2257    2208    1647    1397    -999999 467     
2076   1997 -999999 -999999 -999999 -999999 1425    -999999 -999999 482     692     1166    1241    1833    2050    2278    -999999 -999999 -999999 863     449     
2076   1998 -999999 -999999 2009    540     1317    2376    1300    403     791     920     1198    1813    2217    2423    2478    1881    1379    640     324     
2076   1999 -999999 -999999 -999999 418     1377    2303    1417    473     459     905     1321    1919    2124    2432    2351    2063    1459    727     304     
2076   2000 -999999 -999999 -999999 398     1411    2301    1439    293     623     962     1348    1999    2310    2216    2381    1974    1451    893     560     
2076   2001 -999999 -999999 -999999 524     1372    2346    1336    378     634     1005    1182    1942    2153    2379    2505    1664    1629    717     220     
2076   2002 -999999 763     -999999 364     1375    -999999 1457    263     636     1109    1272    1744    2382    2336    2225    1808    1476    1088    572     
2076   2003 1530    -999999 2251    425     1466    2693    1476    386     305     1038    1255    2096    2661    2572    2845    2052    1328    1053    677     
2076   2004 1350    775     1930    516     1155    2261    1496    455     410     711     1230    1539    2153    2237    2386    2017    1535    936     597     
2076   2005 -999999 -999999 2043    419     1350    2361    1388    318     330     879     1254    1914    2362    2482    2236    1998    1425    738     280     
2076   2006 -999999 -999999 -999999 -999999 -999999 -999999 1557    192     -999999 770     -999999 1813    2358    -999999 2113    2095    1600    978     636     
2076   2007 -999999 -999999 -999999 674     1629    2410    -999999 639     755     1117    1759    2000    2281    2584    2366    1911    1471    820     519     
2076   2008 -999999 -999999 -999999 645     1444    2398    -999999 692     731     1074    1371    1914    2226    2466    2485    1947    1632    1039    544     
2076   2009 -999999 -999999 -999999 -999999 1545    -999999 -999999 355     540     997     1515    2124    -999999 -999999 -999999 -999999 -999999 -999999 -999999 
2076   2010 -999999 -999999 -999999 -999999 -999999 2287    1299    -999999 431     774     1264    -999999 2164    2507    2190    1803    1235    862     120     
2076   2011 -999999 -999999 -999999 302     -999999 -999999 -999999 211     588     906     1571    -999999 -999999 -999999 -999999 -999999 -999999 -999999 -999999 
