EUROPEAN CLIMATE ASSESSMENT & DATASET (ECA&D), file created on: 10-05-2011
THESE DATA CAN BE USED FREELY PROVIDED THAT THE FOLLOWING SOURCE IS ACKNOWLEDGED: 

Klein Tank, A.M.G. and Coauthors, 2002. Daily dataset of 20th-century surface
air temperature and precipitation series for the European Climate Assessment.
Int. J. of Climatol., 22, 1441-1453.
Data and metadata available at http://eca.knmi.nl

FILE FORMAT (MISSING VALUE CODE = -999999):

THIS FILE HOLDS DATA FOR STATION GREECE                                   SAMOS AIRPORT                            (STAID:    326)
LATITUDE: dd:mm:ss +37:42:00
LONGITUDE: ddd:mm:ss +026:55:00
ELEVATION: m    2

DATA IS FOR INDEX Mean of daily mean temperature (TG) with unit 0.01 Temperature (&#176;C)

01-06 SOUID: Source identifier
08-11 YEAR : YYYY
13-20 ANNUAL DATA VALUES
21-28 WINTER HALF YEAR DATA VALUES
29-36 SUMMER HALF YEAR DATA VALUES
37-44 WINTER (DJF) DATA VALUES
45-52 SPRING (MAM) DATA VALUES
53-60 SUMMER (JJA) DATA VALUES
61-68 AUTUMN (SON) DATA VALUES
69-76 JANUARY DATA VALUES
etc. 
157-164 DECEMBER DATA VALUES

326    1978 -999999 -999999 -999999 -999999 -999999 2700    1812    -999999 -999999 -999999 -999999 2078    2580    2872    2645    2161    1885    1386    1276    
326    1979 1874    1358    2380    1161    1678    2713    1950    1050    1156    1374    1547    2110    2628    2803    2707    2467    1916    1469    1215    
326    1980 1816    1277    2299    1026    1527    2692    2002    902     957     1190    1485    1904    2471    2827    2772    2315    1972    1720    1240    
326    1981 1880    1396    2372    1082    1676    2717    1968    1002    994     1418    1677    1934    2622    2715    2810    2461    2131    1309    1415    
326    1982 1805    1323    2336    1122    1549    2633    1984    1099    823     1111    1513    2024    2490    2682    2723    2570    1967    1415    1172    
326    1983 1794    1244    2345    963     1655    2624    1883    853     849     1161    1686    2119    2401    2791    2674    2382    1797    1474    1245    
326    1984 1830    1335    2299    1175    1581    2596    2009    1144    1134    1210    1421    2109    2440    2707    2635    2461    2066    1498    1100    
326    1985 1870    1310    2434    1025    1691    2749    1949    1203    746     1199    1672    2200    2545    2844    2852    2469    1777    1606    1251    
326    1986 1887    1375    2448    1197    1726    2761    1903    1167    1170    1269    1821    2090    2541    2832    2903    2486    1919    1302    1093    
326    1987 -999999 1243    2377    1128    1391    2788    1921    1171    1118    845     1463    1868    2592    2973    2794    2555    1851    1360    1128    
326    1988 1842    -999999 2446    1063    1605    2853    1837    1078    989     1144    1570    2099    2564    3082    2903    2433    1856    1222    1122    
326    1989 1823    1247    2375    1001    1728    2669    1864    841     1045    1375    1850    1964    2407    2815    2777    2423    1801    1370    1157    
326    1990 1895    1274    2403    1030    1708    2752    2024    859     1077    1362    1658    2104    2473    2962    2812    2384    2014    1675    1297    
326    1991 1798    1404    2323    1114    1582    2722    1925    986     1053    1373    1541    1832    2536    2779    2846    2387    1943    1443    812     
326    1992 1788    1165    2363    823     1582    2714    1993    896     756     1121    1583    2041    2522    2752    2861    2401    2109    1466    909     
326    1993 1850    1244    2391    898     1612    2756    1973    936     844     1170    1593    2072    2588    2785    2889    2402    2105    1407    1331    
326    1994 1956    1395    2539    1198    1748    2823    2120    1187    1065    1245    1769    2230    2588    2880    2994    2753    2198    1406    1089    
326    1995 1873    1392    2412    1147    1646    2789    1830    1118    1243    1284    1557    2093    2686    2913    2764    2439    1849    1201    1279    
326    1996 -999999 -999999 -999999 1103    -999999 -999999 -999999 930     1090    1041    1392    2097    -999999 2771    2756    -999999 1745    1638    -999999 
326    1997 -999999 -999999 -999999 -999999 -999999 -999999 -999999 1153    -999999 1092    1220    2009    -999999 2735    -999999 -999999 -999999 -999999 -999999 
326    1998 -999999 -999999 -999999 -999999 -999999 -999999 -999999 1039    -999999 1042    1601    1910    -999999 2780    2931    -999999 1998    -999999 -999999 
326    1999 -999999 -999999 -999999 -999999 -999999 -999999 -999999 -999999 -999999 1284    -999999 -999999 2586    2838    -999999 -999999 2050    1562    -999999 
326    2000 -999999 -999999 -999999 -999999 -999999 -999999 -999999 712     977     -999999 1668    2091    2686    2952    -999999 -999999 -999999 -999999 -999999 
326    2001 -999999 -999999 -999999 -999999 1742    2804    -999999 1237    -999999 1563    1593    2052    2491    2951    2969    2480    2073    1479    1002    
326    2002 -999999 -999999 -999999 -999999 -999999 -999999 -999999 953     -999999 1359    1560    2021    2576    2844    2794    2326    2015    1595    1083    
326    2003 -999999 -999999 -999999 -999999 -999999 -999999 1962    1325    -999999 1055    1407    2199    -999999 2827    2868    2349    2029    1520    1169    
326    2004 -999999 -999999 -999999 1046    1584    2685    -999999 969     1007    1283    1571    1918    2495    2796    2768    2442    2140    1542    1253    
326    2005 -999999 -999999 -999999 1132    1648    -999999 1898    1161    956     1310    1580    2041    2471    2839    2806    2442    1847    1390    1227    
326    2006 -999999 -999999 -999999 -999999 1658    2751    1967    -999999 -999999 1256    1689    2030    2505    2839    2892    2462    2035    1420    1139    
326    2007 -999999 -999999 -999999 1116    1725    2866    -999999 1085    1123    1359    1658    2144    2661    3038    2904    2427    2034    1521    1078    
326    2008 -999999 -999999 -999999 1033    1736    2838    2014    955     1067    1476    1631    2090    2658    2884    2979    2408    2002    1684    1280    
326    2009 -999999 1428    -999999 1209    1645    2773    2048    1218    1123    1233    1610    2091    2577    2935    2800    2394    2124    1620    1425    
326    2010 -999999 -999999 2473    -999999 1742    2827    2123    1209    1357    1376    1709    2142    2523    2910    3039    2509    1974    1905    1462    
326    2011 -999999 1471    -999999 1240    -999999 -999999 -999999 1103    1147    1217    1517    -999999 -999999 -999999 -999999 -999999 -999999 -999999 -999999 
