EUROPEAN CLIMATE ASSESSMENT & DATASET (ECA&D), file created on: 10-05-2011
THESE DATA CAN BE USED FREELY PROVIDED THAT THE FOLLOWING SOURCE IS ACKNOWLEDGED: 

Klein Tank, A.M.G. and Coauthors, 2002. Daily dataset of 20th-century surface
air temperature and precipitation series for the European Climate Assessment.
Int. J. of Climatol., 22, 1441-1453.
Data and metadata available at http://eca.knmi.nl

FILE FORMAT (MISSING VALUE CODE = -999999):

THIS FILE HOLDS DATA FOR STATION SWEDEN                                   MALUNG                                   (STAID:    341)
LATITUDE: dd:mm:ss +60:40:53
LONGITUDE: ddd:mm:ss +013:41:58
ELEVATION: m  308

DATA IS FOR INDEX Mean of daily mean temperature (TG) with unit 0.01 Temperature (&#176;C)

01-06 SOUID: Source identifier
08-11 YEAR : YYYY
13-20 ANNUAL DATA VALUES
21-28 WINTER HALF YEAR DATA VALUES
29-36 SUMMER HALF YEAR DATA VALUES
37-44 WINTER (DJF) DATA VALUES
45-52 SPRING (MAM) DATA VALUES
53-60 SUMMER (JJA) DATA VALUES
61-68 AUTUMN (SON) DATA VALUES
69-76 JANUARY DATA VALUES
etc. 
157-164 DECEMBER DATA VALUES

341    1961 346     -999999 980     -999999 360     1293    540     -926    -454    29      243     805     1387    1367    1129    940     772     -98     -1085   
341    1962 129     -442    816     -797    -68     1127    260     -754    -527    -957    185     578     1099    1205    1075    742     431     -398    -1158   
341    1963 165     -765    1012    -1327   154     1342    336     -1414   -1418   -686    201     949     1290    1394    1340    878     439     -313    -786    
341    1964 276     -396    944     -694    282     1188    312     -593    -704    -434    345     937     1151    1277    1134    802     334     -200    -767    
341    1965 159     -418    909     -721    127     1193    230     -666    -730    -500    243     642     1220    1215    1145    977     418     -710    -1393   
341    1966 146     -833    923     -1453   79      1384    295     -1380   -1601   -402    -138    771     1483    1475    1198    726     284     -126    -663    
341    1967 285     -403    953     -870    295     1304    509     -1403   -511    -3      175     708     1191    1416    1303    905     487     137     -1018   
341    1968 147     -513    987     -1165   244     1366    72      -1434   -1033   -226    355     607     1464    1374    1264    850     165     -803    -852    
341    1969 179     -735    1042    -968    10      1491    188     -747    -1343   -890    156     768     1508    1493    1474    831     437     -713    -939    
341    1970 153     -751    959     -1284   121     1393    211     -1293   -1655   -432    -27     816     1569    1311    1304    760     366     -500    -518    
341    1971 291     -369    933     -508    149     1266    198     -588    -408    -578    124     901     1188    1412    1195    756     380     -549    -399    
341    1972 352     -407    982     -681    230     1401    325     -1122   -510    -250    147     791     1339    1632    1231    728     373     -129    -40     
341    1973 303     -78     965     -237    287     1410    3       -190    -505    -18     68      803     1392    1614    1225    665     -12     -643    -827    
341    1974 395     -382    968     -457    295     1236    325     -297    -224    -279    363     803     1199    1266    1240    924     218     -164    -344    
341    1975 425     -244    1037    -438    246     1424    461     -269    -729    -223    84      873     1175    1600    1490    970     421     -8      -383    
341    1976 213     -363    966     -662    162     1375    175     -1100   -491    -615    194     906     1298    1479    1345    544     222     -243    -1004   
341    1977 235     -509    861     -953    147     1267    324     -855    -1005   -210    -107    748     1288    1299    1215    701     484     -217    -616    
341    1978 182     -423    910     -821    182     1277    341     -654    -1233   -376    58      860     1329    1331    1171    691     339     -5      -1420   
341    1979 150     -647    939     -1325   191     1305    220     -1354   -1188   -285    116     738     1442    1303    1174    844     159     -340    -888    
341    1980 169     -705    1053    -1113   145     1384    118     -1221   -1238   -723    313     850     1406    1473    1275    987     97      -730    -513    
341    1981 171     -577    987     -766    188     1288    287     -1004   -784    -555    160     959     1129    1451    1280    920     275     -333    -1505   
341    1982 314     -623    1006    -1206   300     1366    442     -1341   -725    -110    234     773     1111    1606    1371    915     384     29      -540    
341    1983 390     -255    1041    -586    322     1392    393     -353    -894    -208    300     874     1223    1578    1369    876     452     -152    -485    
341    1984 342     -408    1014    -743    261     1334    422     -1181   -552    -531    339     977     1247    1407    1346    745     538     -20     -238    
341    1985 73      -507    920     -1066   158     1316    191     -1452   -1554   -400    18      851     1260    1401    1285    678     504     -620    -1221   
341    1986 229     -651    905     -1235   248     1333    351     -1147   -1347   -141    -52     926     1518    1446    1040    526     384     141     -662    
341    1987 115     -619    877     -1145   40      1184    377     -1853   -895    -830    276     682     1047    1447    1054    737     557     -168    -731    
341    1988 333     -239    1054    -441    171     1436    183     -180    -409    -514    43      981     1527    1513    1269    973     179     -604    -808    
341    1989 475     -199    1040    -289    417     1364    400     -17     -16     76      249     922     1316    1507    1267    963     353     -114    -842    
341    1990 478     -103    1021    -353    493     1352    257     -303    134     175     365     934     1291    1407    1357    749     375     -357    -415    
341    1991 376     -298    994     -609    369     1334    380     -597    -835    -11     341     777     959     1632    1399    826     390     -75     -392    
341    1992 415     -117    1024    -362    427     1364    181     -329    -367    56      93      1121    1468    1414    1213    812     -10     -252    -271    
341    1993 305     -249    906     -343    400     1144    146     -351    -415    -209    361     1047    1029    1337    1063    577     170     -309    -692    
341    1994 313     -555    1050    -978    303     1456    286     -890    -1391   -288    379     820     1118    1898    1341    711     220     -70     -229    
341    1995 305     -225    990     -450    217     1410    361     -743    -369    -168    101     714     1358    1467    1405    874     662     -463    -1221   
341    1996 240     -545    949     -1038   153     1381    328     -877    -1014   -384    264     582     1278    1355    1507    687     575     -286    -851    
341    1997 438     -247    1116    -594    293     1603    318     -546    -364    -25     194     708     1390    1687    1725    966     175     -182    -530    
341    1998 388     -215    978     -371    322     1238    276     -393    -170    -186    212     936     1181    1372    1159    993     263     -429    -326    
341    1999 405     -323    1083    -535    325     1387    612     -617    -675    -191    430     740     1362    1582    1215    1161    461     220     -883    
341    2000 498     -204    1009    -592    407     1282    637     -427    -459    -142    343     1018    1191    1386    1267    825     732     350     -149    
341    2001 309     -204    1033    -571    167     1389    470     -607    -999    -610    227     884     1212    1601    1346    899     573     -64     -844    
341    2002 377     -263    1205    -659    455     1585    180     -839    -256    -138    453     1052    1438    1598    1715    947     51      -455    -1074   
341    2003 414     -473    1091    -824    378     1480    336     -733    -647    4       261     865     1341    1724    1372    959     70      -13     -305    
341    2004 414     -259    1084    -489    430     1349    370     -709    -450    -148    480     958     1214    1394    1435    1006    381     -277    -342    
341    2005 448     -217    1054    -320    234     1393    496     -118    -519    -455    436     728     1227    1613    1333    970     386     137     -427    
341    2006 467     -328    1169    -547    61      1581    603     -531    -699    -856    205     838     1465    1738    1535    1212    558     41      15      
341    2007 421     -75     1074    -398    493     1419    344     -536    -701    116     480     883     1431    1447    1381    808     404     -181    -556    
341    2008 459     -144    1047    -279    354     1380    378     -157    -113    -257    404     918     1361    1568    1210    804     473     -147    -576    
341    2009 364     -317    1086    -695    416     1349    436     -612    -927    -188    553     886     1174    1505    1362    1018    110     191     -819    
341    2010 136     -999999 1040    -1123   261     1431    151     -1409   -1145   -330    310     805     1246    1630    1412    814     288     -652    -1509   
341    2011 -999999 -661    -999999 -1096   -999999 -999999 -999999 -805    -962    -354    662     -999999 -999999 -999999 -999999 -999999 -999999 -999999 -999999 
