EUROPEAN CLIMATE ASSESSMENT & DATASET (ECA&D), file created on: 10-05-2011
THESE DATA CAN BE USED FREELY PROVIDED THAT THE FOLLOWING SOURCE IS ACKNOWLEDGED: 

Klein Tank, A.M.G. and Coauthors, 2002. Daily dataset of 20th-century surface
air temperature and precipitation series for the European Climate Assessment.
Int. J. of Climatol., 22, 1441-1453.
Data and metadata available at http://eca.knmi.nl

FILE FORMAT (MISSING VALUE CODE = -999999):

THIS FILE HOLDS DATA FOR STATION FRANCE                                   BIARRITZ                                 (STAID:    433)
LATITUDE: dd:mm:ss +43:27:36
LONGITUDE: ddd:mm:ss -001:31:48
ELEVATION: m   69

DATA IS FOR INDEX Mean of daily mean temperature (TG) with unit 0.01 Temperature (&#176;C)

01-06 SOUID: Source identifier
08-11 YEAR : YYYY
13-20 ANNUAL DATA VALUES
21-28 WINTER HALF YEAR DATA VALUES
29-36 SUMMER HALF YEAR DATA VALUES
37-44 WINTER (DJF) DATA VALUES
45-52 SPRING (MAM) DATA VALUES
53-60 SUMMER (JJA) DATA VALUES
61-68 AUTUMN (SON) DATA VALUES
69-76 JANUARY DATA VALUES
etc. 
157-164 DECEMBER DATA VALUES

433    1956 1223    -999999 1613    -999999 1190    1745    1369    861     14      1005    1119    1443    1537    1859    1834    1873    1405    827     830     
433    1957 1351    1040    1658    864     1278    1903    1379    621     1172    1389    1114    1325    1793    2004    1910    1791    1411    934     743     
433    1958 1380    1002    1717    884     1213    1866    1466    836     1093    1003    1040    1589    1739    1874    1981    2070    1394    938     982     
433    1959 1423    1038    1754    897     1312    1951    1513    889     812     1190    1260    1482    1799    2050    2000    1923    1561    1053    1012    
433    1960 1373    1100    1693    923     1339    1875    1463    776     987     1203    1207    1602    1883    1826    1916    1718    1432    1240    684     
433    1961 1446    1068    1768    883     1343    1862    1559    783     1215    1073    1406    1552    1759    1919    1906    2066    1587    1024    1054    
433    1962 1299    1027    1679    891     1140    1866    1453    908     693     862     1135    1422    1670    1897    2023    1917    1626    809     580     
433    1963 1292    870     1634    538     1225    1847    1530    473     564     1135    1203    1337    1775    1967    1795    1718    1528    1343    620     
433    1964 1343    993     1777    694     1263    1931    1459    565     910     997     1173    1615    1785    2005    1996    2076    1310    997     681     
433    1965 1301    881     1579    629     1203    1768    1480    752     436     1072    1110    1423    1638    1802    1860    1628    1673    1133    1013    
433    1966 1390    1150    1704    1071    1223    1824    1463    934     1286    875     1342    1457    1746    1802    1922    1952    1553    880     934     
433    1967 1334    1018    1644    859     1198    1850    1543    755     891     1081    1022    1486    1641    1980    1921    1800    1709    1114    570     
433    1968 1369    1008    1656    777     1148    1855    1586    836     935     884     1247    1317    1675    1954    1931    1803    1743    1208    882     
433    1969 1328    1069    1668    812     1235    1865    1461    890     647     1008    1132    1560    1570    2046    1968    1713    1611    1053    677     
433    1970 1348    989     1713    840     1071    1958    1551    990     854     735     999     1478    1884    1963    2023    1922    1359    1379    565     
433    1971 1319    913     1730    709     1130    1923    1438    865     697     609     1314    1471    1563    2167    2029    1818    1687    800     751     
433    1972 1273    997     1515    806     1136    1735    1353    753     922     1057    1082    1267    1518    1868    1812    1528    1416    1114    917     
433    1973 1325    943     1743    762     1175    1944    1463    714     644     833     1038    1650    1755    1904    2165    1927    1401    1064    759     
433    1974 1351    1029    1653    899     1181    1881    1351    1053    885     999     1122    1422    1771    1906    1964    1725    1133    1201    1001    
433    1975 1354    1043    1707    1019    1104    1982    1457    1014    1046    866     1092    1352    1738    2081    2119    1848    1505    1016    553     
433    1976 1365    955     1743    736     1182    2043    1400    699     972     987     1082    1474    1985    2090    2051    1764    1463    970     827     
433    1977 1380    1081    1588    925     1249    1762    1494    791     1182    1258    1157    1330    1600    1844    1837    1750    1653    1073    1070    
433    1978 1341    1105    1601    955     1146    1802    1427    747     1059    1023    1019    1391    1651    1840    1911    1785    1445    1050    1150    
433    1979 1365    1055    1673    938     1187    1872    1506    766     894     1012    1125    1422    1730    1944    1936    1873    1636    1007    999     
433    1980 1328    1068    1650    923     1153    1823    1508    745     1032    987     1114    1358    1651    1782    2031    1953    1500    1073    703     
433    1981 1405    1017    1716    721     1360    1885    1540    745     715     1341    1241    1494    1753    1847    2051    1904    1598    1117    1000    
433    1982 1454    1132    1774    1039    1214    1981    1591    1113    1001    950     1169    1521    1903    2103    1935    2004    1515    1255    951     
433    1983 1452    1067    1805    857     1256    2047    1653    873     734     1047    1312    1412    1857    2233    2043    1966    1613    1382    906     
433    1984 1358    1052    1690    832     1131    1931    1545    882     701     818     1355    1228    1726    2060    2002    1765    1541    1328    874     
433    1985 1382    1022    1776    792     1199    1964    1521    414     1119    875     1308    1417    1797    2127    1961    2038    1652    869     993     
433    1986 1385    1045    1681    885     1193    1906    1549    882     770     1070    918     1581    1763    1990    1960    1856    1649    1140    985     
433    1987 1425    1028    1806    774     1299    1939    1641    507     837     1033    1452    1416    1710    2001    2100    2155    1649    1118    1088    
433    1988 1407    1139    1725    1026    1277    1901    1544    1093    888     983     1303    1547    1748    1901    2048    1794    1670    1163    728     
433    1989 1490    1077    1793    799     1334    2047    1587    725     959     1206    1075    1713    1838    2161    2136    1813    1639    1307    1259    
433    1990 1480    1286    1831    1177    1385    2025    1565    910     1383    1227    1154    1766    1788    2088    2190    1982    1649    1062    553     
433    1991 1373    1005    1750    689     1218    1991    1513    760     761     1222    1081    1348    1685    2036    2241    2099    1339    1106    760     
433    1992 1401    945     1775    736     1317    1959    1510    573     885     1011    1182    1752    1629    2080    2159    1825    1333    1377    983     
433    1993 1380    1083    1722    914     1298    1915    1349    995     749     1039    1261    1593    1832    1853    2057    1723    1378    944     1085    
433    1994 1453    1078    1734    969     1292    2007    1542    841     982     1221    1092    1555    1769    2100    2145    1722    1566    1338    1061    
433    1995 1450    1151    1740    994     1255    1996    1591    857     1071    1008    1134    1619    1741    2154    2085    1682    1869    1212    934     
433    1996 1392    1156    1710    934     1269    1942    1437    1144    710     1039    1257    1511    1888    1998    1939    1653    1533    1122    876     
433    1997 1521    1127    1830    956     1405    1998    1676    830     1185    1221    1260    1728    1822    1935    2232    1991    1753    1283    994     
433    1998 1426    1195    1773    984     1317    1969    1467    935     1028    1163    1191    1593    1811    1977    2114    1939    1470    992     863     
433    1999 1449    1031    1857    860     1377    2026    1514    962     745     1124    1294    1708    1814    2097    2158    2059    1612    868     888     
433    2000 1456    999     1812    841     1316    1987    1541    597     1051    980     1292    1675    1909    1969    2082    1939    1500    1187    1280    
433    2001 1435    1230    1751    1092    1386    2002    1498    1059    922     1399    1189    1562    1831    1979    2191    1736    1880    864     556     
433    2002 1471    1105    1694    870     1314    1877    1600    1000    1073    1244    1217    1479    1786    1910    1931    1835    1665    1296    1186    
433    2003 1512    1167    1935    897     1430    2222    1565    763     725     1329    1411    1547    2170    2096    2399    1979    1447    1273    949     
433    2004 1412    1056    1794    901     1190    2054    1542    936     811     914     1164    1491    1983    1997    2179    1943    1743    934     825     
433    2005 1417    1000    1860    731     1374    2095    1547    781     572     1102    1303    1715    2094    2128    2063    1847    1785    1001    555     
433    2006 1516    991     1909    620     1418    2138    1794    678     628     1265    1300    1683    2023    2378    2007    2053    1913    1412    784     
433    2007 1406    1195    1776    932     1346    1971    1367    888     1143    1028    1403    1607    1900    2002    2008    1728    1450    905     783     
433    2008 -999999 -999999 1765    960     1362    1945    1426    995     1110    1088    1278    1700    1840    1977    2010    1776    1465    1035    783     
433    2009 1457    -999999 1827    776     1293    2059    1648    761     786     1023    1231    1620    1940    2095    2140    1908    1650    1397    899     
433    2010 1380    1092    1777    807     1305    1983    1480    716     808     1067    1370    1479    1782    2107    2052    1859    1480    1103    705     
433    2011 -999999 1038    -999999 828     -999999 -999999 -999999 771     1028    1143    1609    -999999 -999999 -999999 -999999 -999999 -999999 -999999 -999999 
