EUROPEAN CLIMATE ASSESSMENT & DATASET (ECA&D), file created on: 10-05-2011
THESE DATA CAN BE USED FREELY PROVIDED THAT THE FOLLOWING SOURCE IS ACKNOWLEDGED: 

Klein Tank, A.M.G. and Coauthors, 2002. Daily dataset of 20th-century surface
air temperature and precipitation series for the European Climate Assessment.
Int. J. of Climatol., 22, 1441-1453.
Data and metadata available at http://eca.knmi.nl

FILE FORMAT (MISSING VALUE CODE = -999999):

THIS FILE HOLDS DATA FOR STATION BELGIUM                                  OOSTENDE                                 (STAID:    934)
LATITUDE: dd:mm:ss +51:14:25
LONGITUDE: ddd:mm:ss +002:55:14
ELEVATION: m    9

DATA IS FOR INDEX Mean of daily mean temperature (TG) with unit 0.01 Temperature (&#176;C)

01-06 SOUID: Source identifier
08-11 YEAR : YYYY
13-20 ANNUAL DATA VALUES
21-28 WINTER HALF YEAR DATA VALUES
29-36 SUMMER HALF YEAR DATA VALUES
37-44 WINTER (DJF) DATA VALUES
45-52 SPRING (MAM) DATA VALUES
53-60 SUMMER (JJA) DATA VALUES
61-68 AUTUMN (SON) DATA VALUES
69-76 JANUARY DATA VALUES
etc. 
157-164 DECEMBER DATA VALUES

934    1953 -999999 -999999 -999999 -999999 -999999 -999999 -999999 -999999 -999999 -999999 -999999 -999999 -999999 -999999 -999999 -999999 -999999 -999999 695     
934    1954 -999999 -999999 1319    -999999 850     1516    1195    157     123     627     722     1193    1433    1495    1617    1440    1310    826     680     
934    1955 -999999 -999999 1388    -999999 704     1640    1187    258     167     288     803     1010    1441    1652    1820    1589    1107    853     624     
934    1956 -999999 -999999 -999999 223     783     1480    1119    408     -348    546     628     1177    1283    1667    1491    1581    1125    618     650     
934    1957 -999999 -999999 1391    589     956     1668    1118    503     617     924     855     1086    1605    1766    1629    1401    1185    722     441     
934    1958 -999999 -999999 1400    -999999 766     1599    1174    383     544     388     671     1234    1423    1660    1709    1691    1178    618     603     
934    1959 -999999 -999999 1530    402     1032    1744    1204    369     228     799     975     1318    1525    1845    1857    1646    1296    649     541     
934    1960 1032    -999999 1404    470     950     1572    1157    408     463     611     917     1309    1516    1547    1651    1472    1141    858     404     
934    1961 -999999 -999999 -999999 491     1013    1591    1193    383     692     776     1109    1160    1548    1612    1613    1726    1225    626     295     
934    1962 -999999 -999999 1275    -999999 690     1491    1071    464     391     316     768     989     1356    1539    1575    1416    1185    558     143     
934    1963 -999999 -999999 1341    -999999 839     1553    1173    -416    -153    602     829     1077    1471    1614    1571    1482    1124    907     94      
934    1964 -999999 -999999 1459    240     871     1649    1112    169     464     342     868     1350    1500    1687    1757    1586    967     751     431     
934    1965 -999999 -999999 1317    -999999 842     1502    1040    403     302     544     777     1202    1418    1487    1599    1406    1169    484     614     
934    1966 -999999 -999999 1411    473     901     1608    1163    173     624     630     888     1183    1611    1559    1655    1563    1270    615     587     
934    1967 -999999 -999999 1415    -999999 908     1655    1142    448     580     742     773     1199    1453    1805    1701    1522    1247    637     452     
934    1968 971     -999999 1388    346     872     1596    1162    355     235     609     914     1093    1485    1593    1712    1539    1330    611     172     
934    1969 1009    551     1419    318     790     1648    1268    546     225     392     741     1236    1437    1741    1760    1581    1403    814     118     
934    1970 1000    -999999 1388    284     753     1625    1221    370     360     373     639     1245    1626    1577    1672    1557    1195    911     438     
934    1971 1003    623     1390    414     797     1611    1131    345     464     382     738     1271    1346    1755    1723    1489    1203    698     585     
934    1972 961     645     1311    440     861     1521    1048    297     437     642     802     1136    1321    1617    1618    1360    1035    748     494     
934    1973 1025    615     1420    435     836     1682    1134    387     422     590     684     1227    1563    1695    1785    1552    1092    747     484     
934    1974 1012    -999999 1331    563     877     1533    971     625     578     585     883     1162    1434    1509    1652    1338    832     748     770     
934    1975 1039    683     1436    657     807     1721    1068    720     461     546     771     1101    1494    1738    1924    1574    992     640     461     
934    1976 1036    564     1482    445     790     1801    1166    513     356     412     723     1233    1705    1885    1809    1520    1210    767     275     
934    1977 1025    659     1312    406     853     1538    1184    385     575     738     685     1130    1352    1625    1632    1434    1310    803     596     
934    1978 981     686     1310    431     833     1526    1173    412     264     681     692     1121    1463    1515    1598    1463    1277    775     390     
934    1979 978     -999999 1370    151     832     1572    1210    -33     104     533     825     1139    1405    1665    1640    1536    1280    813     728     
934    1980 986     706     1367    508     845     1552    1094    188     613     595     818     1121    1410    1547    1695    1600    1071    612     515     
934    1981 998     639     1377    424     975     1538    1135    478     265     853     828     1240    1374    1586    1650    1572    995     843     245     
934    1982 1056    568     1469    326     876     1706    1231    290     455     577     805     1245    1595    1820    1697    1638    1164    892     455     
934    1983 1094    676     1490    449     885     1801    1199    667     201     638     897     1120    1577    1954    1863    1515    1256    825     538     
934    1984 -999999 -999999 -999999 471     777     1619    1235    525     346     489     816     1009    1405    1671    1779    1496    1233    984     590     
934    1985 -999999 -999999 -999999 -999999 851     1581    1093    -999999 -999999 441     909     1181    1403    1739    1611    1587    1178    495     699     
934    1986 -999999 -999999 -999999 -999999 803     1623    1160    406     -172    493     663     1223    1609    1730    1534    1248    1308    918     663     
934    1987 -999999 -999999 -999999 -999999 804     1619    1196    -26     327     382     1034    1011    1368    1726    1744    1591    1200    783     528     
934    1988 -999999 -999999 -999999 -999999 938     1576    1138    708     566     609     901     1291    1448    1576    1698    1450    1255    733     841     
934    1989 -999999 -999999 -999999 -999999 1020    1701    -999999 536     586     888     778     1370    1503    1860    1747    1660    1353    701     544     
934    1990 -999999 -999999 -999999 -999999 1040    -999999 -999999 584     814     905     908     1290    -999999 -999999 1834    1398    1237    776     467     
934    1991 -999999 -999999 -999999 -999999 898     -999999 -999999 401     99      889     850     957     1304    1769    1785    1630    1213    -999999 489     
934    1992 -999999 -999999 -999999 -999999 1072    1743    1146    378     557     809     926     1473    1626    1801    1790    1514    1007    895     532     
934    1993 -999999 -999999 -999999 -999999 -999999 -999999 -999999 612     -999999 614     1025    1330    1576    1585    1629    1493    1073    -999999 -999999 
934    1994 -999999 -999999 -999999 -999999 -999999 -999999 1227    651     346     793     899     1237    1466    1994    1827    1433    1123    1143    669     
934    1995 -999999 -999999 -999999 -999999 927     1767    1280    550     791     655     882     1231    1376    1894    2001    1516    1419    925     139     
934    1996 -999999 -999999 -999999 -999999 -999999 -999999 1164    287     187     349     785     1027    1509    1592    1707    1455    1250    770     226     
934    1997 -999999 -999999 -999999 298     1021    1824    1197    11      692     862     898     1299    1601    1760    2103    1596    1180    817     631     
934    1998 -999999 -999999 -999999 621     -999999 -999999 -999999 584     650     -999999 899     1375    1569    1683    1664    1587    1082    606     605     
934    1999 -999999 -999999 -999999 593     1070    1774    1265    666     498     808     1044    1402    1541    1915    1857    1794    1216    839     617     
934    2000 -999999 -999999 -999999 -999999 1058    1680    1254    490     -999999 783     1008    1378    1648    1601    1791    1696    1248    834     676     
934    2001 -999999 -999999 -999999 559     962     1771    1320    423     583     648     886     1353    1550    1874    1885    1492    1548    918     497     
934    2002 -999999 865     -999999 615     1048    1734    1278    543     820     851     1010    1290    1558    1721    1913    1671    1207    971     503     
934    2003 1158    -999999 1627    465     1062    1893    1187    463     426     794     1062    1329    1777    1890    2016    1702    960     907     560     
934    2004 -999999 -999999 1554    586     1022    1769    1273    516     696     716     1077    1265    1631    1739    1939    1682    1281    810     513     
934    2005 1146    -999999 1529    509     956     1721    1374    648     352     604     986     1278    1669    1765    1727    1742    1495    881     546     
934    2006 -999999 695     -999999 414     911     1803    1390    316     374     519     913     1301    1594    2057    1739    1825    1413    946     624     
934    2007 -999999 -999999 -999999 687     1076    1633    1088    768     671     792     1102    1335    1596    1631    1672    1439    1076    761     425     
934    2008 1054    686     1438    537     1003    1625    1081    645     541     661     842     1501    1458    1719    1691    1399    1077    767     325     
934    2009 1040    541     1487    250     983     1675    1240    94      341     628     1036    1287    1511    1719    1789    1568    1184    970     320     
934    2010 924     579     1384    218     840     1663    1075    74      266     642     874     1005    1510    1788    1680    1438    1129    656     12      
934    2011 -999999 -999999 -999999 324     -999999 -999999 -999999 440     548     667     1223    -999999 -999999 -999999 -999999 -999999 -999999 -999999 -999999 
