EUROPEAN CLIMATE ASSESSMENT & DATASET (ECA&D), file created on: 10-05-2011
THESE DATA CAN BE USED FREELY PROVIDED THAT THE FOLLOWING SOURCE IS ACKNOWLEDGED: 

Klein Tank, A.M.G. and Coauthors, 2002. Daily dataset of 20th-century surface
air temperature and precipitation series for the European Climate Assessment.
Int. J. of Climatol., 22, 1441-1453.
Data and metadata available at http://eca.knmi.nl

FILE FORMAT (MISSING VALUE CODE = -999999):

THIS FILE HOLDS DATA FOR STATION RUSSIAN FEDERATION                       KALAC                                    (STAID:   1293)
LATITUDE: dd:mm:ss +50:24:00
LONGITUDE: ddd:mm:ss +041:06:00
ELEVATION: m   92

DATA IS FOR INDEX Mean of daily mean temperature (TG) with unit 0.01 Temperature (&#176;C)

01-06 SOUID: Source identifier
08-11 YEAR : YYYY
13-20 ANNUAL DATA VALUES
21-28 WINTER HALF YEAR DATA VALUES
29-36 SUMMER HALF YEAR DATA VALUES
37-44 WINTER (DJF) DATA VALUES
45-52 SPRING (MAM) DATA VALUES
53-60 SUMMER (JJA) DATA VALUES
61-68 AUTUMN (SON) DATA VALUES
69-76 JANUARY DATA VALUES
etc. 
157-164 DECEMBER DATA VALUES

1293   1995 -999999 -999999 -999999 -999999 1024    2070    -999999 -550    -18     250     1238    1592    2267    2053    1895    1546    735     210     -835    
1293   1996 -999999 -999999 -999999 -999999 609     -999999 -999999 -1394   -885    -690    714     1851    1920    2241    1966    1298    734     489     -584    
1293   1997 -999999 -999999 -999999 -999999 -999999 2039    -999999 -832    -999999 1       741     1605    2036    2110    1973    1220    678     100     -633    
1293   1998 -999999 -999999 -999999 -999999 865     -999999 -999999 -717    -999999 86      897     1563    2171    2227    1943    1477    837     -463    -641    
1293   1999 -999999 -999999 -999999 -421    803     2206    -999999 -311    -319    96      1115    1185    2139    2416    2059    1351    697     -423    -35     
1293   2000 -999999 -999999 -999999 -999999 830     1997    665     -631    -270    82      1259    1163    1799    2189    1983    1279    768     -60     -121    
1293   2001 -999999 -999999 -999999 -999999 883     2057    746     -262    -403    135     1133    1422    1732    2440    2021    1423    607     199     -1146   
1293   2002 -999999 -999999 -999999 -999999 864     2058    813     -495    149     474     727     1374    1784    2444    1945    1572    651     234     -1198   
1293   2003 -999999 -999999 -999999 -999999 -999999 1895    742     -618    -1076   -500    643     1711    1628    2088    1946    1242    801     181     -293    
1293   2004 -999999 -999999 -999999 -999999 842     1951    815     -329    -481    313     781     1407    1751    1978    2112    1494    796     154     -242    
1293   2005 -999999 -999999 -999999 -448    731     1966    889     -232    -936    -450    967     1715    1834    2009    2061    1535    836     281     -193    
1293   2006 -999999 -999999 -999999 -999999 703     2104    900     -1048   -1154   -192    823     1489    2110    1927    2277    1495    916     246     34      
1293   2007 -999999 -999999 -999999 -160    942     2121    773     53      -604    314     746     1753    1936    2102    2311    1527    842     -79     -477    
1293   2008 -999999 -999999 -999999 -575    993     2048    856     -922    -331    489     1137    1387    1764    2175    2191    1388    957     272     -364    
1293   2009 -999999 -999999 -999999 -462    739     2056    969     -636    -379    67      690     1437    2111    2298    1762    1656    1006    292     -551    
1293   2010 -999999 -999999 -999999 -775    850     2479    978     -1122   -618    -126    876     1771    2274    2596    2568    1639    579     716     -148    
1293   2011 -999999 -999999 -999999 -751    -999999 -999999 -999999 -924    -1191   -422    757     -999999 -999999 -999999 -999999 -999999 -999999 -999999 -999999 
