EUROPEAN CLIMATE ASSESSMENT & DATASET (ECA&D), file created on: 10-05-2011
THESE DATA CAN BE USED FREELY PROVIDED THAT THE FOLLOWING SOURCE IS ACKNOWLEDGED: 

Klein Tank, A.M.G. and Coauthors, 2002. Daily dataset of 20th-century surface
air temperature and precipitation series for the European Climate Assessment.
Int. J. of Climatol., 22, 1441-1453.
Data and metadata available at http://eca.knmi.nl

FILE FORMAT (MISSING VALUE CODE = -999999):

THIS FILE HOLDS DATA FOR STATION RUSSIAN FEDERATION                       CEREPOVEC                                (STAID:   1181)
LATITUDE: dd:mm:ss +59:06:00
LONGITUDE: ddd:mm:ss +037:54:00
ELEVATION: m  114

DATA IS FOR INDEX Mean of daily mean temperature (TG) with unit 0.01 Temperature (&#176;C)

01-06 SOUID: Source identifier
08-11 YEAR : YYYY
13-20 ANNUAL DATA VALUES
21-28 WINTER HALF YEAR DATA VALUES
29-36 SUMMER HALF YEAR DATA VALUES
37-44 WINTER (DJF) DATA VALUES
45-52 SPRING (MAM) DATA VALUES
53-60 SUMMER (JJA) DATA VALUES
61-68 AUTUMN (SON) DATA VALUES
69-76 JANUARY DATA VALUES
etc. 
157-164 DECEMBER DATA VALUES

1181   1995 -999999 -999999 -999999 -999999 -999999 1511    349     -849    -223    -147    580     1161    1718    1418    1414    1076    532     -594    -1359   
1181   1996 -999999 -999999 -999999 -1285   174     1493    -999999 -1228   -1266   -599    167     981     1378    1627    1469    688     -999999 190     -764    
1181   1997 -999999 -999999 -999999 -999999 -999999 -999999 198     -1232   -999999 -311    178     -999999 1581    1587    1574    749     150     -307    -1008   
1181   1998 -999999 -999999 -999999 -1000   221     1615    201     -690    -1322   -465    -43     1132    1714    1751    1380    993     480     -901    -800    
1181   1999 -999999 -999999 -999999 -969    265     1674    266     -1071   -1050   -400    616     628     1819    1866    1354    1047    599     -821    -336    
1181   2000 -999999 -999999 1159    -999999 393     1555    401     -944    -532    -272    625     832     1398    1871    1401    822     586     -196    -659    
1181   2001 -999999 -999999 1256    -999999 321     1600    420     -717    -1159   -673    753     897     1451    1971    1368    1087    359     -233    -1505   
1181   2002 -999999 -999999 -999999 -870    422     1601    -999999 -714    -333    -68     400     917     1442    1912    1448    952     -6      -547    -1634   
1181   2003 -999999 -999999 -999999 -1341   274     -999999 -999999 -1325   -1034   -485    201     1135    1140    1885    1515    1026    321     -33     -313    
1181   2004 -999999 -999999 -999999 -806    321     1575    418     -1181   -941    -166    199     915     1362    1778    1593    1161    424     -330    -510    
1181   2005 -999999 -999999 -999999 -732    272     1581    584     -531    -1186   -841    441     1222    1455    1756    1524    1133    467     149     -801    
1181   2006 -999999 -999999 -999999 -1156   182     1588    510     -1029   -1669   -783    342     1078    1656    1568    1546    1241    396     -107    22      
1181   2007 -999999 -999999 1253    -721    647     1595    425     -657    -1678   253     417     1243    1328    1713    1741    1031    574     -356    -317    
1181   2008 -999999 -999999 -999999 -483    427     1542    580     -737    -382    -152    515     919     1333    1733    1545    936     715     97      -278    
1181   2009 -999999 -999999 -999999 -553    276     1565    541     -758    -622    -338    134     1079    1485    1696    1509    1188    361     75      -915    
1181   2010 -999999 -999999 -999999 -1254   467     1860    371     -1647   -1205   -491    468     1425    1524    2302    1772    1031    284     -172    -1244   
1181   2011 -999999 -999999 -999999 -1266   -999999 -999999 -999999 -1128   -1441   -385    399     -999999 -999999 -999999 -999999 -999999 -999999 -999999 -999999 
