EUROPEAN CLIMATE ASSESSMENT & DATASET (ECA&D), file created on: 10-05-2011
THESE DATA CAN BE USED FREELY PROVIDED THAT THE FOLLOWING SOURCE IS ACKNOWLEDGED: 

Klein Tank, A.M.G. and Coauthors, 2002. Daily dataset of 20th-century surface
air temperature and precipitation series for the European Climate Assessment.
Int. J. of Climatol., 22, 1441-1453.
Data and metadata available at http://eca.knmi.nl

FILE FORMAT (MISSING VALUE CODE = -999999):

THIS FILE HOLDS DATA FOR STATION GERMANY                                  EMDEN-FLUGPLATZ                          (STAID:    474)
LATITUDE: dd:mm:ss +53:23:21
LONGITUDE: ddd:mm:ss +007:13:36
ELEVATION: m    0

DATA IS FOR INDEX Mean of daily mean temperature (TG) with unit 0.01 Temperature (&#176;C)

01-06 SOUID: Source identifier
08-11 YEAR : YYYY
13-20 ANNUAL DATA VALUES
21-28 WINTER HALF YEAR DATA VALUES
29-36 SUMMER HALF YEAR DATA VALUES
37-44 WINTER (DJF) DATA VALUES
45-52 SPRING (MAM) DATA VALUES
53-60 SUMMER (JJA) DATA VALUES
61-68 AUTUMN (SON) DATA VALUES
69-76 JANUARY DATA VALUES
etc. 
157-164 DECEMBER DATA VALUES

474    1990 -999999 -999999 1341    -999999 900     1602    967     -999999 -999999 719     748     1228    1466    1577    1760    1251    1107    539     331     
474    1991 865     477     1305    148     803     1575    936     242     -157    740     744     922     1197    1802    1715    1430    903     476     283     
474    1992 972     490     1451    325     924     1707    921     245     455     578     770     1419    1670    1740    1710    1379    714     677     288     
474    1993 851     431     1321    254     919     1455    724     300     165     424     1017    1321    1421    1510    1432    1216    833     120     395     
474    1994 963     399     1406    270     858     1714    983     427     -44     613     803     1158    1434    2010    1690    1319    836     800     431     
474    1995 931     538     1413    393     788     1712    1040    233     527     406     819     1140    1363    1895    1867    1370    1223    521     -217    
474    1996 751     216     1298    -208    669     1574    909     -222    -182    159     843     1012    1452    1527    1740    1202    1005    517     -65     
474    1997 922     395     1405    72      817     1738    892     -203    529     603     674     1171    1504    1723    1980    1355    849     472     381     
474    1998 941     556     1358    466     925     1542    847     426     604     609     862     1300    1511    1555    1559    1346    915     277     301     
474    1999 1001    465     1450    325     902     1631    1096    437     226     605     856     1243    1407    1804    1675    1705    995     593     416     
474    2000 1007    585     1391    440     942     1551    1086    399     509     595     883     1345    1510    1489    1653    1452    1085    721     424     
474    2001 948     510     1370    300     764     1653    1125    193     281     344     740     1208    1366    1780    1803    1303    1362    704     234     
474    2002 1008    651     1502    403     919     1777    984     390     603     608     840     1305    1633    1738    1954    1525    841     590     42      
474    2003 962     366     1510    59      903     1829    926     160     -35     565     870     1271    1725    1848    1911    1416    653     718     370     
474    2004 983     488     1432    344     886     1658    1050    257     411     522     956     1181    1509    1612    1849    1471    1061    618     330     
474    2005 997     517     1424    320     865     1620    1151    461     152     449     952     1197    1510    1757    1589    1532    1231    687     384     
474    2006 1044    462     1518    204     771     1754    1323    34      194     221     793     1299    1559    2060    1637    1745    1329    895     706     
474    2007 1045    804     1448    614     1007    1672    990     645     476     745     1069    1210    1674    1660    1681    1387    930     656     372     
474    2008 999     583     1432    463     884     1703    1004    550     467     516     781     1351    1620    1785    1700    1335    1006    672     189     
474    2009 971     456     1473    163     968     1667    1089    66      243     546     1109    1253    1445    1751    1799    1468    930     876     135     
474    2010 809     367     1371    -47     772     1699    925     -231    -46     512     850     956     1490    1954    1647    1311    981     483     -253    
474    2011 -999999 358     -999999 67      -999999 -999999 -999999 217     256     457     1163    -999999 -999999 -999999 -999999 -999999 -999999 -999999 -999999 
