EUROPEAN CLIMATE ASSESSMENT & DATASET (ECA&D), file created on: 10-05-2011
THESE DATA CAN BE USED FREELY PROVIDED THAT THE FOLLOWING SOURCE IS ACKNOWLEDGED: 

Klein Tank, A.M.G. and Coauthors, 2002. Daily dataset of 20th-century surface
air temperature and precipitation series for the European Climate Assessment.
Int. J. of Climatol., 22, 1441-1453.
Data and metadata available at http://eca.knmi.nl

FILE FORMAT (MISSING VALUE CODE = -999999):

THIS FILE HOLDS DATA FOR STATION POLAND                                   BIALYSTOK                                (STAID:    204)
LATITUDE: dd:mm:ss +53:06:00
LONGITUDE: ddd:mm:ss +023:10:00
ELEVATION: m  148

DATA IS FOR INDEX Mean of daily mean temperature (TG) with unit 0.01 Temperature (&#176;C)

01-06 SOUID: Source identifier
08-11 YEAR : YYYY
13-20 ANNUAL DATA VALUES
21-28 WINTER HALF YEAR DATA VALUES
29-36 SUMMER HALF YEAR DATA VALUES
37-44 WINTER (DJF) DATA VALUES
45-52 SPRING (MAM) DATA VALUES
53-60 SUMMER (JJA) DATA VALUES
61-68 AUTUMN (SON) DATA VALUES
69-76 JANUARY DATA VALUES
etc. 
157-164 DECEMBER DATA VALUES

204    1961 772     -999999 1410    -999999 836     1671    863     -404    37      429     861     1218    1793    1605    1620    1353    958     273     -506    
204    1962 -999999 -999999 1313    -999999 562     1530    781     -999999 -428    -386    984     1103    1386    1571    1629    1196    764     383     -531    
204    1963 625     -310    1547    -897    666     1837    875     -1320   -833    -348    705     1642    1611    1978    1915    1399    753     478     -562    
204    1964 658     -141    1430    -564    485     1825    726     -446    -690    -394    599     1252    2025    1939    1518    1232    700     246     -119    
204    1965 594     -34     1287    -362    483     1589    629     -295    -706    -86     584     954     1595    1640    1532    1409    695     -219    -74     
204    1966 737     -45     1431    -316    788     1738    760     -590    -280    168     782     1415    1723    1861    1629    1158    971     143     -205    
204    1967 795     56      1494    -385    840     1736    990     -750    -180    338     752     1427    1649    1881    1676    1563    1046    360     -281    
204    1968 686     53      1433    -420    727     1760    722     -680    -291    151     860     1174    1828    1695    1761    1271    698     198     -454    
204    1969 563     -233    1386    -672    548     1694    815     -903    -659    -307    567     1385    1629    1812    1640    1263    741     443     -925    
204    1970 626     -211    1354    -814    621     1682    695     -762    -747    -45     636     1273    1687    1699    1659    1151    633     304     -66     
204    1971 712     8       1383    -246    642     1715    620     -484    -181    -165    626     1466    1549    1770    1822    1033    728     97      214     
204    1972 686     3       1424    -326    729     1787    644     -981    -203    153     716     1318    1677    2025    1655    1130    478     329     -83     
204    1973 672     90      1318    -165    678     1651    562     -403    7       209     616     1206    1587    1746    1619    1113    535     40      -249    
204    1974 711     57      1248    -165    622     1528    715     -267    40      242     570     1053    1400    1518    1661    1270    608     271     125     
204    1975 818     231     1448    51      803     1727    722     130     -119    338     621     1443    1590    1829    1756    1428    696     44      -14     
204    1976 559     -110    1246    -392    490     1524    666     -466    -717    -236    637     1073    1375    1744    1450    1180    463     360     -190    
204    1977 680     61      1246    -249    686     1566    706     -348    -205    269     539     1244    1646    1534    1519    976     762     378     -208    
204    1978 573     34      1190    -382    610     1488    736     -344    -616    180     562     1085    1408    1539    1515    1016    700     495     -735    
204    1979 601     -170    1341    -748    651     1608    621     -766    -742    -6      582     1374    1844    1388    1600    1247    470     151     -16     
204    1980 538     -143    1210    -369    343     1555    663     -701    -392    -378    553     860     1526    1612    1527    1172    752     63      -164    
204    1981 682     24      1348    -289    656     1658    769     -451    -247    167     411     1382    1640    1785    1548    1299    813     193     -419    
204    1982 734     -13     1373    -441    681     1667    847     -490    -411    203     507     1326    1419    1805    1770    1382    771     391     49      
204    1983 814     230     1477    -14     878     1688    770     198     -318    241     874     1519    1556    1756    1749    1388    785     135     -197    
204    1984 700     46      1334    -216    724     1523    757     -108    -353    -8      855     1329    1366    1515    1684    1240    945     79      -187    
204    1985 543     -221    1335    -788    683     1613    610     -1070   -1140   -34     664     1417    1469    1598    1769    1064    780     -19     -114    
204    1986 648     -100    1349    -486    723     1667    685     -254    -1156   65      756     1348    1659    1724    1618    969     690     396     -179    
204    1987 511     -219    1241    -664    423     1534    694     -1509   -266    -428    543     1157    1505    1674    1422    1127    696     258     -75     
204    1988 695     81      1397    -121    637     1689    588     -162    -126    -112    572     1450    1622    1846    1595    1275    610     -120    -140    
204    1989 858     199     1414    88      862     1667    755     167     253     422     841     1322    1555    1787    1654    1308    903     48      -17     
204    1990 837     334     1317    162     871     1596    734     113     413     542     810     1259    1584    1584    1620    1031    782     388     -108    
204    1991 716     126     1342    -233    658     1673    781     -112    -504    256     659     1057    1481    1811    1719    1307    693     345     -209    
204    1992 762     151     1412    -131    708     1812    614     -164    -13     252     603     1267    1672    1835    1923    1143    469     234     -102    
204    1993 668     53      1309    -127    763     1498    455     -85     -200    -19     773     1536    1438    1551    1503    1033    703     -380    85      
204    1994 759     33      1432    -104    711     1735    727     114     -555    163     836     1137    1448    2010    1737    1405    576     207     -74     
204    1995 719     136     1400    -62     698     1754    671     -298    212     200     719     1175    1713    1844    1702    1232    871     -97     -666    
204    1996 581     -273    1343    -713    614     1637    777     -780    -692    -294    668     1470    1567    1576    1765    984     817     529     -678    
204    1997 693     55      1344    -403    618     1721    658     -551    67      165     438     1245    1597    1747    1815    1198    554     225     -226    
204    1998 714     136     1380    -15     764     1611    521     -4      207     68      894     1334    1696    1659    1480    1204    695     -341    -351    
204    1999 802     -6      1478    -247    758     1828    730     -157    -233    318     924     1038    1853    2001    1631    1415    725     49      -3      
204    2000 862     157     1417    -32     923     1642    871     -212    131     244     1152    1382    1655    1613    1660    1028    1015    566     96      
204    2001 765     260     1449    -65     765     1779    791     -111    -191    149     830     1320    1437    2091    1799    1187    986     193     -584    
204    2002 831     184     1558    -163    936     1896    705     -150    290     379     829     1596    1662    2049    1970    1208    627     284     -801    
204    2003 724     -143    1445    -622    701     1789    716     -441    -623    67      591     1442    1595    1998    1769    1247    485     423     39      
204    2004 712     63      1317    -255    670     1631    768     -639    -159    224     718     1069    1457    1644    1787    1208    870     224     106     
204    2005 712     96      1388    -113    606     1649    783     -6      -476    -192    781     1234    1484    1868    1589    1355    765     228     -168    
204    2006 752     -138    1480    -525    576     1798    963     -819    -594    -275    749     1258    1580    2054    1753    1465    973     450     335     
204    2007 842     367     1476    58      911     1796    709     199     -404    579     724     1424    1775    1783    1829    1297    779     50      -34     
204    2008 840     201     1401    28      775     1711    819     -73     201     279     859     1191    1571    1763    1794    1209    892     354     15      
204    2009 740     128     1443    -212    757     1700    795     -439    -214    132     897     1247    1566    1865    1665    1401    597     394     -283    
204    2010 697     -69     1533    -547    803     1925    700     -1008   -329    205     804     1402    1689    2120    1959    1194    460     454     -641    
204    2011 -999999 -66     -999999 -481    -999999 -999999 -999999 -230    -583    112     910     -999999 -999999 -999999 -999999 -999999 -999999 -999999 -999999 
