EUROPEAN CLIMATE ASSESSMENT & DATASET (ECA&D), file created on: 10-05-2011
THESE DATA CAN BE USED FREELY PROVIDED THAT THE FOLLOWING SOURCE IS ACKNOWLEDGED: 

Klein Tank, A.M.G. and Coauthors, 2002. Daily dataset of 20th-century surface
air temperature and precipitation series for the European Climate Assessment.
Int. J. of Climatol., 22, 1441-1453.
Data and metadata available at http://eca.knmi.nl

FILE FORMAT (MISSING VALUE CODE = -999999):

THIS FILE HOLDS DATA FOR STATION POLAND                                   KOSZALIN                                 (STAID:   2022)
LATITUDE: dd:mm:ss +54:12:00
LONGITUDE: ddd:mm:ss +016:08:59
ELEVATION: m   32

DATA IS FOR INDEX Mean of daily mean temperature (TG) with unit 0.01 Temperature (&#176;C)

01-06 SOUID: Source identifier
08-11 YEAR : YYYY
13-20 ANNUAL DATA VALUES
21-28 WINTER HALF YEAR DATA VALUES
29-36 SUMMER HALF YEAR DATA VALUES
37-44 WINTER (DJF) DATA VALUES
45-52 SPRING (MAM) DATA VALUES
53-60 SUMMER (JJA) DATA VALUES
61-68 AUTUMN (SON) DATA VALUES
69-76 JANUARY DATA VALUES
etc. 
157-164 DECEMBER DATA VALUES

2022   1961 827     -999999 1317    -999999 788     1531    1006    -149    265     508     860     998     1645    1503    1450    1447    1125    441     -188    
2022   1962 659     229     1164    -41     519     1370    824     129     -66     -90     771     884     1244    1387    1474    1216    897     357     -330    
2022   1963 667     -90     1367    -591    600     1639    973     -831    -613    -55     609     1246    1502    1680    1729    1417    852     655     -263    
2022   1964 750     122     1368    -216    601     1627    865     -170    -213    -132    726     1212    1634    1643    1604    1379    772     448     71      
2022   1965 691     196     1236    -52     541     1473    790     30      -279    99      661     865     1490    1474    1456    1467    888     10      62      
2022   1966 776     137     1332    -116    650     1669    872     -345    -58     244     521     1182    1741    1668    1601    1267    1042    300     96      
2022   1967 843     321     1346    15      760     1603    1014    -187    149     511     549     1215    1392    1761    1648    1494    1088    456     -10     
2022   1968 795     296     1364    -66     748     1651    915     -145    -40     413     819     1014    1696    1551    1708    1389    927     428     -240    
2022   1969 674     68      1330    -302    532     1627    955     -328    -343    -67     551     1114    1458    1767    1651    1424    921     522     -637    
2022   1970 675     -21     1248    -528    487     1574    865     -498    -440    -17     449     1028    1534    1598    1587    1275    871     449     185     
2022   1971 815     266     1330    82      662     1611    818     -77     144     22      657     1306    1357    1679    1787    1165    934     353     393     
2022   1972 776     281     1314    2       700     1661    808     -442    60      378     621     1099    1491    1848    1638    1163    755     507     173     
2022   1973 794     341     1320    115     711     1635    751     -13     192     425     513     1189    1544    1745    1615    1296    705     252     16      
2022   1974 793     283     1221    110     631     1499    798     78      246     385     562     945     1326    1496    1669    1315    654     431     343     
2022   1975 840     346     1379    242     657     1681    829     356     3       256     528     1182    1409    1804    1822    1509    797     183     157     
2022   1976 705     138     1270    -39     523     1580    834     -55     -232    -46     480     1133    1434    1753    1548    1253    720     533     -89     
2022   1977 793     267     1221    -28     646     1549    898     -60     75      413     472     1048    1569    1522    1556    1145    984     562     175     
2022   1978 746     311     1242    -8      661     1546    906     17      -238    324     518     1137    1510    1551    1577    1139    956     621     -228    
2022   1979 721     121     1324    -349    697     1566    790     -447    -373    168     613     1308    1690    1390    1622    1313    715     345     235     
2022   1980 686     134     1233    -115    489     1552    844     -480    -98     77      530     861     1455    1624    1573    1344    867     318     144     
2022   1981 785     269     1362    6       801     1596    880     -141    16      387     566     1442    1518    1665    1603    1358    828     456     -325    
2022   1982 836     142     1384    -290    702     1696    1041    -380    -151    402     536     1161    1495    1753    1834    1505    1034    584     192     
2022   1983 886     435     1414    184     838     1659    909     419     -85     418     795     1298    1499    1745    1729    1403    919     406     6       
2022   1984 788     253     1302    16      676     1553    902     95      -57     134     659     1235    1349    1559    1746    1241    1076    384     -9      
2022   1985 687     87      1293    -399    706     1551    762     -657    -546    225     599     1291    1344    1645    1656    1202    959     120     300     
2022   1986 741     163     1261    -122    686     1559    867     -46     -671    238     439     1373    1435    1680    1558    1054    891     655     167     
2022   1987 643     102     1195    -268    448     1468    892     -827    -131    -149    661     840     1332    1587    1482    1255    936     483     205     
2022   1988 854     373     1375    217     725     1634    815     237     208     162     653     1359    1486    1780    1632    1320    906     215     255     
2022   1989 938     452     1381    338     862     1600    961     330     439     556     822     1205    1447    1728    1620    1448    1067    365     195     
2022   1990 948     533     1360    361     901     1642    901     335     574     662     795     1244    1596    1597    1732    1181    1013    506     117     
2022   1991 821     346     1317    37      678     1625    917     172     -203    424     749     863     1334    1792    1741    1406    914     430     150     
2022   1992 887     381     1456    177     797     1810    767     109     277     398     704     1286    1754    1863    1812    1298    577     433     111     
2022   1993 802     269     1341    107     896     1485    669     152     51      271     860     1555    1394    1525    1533    1158    817     28      213     
2022   1994 880     251     1422    91      767     1737    879     234     -202    365     849     1090    1395    2029    1775    1372    736     534     299     
2022   1995 821     373     1362    213     690     1695    895     -13     370     315     680     1074    1427    1877    1771    1324    1137    214     -352    
2022   1996 664     47      1262    -356    579     1578    829     -319    -400    -22     756     1009    1426    1480    1821    1060    937     487     -304    
2022   1997 832     241     1391    -120    649     1780    845     -285    266     357     502     1083    1600    1712    2022    1404    815     317     157     
2022   1998 833     368     1369    269     821     1539    742     242     423     256     899     1309    1533    1576    1507    1383    828     14      1       
2022   1999 932     257     1483    69      827     1732    1012    183     18      466     829     1184    1566    1898    1725    1685    915     441     211     
2022   2000 974     411     1425    228     972     1572    1085    132     350     416     1095    1408    1555    1525    1635    1319    1233    697     303     
2022   2001 859     435     1386    153     720     1696    956     83      65      200     730     1232    1368    1874    1835    1249    1166    446     -1      
2022   2002 929     443     1543    191     874     1880    858     144     455     447     771     1402    1651    1907    2073    1426    759     392     -305    
2022   2003 857     138     1464    -197    771     1770    863     -60     -228    241     712     1357    1693    1866    1747    1390    629     577     284     
2022   2004 840     277     1362    21      776     1623    929     -357    144     389     828     1113    1427    1589    1846    1352    985     447     294     
2022   2005 875     339     1417    157     702     1647    1035    218     -60     115     782     1211    1450    1860    1626    1560    1081    465     122     
2022   2006 937     195     1530    -143    669     1826    1225    -461    -85     33      746     1231    1625    2104    1742    1713    1231    733     563     
2022   2007 983     642     1497    382     1018    1769    848     453     105     721     910     1419    1755    1744    1808    1333    851     359     265     
2022   2008 946     429     1419    319     793     1733    951     256     446     396     754     1227    1619    1785    1790    1318    974     560     207     
2022   2009 880     339     1482    41      864     1717    970     -74     -18     356     1060    1182    1432    1853    1857    1490    765     663     -56     
2022   2010 750     187     1421    -226    703     1807    845     -545    -62     345     777     988     1489    2050    1873    1324    745     470     -500    
2022   2011 -999999 155     -999999 -221    -999999 -999999 -999999 24      -182    353     1004    -999999 -999999 -999999 -999999 -999999 -999999 -999999 -999999 
