EUROPEAN CLIMATE ASSESSMENT & DATASET (ECA&D), file created on: 10-05-2011
THESE DATA CAN BE USED FREELY PROVIDED THAT THE FOLLOWING SOURCE IS ACKNOWLEDGED: 

Klein Tank, A.M.G. and Coauthors, 2002. Daily dataset of 20th-century surface
air temperature and precipitation series for the European Climate Assessment.
Int. J. of Climatol., 22, 1441-1453.
Data and metadata available at http://eca.knmi.nl

FILE FORMAT (MISSING VALUE CODE = -999999):

THIS FILE HOLDS DATA FOR STATION UNITED KINGDOM                           SHEFFIELD                                (STAID:   1848)
LATITUDE: dd:mm:ss +53:22:51
LONGITUDE: ddd:mm:ss -001:29:24
ELEVATION: m  131

DATA IS FOR INDEX Mean of daily mean temperature (TG) with unit 0.01 Temperature (&#176;C)

01-06 SOUID: Source identifier
08-11 YEAR : YYYY
13-20 ANNUAL DATA VALUES
21-28 WINTER HALF YEAR DATA VALUES
29-36 SUMMER HALF YEAR DATA VALUES
37-44 WINTER (DJF) DATA VALUES
45-52 SPRING (MAM) DATA VALUES
53-60 SUMMER (JJA) DATA VALUES
61-68 AUTUMN (SON) DATA VALUES
69-76 JANUARY DATA VALUES
etc. 
157-164 DECEMBER DATA VALUES

1848   1960 -999999 -999999 -999999 -999999 -999999 1562    1002    -999999 361     -999999 947     1311    1646    1513    1527    1336    960     707     398     
1848   1961 -999999 -999999 -999999 -999999 973     -999999 -999999 301     -999999 923     954     1042    1462    1469    1532    1493    1075    608     -999999 
1848   1962 -999999 -999999 -999999 -999999 663     1395    -999999 420     -999999 260     734     990     1369    1396    1419    1243    1047    502     172     
1848   1963 -999999 -999999 -999999 -999999 788     1464    -999999 -122    -999999 508     775     1053    1455    1537    1398    1290    1041    -999999 -999999 
1848   1964 -999999 -999999 -999999 -999999 862     1485    -999999 335     -999999 318     901     1327    1352    1569    1530    1401    867     711     317     
1848   1965 -999999 -999999 -999999 -999999 -999999 -999999 -999999 308     -999999 453     808     1123    1474    1335    1504    1207    1069    -999999 418     
1848   1966 -999999 -999999 -999999 -999999 -999999 -999999 968     253     469     645     602     1100    1540    1516    1463    1378    970     542     -999999 
1848   1967 -999999 -999999 -999999 -999999 -999999 1602    983     386     516     701     746     990     -999999 1714    1600    1324    1091    489     -999999 
1848   1968 -999999 -999999 -999999 -999999 -999999 -999999 -999999 -999999 180     606     840     978     1489    1431    1521    1376    1236    588     281     
1848   1969 -999999 -999999 -999999 -999999 -999999 -999999 -999999 513     -999999 200     719     1104    1396    1701    1600    1376    1250    -999999 -999999 
1848   1970 -999999 -999999 -999999 -999999 -999999 -999999 -999999 350     260     332     648     1284    1629    1524    1618    1439    1048    710     -999999 
1848   1971 -999999 -999999 -999999 -999999 826     1495    -999999 445     -999999 560     755     1150    1217    1721    1546    1430    1129    -999999 669     
1848   1972 -999999 -999999 -999999 -999999 841     1432    -999999 -999999 365     630     811     1060    1214    1542    1529    1162    1002    632     497     
1848   1973 -999999 -999999 -999999 -999999 -999999 -999999 -999999 458     -999999 683     684     1106    1513    1575    1628    1393    901     550     -999999 
1848   1974 -999999 -999999 -999999 -999999 -999999 1470    -999999 540     -999999 526     751     1116    1366    1500    1542    1235    725     614     -999999 
1848   1975 -999999 -999999 -999999 -999999 732     1712    -999999 609     -999999 422     843     950     1473    1732    1921    1338    966     589     563     
1848   1976 -999999 -999999 -999999 -999999 -999999 1773    -999999 -999999 435     458     793     1164    1715    1859    1742    1299    1013    602     181     
1848   1977 -999999 -999999 -999999 -999999 783     1452    -999999 224     367     615     712     1016    1243    1555    1550    1242    1095    565     522     
1848   1978 -999999 -999999 -999999 -999999 -999999 -999999 -999999 271     186     649     581     1159    1356    1446    1503    1352    1208    809     -999999 
1848   1979 -999999 -999999 -999999 -999999 -999999 -999999 -999999 -39     66      407     768     1006    1446    1618    1504    1335    1076    -999999 -999999 
1848   1980 -999999 -999999 -999999 -999999 -999999 -999999 -999999 192     -999999 470     901     1105    1364    1427    1568    1502    854     622     -999999 
1848   1981 -999999 -999999 -999999 -999999 -999999 1524    -999999 432     -999999 706     729     1149    1343    1593    1632    1486    765     734     -12     
1848   1982 -999999 -999999 -999999 -999999 906     -999999 -999999 236     -999999 620     895     1192    1517    1662    1583    1414    998     -999999 406     
1848   1983 -999999 -999999 -999999 -999999 769     -999999 -999999 612     132     633     642     1004    1363    1931    1708    1330    999     -999999 538     
1848   1984 -999999 -999999 -999999 -999999 -999999 1648    -999999 282     -999999 426     814     1013    1456    1722    1752    1317    1076    760     -999999 
1848   1985 -999999 -999999 -999999 -999999 -999999 -999999 -999999 144     -999999 492     787     1029    1256    1639    1486    1476    1122    372     -999999 
1848   1986 -999999 -999999 -999999 -999999 739     1448    -999999 246     -107    471     565     1163    1439    1567    1341    1164    1061    735     541     
1848   1987 -999999 -999999 -999999 -999999 -999999 -999999 -999999 -999999 369     397     1014    1020    1231    1572    1580    1331    891     601     547     
1848   1988 -999999 -999999 -999999 -999999 -999999 1510    -999999 465     454     606     793     1150    1462    1506    1555    1276    975     537     766     
1848   1989 -999999 -999999 -999999 -999999 -999999 1640    -999999 603     585     717     603     1304    1480    1802    1633    1432    1152    635     -999999 
1848   1990 -999999 -999999 -999999 -999999 1001    -999999 -999999 587     -999999 852     836     1294    1361    1696    1811    1311    1143    639     -999999 
1848   1991 -999999 -999999 -999999 -999999 873     1555    -999999 278     212     763     767     1088    1212    1747    1720    1453    1013    615     508     
1848   1992 -999999 -999999 -999999 -999999 979     1573    903     318     577     685     877     1358    1592    1610    1518    1293    736     679     330     
1848   1993 -999999 -999999 -999999 -999999 877     -999999 -999999 490     -999999 626     928     1105    1478    1463    1428    -999999 780     395     415     
1848   1994 -999999 -999999 -999999 -999999 846     1626    -999999 416     -999999 696     817     1010    1470    1815    1574    1227    908     884     547     
1848   1995 -999999 -999999 -999999 -999999 -999999 1720    -999999 376     596     533     845     1199    1388    1890    1866    1373    1222    -999999 124     
1848   1996 -999999 -999999 -999999 -999999 -999999 1594    -999999 346     228     370     835     883     1437    1659    1682    1323    1097    536     249     
1848   1997 -999999 -999999 -999999 -999999 -999999 1648    -999999 264     644     841     899     1117    1369    1722    1835    1371    915     799     593     
1848   1998 -999999 -999999 -999999 -999999 -999999 1513    -999999 443     788     784     768     1251    1380    1561    1586    1435    962     570     502     
1848   1999 -999999 -999999 -999999 -999999 -999999 1595    -999999 -999999 -999999 736     940     1310    1418    1785    1588    1564    1054    745     411     
1848   2000 -999999 -999999 -999999 -999999 -999999 1564    -999999 509     599     724     805     1178    1474    1519    1683    1433    1000    634     -999999 
1848   2001 -999999 -999999 -999999 -999999 -999999 -999999 -999999 284     -999999 462     744     1241    1420    1732    1668    1298    1304    -999999 -999999 
1848   2002 -999999 -999999 -999999 -999999 979     -999999 -999999 516     -999999 749     936     1234    1488    1592    1725    1398    965     755     -999999 
1848   2003 -999999 -999999 -999999 -999999 995     1730    -999999 408     -999999 748     972     1254    1642    1748    1797    1444    924     764     436     
1848   2004 -999999 -999999 -999999 -999999 -999999 -999999 -999999 486     -999999 655     973     1247    1551    1615    1718    1449    1014    750     -999999 
1848   2005 1054    -999999 1411    -999999 918     1637    1147    593     439     715     885     1153    1584    1685    1641    1509    1284    644     475     
1848   2006 1086    617     1498    433     830     1766    1246    437     383     460     830     1198    1669    2005    1620    1653    1258    825     648     
1848   2007 1065    795     1398    653     1019    1544    1091    698     609     714     1159    1189    1487    1550    1593    1403    1104    766     483     
1848   2008 1016    686     1388    552     894     1611    1025    645     527     583     790     1305    1467    1689    1674    1385    997     692     417     
1848   2009 -999999 610     -999999 404     995     -999999 -999999 349     451     740     1027    1219    1506    -999999 -999999 -999999 -999999 -999999 -999999 
