EUROPEAN CLIMATE ASSESSMENT & DATASET (ECA&D), file created on: 10-05-2011
THESE DATA CAN BE USED FREELY PROVIDED THAT THE FOLLOWING SOURCE IS ACKNOWLEDGED: 

Klein Tank, A.M.G. and Coauthors, 2002. Daily dataset of 20th-century surface
air temperature and precipitation series for the European Climate Assessment.
Int. J. of Climatol., 22, 1441-1453.
Data and metadata available at http://eca.knmi.nl

FILE FORMAT (MISSING VALUE CODE = -999999):

THIS FILE HOLDS DATA FOR STATION DENMARK                                  TRANEBJERG                               (STAID:    113)
LATITUDE: dd:mm:ss +55:51:00
LONGITUDE: ddd:mm:ss +010:36:00
ELEVATION: m   11

DATA IS FOR INDEX Mean of daily mean temperature (TG) with unit 0.01 Temperature (&#176;C)

01-06 SOUID: Source identifier
08-11 YEAR : YYYY
13-20 ANNUAL DATA VALUES
21-28 WINTER HALF YEAR DATA VALUES
29-36 SUMMER HALF YEAR DATA VALUES
37-44 WINTER (DJF) DATA VALUES
45-52 SPRING (MAM) DATA VALUES
53-60 SUMMER (JJA) DATA VALUES
61-68 AUTUMN (SON) DATA VALUES
69-76 JANUARY DATA VALUES
etc. 
157-164 DECEMBER DATA VALUES

113    1872 -999999 -999999 -999999 -999999 -999999 -999999 -999999 -999999 -999999 -999999 -999999 -999999 -999999 -999999 -999999 -999999 -999999 -999999 239     
113    1873 -999999 -999999 -999999 -999999 -999999 -999999 -999999 -999999 -999999 -999999 -999999 -999999 -999999 -999999 -999999 -999999 -999999 -999999 542     
113    1874 -999999 -999999 -999999 -999999 -999999 -999999 1099    -999999 -999999 -999999 -999999 -999999 -999999 2029    1685    1574    1241    457     21      
113    1875 933     321     1629    0       810     1948    932     77      -109    207     786     1436    1761    2005    2071    1693    824     282     92      
113    1876 922     277     1530    52      788     1930    937     9       57      384     864     1119    1788    2023    1975    1391    1110    282     11      
113    1877 -999999 292     -999999 79      570     1761    964     118     110     105     526     1078    1849    1775    1663    1292    893     752     240     
113    1878 1014    480     1572    261     915     1841    1091    150     406     438     986     1322    1758    1809    1953    1593    1160    517     47      
113    1879 804     247     1430    -128    661     1727    976     -205    -235    161     525     1292    1643    1705    1832    1565    1008    354     -72     
113    1880 992     334     1616    65      894     1897    990     93      182     429     941     1315    1703    1913    2070    1738    770     471     261     
113    1881 -999999 -999999 1434    -52     661     1761    917     -230    -203    7       574     1333    1712    1894    1676    1366    746     659     329     
113    1882 1021    540     1538    375     970     1806    1018    389     410     700     886     1322    1658    1935    1819    1592    1048    415     32      
113    1883 946     303     1522    105     760     1802    1020    62      232     50      780     1450    1770    1902    1735    1478    1000    583     272     
113    1884 995     491     1511    309     764     1827    1074    325     330     429     631     1228    1615    1925    1935    1711    1086    425     268     
113    1885 926     432     1455    198     825     1776    883     38      298     464     896     1118    1707    1979    1639    1380    843     427     290     
113    1886 945     253     1552    72      775     1783    1155    34      -126    21      924     1385    1674    1835    1837    1643    1105    717     226     
113    1887 940     449     1510    160     791     1869    931     56      202     369     795     1208    1821    1992    1793    1436    865     495     199     
113    1888 825     249     1353    84      531     1645    952     109     -64     -125    455     1260    1641    1648    1646    1451    890     517     418     
113    1889 968     341     1598    160     863     1920    1003    121     -84     147     737     1701    2208    1862    1699    1363    994     653     148     
113    1890 949     455     1480    206     901     1678    1040    336     128     448     815     1436    1611    1668    1754    1585    987     549     -15     
113    1891 928     292     1466    -11     722     1750    1094    -205    208     215     660     1289    1679    1916    1652    1586    1212    481     375     
113    1892 916     425     1484    174     829     1745    990     33      112     306     894     1291    1571    1820    1838    1476    979     515     108     
113    1893 972     285     1588    -122    976     1904    1011    -414    -55     549     1034    1347    1784    1999    1926    1420    1110    499     392     
113    1894 1044    537     1537    289     1033    1826    998     126     356     723     1049    1327    1733    2041    1702    1357    874     766     435     
113    1895 948     339     1603    25      939     1805    1091    -26     -372    300     992     1528    1779    1780    1855    1669    972     635     182     
113    1896 1027    467     1604    226     928     1947    1005    180     322     509     844     1428    2054    2035    1755    1496    1051    467     138     
113    1897 989     343     1572    47      862     1915    1027    -97     108     366     850     1370    1918    1867    1959    1454    995     635     387     
113    1898 1002    513     1445    384     732     1713    1104    474     281     287     719     1188    1636    1656    1844    1613    1037    663     579     
113    1899 1052    570     1562    437     833     1930    1148    364     360     402     783     1314    1795    2078    1913    1471    1088    887     123     
113    1900 984     416     1536    81      751     1890    1078    91      25      262     726     1265    1763    2017    1886    1540    1058    637     473     
113    1901 997     400     1615    145     835     1929    1142    -9      -47     250     806     1449    1614    2203    1960    1631    1182    611     235     
113    1902 887     485     1363    236     731     1671    935     405     50      391     754     1049    1787    1725    1507    1351    966     487     118     
113    1903 962     459     1437    221     881     1704    1016    138     428     616     670     1350    1687    1816    1607    1474    1005    569     152     
113    1904 1006    390     1549    138     842     1862    1077    135     127     359     904     1264    1722    2001    1858    1525    1082    623     440     
113    1905 978     513     1527    306     828     1890    899     174     304     439     580     1455    1870    2016    1783    1437    775     489     368     
113    1906 1053    399     1624    264     945     1874    1183    235     181     329     992     1515    1856    1934    1831    1604    1127    820     162     
113    1907 948     482     1390    137     851     1600    1148    158     85      510     759     1282    1513    1723    1561    1492    1344    601     286     
113    1908 975     505     1506    250     766     1849    1033    133     336     320     685     1289    1746    2022    1775    1501    1125    471     269     
113    1909 907     377     1415    168     681     1716    1051    155     69      144     736     1165    1663    1724    1760    1431    1252    464     267     
113    1910 1064    532     1594    276     986     1899    1037    256     307     621     906     1428    1916    1958    1823    1520    1133    454     390     
113    1911 1111    512     1672    333     981     1948    1151    276     331     467     871     1601    1683    1998    2155    1702    1069    684     433     
113    1912 975     475     1488    163     905     1822    950     -3      53      591     892     1234    1668    2090    1704    1323    974     553     564     
113    1913 -999999 -999999 -999999 -999999 -999999 -999999 -999999 98      -999999 -999999 -999999 -999999 -999999 -999999 -999999 -999999 -999999 -999999 -999999 
113    1914 -999999 -999999 -999999 -999999 -999999 -999999 -999999 4       -999999 -999999 -999999 -999999 -999999 -999999 -999999 -999999 -999999 -999999 -999999 
113    1915 -999999 -999999 -999999 -999999 -999999 -999999 -999999 90      -999999 -999999 -999999 -999999 -999999 -999999 -999999 -999999 -999999 -999999 -999999 
113    1916 -999999 -999999 -999999 -999999 -999999 -999999 -999999 -999999 -999999 185     -999999 -999999 -999999 -999999 -999999 -999999 -999999 -999999 303     
113    1917 -999999 -999999 -999999 -999999 -999999 -999999 -999999 -999999 -999999 -999999 -999999 1444    -999999 -999999 -999999 -999999 -999999 -999999 200     
113    1918 -999999 -999999 -999999 -999999 -999999 -999999 -999999 -999999 -999999 -999999 -999999 -999999 -999999 -999999 -999999 -999999 -999999 -999999 -999999 
113    1919 -999999 -999999 -999999 -999999 -999999 -999999 -999999 -999999 -999999 -999999 -999999 -999999 -999999 -999999 1666    -999999 -999999 -999999 -999999 
113    1920 -999999 -999999 -999999 -999999 -999999 -999999 -999999 115     -999999 616     -999999 1316    -999999 1821    -999999 -999999 -999999 -999999 159     
113    1921 -999999 -999999 -999999 -999999 -999999 -999999 -999999 -999999 -999999 -999999 1098    1569    1669    -999999 -999999 -999999 -999999 -999999 -999999 
113    1922 -999999 -999999 -999999 -999999 -999999 -999999 -999999 -999999 -999999 -999999 -999999 1389    -999999 -999999 -999999 -999999 -999999 495     -999999 
113    1923 -999999 -999999 -999999 -999999 -999999 -999999 -999999 328     -999999 -999999 -999999 -999999 -999999 -999999 -999999 -999999 -999999 -999999 -999999 
113    1924 -999999 -999999 1463    -999999 666     1757    1159    -123    -44     113     593     1273    1621    1802    1839    1639    1143    680     442     
113    1925 1067    -999999 1695    438     985     2017    936     443     429     334     1053    1550    1793    2258    1994    1476    964     368     53      
113    1926 1035    361     -999999 97      951     1937    1062    127     114     518     1041    1297    1682    2125    1995    1614    918     676     328     
113    1927 961     540     1480    292     887     1794    1016    327     211     740     788     1127    1399    1993    1966    1561    1063    424     -143    
113    1928 -999999 -999999 1481    97      878     1673    1172    130     326     403     874     1326    1438    1786    1789    1638    1086    781     261     
113    1929 -999999 -999999 -999999 -98     789     1764    1211    -124    -467    467     552     1360    1579    1837    1865    1816    1142    659     468     
113    1930 -999999 -999999 -999999 340     917     1932    1128    375     160     501     852     1384    1915    1955    1927    1501    1143    739     332     
113    1931 -999999 -999999 -999999 195     815     1763    1014    183     55      164     749     1555    1606    1865    1815    1365    1036    655     342     
113    1932 -999999 -999999 -999999 -999999 849     1975    1043    413     312     285     815     1444    1771    2131    2022    1565    959     612     366     
113    1933 -999999 -999999 -999999 -999999 1006    2052    1128    35      159     603     942     1472    2016    2132    2002    1703    1147    553     193     
113    1934 -999999 -999999 -999999 314     1030    1952    1231    267     491     497     1059    1535    1842    2135    1875    1767    1177    748     560     
113    1935 1058    -999999 1615    347     918     1954    1099    142     345     486     881     1371    1827    2029    2000    1563    1059    677     252     
113    1936 -999999 454     -999999 210     805     1957    1058    334     33      345     663     1381    2009    1945    1919    1581    920     664     448     
113    1937 -999999 -999999 -999999 206     867     2015    1169    25      130     255     853     1537    1763    2102    2174    1664    1235    588     117     
113    1938 -999999 -999999 -999999 287     1085    1894    1279    306     443     905     999     1351    1680    1892    2095    1750    1192    890     208     
113    1939 -999999 -999999 1689    291     955     1972    -999999 222     465     410     989     1466    1904    1938    2071    1731    860     -999999 205     
113    1940 -999999 -999999 -999999 -175    766     1903    -999999 -263    -492    122     686     1465    2078    1941    1696    1400    892     680     169     
113    1941 -999999 -999999 -999999 -139    688     1929    -999999 -350    -258    247     603     1197    1846    2198    1742    -999999 1052    382     367     
113    1942 -999999 -999999 1522    -999999 722     1777    1144    -377    -504    -109    830     1369    1621    1781    1923    1595    1191    644     380     
113    1943 -999999 -999999 -999999 293     1088    1846    1128    20      508     759     1071    1500    1745    1971    1824    1580    1198    608     362     
113    1944 -999999 -999999 -999999 348     831     1897    -999999 435     231     382     862     1235    1551    1965    2173    -999999 1109    584     307     
113    1945 -999999 -999999 1627    187     1057    1899    -999999 20      244     759     995     1416    1709    2026    1955    1641    1275    -999999 335     
113    1946 -999999 -999999 -999999 241     1015    1781    -999999 148     239     322     1144    1539    1522    2007    1807    -999999 1008    600     186     
113    1947 -999999 -999999 -999999 -129    842     -999999 -999999 -171    -441    -20     911     1702    -999999 2039    -999999 1904    1128    -999999 357     
113    1948 -999999 -999999 -999999 -999999 -999999 1913    -999999 -999999 -999999 724     -999999 1564    1810    2015    1917    1570    1052    -999999 464     
113    1949 -999999 -999999 -999999 -999999 -999999 -999999 -999999 344     422     -999999 1056    1463    1698    2114    1863    -999999 1322    688     488     
113    1950 -999999 -999999 -999999 -999999 1058    1976    1051    -999999 282     661     916     1544    1951    1926    2050    1537    1090    559     142     
113    1951 -999999 -999999 -999999 137     775     1864    1174    102     172     152     866     1311    1868    1844    1880    1639    1137    765     567     
113    1952 -999999 -999999 -999999 340     942     1775    864     181     263     254     1139    1440    1598    1884    1844    1353    858     381     166     
113    1953 -999999 -999999 -999999 -999999 -999999 -999999 -999999 156     -999999 -999999 -999999 -999999 -999999 -999999 -999999 -999999 -999999 788     -999999 
113    1954 -999999 -999999 -999999 -999999 -999999 -999999 -999999 -999999 -999999 265     -999999 -999999 -999999 1659    -999999 -999999 -999999 -999999 -999999 
113    1955 -999999 -999999 -999999 -999999 -999999 -999999 -999999 -12     -999999 -999999 -999999 1116    -999999 -999999 -999999 -999999 -999999 606     258     
113    1956 -999999 -999999 -999999 -25     822     1758    1026    93      -437    272     651     1520    1657    1993    1613    1574    1072    469     412     
113    1957 -999999 -999999 -999999 358     930     1885    1036    278     389     529     960     1288    1858    1967    1833    1346    1133    622     269     
113    1958 -999999 -999999 -999999 123     658     1829    1205    32      68      18      643     1335    1745    1966    1773    1717    1215    684     358     
113    1959 -999999 -999999 1753    239     1051    2063    1236    168     177     614     937     1584    1867    2193    2124    1804    1243    662     312     
113    1960 -999999 -999999 -999999 156     924     1864    1096    123     7       386     869     1514    1905    1810    1878    1621    1012    680     343     
113    1961 1101    -999999 1606    302     1097    1824    1230    120     460     847     1051    1392    1923    1796    1756    1730    1334    624     160     
113    1962 -999999 -999999 1432    234     754     1687    1058    265     286     211     863     1193    1703    1717    1641    1477    1165    546     70      
113    1963 908     214     1559    -184    775     1866    1143    -322    -313    126     769     1429    1854    1917    1826    1541    1101    790     102     
113    1964 992     407     1571    135     872     1797    1093    159     147     131     1044    1445    1793    1790    1809    1552    1035    694     315     
113    1965 928     451     -999999 208     794     1712    1052    225     72      335     810     1238    1771    1612    1756    1631    1195    345     135     
113    1966 -999999 -999999 -999999 -3      816     1849    1057    -111    -42     471     541     1426    1849    1912    1784    1512    1131    540     263     
113    1967 -999999 -999999 1600    240     978     1901    1186    126     336     680     835     1415    1731    1998    1967    1655    1204    681     241     
113    1968 1031    -999999 1631    130     973     1936    1131    66      81      569     1100    1241    1953    1889    1967    1642    1125    624     82      
113    1969 -999999 -999999 1661    25      750     2036    1202    58      -79     155     850     1247    1876    2107    2122    1763    1270    577     -75     
113    1970 -999999 -999999 -999999 -141    728     1974    1079    -155    -196    178     549     1445    2110    1828    1984    1502    1100    633     356     
113    1971 1058    476     1595    282     868     1890    1111    145     350     265     820     1515    1636    2068    1959    1548    1179    603     552     
113    1972 998     492     1553    201     905     1906    990     -49     84      545     871     1298    1717    2087    1908    1414    919     638     455     
113    1973 1049    -999999 1581    360     930     1946    1021    243     389     751     718     1315    1836    2005    1992    1601    939     526     221     
113    1974 1069    508     1556    330     1005    1781    1028    348     432     576     1123    1318    1743    1715    1885    1541    888     660     560     
113    1975 1128    573     1663    478     869     2026    1138    560     296     452     766     1385    1756    2038    2276    1732    1060    606     518     
113    1976 1012    453     1630    297     764     2046    1064    206     157     164     809     1320    1826    2171    2135    1496    1044    653     138     
113    1977 991     400     1500    76      853     1822    1123    16      73      453     693     1407    1779    1855    1830    1420    1225    706     355     
113    1978 968     -999999 1475    188     820     1797    1136    215     -34     387     662     1406    1783    1729    1880    1369    1172    867     73      
113    1979 -999999 -999999 1451    -109    736     1738    1057    -226    -184    247     656     1287    1735    1690    1790    1544    1029    600     359     
113    1980 -999999 356     1520    97      792     1779    1069    -40     -32     189     883     1306    1781    1807    1747    1592    996     588     367     
113    1981 950     -999999 1527    211     910     1728    1077    104     150     382     822     1524    1589    1772    1820    1619    973     643     -139    
113    1982 1029    -999999 1591    -121    927     1895    1199    -189    -28     544     940     1298    1689    2002    1987    1615    1192    791     394     
113    1983 1071    600     1582    361     851     1975    1092    515     147     509     808     1235    1741    2103    2074    1511    1133    613     311     
113    1984 1001    -999999 1520    221     860     1793    1101    236     114     260     950     1374    1575    1817    1980    1400    1210    700     347     
113    1985 -999999 -999999 1452    -40     716     1752    1051    -259    -250    148     660     1339    1604    1834    1813    1443    1249    389     394     
113    1986 -999999 -999999 -999999 -999999 -999999 -999999 -999999 -11     -999999 215     520     1294    1718    1821    1660    1297    1084    808     349     
113    1987 872     -999999 1388    -999999 687     1589    1110    -290    79      5       889     1173    1382    1711    1668    1496    1132    713     445     
113    1988 1069    575     1601    414     917     1873    1055    435     356     350     904     1498    1893    1876    1851    1570    1052    543     449     
113    1989 1181    654     1648    525     1051    1929    1220    544     591     734     894     1521    1860    2053    1871    1673    1234    719     390     
113    1990 1193    -999999 1673    515     1193    1947    1101    494     678     850     1097    1631    1762    1990    2083    1452    1197    650     384     
113    1991 1047    541     1543    266     896     1819    1166    362     31      577     858     1252    1389    2021    2033    1681    1134    684     457     
113    1992 1129    628     1676    450     995     2028    1038    416     477     589     818     1572    2090    2122    1873    1564    891     665     431     
113    1993 987     512     1522    336     1031    1732    877     323     250     492     1005    1594    1705    1755    1734    1319    921     372     299     
113    1994 1094    423     1632    243     938     1992    1108    382     28      494     993     1328    1618    2326    2018    1484    1024    818     528     
113    1995 -999999 -999999 1644    354     887     2040    1161    167     355     489     855     1303    1655    2135    2318    1573    1343    541     4       
113    1996 941     -999999 1549    -77     774     1881    1105    -67     -174    160     1037    1134    1608    1823    2202    1475    1158    664     139     
113    1997 1105    -999999 1687    195     892     2124    1105    21      456     617     788     1266    1820    2099    2445    1677    1052    586     368     
113    1998 1046    -999999 1553    452     1005    1784    970     391     610     622     854     1521    1722    1806    1823    1577    1019    313     221     
113    1999 1126    446     1695    267     1001    1916    1263    313     267     525     1047    1432    1631    2080    2028    1937    1129    728     337     
113    2000 1162    602     1642    391     1101    1831    1237    403     436     568     1097    1639    1696    1879    1913    1608    1277    823     549     
113    2001 1094    590     1639    359     907     1977    1233    305     210     349     808     1559    1669    2179    2071    1516    1422    755     208     
113    2002 1171    673     1796    384     1086    2106    1119    363     602     686     1004    1566    1931    2045    2338    1873    935     555     118     
113    2003 -999999 412     -999999 106     970     -999999 994     172     19      641     810     1443    1938    2216    -999999 1489    792     708     447     
113    2004 906     422     1372    223     773     1595    1036    -28     250     364     780     1176    1394    1538    1848    1479    1033    597     420     
113    2005 -999999 -999999 1368    -999999 671     1601    1135    -999999 79      149     741     1126    1407    1755    1636    1528    1166    711     302     
113    2006 981     372     1472    110     593     1783    1278    -53     78      11      650     1121    1526    2005    1808    1704    1285    845     726     
113    2007 992     711     1426    504     912     1680    967     524     235     609     935     1193    1623    1658    1756    1380    962     561     410     
113    2008 -999999 -999999 -999999 -999999 -999999 -999999 -999999 -999999 -999999 -999999 -999999 -999999 -999999 -999999 -999999 -999999 -999999 -999999 -999999 
113    2009 -999999 -999999 -999999 -999999 -999999 -999999 -999999 -999999 -999999 -999999 -999999 -999999 -999999 -999999 -999999 -999999 -999999 -999999 -999999 
113    2010 -999999 -999999 -999999 -999999 690     -999999 -999999 -999999 -999999 298     761     1032    1509    2045    1795    1431    990     466     -185    
113    2011 -999999 -999999 -999999 -999999 -999999 -999999 -999999 54      23      303     978     -999999 -999999 -999999 -999999 -999999 -999999 -999999 -999999 
