EUROPEAN CLIMATE ASSESSMENT & DATASET (ECA&D), file created on: 10-05-2011
THESE DATA CAN BE USED FREELY PROVIDED THAT THE FOLLOWING SOURCE IS ACKNOWLEDGED: 

Klein Tank, A.M.G. and Coauthors, 2002. Daily dataset of 20th-century surface
air temperature and precipitation series for the European Climate Assessment.
Int. J. of Climatol., 22, 1441-1453.
Data and metadata available at http://eca.knmi.nl

FILE FORMAT (MISSING VALUE CODE = -999999):

THIS FILE HOLDS DATA FOR STATION UNITED KINGDOM                           BOURNEMOUTH                              (STAID:   2133)
LATITUDE: dd:mm:ss +50:46:48
LONGITUDE: ddd:mm:ss -001:49:48
ELEVATION: m   11

DATA IS FOR INDEX Mean of daily mean temperature (TG) with unit 0.01 Temperature (&#176;C)

01-06 SOUID: Source identifier
08-11 YEAR : YYYY
13-20 ANNUAL DATA VALUES
21-28 WINTER HALF YEAR DATA VALUES
29-36 SUMMER HALF YEAR DATA VALUES
37-44 WINTER (DJF) DATA VALUES
45-52 SPRING (MAM) DATA VALUES
53-60 SUMMER (JJA) DATA VALUES
61-68 AUTUMN (SON) DATA VALUES
69-76 JANUARY DATA VALUES
etc. 
157-164 DECEMBER DATA VALUES

2133   1960 1015    -999999 1373    -999999 967     1557    1085    459     449     714     927     1257    1581    1562    1529    1372    1090    794     430     
2133   1961 1040    715     1381    546     963     1537    1121    458     773     751     1055    1086    1428    1571    1609    1537    1152    673     379     
2133   1962 883     581     1235    450     688     1459    970     503     471     298     804     965     1329    1522    1520    1261    1061    586     250     
2133   1963 865     367     1295    -15     833     1496    1133    -288    -6      569     884     1046    1469    1508    1512    1347    1130    923     238     
2133   1964 980     614     1380    365     891     1555    1052    378     488     527     848     1295    1410    1663    1588    1461    896     803     386     
2133   1965 935     559     1269    358     846     1470    992     398     281     572     823     1143    1383    1488    1537    1230    1148    593     570     
2133   1966 1009    680     1339    555     885     1538    1025    382     731     657     873     1123    1540    1550    1524    1421    1090    562     644     
2133   1967 1001    682     1338    554     904     1551    1056    448     573     760     845     1106    1434    1640    1575    1420    1180    564     436     
2133   1968 979     597     1311    391     818     1544    1169    485     241     651     776     1027    1498    1535    1597    1424    1333    746     400     
2133   1969 989     646     1365    425     816     1599    1113    644     212     502     806     1140    1438    1686    1668    1436    1264    633     376     
2133   1970 996     602     1368    422     790     1593    1157    476     411     432     708     1227    1625    1569    1586    1481    1115    875     409     
2133   1971 996     650     1340    464     816     1565    1041    546     434     506     798     1142    1312    1733    1642    1398    1182    540     666     
2133   1972 967     688     1253    557     896     1443    972     457     546     724     909     1057    1169    1583    1567    1218    1077    619     650     
2133   1973 990     633     1372    513     819     1606    1044    455     425     552     745     1159    1481    1590    1743    1504    949     681     558     
2133   1974 1009    683     1290    611     856     1509    954     697     575     627     854     1087    1436    1571    1518    1264    801     802     843     
2133   1975 1017    705     1383    698     802     1690    1014    717     519     535     814     1058    1519    1741    1804    1350    1023    667     419     
2133   1976 1033    618     1461    498     849     1788    1046    593     481     515     802     1228    1722    1897    1743    1359    1119    657     254     
2133   1977 1005    633     1272    413     876     1483    1087    357     651     763     744     1116    1246    1644    1551    1317    1228    712     698     
2133   1978 977     679     1273    479     834     1477    1146    407     318     678     687     1131    1384    1522    1523    1380    1181    875     585     
2133   1979 913     574     1276    280     772     1521    1052    44      205     528     821     968     1386    1678    1495    1297    1179    675     633     
2133   1980 965     644     1342    491     850     1504    1028    196     653     529     905     1119    1402    1472    1635    1511    923     654     577     
2133   1981 977     649     1351    478     954     1550    1035    514     328     865     853     1142    1356    1626    1663    1454    889     767     223     
2133   1982 1025    567     1386    382     861     1623    1126    403     534     590     835     1157    1572    1686    1608    1450    1051    879     510     
2133   1983 1043    677     1409    496     803     1750    1081    705     249     631     712     1063    1507    1964    1771    1418    1064    762     606     
2133   1984 1005    645     1357    509     783     1622    1126    480     437     510     799     1040    1488    1636    1737    1430    1125    824     533     
2133   1985 921     548     1333    288     827     1508    990     43      289     458     864     1159    1354    1645    1521    1444    1107    415     707     
2133   1986 907     526     1233    367     726     1537    1017    402     -48     513     592     1068    1525    1647    1437    1114    1132    802     621     
2133   1987 955     594     1351    375     841     1542    1055    113     394     492     937     1098    1366    1648    1605    1442    1040    682     606     
2133   1988 1023    690     1333    566     923     1514    1038    606     481     712     807     1247    1477    1518    1545    1391    1146    575     739     
2133   1989 1096    753     1429    661     946     1681    1142    619     621     799     671     1358    1490    1866    1681    1489    1221    713     581     
2133   1990 1087    811     1378    711     959     1614    1100    731     833     785     816     1272    1355    1671    1808    1326    1225    746     447     
2133   1991 980     637     1354    346     907     1560    1076    418     155     791     795     1131    1268    1680    1723    1511    1032    685     503     
2133   1992 1032    659     1418    480     1006    1616    1034    393     548     786     864     1364    1538    1672    1636    1421    819     869     438     
2133   1993 1007    674     1346    575     945     1534    893     727     554     624     982     1229    1523    1587    1493    1256    919     491     645     
2133   1994 1100    676     1379    599     921     1657    1185    672     469     827     822     1112    1447    1819    1696    1360    1078    1122    727     
2133   1995 1129    826     1487    716     902     1804    1204    624     805     610     916     1179    1525    1896    1983    1400    1370    836     383     
2133   1996 970     676     1315    439     769     1577    1095    599     328     521     853     935     1411    1675    1639    1365    1247    667     375     
2133   1997 1091    687     1421    448     964     1688    1159    262     735     841     846     1201    1486    1675    1895    1409    1141    929     654     
2133   1998 1105    817     1421    655     1033    1575    1143    625     690     855     819     1419    1489    1601    1633    1549    1165    715     659     
2133   1999 1107    759     1459    644     1001    1627    1171    674     595     727     939     1333    1389    1800    1683    1598    1098    820     584     
2133   2000 1088    748     1406    604     945     1600    1159    507     729     753     794     1283    1480    1606    1711    1547    1134    797     696     
2133   2001 1061    727     1396    578     925     1617    1208    471     566     681     843     1239    1437    1716    1692    1435    1416    764     416     
2133   2002 1128    814     1397    634     998     1575    1197    700     800     786     990     1216    1415    1614    1692    1445    1131    1016    714     
2133   2003 1093    785     1460    583     981     1733    1107    512     518     798     960     1183    1572    1746    1875    1409    992     925     587     
2133   2004 1091    726     1452    594     926     1665    1181    627     567     654     911     1213    1598    1634    1762    1583    1126    834     567     
2133   2005 1085    744     1432    579     947     1647    1195    685     474     752     939     1150    1576    1735    1627    1555    1384    640     452     
2133   2006 1132    658     1528    443     916     1764    1310    495     375     572     927     1249    1589    1941    1756    1693    1380    854     695     
2133   2007 1110    860     1448    715     1093    1582    1088    749     699     768     1203    1311    1590    1576    1582    1421    1107    735     551     
2133   2008 1040    717     1406    588     990     1592    1045    689     518     689     858     1419    1467    1653    1653    1367    986     785     374     
2133   2009 -999999 606     -999999 389     973     -999999 -999999 336     465     683     967     1268    1557    -999999 -999999 -999999 -999999 -999999 -999999 
2133   2010 -999999 -999999 -999999 -999999 -999999 -999999 1070    -999999 -999999 -999999 -999999 -999999 -999999 -999999 1623    1411    1134    649     85      
2133   2011 -999999 -999999 -999999 430     -999999 -999999 -999999 496     727     732     1199    -999999 -999999 -999999 -999999 -999999 -999999 -999999 -999999 
