EUROPEAN CLIMATE ASSESSMENT & DATASET (ECA&D), file created on: 10-05-2011
THESE DATA CAN BE USED FREELY PROVIDED THAT THE FOLLOWING SOURCE IS ACKNOWLEDGED: 

Klein Tank, A.M.G. and Coauthors, 2002. Daily dataset of 20th-century surface
air temperature and precipitation series for the European Climate Assessment.
Int. J. of Climatol., 22, 1441-1453.
Data and metadata available at http://eca.knmi.nl

FILE FORMAT (MISSING VALUE CODE = -999999):

THIS FILE HOLDS DATA FOR STATION ITALY                                    MONTE CIMONE                             (STAID:   2082)
LATITUDE: dd:mm:ss +44:12:00
LONGITUDE: ddd:mm:ss +010:42:00
ELEVATION: m 2165

DATA IS FOR INDEX Mean of daily mean temperature (TG) with unit 0.01 Temperature (&#176;C)

01-06 SOUID: Source identifier
08-11 YEAR : YYYY
13-20 ANNUAL DATA VALUES
21-28 WINTER HALF YEAR DATA VALUES
29-36 SUMMER HALF YEAR DATA VALUES
37-44 WINTER (DJF) DATA VALUES
45-52 SPRING (MAM) DATA VALUES
53-60 SUMMER (JJA) DATA VALUES
61-68 AUTUMN (SON) DATA VALUES
69-76 JANUARY DATA VALUES
etc. 
157-164 DECEMBER DATA VALUES

2082   1951 277     -999999 628     -999999 -11     940     288     -164    -141    -164    -93     220     806     961     1047    811     78      -18     -52     
2082   1952 188     -260    735     -450    93      1117    114     -696    -613    -273    160     394     999     1256    1094    491     216     -368    -438    
2082   1953 209     -381    662     -570    -5      914     407     -655    -621    -445    32      401     648     1124    962     786     344     92      -215    
2082   1954 146     -240    577     -537    -50     823     332     -697    -715    -285    -132    264     828     813     828     853     290     -145    -205    
2082   1955 171     -222    582     -339    -79     888     162     -304    -528    -466    -118    346     750     1052    859     585     88      -185    -86     
2082   1956 133     -398    651     -608    -111    943     376     -477    -1307   -471    -251    383     565     1054    1196    936     389     -199    -294    
2082   1957 274     -113    625     -305    71      950     391     -438    -171    25      -18     204     854     1035    959     705     451     15      -364    
2082   1958 265     -186    712     -348    -46     993     401     -476    -188    -545    -302    701     680     1071    1220    875     353     -23     -229    
2082   1959 229     -117    636     -307    35      966     239     -505    -174    -128    -68     297     781     1173    937     678     241     -201    -316    
2082   1960 171     -233    581     -376    -14     913     192     -399    -413    -319    -104    378     797     900     1038    456     170     -50     -423    
2082   1961 298     -176    718     -367    127     929     447     -487    -171    -90     211     262     778     920     1084    1049    390     -97     -297    
2082   1962 158     -257    664     -413    -136    999     282     -375    -583    -605    -95     294     664     1043    1280    779     364     -299    -633    
2082   1963 176     -426    651     -746    -35     937     430     -835    -772    -410    -14     320     758     1100    946     780     408     101     -329    
2082   1964 255     -207    744     -483    90      1021    353     -336    -805    -307    7       568     914     1122    1023    812     102     153     -230    
2082   1965 172     -266    604     -505    -59     979     287     -414    -913    -344    -149    313     881     1079    973     506     464     -116    -305    
2082   1966 229     -185    695     -317    -33     931     352     -559    -63     -518    62      360     922     899     972     951     400     -298    -386    
2082   1967 300     -210    674     -416    28      1003    604     -431    -434    -133    -161    372     616     1260    1120    813     768     224     -476    
2082   1968 231     -122    637     -502    86      888     432     -650    -372    -232    116     375     747     1088    823     664     603     24      -428    
2082   1969 189     -202    627     -496    41      831     467     -397    -682    -369    -98     587     604     1005    877     770     664     -41     -725    
2082   1970 246     -225    661     -502    -167    1008    511     -214    -575    -486    -170    156     849     1057    1111    949     383     205     -364    
2082   1971 244     -237    708     -440    -91     1073    291     -441    -522    -696    39      390     715     1091    1400    585     493     -213    19      
2082   1972 176     -101    524     -248    9       877     172     -451    -318    -154    -42     222     765     958     903     319     128     70      -306    
2082   1973 195     -297    680     -473    -131    1010    409     -448    -686    -568    -356    525     882     954     1191    862     338     28      -450    
2082   1974 171     -167    611     -366    -80     976     41      -140    -523    -285    -249    287     637     1067    1213    686     -304    -247    -154    
2082   1975 214     -316    630     -298    -61     866     327     -201    -566    -446    -92     354     563     1086    940     913     243     -172    -113    
2082   1976 148     -178    530     -258    -42     820     179     -355    -311    -372    -163    406     767     990     702     461     331     -261    -436    
2082   1977 228     -151    528     -334    88      789     306     -292    -269    3       -37     295     585     952     824     536     491     -114    -279    
2082   1978 -999999 -180    -999999 -402    -122    826     -999999 -484    -448    -269    -204    106     606     928     937     -999999 407     110     -238    
2082   1979 191     -177    583     -453    -50     905     323     -679    -441    -239    -229    312     874     970     870     685     382     -100    -158    
2082   1980 166     -168    538     -351    -178    869     390     -545    -350    -247    -319    29      557     905     1134    908     307     -43     -362    
2082   1981 192     -241    635     -583    150     905     293     -783    -605    14      114     320     806     891     1014    656     336     -114    -395    
2082   1982 265     -215    715     -370    -48     1058    368     -252    -474    -415    -128    395     934     1229    1009    834     205     70      -278    
2082   1983 278     -143    679     -348    42      1005    402     -68     -735    -105    -60     287     723     1377    905     826     386     -7      -281    
2082   1984 143     -251    516     -481    -192    881     348     -509    -667    -450    -141    17      655     1109    872     571     333     140     -242    
2082   1985 258     -214    716     -460    -52     993     447     -789    -336    -389    -98     342     633     1229    1105    1052    480     -191    9       
2082   1986 230     -181    667     -373    89      898     417     -545    -606    -274    -94     630     684     943     1060    758     508     -19     -351    
2082   1987 241     -252    668     -430    -177    911     495     -680    -240    -721    78      120     598     1036    1089    1077    432     -26     110     
2082   1988 285     -69     683     -106    -24     1001    367     -161    -280    -484    5       407     639     1204    1147    671     591     -168    -199    
2082   1989 329     33      592     -100    99      895     391     -54     -44     48      -69     313     580     1024    1070    610     534     23      -135    
2082   1990 320     92      645     -44     153     932     379     -88     107     111     -99     438     778     1005    1007    725     550     -143    -578    
2082   1991 255     -129    654     -395    -45     1065    322     -198    -404    -29     -139    31      722     1242    1221    832     221     -85     -419    
2082   1992 331     -160    738     -315    121     1038    443     -217    -310    -156    -31     545     598     1090    1383    810     228     297     -275    
2082   1993 280     -100    732     -271    90      1070    210     -112    -441    -316    33      553     896     1061    1247    581     290     -244    -253    
2082   1994 -999999 -125    -999999 -350    216     1198    473     -315    -496    229     -180    536     894     1260    1390    723     391     307     -120    
2082   1995 211     -120    608     -331    -23     929     332     -713    -141    -432    8       355     607     1231    938     485     677     -177    -331    
2082   1996 195     -179    -999999 -398    14      934     240     -259    -617    -396    33      405     846     965     992     410     333     -20     -324    
2082   1997 -999999 -53     -999999 -214    134     1016    -999999 -167    -145    -2      -164    548     877     1078    1094    965     446     -40     -283    
2082   1998 -999999 -999999 -999999 -202    50      1246    260     -285    -17     -267    -45     446     1042    1346    1339    671     354     -248    -354    
2082   1999 -999999 -999999 776     -427    180     1038    361     -270    -678    -226    -5      753     877     1037    1193    778     468     -138    -378    
2082   2000 -999999 -132    -999999 -341    213     -999999 -999999 -424    -211    -127    96      662     1040    -999999 -999999 871     -999999 -999999 -999999 
2082   2001 -999999 -999999 -999999 -999999 178     1129    -999999 -999999 -353    28      -94     637     917     1148    1319    -999999 750     -999999 -633    
2082   2002 -999999 -999999 690     -999999 108     1052    361     -234    -150    -103    -21     444     1111    1068    978     545     458     77      -195    
2082   2003 -999999 -999999 954     -498    210     1426    339     -501    -830    -129    -46     775     1401    1361    1515    690     177     154     -322    
2082   2004 -999999 -999999 -999999 -999999 -999999 -999999 -999999 -999999 -999999 -208    -12     289     -999999 1228    -999999 -999999 598     37      -169    
2082   2005 314     -999999 810     -408    193     1114    427     -418    -663    -138    40      672     1009    1267    1062    787     489     5       -418    
2082   2006 -999999 -999999 -999999 -441    221     1107    619     -561    -331    -214    221     628     1073    1335    913     943     682     242     -109    
2082   2007 -999999 -999999 -999999 -41     314     1103    346     39      -56     -98     362     671     923     1274    1107    684     425     -69     -344    
2082   2008 -999999 -999999 -999999 -223    119     1186    -999999 -127    -195    -120    5       482     1018    1274    1263    636     615     -104    -262    
2082   2009 -999999 -999999 -999999 -399    227     1227    456     -370    -576    -220    120     792     919     1321    1431    790     385     186     -395    
2082   2010 270     -999999 -999999 -463    57      1138    318     -511    -475    -294    105     366     914     1355    1136    699     245     24      -377    
2082   2011 -999999 -999999 -999999 -276    -999999 -999999 -999999 -241    -199    -288    256     -999999 -999999 -999999 -999999 -999999 -999999 -999999 -999999 
