EUROPEAN CLIMATE ASSESSMENT & DATASET (ECA&D), file created on: 10-05-2011
THESE DATA CAN BE USED FREELY PROVIDED THAT THE FOLLOWING SOURCE IS ACKNOWLEDGED: 

Klein Tank, A.M.G. and Coauthors, 2002. Daily dataset of 20th-century surface
air temperature and precipitation series for the European Climate Assessment.
Int. J. of Climatol., 22, 1441-1453.
Data and metadata available at http://eca.knmi.nl

FILE FORMAT (MISSING VALUE CODE = -999999):

THIS FILE HOLDS DATA FOR STATION ITALY                                    TRIESTE                                  (STAID:   2081)
LATITUDE: dd:mm:ss +45:39:00
LONGITUDE: ddd:mm:ss +013:45:00
ELEVATION: m    8

DATA IS FOR INDEX Mean of daily mean temperature (TG) with unit 0.01 Temperature (&#176;C)

01-06 SOUID: Source identifier
08-11 YEAR : YYYY
13-20 ANNUAL DATA VALUES
21-28 WINTER HALF YEAR DATA VALUES
29-36 SUMMER HALF YEAR DATA VALUES
37-44 WINTER (DJF) DATA VALUES
45-52 SPRING (MAM) DATA VALUES
53-60 SUMMER (JJA) DATA VALUES
61-68 AUTUMN (SON) DATA VALUES
69-76 JANUARY DATA VALUES
etc. 
157-164 DECEMBER DATA VALUES

2081   1951 1532    -999999 2076    -999999 1327    2372    1616    777     918     868     1351    1762    2240    2375    2496    2221    1427    1206    713     
2081   1952 1446    844     2109    554     1354    2476    1422    507     434     760     1499    1807    2257    2671    2492    1904    1443    919     618     
2081   1953 1464    811     2020    518     1399    2275    1574    444     491     923     1455    1821    2063    2448    2306    2012    1746    960     829     
2081   1954 1391    841     1965    420     1304    2254    1549    154     263     1045    1217    1649    2273    2238    2252    2152    1452    1046    882     
2081   1955 1460    931     1999    789     1231    2291    1533    723     759     710     1318    1668    2149    2402    2318    2126    1524    950     830     
2081   1956 1380    783     2036    487     1260    2321    1520    628     -49     739     1168    1869    2024    2483    2447    2200    1545    813     575     
2081   1957 1511    901     2018    658     1334    2381    1594    619     793     1047    1362    1594    2326    2471    2343    2001    1588    1192    754     
2081   1958 1510    929     2078    699     1286    2384    1636    579     770     681     1125    2047    2148    2512    2486    2124    1609    1176    815     
2081   1959 1508    996     2041    681     1444    2358    1507    553     674     1123    1401    1806    2168    2554    2344    1950    1455    1120    885     
2081   1960 1471    910     2006    639     1409    2280    1557    517     505     961     1423    1844    2278    2240    2323    1917    1563    1190    863     
2081   1961 1533    1012    2103    708     1539    2313    1666    461     809     1172    1646    1804    2250    2302    2387    2221    1702    1073    535     
2081   1962 1405    850     2005    559     1226    2312    1548    612     527     624     1361    1696    2054    2260    2615    2024    1645    971     417     
2081   1963 1437    697     2121    260     1386    2395    1671    95      269     754     1466    1941    2214    2591    2374    2123    1538    1356    450     
2081   1964 1472    850     2112    456     1391    2426    1525    342     586     825     1450    1900    2431    2480    2366    2030    1486    1060    691     
2081   1965 1412    877     1949    587     1291    2267    1473    655     395     933     1225    1711    2160    2350    2287    1945    1502    971     726     
2081   1966 1474    888     2036    637     1426    2263    1565    298     911     925     1480    1875    2286    2284    2220    2064    1765    859     690     
2081   1967 1488    911     2052    572     1429    2349    1618    422     607     1093    1312    1877    2060    2547    2432    2062    1657    1133    584     
2081   1968 1459    922     2019    571     1467    2249    1574    370     773     1012    1542    1848    2151    2409    2183    1970    1619    1132    487     
2081   1969 1445    864     2012    519     1353    2265    1651    536     537     853     1257    1945    2084    2407    2297    2062    1724    1167    410     
2081   1970 1447    880     2007    526     1214    2348    1600    628     543     785     1232    1626    2302    2371    2369    2134    1466    1204    647     
2081   1971 1460    893     2070    663     1344    2401    1421    648     698     684     1448    1905    2123    2499    2571    1848    1403    1014    623     
2081   1972 1432    919     1944    652     1390    2290    1362    481     868     1128    1335    1707    2148    2410    2306    1738    1355    993     691     
2081   1973 1444    863     2024    645     1263    2362    1525    590     656     877     1126    1798    2176    2425    2479    2112    1523    940     584     
2081   1974 1449    955     1971    731     1368    2248    1381    699     929     1051    1361    1692    1925    2320    2489    2022    1106    1025    732     
2081   1975 1481    885     2012    730     1405    2215    1565    751     703     980     1364    1869    2023    2343    2273    2183    1525    989     713     
2081   1976 1420    850     1973    625     1305    2259    1507    514     649     700     1338    1879    2259    2445    2072    1829    1564    1126    647     
2081   1977 1442    1003    1900    732     1370    2201    1452    715     843     1114    1240    1752    2127    2272    2203    1787    1564    1001    635     
2081   1978 1365    895     1855    596     1253    2167    1448    578     572     991     1228    1540    2079    2236    2183    1849    1522    970     573     
2081   1979 1448    857     2010    540     1385    2307    1474    381     679     1005    1238    1906    2346    2301    2275    1976    1465    982     766     
2081   1980 1344    885     1896    644     1236    2195    1393    428     743     920     1163    1621    1958    2233    2386    1997    1442    740     475     
2081   1981 1417    755     1996    442     1358    2287    1506    390     463     994     1359    1721    2163    2323    2373    2023    1593    899     633     
2081   1982 1477    809     2084    508     1304    2369    1652    452     433     809     1276    1826    2234    2470    2404    2290    1548    1121    829     
2081   1983 1464    914     2080    616     1381    2388    1524    601     397     944     1398    1803    2162    2589    2405    2104    1560    908     615     
2081   1984 1402    833     1898    557     1229    2213    1544    525     530     846     1314    1531    2033    2296    2303    1898    1601    1131    787     
2081   1985 1414    825     2034    442     1307    2330    1541    198     330     863     1233    1821    2014    2505    2461    2145    1610    865     837     
2081   1986 -999999 -999999 -999999 -999999 -999999 -999999 1569    547     282     850     1363    2009    2152    2384    2489    1936    1619    1138    630     
2081   1987 1412    -999999 2026    518     1194    2301    1603    304     632     575     1335    1677    2097    2519    2280    2233    1581    996     674     
2081   1988 1492    965     2047    768     1371    2367    1464    827     805     897     1331    1884    2074    2547    2471    1948    1649    790     639     
2081   1989 1459    932     1986    674     1440    2254    1408    590     804     1102    1426    1793    2033    2361    2362    1925    1350    952     760     
2081   1990 1533    960     2031    762     1472    2329    1590    618     925     1153    1318    1939    2129    2399    2453    1925    1636    1206    648     
2081   1991 1457    960     2016    582     1301    2368    1582    622     466     1143    1287    1472    2074    2529    2493    2227    1459    1066    581     
2081   1992 1513    870     2111    589     1425    2411    1558    563     625     915     1349    2009    2158    2431    2635    2059    1406    1215    759     
2081   1993 1476    889     2087    647     1399    2367    1456    549     632     755     1388    2055    2250    2331    2516    1962    1588    813     809     
2081   1994 1605    992     2151    769     1472    2528    1643    842     644     1218    1365    1828    2210    2743    2621    2111    1506    1316    786     
2081   1995 1465    984     1970    723     1324    2299    1530    579     812     898     1306    1768    1969    2593    2325    1836    1711    1037    695     
2081   1996 1439    904     1975    617     1338    2291    1519    644     505     812     1381    1822    2221    2310    2339    1759    1567    1228    649     
2081   1997 1514    1017    2019    713     1396    2312    1576    721     774     1146    1170    1864    2198    2336    2399    2128    1498    1106    778     
2081   1998 1509    986     2088    783     1381    2443    1479    731     846     945     1343    1852    2261    2465    2595    1962    1559    914     574     
2081   1999 1524    870     2126    561     1450    2409    1615    577     527     1036    1399    1915    2260    2483    2479    2205    1644    996     690     
2081   2000 1590    923     2151    626     1522    2414    1695    464     729     1006    1509    2051    2401    2313    2527    2089    1717    1278    962     
2081   2001 1560    1123    2088    847     1512    2449    1578    750     828     1177    1311    2041    2164    2523    2653    1808    1856    1061    485     
2081   2002 1585    980     2110    582     1488    2450    1692    518     760     1179    1386    1895    2358    2535    2454    2013    1606    1459    805     
2081   2003 1581    978     2255    607     1444    2709    1531    573     426     958     1311    2058    2597    2667    2860    2011    1366    1221    843     
2081   2004 1504    897     2040    640     1291    2369    1682    522     550     872     1341    1663    2175    2451    2475    2119    1722    1203    917     
2081   2005 1471    961     2072    661     1343    2359    1602    570     477     837     1287    1904    2300    2482    2294    2149    1559    1099    633     
2081   2006 1397    828     1938    531     1222    2240    1531    471     484     698     1285    1683    2165    2542    2010    1927    1571    1095    774     
2081   2007 1433    1011    1987    774     1470    2296    1265    770     778     1061    1473    1875    2265    2406    2216    1667    1290    839     507     
2081   2008 1404    790     1941    578     1305    2271    1413    668     559     865     1256    1793    2156    2351    2302    1767    1484    985     630     
2081   2009 1414    826     2022    534     1379    2279    1466    454     519     860     1409    1869    2104    2330    2398    2003    1321    1078    568     
2081   2010 1318    776     1890    491     1239    2208    1361    351     562     766     1271    1682    2071    2390    2158    1746    1277    1061    442     
2081   2011 -999999 775     -999999 480     -999999 -999999 -999999 454     550     853     1368    -999999 -999999 -999999 -999999 -999999 -999999 -999999 -999999 
