EUROPEAN CLIMATE ASSESSMENT & DATASET (ECA&D), file created on: 10-05-2011
THESE DATA CAN BE USED FREELY PROVIDED THAT THE FOLLOWING SOURCE IS ACKNOWLEDGED: 

Klein Tank, A.M.G. and Coauthors, 2002. Daily dataset of 20th-century surface
air temperature and precipitation series for the European Climate Assessment.
Int. J. of Climatol., 22, 1441-1453.
Data and metadata available at http://eca.knmi.nl

FILE FORMAT (MISSING VALUE CODE = -999999):

THIS FILE HOLDS DATA FOR STATION SWEDEN                                   GOTEBORG A                               (STAID:    462)
LATITUDE: dd:mm:ss +57:42:57
LONGITUDE: ddd:mm:ss +011:59:39
ELEVATION: m    5

DATA IS FOR INDEX Mean of daily mean temperature (TG) with unit 0.01 Temperature (&#176;C)

01-06 SOUID: Source identifier
08-11 YEAR : YYYY
13-20 ANNUAL DATA VALUES
21-28 WINTER HALF YEAR DATA VALUES
29-36 SUMMER HALF YEAR DATA VALUES
37-44 WINTER (DJF) DATA VALUES
45-52 SPRING (MAM) DATA VALUES
53-60 SUMMER (JJA) DATA VALUES
61-68 AUTUMN (SON) DATA VALUES
69-76 JANUARY DATA VALUES
etc. 
157-164 DECEMBER DATA VALUES

462    1961 825     -999999 1308    -999999 767     1532    1007    -133    175     454     733     1113    1570    1565    1462    1396    1152    468     -88     
462    1962 664     249     1154    9       452     1412    801     67      50      -170    619     911     1360    1476    1399    1147    966     285     -183    
462    1963 641     -58     1307    -504    546     1588    905     -753    -584    -118    541     1216    1580    1590    1593    1305    913     495     -160    
462    1964 740     199     1270    -88     657     1494    818     -1      -106    44      740     1190    1445    1487    1547    1199    761     495     48      
462    1965 653     191     1213    -42     505     1468    760     -14     -173    5       562     949     1491    1453    1460    1356    933     -16     -229    
462    1966 640     -41     1247    -442    512     1613    778     -510    -602    121     284     1124    1682    1650    1510    1213    792     330     -1      
462    1967 772     216     1278    -90     673     1573    953     -291    34      418     502     1092    1382    1689    1643    1341    995     523     -111    
462    1968 726     192     1345    -200    642     1663    772     -305    -182    221     740     967     1656    1581    1751    1364    778     173     -62     
462    1969 700     20      1362    -226    466     1732    886     -155    -487    -168    546     1022    1654    1721    1817    1396    944     317     -288    
462    1970 627     -40     1249    -484    439     1631    779     -485    -702    -76     271     1116    1754    1508    1635    1191    850     295     71      
462    1971 792     212     1294    46      564     1617    818     -22     94      -25     502     1214    1463    1732    1650    1182    910     359     394     
462    1972 776     260     1290    2       668     1624    799     -382    -6      268     589     1145    1486    1804    1579    1114    811     470     396     
462    1973 827     431     1345    256     732     1708    707     121     250     519     540     1131    1599    1901    1621    1259    634     231     76      
462    1974 887     317     1349    200     806     1569    843     253     278     422     835     1161    1542    1548    1617    1384    654     498     418     
462    1975 937     410     1413    344     686     1751    939     444     150     275     550     1229    1521    1767    1955    1428    917     474     465     
462    1976 746     280     1362    123     557     1737    789     -112    10      -83     569     1186    1527    1874    1802    1187    727     457     -217    
462    1977 735     127     1241    -232    585     1597    844     -211    -273    249     350     1149    1604    1598    1590    1136    968     424     159     
462    1978 705     226     1252    -48     583     1587    904     31      -363    87      501     1159    1576    1591    1593    1072    954     686     -494    
462    1979 596     -12     1220    -598    529     1510    765     -641    -666    51      505     1032    1565    1476    1492    1242    671     385     -45     
462    1980 634     22      1259    -299    504     1565    706     -362    -503    -38     509     1041    1540    1645    1511    1294    674     151     101     
462    1981 657     119     1269    -63     600     1509    832     -196    -96     64      452     1279    1392    1603    1529    1338    780     381     -684    
462    1982 761     0       1299    -505    635     1612    975     -619    -181    318     557     1028    1356    1769    1701    1362    945     618     211     
462    1983 837     366     1369    123     698     1682    856     389     -270    252     690     1152    1508    1826    1707    1312    919     334     130     
462    1984 826     226     1337    21      655     1654    924     -61     -9      33      626     1306    1510    1710    1737    1106    1077    584     260     
462    1985 620     124     1244    -354    584     1564    751     -667    -688    116     390     1238    1417    1674    1597    1122    1003    118     14      
462    1986 697     77      1224    -291    589     1573    864     -311    -606    179     402     1180    1586    1656    1477    1023    891     678     116     
462    1987 626     100     1168    -264    467     1404    841     -789    -104    -195    638     962     1215    1583    1408    1187    935     397     228     
462    1988 842     345     1391    228     633     1700    794     306     146     49      507     1338    1782    1714    1606    1382    767     233     245     
462    1989 957     483     1366    437     821     1653    914     561     512     575     685     1198    1609    1829    1520    1338    967     436     214     
462    1990 963     538     1401    402     899     1695    834     438     571     602     823     1268    1617    1724    1742    1217    907     374     235     
462    1991 856     333     1332    88      710     1638    929     178     -176    431     690     1009    1228    1901    1771    1373    870     544     360     
462    1992 913     465     1447    312     796     1791    771     267     308     434     550     1396    1896    1843    1637    1339    546     436     282     
462    1993 801     316     1306    205     873     1472    686     219     104     294     867     1459    1456    1504    1456    1079    737     239     141     
462    1994 877     209     1442    -4      765     1780    859     160     -346    270     798     1228    1378    2120    1829    1271    750     560     408     
462    1995 796     384     1310    224     640     1653    879     -53     327     312     626     981     1424    1715    1816    1295    1104    230     -222    
462    1996 702     97      1280    -279    564     1643    858     -226    -397    64      703     930     1458    1580    1884    1105    980     484     -187    
462    1997 848     271     1440    -59     628     1887    802     -146    180     315     547     1019    1673    1898    2085    1393    662     356     146     
462    1998 745     336     1229    237     696     1410    684     167     417     276     631     1178    1321    1483    1423    1324    740     -13     -30     
462    1999 856     152     1409    -39     714     1653    1031    -27     -61     279     817     1049    1461    1802    1689    1627    893     576     115     
462    2000 948     409     1379    216     860     1572    1066    251     288     328     904     1349    1459    1643    1610    1292    1139    765     327     
462    2001 806     386     1344    117     613     1656    971     142     -144    50      579     1209    1397    1841    1720    1290    1176    441     -105    
462    2002 907     425     1537    164     862     1855    759     232     386     417     772     1393    1657    1845    2058    1475    557     251     -192    
462    2003 866     105     1467    -161    727     1809    880     -114    -181    283     709     1190    1674    1937    1810    1462    600     587     359     
462    2004 867     290     1415    84      812     1648    896     -202    95      301     852     1285    1439    1613    1884    1397    891     400     419     
462    2005 893     346     1423    234     669     1702    1039    287     -29     72      796     1145    1487    1918    1695    1481    1035    601     167     
462    2006 955     231     1530    -32     567     1860    1229    -191    -75     -170    611     1263    1656    2099    1819    1714    1209    765     691     
462    2007 950     633     1434    394     911     1714    869     394     66      624     913     1197    1754    1632    1759    1338    852     417     392     
462    2008 969     465     1462    406     829     1746    945     372     458     297     845     1346    1617    1925    1694    1325    1030    475     229     
462    2009 896     358     1499    87      882     1744    940     73      -56     358     1039    1254    1552    1856    1817    1464    694     671     -27     
462    2010 688     112     1420    -309    698     1769    774     -553    -351    209     737     1150    1552    1992    1756    1309    820     190     -621    
462    2011 -999999 87      -999999 -273    -999999 -999999 -999999 -68     -115    301     1044    -999999 -999999 -999999 -999999 -999999 -999999 -999999 -999999 
