EUROPEAN CLIMATE ASSESSMENT & DATASET (ECA&D), file created on: 10-05-2011
THESE DATA CAN BE USED FREELY PROVIDED THAT THE FOLLOWING SOURCE IS ACKNOWLEDGED: 

Klein Tank, A.M.G. and Coauthors, 2002. Daily dataset of 20th-century surface
air temperature and precipitation series for the European Climate Assessment.
Int. J. of Climatol., 22, 1441-1453.
Data and metadata available at http://eca.knmi.nl

FILE FORMAT (MISSING VALUE CODE = -999999):

THIS FILE HOLDS DATA FOR STATION IRELAND                                  CASEMENT AERODROME                       (STAID:    970)
LATITUDE: dd:mm:ss +53:18:21
LONGITUDE: ddd:mm:ss -006:26:20
ELEVATION: m   94

DATA IS FOR INDEX Mean of daily mean temperature (TG) with unit 0.01 Temperature (&#176;C)

01-06 SOUID: Source identifier
08-11 YEAR : YYYY
13-20 ANNUAL DATA VALUES
21-28 WINTER HALF YEAR DATA VALUES
29-36 SUMMER HALF YEAR DATA VALUES
37-44 WINTER (DJF) DATA VALUES
45-52 SPRING (MAM) DATA VALUES
53-60 SUMMER (JJA) DATA VALUES
61-68 AUTUMN (SON) DATA VALUES
69-76 JANUARY DATA VALUES
etc. 
157-164 DECEMBER DATA VALUES

970    1881 843     -999999 1173    -999999 767     1367    971     -46     411     546     679     1072    1258    1517    1322    1176    805     938     417     
970    1882 909     709     1168    586     844     1374    861     653     698     750     741     1036    1235    1450    1432    1098    922     562     294     
970    1883 859     535     1151    473     659     1343    894     545     584     300     709     969     1255    1354    1418    1191    904     588     482     
970    1884 925     641     1218    569     759     1440    940     666     560     643     640     991     1302    1477    1535    1350    926     545     446     
970    1885 827     557     1104    476     653     1318    846     438     551     437     716     807     1182    1483    1284    1146    703     695     474     
970    1886 847     486     1181    360     679     1421    1002    245     361     434     680     922     1295    1501    1461    1213    1050    740     237     
970    1887 860     562     1225    388     647     1555    801     448     490     407     596     936     1530    1632    1503    1138    766     501     353     
970    1888 839     459     1116    375     667     1301    946     490     277     359     664     977     1232    1315    1354    1147    887     807     544     
970    1889 899     619     1199    475     801     1375    924     504     367     587     689     1125    1349    1367    1408    1247    804     724     574     
970    1890 906     638     1198    549     813     1312    1040    623     441     646     740     1050    1358    1288    1292    1455    1009    656     287     
970    1891 858     554     1164    407     620     1408    909     356     597     425     606     828     1397    1424    1403    1321    876     531     524     
970    1892 803     490     1151    413     675     1332    849     281     435     288     677     1061    1230    1306    1455    1164    651     738     343     
970    1893 970     570     1321    422     968     1518    894     415     519     754     911     1236    1406    1542    1602    1215    910     557     542     
970    1894 894     615     1146    530     788     1354    898     423     634     622     904     843     1258    1451    1350    1066    865     766     542     
970    1895 842     489     1243    233     809     1407    942     121     16      591     761     1073    1355    1404    1461    1393    686     756     439     
970    1896 926     621     1277    537     903     1458    811     570     608     675     921     1116    1524    1495    1356    1245    648     545     411     
970    1897 944     522     1206    429     751     1480    1028    234     665     645     694     914     1406    1523    1508    1183    1085    816     645     
970    1898 988     724     1258    654     768     1430    1054    775     529     477     868     961     1298    1488    1501    1429    1063    670     763     
970    1899 953     694     1252    597     771     1525    1023    491     531     627     793     894     1420    1579    1571    1245    894     933     434     
970    1900 900     556     1237    384     719     1451    941     501     199     354     841     965     1332    1623    1394    1259    916     650     712     
970    1901 871     586     1225    502     728     1430    935     470     305     436     771     978     1229    1616    1438    1305    897     603     367     
970    1902 887     571     1128    403     755     1322    991     513     320     702     691     869     1249    1384    1331    1239    988     747     564     
970    1903 876     690     1112    582     753     1296    926     453     745     649     624     983     1179    1428    1276    1169    981     628     383     
970    1904 890     557     1203    416     761     1392    932     477     387     475     822     988     1270    1482    1418    1225    960     611     541     
970    1905 911     641     1208    549     780     1452    786     559     546     618     696     1024    1359    1629    1365    1161    708     492     738     
970    1906 906     571     1208    549     717     1480    983     572     314     575     618     955     1361    1465    1609    1226    970     755     405     
970    1907 871     605     1144    408     750     1320    948     467     347     670     696     884     1167    1417    1370    1325    920     600     551     
970    1908 937     603     1191    545     733     1392    1072    441     650     460     581     1155    1247    1521    1403    1225    1193    795     557     
970    1909 861     664     1163    524     744     1355    855     519     493     413     809     1012    1154    1441    1465    1082    960     519     434     
970    1910 877     573     1161    454     743     1378    864     410     524     584     665     977     1333    1375    1426    1179    1000    409     610     
970    1911 941     587     1275    523     812     1505    916     440     520     533     785     1117    1296    1648    1565    1221    941     587     607     
970    1912 884     644     1123    538     866     1261    839     449     558     715     805     1076    1252    1397    1134    1070    790     659     686     
970    1913 916     618     1177    575     762     1354    1027    514     519     533     739     1015    1277    1364    1418    1239    1041    801     512     
970    1914 939     690     1242    570     812     1450    958     529     680     581     840     1014    1311    1502    1533    1240    988     646     390     
970    1915 842     556     1166    375     757     1341    846     369     365     562     784     924     1256    1363    1400    1261    897     377     504     
970    1916 913     560     1215    572     704     1413    1034    782     420     367     723     1023    1137    1497    1595    1297    1067    737     288     
970    1917 850     507     1216    269     688     1438    963     258     260     416     564     1081    1317    1521    1471    1325    714     858     378     
970    1918 918     639     1157    552     766     1384    854     504     797     607     595     1091    1239    1380    1528    1091    863     608     701     
970    1919 846     546     1203    475     764     1371    796     384     326     376     750     1167    1310    1297    1503    1182    880     324     610     
970    1920 945     620     1180    618     828     1332    1044    562     687     655     757     1071    1306    1365    1323    1250    1025    858     481     
970    1921 1023    740     1256    613     816     1489    1079    774     582     711     724     1011    1342    1719    1401    1326    1181    727     737     
970    1922 865     709     1107    598     724     1291    909     478     578     543     461     1160    1252    1313    1308    1135    881     713     533     
970    1923 900     670     1174    594     722     1446    831     624     630     638     690     836     1295    1614    1424    1177    948     363     529     
970    1924 907     550     1166    518     695     1380    966     591     429     424     631     1028    1337    1426    1376    1185    924     790     726     
970    1925 887     672     1204    597     736     1474    850     613     438     524     678     1003    1390    1530    1499    1111    1023    410     388     
970    1926 950     628     1268    554     816     1490    895     598     688     659     855     936     1266    1604    1592    1345    789     556     498     
970    1927 909     598     1189    500     848     1382    929     492     512     732     804     1006    1131    1520    1487    1169    1009    608     406     
970    1928 926     637     1172    536     766     1373    998     561     649     588     723     985     1213    1502    1398    1201    1039    752     487     
970    1929 906     615     1215    423     773     1403    997     369     412     613     675     1029    1234    1492    1477    1373    938     682     547     
970    1930 891     575     1215    425     770     1421    947     475     233     547     750     1011    1353    1477    1430    1257    1008    574     528     
970    1931 899     573     1197    462     753     1415    926     384     476     460     775     1024    1416    1464    1366    1129    900     751     619     
970    1932 932     652     1221    585     709     1494    917     695     432     507     646     974     1376    1564    1538    1216    830     707     680     
970    1933 995     618     1399    478     949     1614    1015    313     438     722     959     1167    1445    1718    1672    1421    1028    596     424     
970    1934 1013    625     1313    510     809     1552    1025    619     484     581     731     1111    1482    1717    1453    1374    1045    656     853     
970    1935 949     741     1265    670     810     1527    947     544     607     725     735     968     1392    1593    1593    1298    945     597     363     
970    1936 925     569     1232    382     786     1470    977     343     443     714     627     1011    1359    1463    1585    1338    1035    555     604     
970    1937 919     601     1283    572     772     1471    938     572     536     299     901     1121    1337    1519    1554    1254    908     654     347     
970    1938 992     676     1216    519     895     1403    1103    600     620     923     723     1034    1324    1421    1462    1324    1052    934     457     
970    1939 962     696     1273    504     876     1453    1028    411     659     669     854     1104    1349    1485    1520    1314    890     884     396     
970    1940 942     583     1297    348     904     1494    980     108     553     677     902     1134    1539    1401    1545    1252    999     690     502     
970    1941 909     547     1233    345     711     1445    1074    140     397     547     652     931     1401    1504    1430    1472    1070    679     656     
970    1942 929     637     1261    462     880     1446    894     422     292     672     912     1057    1339    1485    1510    1256    945     479     731     
970    1943 979     682     1268    655     907     1441    996     567     669     690     996     1037    1342    1507    1471    1245    1064    676     470     
970    1944 961     661     1286    547     886     1482    908     709     455     580     1002    1080    1287    1557    1594    1181    891     654     522     
970    1945 1038    651     1324    486     994     1484    1120    162     804     891     970     1121    1394    1553    1504    1393    1168    797     687     
970    1946 926     723     1205    587     805     1362    1053    446     631     604     852     960     1240    1490    1351    1329    1041    789     372     
970    1947 944     521     1321    278     808     1520    1094    385     56      450     851     1126    1401    1480    1675    1381    1113    787     555     
970    1948 991     728     1235    523     911     1412    1092    462     556     889     837     1003    1280    1490    1462    1330    1048    899     622     
970    1949 1042    755     1351    646     884     1532    1117    623     697     640     978     1036    1429    1601    1564    1494    1141    715     570     
970    1950 936     721     1267    571     871     1505    908     575     567     744     748     1117    1507    1545    1464    1210    981     532     208     
970    1951 908     497     1205    328     684     1428    1063    431     346     473     663     915     1334    1538    1410    1362    1083    743     562     
970    1952 923     636     1286    421     954     1496    859     289     412     716     913     1232    1353    1599    1532    1069    949     554     429     
970    1953 991     594     1280    487     838     1456    1076    468     570     590     678     1240    1372    1483    1510    1386    1004    841     723     
970    1954 927     684     1172    538     826     1339    996     451     429     638     774     1065    1277    1392    1345    1167    1153    661     731     
970    1955 937     592     1318    448     754     1529    1034    382     207     382     924     962     1297    1607    1675    1432    878     796     653     
970    1956 919     608     1224    415     868     1360    1017    383     195     724     748     1128    1278    1500    1299    1385    963     705     693     
970    1957 984     746     1242    602     945     1457    976     599     507     987     807     1036    1360    1536    1470    1233    1028    665     536     
970    1958 948     612     1262    506     750     1441    1098    458     526     452     775     1023    1323    1505    1491    1447    1069    781     504     
970    1959 1042    682     1362    476     953     1572    1111    293     646     801     901     1155    1448    1629    1635    1391    1208    731     632     
970    1960 967     700     1312    512     951     1478    1004    503     394     712     911     1229    1501    1500    1435    1290    998     723     393     
970    1961 947     682     1250    506     940     1387    983     403     744     840     959     1022    1338    1405    1415    1358    951     641     281     
970    1962 843     522     1141    404     669     1330    917     430     511     320     732     959     1230    1390    1365    1158    991     598     406     
970    1963 848     474     1180    184     817     1367    1009    0       140     677     820     955     1330    1394    1375    1197    1097    729     412     
970    1964 943     637     1276    488     858     1418    998     546     507     528     840     1205    1299    1509    1443    1351    897     748     426     
970    1965 878     557     1197    361     846     1366    909     343     307     605     817     1115    1362    1297    1438    1145    1102    474     491     
970    1966 931     645     1231    526     829     1412    920     455     642     701     713     1069    1434    1407    1395    1361    895     506     571     
970    1967 926     615     1231    541     795     1459    929     514     536     659     839     889     1379    1551    1444    1276    957     554     487     
970    1968 923     575     1199    435     753     1410    1103    551     257     622     727     909     1363    1396    1469    1324    1215    765     455     
970    1969 899     595     1246    384     737     1461    1008    544     129     422     740     1049    1295    1577    1506    1294    1280    441     443     
970    1970 941     572     1287    407     787     1493    1058    458     310     472     675     1210    1516    1488    1475    1348    1067    759     469     
970    1971 974     659     1240    526     771     1411    1098    558     553     543     739     1032    1212    1565    1449    1433    1214    643     713     
970    1972 903     687     1153    551     805     1320    947     426     512     604     809     1001    1115    1466    1373    1144    1079    614     671     
970    1973 953     684     1256    588     806     1474    985     599     484     634     702     1077    1419    1478    1523    1325    958     673     531     
970    1974 916     664     1170    585     790     1369    825     675     544     591     757     1021    1247    1441    1415    1127    741     610     788     
970    1975 982     645     1286    676     734     1584    1009    641     591     495     829     883     1404    1666    1678    1244    1080    701     543     
970    1976 968     687     1326    581     814     1606    947     617     582     592     779     1069    1580    1638    1599    1283    942     618     301     
970    1977 940     580     1208    387     818     1414    1000    300     578     744     734     975     1200    1560    1476    1289    1211    494     684     
970    1978 945     640     1217    482     813     1380    1146    376     376     665     658     1112    1266    1422    1449    1381    1184    871     533     
970    1979 881     585     1203    328     689     1438    1061    158     290     455     718     895     1346    1559    1406    1285    1125    770     522     
970    1980 928     647     1247    484     813     1393    993     340     598     527     833     1077    1306    1372    1498    1387    890     706     592     
970    1981 939     676     1265    538     874     1455    984     567     448     830     738     1049    1290    1463    1606    1431    727     803     280     
970    1982 967     572     1290    432     845     1486    1022    413     621     602     861     1073    1416    1552    1488    1340    1018    709     496     
970    1983 993     651     1284    482     760     1598    1051    629     305     714     608     952     1318    1776    1691    1337    1018    799     700     
970    1984 960     652     1299    525     762     1571    1017    361     513     514     839     935     1413    1615    1679    1298    1062    689     585     
970    1985 901     598     1235    423     813     1360    975     220     469     554     867     1020    1201    1521    1353    1445    1052    424     655     
970    1986 863     547     1136    400     728     1365    976     404     115     587     548     1045    1389    1492    1216    1116    1048    761     581     
970    1987 918     614     1248    445     827     1423    929     327     424     528     957     1001    1220    1531    1512    1259    879     652     695     
970    1988 961     650     1241    563     867     1425    956     521     467     673     842     1084    1427    1413    1435    1237    1022    607     779     
970    1989 1017    739     1307    698     836     1567    1061    699     608     703     613     1185    1354    1765    1576    1331    1139    709     482     
970    1990 1010    748     1290    597     930     1522    996     664     651     833     746     1206    1302    1600    1656    1208    1115    661     435     
970    1991 945     608     1286    365     889     1472    997     361     292     754     779     1130    1190    1600    1616    1386    944     662     574     
970    1992 955     679     1276    569     930     1473    889     500     637     751     826     1209    1460    1555    1404    1193    733     746     444     
970    1993 926     644     1218    563     870     1403    835     616     637     688     924     1001    1382    1441    1383    1173    749     586     511     
970    1994 970     590     1199    487     816     1431    1072    510     434     734     745     965     1328    1551    1412    1179    1038    1000    692     
970    1995 1027    735     1352    601     832     1629    1119    491     625     560     867     1070    1364    1715    1800    1278    1282    792     443     
970    1996 924     675     1237    484     742     1454    1022    635     366     515     866     849     1352    1533    1473    1350    1143    568     430     
970    1997 1039    677     1320    509     952     1498    1107    464     644     808     956     1095    1264    1555    1666    1365    1069    889     671     
970    1998 1016    803     1266    679     904     1444    1036    575     802     817     716     1171    1328    1463    1537    1366    1045    697     652     
970    1999 1017    710     1337    590     962     1471    1093    537     580     737     932     1215    1255    1640    1510    1460    1056    764     481     
970    2000 979     699     1278    540     854     1487    1002    505     642     745     700     1112    1383    1515    1561    1385    978     644     569     
970    2001 964     595     1277    468     821     1468    1128    389     441     529     766     1166    1319    1548    1533    1313    1266    800     436     
970    2002 1031    774     1278    604     917     1444    1077    724     657     748     875     1126    1318    1460    1551    1330    991     912     649     
970    2003 1037    726     1381    558     959     1588    1054    505     515     771     976     1131    1460    1649    1650    1414    911     842     586     
970    2004 1013    677     1340    545     897     1528    1055    538     510     670     893     1127    1482    1473    1629    1427    936     805     650     
970    2005 1040    723     1348    598     912     1570    1092    659     473     795     867     1073    1531    1606    1571    1433    1206    634     586     
970    2006 1056    673     1395    536     840     1614    1200    548     465     575     802     1141    1516    1779    1544    1580    1237    783     663     
970    2007 1046    773     1323    647     960     1457    1117    676     598     667     1079    1137    1396    1470    1502    1348    1165    838     648     
970    2008 975     756     1305    643     895     1489    950     675     603     601     790     1292    1343    1567    1554    1271    905     674     412     
970    2009 979     602     1313    436     917     1512    1070    421     478     711     902     1138    1449    1511    1573    1299    1157    751     323     
970    2010 864     533     1301    236     813     1512    991     151     234     561     844     1034    1494    1611    1431    1385    1048    522     12      
970    2011 -999999 560     -999999 366     -999999 -999999 -999999 381     740     670     1124    -999999 -999999 -999999 -999999 -999999 -999999 -999999 -999999 
