EUROPEAN CLIMATE ASSESSMENT & DATASET (ECA&D), file created on: 10-05-2011
THESE DATA CAN BE USED FREELY PROVIDED THAT THE FOLLOWING SOURCE IS ACKNOWLEDGED: 

Klein Tank, A.M.G. and Coauthors, 2002. Daily dataset of 20th-century surface
air temperature and precipitation series for the European Climate Assessment.
Int. J. of Climatol., 22, 1441-1453.
Data and metadata available at http://eca.knmi.nl

FILE FORMAT (MISSING VALUE CODE = -999999):

THIS FILE HOLDS DATA FOR STATION ESTONIA                                  TYRI                                     (STAID:    692)
LATITUDE: dd:mm:ss +58:48:00
LONGITUDE: ddd:mm:ss +025:24:00
ELEVATION: m   65

DATA IS FOR INDEX Mean of daily mean temperature (TG) with unit 0.01 Temperature (&#176;C)

01-06 SOUID: Source identifier
08-11 YEAR : YYYY
13-20 ANNUAL DATA VALUES
21-28 WINTER HALF YEAR DATA VALUES
29-36 SUMMER HALF YEAR DATA VALUES
37-44 WINTER (DJF) DATA VALUES
45-52 SPRING (MAM) DATA VALUES
53-60 SUMMER (JJA) DATA VALUES
61-68 AUTUMN (SON) DATA VALUES
69-76 JANUARY DATA VALUES
etc. 
157-164 DECEMBER DATA VALUES

692    1995 -999999 -999999 -999999 -999999 -999999 -999999 -999999 -999999 -999999 -999999 -999999 -999999 -999999 -999999 1550    -999999 -999999 -999999 -999999 
692    1996 -999999 -999999 -999999 -999999 -999999 1540    643     -999999 -999999 -999999 517     1077    1393    1511    1722    892     695     336     -999999 
692    1997 -999999 -999999 1253    -999999 362     1738    -999999 -346    -232    -67     298     855     1579    1815    1815    1112    344     -999999 -448    
692    1998 -999999 -999999 -999999 -999999 -999999 -999999 444     -116    -293    -233    482     -999999 -999999 -999999 1399    1140    581     -448    -294    
692    1999 -999999 -999999 -999999 -999999 -999999 -999999 733     -427    -559    -49     760     735     1811    1846    1516    1282    664     198     -148    
692    2000 -999999 -999999 -999999 -167    658     1536    740     -231    -126    -28     904     1091    1425    1647    1541    976     856     382     65      
692    2001 -999999 -999999 -999999 -188    471     1694    650     -136    -529    -289    715     1039    1422    2044    1611    1178    781     -24     -847    
692    2002 -999999 -999999 1385    -357    701     1760    384     -248    16      189     610     1284    1588    1884    1806    1103    130     -71     -843    
692    2003 578     -352    1255    -728    489     1631    621     -742    -587    -4      333     1117    1355    1974    1566    1177    429     262     -2      
692    2004 580     -85     1267    -410    541     1568    611     -775    -454    17      590     1019    1318    1652    1727    1278    613     -57     -4      
692    2005 -999999 -147    1293    -278    326     1621    799     -146    -728    -629    489     1093    1420    1794    1643    1295    800     285     -365    
692    2006 685     -999999 1423    -575    389     1788    869     -525    -863    -503    553     1123    1644    1897    1819    1485    870     251     357     
692    2007 724     157     1389    -224    790     1748    632     -163    -934    461     664     1240    1641    1747    1852    1165    704     24      141     
692    2008 748     169     1283    65      643     1592    745     -61     119     81      757     1093    1483    1655    1634    1056    884     289     -36     
692    2009 618     54      1333    -258    575     1604    673     -287    -471    -99     655     1172    1448    1754    1606    1344    442     240     -458    
692    2010 516     -343    1461    -870    592     1877    550     -1323   -824    -160    634     1305    1480    2242    1896    1173    440     39      -792    
692    2011 -999999 -302    -999999 -744    -999999 -999999 -999999 -469    -996    -93     663     -999999 -999999 -999999 -999999 -999999 -999999 -999999 -999999 
