EUROPEAN CLIMATE ASSESSMENT & DATASET (ECA&D), file created on: 10-05-2011
THESE DATA CAN BE USED FREELY PROVIDED THAT THE FOLLOWING SOURCE IS ACKNOWLEDGED: 

Klein Tank, A.M.G. and Coauthors, 2002. Daily dataset of 20th-century surface
air temperature and precipitation series for the European Climate Assessment.
Int. J. of Climatol., 22, 1441-1453.
Data and metadata available at http://eca.knmi.nl

FILE FORMAT (MISSING VALUE CODE = -999999):

THIS FILE HOLDS DATA FOR STATION FRANCE                                   NICE                                     (STAID:    757)
LATITUDE: dd:mm:ss +43:39:00
LONGITUDE: ddd:mm:ss +007:12:00
ELEVATION: m   10

DATA IS FOR INDEX Mean of daily mean temperature (TG) with unit 0.01 Temperature (&#176;C)

01-06 SOUID: Source identifier
08-11 YEAR : YYYY
13-20 ANNUAL DATA VALUES
21-28 WINTER HALF YEAR DATA VALUES
29-36 SUMMER HALF YEAR DATA VALUES
37-44 WINTER (DJF) DATA VALUES
45-52 SPRING (MAM) DATA VALUES
53-60 SUMMER (JJA) DATA VALUES
61-68 AUTUMN (SON) DATA VALUES
69-76 JANUARY DATA VALUES
etc. 
157-164 DECEMBER DATA VALUES

757    1958 1492    -999999 1868    -999999 1245    2089    1701    866     968     908     1141    1684    1892    2145    2225    2110    1662    1333    939     
757    1959 1536    1177    1929    946     1390    2201    1579    887     1020    1210    1306    1652    2020    2322    2254    2004    1583    1151    985     
757    1960 1469    1102    1857    923     1356    2106    1519    843     944     1098    1317    1654    2093    2146    2079    1843    1504    1212    887     
757    1961 1558    1109    1962    920     1409    2162    1705    809     1080    1162    1474    1594    1980    2239    2259    2220    1724    1170    953     
757    1962 1473    1105    1888    940     1248    2146    1618    1005    854     903     1338    1505    1935    2208    2287    2044    1701    1106    752     
757    1963 1469    979     1900    672     1339    2148    1657    589     675     1025    1294    1695    1903    2362    2170    1959    1663    1351    881     
757    1964 1546    1126    1997    881     1389    2276    1629    837     927     1091    1325    1750    2135    2384    2304    2071    1547    1272    888     
757    1965 1455    1050    1828    816     1299    2083    1574    857     690     1019    1295    1583    1886    2183    2174    1834    1693    1190    993     
757    1966 1514    1140    1907    958     1405    2092    1612    797     1096    1067    1419    1728    2070    2093    2111    2013    1756    1061    936     
757    1967 1552    1117    1937    889     1401    2207    1703    815     918     1194    1335    1674    1919    2373    2320    1980    1795    1330    919     
757    1968 1510    1150    1890    888     1378    2122    1649    801     948     1096    1379    1659    1946    2294    2120    1931    1753    1260    913     
757    1969 1494    1100    1890    840     1319    2130    1712    866     731     1048    1291    1618    1836    2247    2296    2034    1840    1257    799     
757    1970 1522    1122    1928    890     1256    2203    1699    934     942     947     1282    1540    2091    2229    2285    2131    1661    1306    879     
757    1971 1525    1075    1964    877     1307    2221    1649    835     923     833     1430    1646    1873    2355    2422    2042    1717    1185    968     
757    1972 1481    1155    1810    949     1328    2087    1549    860     1023    1168    1290    1524    1875    2225    2152    1777    1550    1320    991     
757    1973 1544    1118    1975    933     1305    2268    1687    904     899     1030    1200    1681    2049    2313    2434    2157    1682    1223    911     
757    1974 1497    1163    1894    974     1338    2163    1476    1004    1011    1136    1304    1574    1961    2175    2346    1988    1281    1165    987     
757    1975 1515    1059    1916    977     1297    2160    1615    1000    939     972     1310    1611    1876    2272    2325    2089    1595    1160    992     
757    1976 1503    1115    1893    969     1321    2187    1543    888     1032    1016    1239    1705    2106    2307    2146    1839    1594    1196    954     
757    1977 1522    1151    1842    965     1369    2067    1668    900     1048    1208    1303    1593    1918    2185    2093    1947    1792    1260    985     
757    1978 1509    1166    1857    908     1322    2116    1655    865     871     1200    1225    1536    1938    2153    2251    2029    1673    1261    1053    
757    1979 1539    1137    1952    925     1351    2240    1621    763     964     1098    1262    1689    2163    2275    2279    2029    1685    1146    1071    
757    1980 1484    1160    1853    1003    1277    2093    1641    873     1069    1108    1221    1499    1883    2059    2330    2118    1625    1180    827     
757    1981 1539    1083    1951    827     1398    2200    1678    819     835     1192    1395    1606    2056    2166    2372    2098    1699    1235    947     
757    1982 1611    1153    2040    976     1351    2323    1747    1037    939     1042    1316    1695    2149    2473    2343    2252    1648    1345    1046    
757    1983 1611    1169    2034    951     1385    2339    1774    1013    778     1155    1342    1656    2077    2541    2390    2180    1768    1374    994     
757    1984 1489    1148    1840    901     1246    2123    1672    875     830     1035    1279    1425    1871    2264    2225    1963    1664    1390    1025    
757    1985 1543    1098    1996    825     1351    2245    1727    531     931     1039    1406    1609    2007    2396    2326    2219    1844    1113    1059    
757    1986 1599    1141    2020    898     1444    2285    1787    872     748     1172    1278    1878    2061    2355    2433    2096    1872    1392    966     
757    1987 1582    1150    2013    894     1281    2287    1802    805     911     938     1340    1565    1991    2434    2425    2308    1790    1309    1128    
757    1988 1617    1249    2006    1075    1442    2269    1707    1075    1019    1162    1388    1775    1989    2364    2446    2056    1855    1205    1037    
757    1989 1617    1245    2004    1030    1460    2297    1661    980     1078    1299    1309    1765    2041    2413    2428    2046    1670    1267    1065    
757    1990 1625    1263    2016    1118    1470    2285    1702    970     1339    1272    1297    1836    2078    2347    2424    2093    1814    1194    808     
757    1991 1535    1150    1936    848     1342    2233    1674    955     773     1319    1249    1455    1921    2341    2427    2208    1593    1225    899     
757    1992 1581    1133    1993    943     1453    2229    1645    959     973     1140    1325    1888    1941    2277    2461    2045    1550    1342    1043    
757    1993 1544    1145    1963    985     1354    2245    1573    969     937     1016    1307    1737    2135    2203    2393    1989    1573    1158    1064    
757    1994 1628    1158    2025    987     1429    2365    1702    971     919     1239    1310    1733    2038    2544    2502    2000    1661    1447    1118    
757    1995 1572    1220    1940    1039    1339    2261    1679    879     1129    1087    1292    1636    1937    2468    2366    1917    1837    1278    1002    
757    1996 1550    1187    1944    975     1376    2239    1601    1049    865     1074    1382    1671    2125    2293    2295    1885    1669    1247    1015    
757    1997 1633    1224    2000    1042    1465    2226    1785    995     1125    1285    1331    1775    2021    2235    2414    2208    1836    1309    1027    
757    1998 1586    1246    2006    1047    1427    2299    1601    996     1124    1176    1294    1805    2087    2373    2429    2030    1645    1126    913     
757    1999 1622    1121    2069    919     1461    2329    1749    941     900     1182    1378    1820    2111    2428    2442    2222    1754    1272    956     
757    2000 1623    1190    2039    969     1485    2276    1707    854     1106    1197    1329    1923    2225    2212    2388    2144    1742    1233    1106    
757    2001 1639    1233    2028    1034    1500    2339    1743    955     1043    1299    1358    1838    2108    2375    2525    1944    1942    1337    896     
757    2002 1630    1242    2016    958     1480    2287    1717    886     1105    1275    1443    1720    2209    2316    2334    2044    1712    1386    1080    
757    2003 1686    1193    2203    963     1486    2580    1697    954     843     1164    1382    1921    2450    2539    2747    2119    1602    1374    1067    
757    2004 1613    1179    2014    999     1370    2305    1765    931     998     1098    1376    1637    2132    2331    2439    2163    1802    1329    1110    
757    2005 1598    1163    2082    922     1430    2374    1736    859     783     1061    1351    1875    2305    2447    2369    2132    1771    1304    861     
757    2006 1687    1156    2111    897     1486    2396    1845    839     1000    1151    1502    1805    2161    2675    2345    2165    1876    1494    1180    
757    2007 1709    1361    2137    1159    1662    2348    1703    1121    1176    1306    1706    1976    2220    2426    2393    2087    1726    1296    1036    
757    2008 1632    1207    2062    1015    1467    2350    1724    1004    1002    1167    1372    1859    2159    2424    2461    2079    1805    1285    936     
757    2009 1673    1175    2152    923     1541    2401    1815    886     948     1174    1509    1940    2192    2423    2583    2247    1798    1401    928     
757    2010 1572    1151    2058    856     1421    2373    1655    764     879     1117    1456    1690    2131    2630    2351    2072    1675    1218    832     
757    2011 -999999 1131    -999999 897     -999999 -999999 -999999 904     962     1180    1545    -999999 -999999 -999999 -999999 -999999 -999999 -999999 -999999 
