EUROPEAN CLIMATE ASSESSMENT & DATASET (ECA&D), file created on: 10-05-2011
THESE DATA CAN BE USED FREELY PROVIDED THAT THE FOLLOWING SOURCE IS ACKNOWLEDGED: 

Klein Tank, A.M.G. and Coauthors, 2002. Daily dataset of 20th-century surface
air temperature and precipitation series for the European Climate Assessment.
Int. J. of Climatol., 22, 1441-1453.
Data and metadata available at http://eca.knmi.nl

FILE FORMAT (MISSING VALUE CODE = -999999):

THIS FILE HOLDS DATA FOR STATION GERMANY                                  WASSERKUPPE (WST)                        (STAID:    819)
LATITUDE: dd:mm:ss +50:30:00
LONGITUDE: ddd:mm:ss +009:57:00
ELEVATION: m  921

DATA IS FOR INDEX Mean of daily mean temperature (TG) with unit 0.01 Temperature (&#176;C)

01-06 SOUID: Source identifier
08-11 YEAR : YYYY
13-20 ANNUAL DATA VALUES
21-28 WINTER HALF YEAR DATA VALUES
29-36 SUMMER HALF YEAR DATA VALUES
37-44 WINTER (DJF) DATA VALUES
45-52 SPRING (MAM) DATA VALUES
53-60 SUMMER (JJA) DATA VALUES
61-68 AUTUMN (SON) DATA VALUES
69-76 JANUARY DATA VALUES
etc. 
157-164 DECEMBER DATA VALUES

819    1958 454     -999999 970     -999999 203     1214    591     -335    -172    -441    91      955     1026    1280    1330    1117    562     96      -101    
819    1959 630     98      1140    -148    619     1394    632     -332    3       348     620     889     1210    1596    1370    1144    657     93      -83     
819    1960 484     28      958     -232    475     1164    579     -363    -253    99      396     926     1236    1083    1176    919     592     227     -249    
819    1961 570     107     1034    -156    530     1153    754     -343    154     269     740     587     1192    1055    1213    1424    744     95      -288    
819    1962 362     -80     872     -307    183     1118    517     -197    -451    -411    433     534     998     1108    1245    906     680     -41     -508    
819    1963 407     -270    1029    -755    419     1267    664     -997    -760    -35     477     817     1174    1428    1196    1070    528     399     -476    
819    1964 501     -68     1104    -350    408     1350    518     -328    -240    -285    491     1019    1325    1484    1242    1049    388     120     -266    
819    1965 396     -120    888     -376    302     1129    471     -270    -616    -118    265     758     1167    1067    1153    909     660     -164    -136    
819    1966 505     -25     1009    -183    459     1183    575     -571    193     -115    545     950     1282    1108    1163    998     816     -97     -220    
819    1967 529     33      1009    -206    399     1298    646     -269    -120    68      254     872     1061    1559    1268    1015    777     143     -326    
819    1968 461     -22     972     -357    405     1214    599     -460    -281    4       528     686     1149    1232    1258    972     730     92      -397    
819    1969 457     -84     1020    -377    329     1283    669     -173    -581    -217    274     929     1059    1513    1268    1056    860     86      -675    
819    1970 422     -143    945     -511    164     1283    613     -352    -505    -299    46      741     1348    1144    1359    1019    539     282     -310    
819    1971 518     -49     1060    -266    419     1289    492     -190    -302    -324    534     1050    959     1482    1415    893     621     -42     53      
819    1972 464     66      889     -146    409     1198    413     -501    20      236     280     706     1033    1395    1161    737     446     54      -22     
819    1973 480     -2      1025    -177    321     1350    512     -182    -342    3       74      880     1216    1312    1517    1129    451     -42     -315    
819    1974 502     52      924     -116    467     1145    375     34      -61     233     463     704     994     1073    1363    936     82      118     52      
819    1975 546     38      1063    19      340     1359    560     56      -60     -29     277     769     1053    1452    1563    1243    519     -81     -255    
819    1976 523     -86     1093    -229    324     1450    589     -263    -164    -274    333     912     1416    1628    1304    948     734     80      -396    
819    1977 514     62      888     -248    378     1207    575     -265    -66     271     96      756     1130    1251    1237    836     803     78      -9      
819    1978 434     36      870     -255    391     1105    544     -311    -466    72      331     766     1062    1147    1104    796     593     239     -190    
819    1979 419     -79     919     -437    329     1169    537     -725    -393    -20     180     821     1258    1111    1141    996     640     -28     -7      
819    1980 396     11      894     -180    285     1130    458     -475    -50     -16     191     679     1022    1077    1289    1094    410     -129    -350    
819    1981 460     -98     1012    -406    565     1195    518     -435    -436    317     457     916     1099    1206    1278    1105    405     48      -496    
819    1982 580     -87     1103    -338    379     1383    747     -254    -257    19      229     885     1263    1541    1342    1344    625     277     -113    
819    1983 565     56      1117    -208    393     1507    570     -12     -531    42      472     667     1252    1756    1505    1027    545     139     -164    
819    1984 434     -66     868     -295    229     1167    632     -322    -408    -203    275     618     933     1178    1382    801     695     399     -169    
819    1985 397     -82     971     -504    403     1157    442     -774    -577    -99     355     953     864     1344    1255    1033    613     -327    45      
819    1986 442     -175    975     -425    383     1262    597     -372    -1005   -88     196     1036    1213    1316    1255    813     684     292     -149    
819    1987 406     -110    945     -402    218     1141    625     -765    -281    -446    563     549     964     1285    1169    1135    619     120     -65     
819    1988 548     55      1045    -86     444     1279    541     30      -233    -157    418     1072    1116    1306    1408    928     705     -15     -40     
819    1989 664     193     1093    28      602     1321    664     85      41      359     328     1109    1162    1409    1387    1145    748     95      42      
819    1990 591     217     1027    42      577     1322    529     -105    204     315     326     1083    1134    1278    1546    766     755     60      -310    
819    1991 517     25      1021    -346    410     1339    605     -218    -527    338     341     549     910     1582    1513    1212    494     111     -185    
819    1992 607     58      1160    -117    529     1473    488     -144    -15     85      387     1111    1342    1485    1586    1028    276     167     -51     
819    1993 547     32      1093    -92     632     1257    389     -74     -156    15      747     1137    1227    1255    1287    890     468     -193    -94     
819    1994 639     -2      1145    -179    510     1526    646     -129    -328    224     409     893     1260    1869    1441    975     507     460     8       
819    1995 556     85      1090    -112    407     1435    613     -360    30      -129    480     873     1054    1730    1509    869     921     38      -386    
819    1996 404     -79     945     -392    318     1240    454     -343    -451    -272    534     697     1186    1197    1336    704     610     42      -420    
819    1997 590     44      1093    -238    501     1398    573     -274    4       299     269     928     1175    1334    1677    1151    432     139     -102    
819    1998 537     95      1051    -41     549     1266    396     -107    101     110     479     1056    1267    1190    1341    960     449     -223    -214    
819    1999 584     -32     1151    -202    559     1330    633     -37     -371    165     503     1008    1126    1516    1342    1397    532     -28     -212    
819    2000 628     7       1130    -197    639     1297    671     -304    -68     115     670     1134    1337    1080    1476    1076    687     251     58      
819    2001 -999999 -999999 -999999 -999999 -999999 -999999 -999999 -999999 -999999 -999999 -999999 -999999 -999999 -999999 -999999 -999999 -999999 -999999 -999999 
819    2002 -999999 -999999 -999999 -999999 -999999 -999999 -999999 -999999 -999999 -999999 -999999 -999999 -999999 -999999 -999999 -999999 -999999 -999999 -999999 
819    2003 -999999 -999999 -999999 -999999 -999999 -999999 -999999 -999999 -999999 -999999 -999999 -999999 -999999 -999999 -999999 -999999 -999999 -999999 -999999 
819    2004 -999999 -999999 1120    -999999 498     1388    642     -385    -125    15      664     775     1237    1355    1567    1110    728     65      -82     
819    2005 623     -999999 1198    -256    593     1397    815     -220    -481    96      668     1002    1354    1531    1303    1323    985     133     -287    
819    2006 -999999 0       -999999 -317    432     1516    968     -340    -327    -194    480     1015    1411    1922    1211    1479    1002    424     138     
819    2007 -999999 -999999 1219    -999999 827     1419    -999999 15      70      316     989     1130    1437    1408    1413    921     589     25      -91     
819    2008 -999999 -999999 1193    10      587     1495    576     -24     148     22      436     1275    1455    1563    1466    908     625     206     -196    
819    2009 -999999 -999999 1248    -999999 717     1415    728     -400    -999999 34      967     1069    1143    1479    1615    1202    520     430     -365    
819    2010 -999999 -999999 1130    -999999 479     1496    538     -654    -999999 75      634     700     1384    1771    1330    923     589     111     -613    
819    2011 -999999 16      -999999 -326    -999999 -999999 -999999 -198    -150    341     953     -999999 -999999 -999999 -999999 -999999 -999999 -999999 -999999 
