EUROPEAN CLIMATE ASSESSMENT & DATASET (ECA&D), file created on: 10-05-2011
THESE DATA CAN BE USED FREELY PROVIDED THAT THE FOLLOWING SOURCE IS ACKNOWLEDGED: 

Klein Tank, A.M.G. and Coauthors, 2002. Daily dataset of 20th-century surface
air temperature and precipitation series for the European Climate Assessment.
Int. J. of Climatol., 22, 1441-1453.
Data and metadata available at http://eca.knmi.nl

FILE FORMAT (MISSING VALUE CODE = -999999):

THIS FILE HOLDS DATA FOR STATION ICELAND                                  STYKKISHOLMUR                            (STAID:     67)
LATITUDE: dd:mm:ss +65:04:24
LONGITUDE: ddd:mm:ss -022:43:39
ELEVATION: m   15

DATA IS FOR INDEX Mean of daily mean temperature (TG) with unit 0.01 Temperature (&#176;C)

01-06 SOUID: Source identifier
08-11 YEAR : YYYY
13-20 ANNUAL DATA VALUES
21-28 WINTER HALF YEAR DATA VALUES
29-36 SUMMER HALF YEAR DATA VALUES
37-44 WINTER (DJF) DATA VALUES
45-52 SPRING (MAM) DATA VALUES
53-60 SUMMER (JJA) DATA VALUES
61-68 AUTUMN (SON) DATA VALUES
69-76 JANUARY DATA VALUES
etc. 
157-164 DECEMBER DATA VALUES

67     1850 326     -999999 629     -999999 202     755     406     -140    -330    -90     320     381     660     911     691     810     319     91      250     
67     1851 411     130     650     105     305     773     434     90      -40     51      261     601     591     881     841     712     372     221     310     
67     1852 402     151     787     22      463     955     381     -180    -71     240     530     620     891     1040    932     701     441     -1      -331    
67     1853 318     -126    731     -399    214     991     319     -521    -340    -20     99      560     891     1050    1030    740     190     31      60      
67     1854 307     5       694     -103    197     989     292     -150    -230    110     160     320     841     1121    1000    710     141     30      -401    
67     1855 262     -250    689     -450    66      969     327     -219    -759    -330    110     421     821     1160    920     691     30      270     -39     
67     1856 402     8       794     -244    511     1001    459     -621    -59     470     420     641     870     1019    1111    690     661     20      -420    
67     1857 345     -102    735     -399    153     965     565     -459    -310    -121    -99     671     821     970     1101    930     400     370     -180    
67     1858 333     39      647     -99     69      915     355     -161    60      -241    119     330     771     970     1001    681     180     210     70      
67     1859 98      -225    533     -252    -387    908     283     -330    -522    -970    -650    450     811     1030    880     650     231     -30     -420    
67     1860 251     -192    617     -291    -52     906     343     -239    -209    -480    140     190     700     1111    900     652     211     170     -140    
67     1861 361     -24     745     -68     188     924     302     70      -141    -320    380     510     910     981     880     800     381     -279    121     
67     1862 293     3       579     92      -10     815     324     10      151     -360    -261    582     721     751     970     690     351     -70     -41     
67     1863 198     -55     549     -169    48      815     210     -250    -220    -119    11      250     620     940     880     581     181     -131    -400    
67     1864 388     -147    723     -194    179     909     493     -21     -159    -351    250     641     771     1000    951     710     460     310     79      
67     1865 240     -26     591     -266    15      901     290     -580    -300    -140    -89     269     790     910     999     651     261     -40     110     
67     1866 100     -309    535     -419    -210    825     305     -630    -771    -820    60      140     751     891     831     531     450     -71     -220    
67     1867 244     -192    578     -385    -112    892     469     -581    -350    -392    -281    330     761     970     940     732     370     310     80      
67     1868 287     -28     657     -189    153     818     378     -121    -551    -281    231     511     730     940     781     739     171     230     29      
67     1869 171     -58     503     -116    -93     807     192     61      -471    -401    -140    260     791     762     869     461     381     -271    -301    
67     1870 379     -111    713     -155    135     966     448     -51     -110    -320    20      701     771     1011    1110    641     481     220     30      
67     1871 331     7       698     -74     54      970     364     -100    -161    -440    -20     619     1051    992     870     662     400     30      40      
67     1872 329     27      696     -50     49      1047    360     -271    90      -121    -130    391     830     1181    1121    761     271     51      -230    
67     1873 -999999 -24     -999999 -204    312     -999999 -999999 -261    -111    130     390     420     761     -999999 -999999 -999999 -999999 -999999 -999999 
67     1874 199     -999999 619     -999999 115     871     238     -861    -291    -179    0       520     841     929     841     570     109     40      -161    
67     1875 397     -2      702     -133    380     835     408     -199    -31     230     390     520     680     901     920     791     432     0       100     
67     1876 331     1       613     -9      -73     896     540     70      -210    -400    -420    590     721     930     1032    800     502     320     1       
67     1877 229     -24     622     -221    -2      823     389     -289    -391    -311    -90     391     681     881     902     960     330     -120    -239    
67     1878 269     -67     659     -167    67      1001    256     -210    -40     -121    40      281     920     1061    1019    621     190     -40     -511    
67     1879 347     -149    651     -263    116     915     414     10      -290    -261    130     480     790     920     1030    540     449     250     60      
67     1880 380     158     858     -17     447     1129    241     30      -150    291     471     581     951     1229    1201    700     221     -199    -791    
67     1881 160     -638    715     -844    -178    832     547     -790    -961    -1330   300     510     721     920     851     982     480     180     -30     
67     1882 180     -47     434     -169    -156    671     430     -81     -420    -441    -220    191     560     800     649     611     670     0       -209    
67     1883 354     40      645     -116    99      895     466     -90     -40     -100    211     190     792     1020    871     781     410     210     -31     
67     1884 366     79      698     -105    263     942     363     -230    -50     160     320     311     820     1030    971     730     261     100     -41     
67     1885 216     -88     567     -198    -20     819     333     89      -691    -300    -50     289     610     880     960     700     241     60      -270    
67     1886 209     -175    543     -395    5       782     469     -551    -360    -180    -78     271     650     891     799     711     542     151     -371    
67     1887 240     -27     585     -230    45      814     309     -169    -140    -179    -79     391     790     810     840     749     299     -120    -341    
67     1888 285     -129    588     -175    -81     877     416     -70     -111    -431    -1      190     850     930     850     701     341     211     -41     
67     1889 402     -33     793     -205    225     1024    541     -230    -360    -140    110     700     930     1079    1060    861     531     230     0       
67     1890 379     80      704     -28     220     892     373     -162    91      -201    230     631     741     1000    929     679     320     120     151     
67     1891 372     20      737     53      48      1024    452     -50     60      -471    200     419     1000    1100    970     721     581     50      -130    
67     1892 128     -165    499     -388    -110    768     308     -411    -641    -461    -80     211     630     862     811     560     380     -19     -319    
67     1893 318     -70     734     -212    220     975     273     -71     -250    -160    260     560     850     1040    1031    651     221     -51     -301    
67     1894 395     -116    812     -263    262     1042    496     -229    -259    -90     371     510     901     1170    1052    860     429     201     -210    
67     1895 350     28      698     -140    196     930     369     -250    59      -50     -30     660     900     1001    890     751     240     120     -110    
67     1896 306     -43     653     -106    150     849     265     -220    21      -302    181     571     680     971     890     611     120     70      70      
67     1897 339     -27     636     -92     156     856     431     -101    -261    -80     189     361     701     971     890     690     471     131     59      
67     1898 316     16      648     -125    113     881     438     -70     -391    -140    109     369     839     950     851     760     551     0       -92     
67     1899 268     -46     649     -148    -25     988     257     -230    -119    -392    -199    510     871     1001    1090    600     241     -70     -119    
67     1900 349     -52     706     -131    120     1009    369     -9      -280    -100    70      390     871     1082    1071    740     260     110     -69     
67     1901 385     57      716     -8      149     962     472     20      30      -10     -101    549     860     1060    962     950     290     181     -192    
67     1902 270     -183    628     -367    -63     882     534     -451    -470    -470    -70     351     792     940     911     830     560     210     60      
67     1903 248     17      572     -130    -12     811     323     -211    -250    -289    -140    390     780     1012    641     740     270     -39     32      
67     1904 303     -61     699     -141    104     961     329     -210    -251    -180    30      461     869     1061    951     811     211     -30     -110    
67     1905 350     -69     678     -237    220     947     404     -280    -330    100     31      522     960     961     921     661     382     171     50      
67     1906 289     38      600     -73     -19     907     457     0       -289    -109    -90     140     899     902     920     821     439     110     -309    
67     1907 252     -107    561     -298    56      758     319     -121    -480    -310    100     381     590     899     781     600     269     89      161     
67     1908 414     41      727     -49     216     980     542     -70     -250    29      220     399     800     1202    931     801     680     140     50      
67     1909 358     113     758     -4      215     987     381     -180    131     -141    330     461     1000    1032    930     790     180     181     -410    
67     1910 280     -115    605     -338    52      910     366     -300    -301    -51     -151    350     681     1030    1011    691     559     -159    -59     
67     1911 345     -2      634     -155    211     868     394     -119    -300    30      50      549     811     921     871     590     470     119     90      
67     1912 354     49      717     -63     217     904     437     51      -350    -110    159     600     951     980     781     821     451     40      -151    
67     1913 353     10      709     -63     160     912     370     -40     10      -250    200     531     760     1040    930     780     341     -11     -80     
67     1914 260     -64     568     -112    -107    900     361     81      -361    -381    -130    190     710     952     1032    640     520     -81     -110    
67     1915 362     -54     685     -141    60      918     618     -39     -290    -349    100     430     861     890     1000    819     741     290     -150    
67     1916 332     88      680     -114    18      1015    474     -101    -90     -169    -139    359     871     1089    1081    801     470     150     -350    
67     1917 260     60      599     -88     61      933     138     31      70      -9      -239    421     670     1179    941     600     -51     -130    -391    
67     1918 235     -999999 638     -640    238     868     337     -1119   -420    28      49      630     790     881     930     531     339     140     -89     
67     1919 -999999 -54     -999999 -113    -15     -999999 -999999 -60     -200    -460    -110    520     830     1080    -999999 -999999 -999999 -999999 -999999 
67     1920 306     -999999 612     -999999 -46     938     592     -410    -391    -221    -151    231     901     991     920     771     720     280     0       
67     1921 292     108     584     -26     53      825     323     -210    150     -280    110     331     791     901     782     581     250     140     -40     
67     1922 365     79      578     -5      161     832     388     9       19      89      19      371     710     891     891     570     470     121     190     
67     1923 332     167     633     9       374     844     212     -210    50      370     360     390     790     890     851     511     271     -149    -160    
67     1924 333     -30     573     -42     17      898     381     29      10      -180    -41     270     801     971     921     500     381     260     60      
67     1925 341     61      697     -85     173     958     415     -71     -261    -30     109     439     892     990     990     751     310     189     -251    
67     1926 398     48      766     -49     305     1005    221     19      100     -70     492     501     910     1110    990     580     58      30      40      
67     1927 411     24      722     -50     282     989     403     -240    60      199     90      551     851     1110    1000    711     350     151     70      
67     1928 479     96      826     -19     421     972     547     -100    -30     130     351     780     769     1030    1111    901     560     181     40      
67     1929 465     287     728     141     459     972     260     180     210     541     371     461     800     1160    951     611     180     -9      100     
67     1930 369     -30     793     -7      218     944     339     -201    91      -330    360     630     881     1010    940     931     250     -161    21      
67     1931 383     -86     779     -183    230     976     522     -180    -410    -71     221     540     780     981     1160    980     400     190     -49     
67     1932 456     167     731     78      258     1038    379     -160    469     170     -109    700     972     1021    1120    660     320     160     140     
67     1933 516     85      862     -5      332     1095    545     90      -270    40      171     781     981     1221    1079    921     331     390     399     
67     1934 414     166     757     136     160     1034    406     -41     39      -129    210     400     960     1111    1030    820     301     100     140     
67     1935 410     74      763     -49     373     952     432     160     -490    180     110     820     830     1022    1000    780     291     231     -90     
67     1936 396     -69     853     -277    307     1065    547     -461    -281    -111    290     740     940     1170    1080    880     540     220     -280    
67     1937 411     14      761     -166    216     992     440     -20     -201    -190    311     530     921     1041    1011    741     341     241     161     
67     1938 420     123     723     55      259     906     460     -101    110     -10     391     399     721     941     1051    830     421     130     139     
67     1939 513     111     902     -29     402     1105    618     -160    -70     191     270     741     1001    1131    1181    1080    691     80      -19     
67     1940 399     99      701     5       161     951     415     60      -30     -200    91      591     920     991     941     660     500     81      160     
67     1941 -999999 -999999 -999999 -999999 -999999 1047    707     -999999 -999999 -999999 -999999 -999999 1030    1131    979     1070    642     410     180     
67     1942 447     272     722     148     311     945     411     150     110     130     210     589     841     980     1011    690     191     359     81      
67     1943 337     35      624     -106    154     864     387     -179    -231    -29     140     352     813     1000    778     650     321     191     202     
67     1944 374     82      740     -28     251     1013    343     -273    -11     60      151     538     829     1143    1061    700     379     -51     -62     
67     1945 495     17      821     -178    414     1042    650     -320    -151    290     339     609     891     1118    1111    842     590     520     61      
67     1946 510     260     751     97      375     919     569     247     -30     151     219     749     729     1020    1001    769     781     149     278     
67     1947 407     163     763     128     131     1022    431     301     -229    -339    30      700     921     1030    1111    768     540     -19     10      
67     1948 412     168     659     64      239     981     362     -8      200     281     31      397     823     1013    1100    569     280     239     1       
67     1949 -999999 -999999 634     -117    9       963     500     -315    -43     -70     -129    221     898     1056    932     818     433     233     -147    
67     1950 -999999 -999999 743     -37     249     1030    381     177     -141    35      76      630     878     1104    1102    646     402     84      -244    
67     1951 340     -999999 721     -209    61      989     456     -246    -130    -361    -113    650     901     1051    1013    810     461     98      -92     
67     1952 362     21      629     -150    184     834     523     -282    -71     8       111     429     649     937     908     725     545     291     76      
67     1953 450     -999999 721     64      179     1007    482     -5      122     134     -130    523     967     1018    1034    903     395     150     231     
67     1954 391     154     684     126     319     881     341     170     -40     -1      352     608     840     870     932     490     305     229     -87     
67     1955 369     -7      744     -201    300     960     454     -232    -293    20      410     464     871     1027    981     701     341     323     -229    
67     1956 447     102     682     -109    341     842     564     -327    245     264     213     542     728     947     846     808     451     436     186     
67     1957 427     149     773     26      287     1011    456     103     -236    -74     369     568     878     1093    1057    658     406     306     -46     
67     1958 394     14      718     -177    186     874     664     -221    -274    -102    319     346     852     993     778     1020    575     400     16      
67     1959 422     169     702     -75     307     892     569     -375    155     250     43      620     771     1045    857     863     744     94      -29     
67     1960 488     157     802     -26     377     981     588     112     -171    168     278     683     890     1085    963     901     536     329     45      
67     1961 423     -999999 729     50      225     940     535     102     -1      -31     24      666     841     1003    973     853     550     202     -153    
67     1962 385     54      713     -50     181     899     442     20      -14     -282    330     499     768     1000    924     748     455     124     19      
67     1963 370     149     612     16      258     857     305     -6      38      253     181     338     867     845     859     577     454     -122    126     
67     1964 484     238     708     207     470     910     438     264     233     463     328     614     890     960     880     565     516     232     -146    
67     1965 386     100     676     27      132     938     454     -119    380     -231    135     490     781     1064    962     604     675     84      -180    
67     1966 308     -14     710     -220    140     968     352     -222    -263    -175    159     437     916     1036    951     750     308     -1      -240    
67     1967 301     -53     651     -68     4       893     332     4       43      -423    85      354     805     899     973     764     239     -3      -143    
67     1968 327     -114    684     -226    82      920     481     -267    -273    -250    70      414     701     1089    963     853     188     411     -3      
67     1969 266     -68     662     -237    43      982     285     -336    -387    -294    -23     442     892     961     1092    592     384     -123    -62     
67     1970 307     -75     644     -145    91      870     334     -95     -291    -285    126     434     854     831     925     684     316     2       134     
67     1971 317     -31     698     -153    210     935     335     -457    -135    -56     142     543     808     1027    966     685     316     5       -84     
67     1972 434     117     720     84      333     883     391     229     107     126     198     672     789     950     905     791     392     -10     42      
67     1973 312     63      673     -18     226     866     338     218     -345    38      209     430     684     955     954     798     401     -188    -460    
67     1974 432     -14     772     -194    512     945     393     -7      -106    264     544     729     856     1059    916     516     448     215     -291    
67     1975 327     -4      637     -204    184     879     395     -445    161     -89     97      540     642     998     990     531     513     137     -162    
67     1976 403     17      753     -202    241     1000    555     -358    -79     49      204     467     910     1118    968     839     579     247     -116    
67     1977 360     55      725     -193    257     978     344     -302    -159    67      43      654     824     1052    1052    707     405     -82     13      
67     1978 390     -23     765     -141    294     987     387     -208    -238    -52     331     603     792     1059    1103    689     441     15      77      
67     1979 228     -67     538     -133    -101    857     320     -411    -56     -463    71      94      779     874     916     484     437     36      -35     
67     1980 386     70      773     -24     323     971     326     -91     58      7       319     632     851     1048    1009    765     143     76      -236    
67     1981 252     -999999 692     -282    150     936     194     -326    -283    -267    271     454     783     975     1043    597     36      -46     -268    
67     1982 323     -80     633     -158    197     902     305     -259    75      3       261     323     821     1030    851     503     417     -11     -162    
67     1983 263     -27     545     -128    21      802     335     -281    80      -197    -121    375     685     874     843     602     314     89      -114    
67     1984 361     -13     709     -192    269     945     350     -397    -63     84      233     488     805     1071    954     673     333     43      60      
67     1985 381     49      690     -3      245     897     446     -58     -14     -78     233     580     860     914     915     627     598     97      -152    
67     1986 355     -999999 671     -61     203     899     340     -109    93      -14     246     370     805     945     944     710     265     48      -69     
67     1987 477     90      750     88      265     979     441     314     13      -37     243     588     833     1065    1034    722     194     416     299     
67     1988 336     54      649     -33     103     917     437     -266    -139    -182    -80     565     817     947     985     639     395     279     38      
67     1989 340     20      658     -130    106     922     462     -94     -349    -173    87      405     831     981     952     681     493     203     8       
67     1990 398     -999999 726     -59     123     1034    486     -9      -192    -229    -26     618     907     1125    1065    644     462     353     -28     
67     1991 460     -999999 757     68      288     1020    401     124     110     135     70      653     789     1183    1081    742     430     29      126     
67     1992 389     125     661     100     218     879     416     238     -75     -16     172     498     793     915     926     653     464     130     -52     
67     1993 381     60      689     -113    274     848     540     -289    17      87      289     447     798     863     881     851     450     322     -166    
67     1994 343     39      701     -130    179     944     346     -233    22      -157    90      602     706     1097    1023    669     248     123     -105    
67     1995 300     -94     669     -231    68      928     414     -285    -310    -247    45      405     819     921     1039    773     292     182     -69     
67     1996 438     99      806     -34     362     975     428     74      -112    219     261     604     865     1063    993     1039    392     -145    -25     
67     1997 417     -18     730     -70     192     961     504     2       -200    -154    277     454     719     1136    1019    758     470     283     188     
67     1998 378     102     728     26      184     947     389     51      -182    -220    199     574     814     940     1084    744     279     147     60      
67     1999 380     7       735     -50     149     998     467     -63     -160    -236    122     560     859     1056    1073    722     486     191     -104    
67     2000 414     86      753     -50     231     1003    451     67      -116    -22     120     582     832     1103    1068    799     415     129     -54     
67     2001 439     47      753     -7      177     950     530     94      -67     -238    180     588     810     994     1043    891     522     177     240     
67     2002 441     69      759     -38     190     968     586     31      -423    -179    255     497     909     1006    987     892     509     359     387     
67     2003 544     295     877     209     440     1121    525     83      151     267     494     560     1021    1102    1235    843     504     229     10      
67     2004 496     171     867     -15     445     1103    474     -108    57      326     389     619     974     1127    1203    881     389     153     -75     
67     2005 432     131     731     -10     347     1016    279     -54     109     260     306     475     917     1136    993     543     185     114     173     
67     2006 552     182     865     221     342     1115    493     202     295     132     266     635     1005    1141    1198    935     451     94      266     
67     2007 -999999 -999999 -999999 79      -999999 1190    565     -3      -36     200     523     -999999 1170    1267    1132    825     579     290     161     
67     2008 562     186     978     64      427     1206    556     2       25      45      359     871     1074    1325    1215    988     393     283     110     
67     2009 -999999 -999999 -999999 81      417     1172    524     163     -43     52      405     821     1054    1272    1192    869     456     250     140     
67     2010 -999999 -999999 -999999 133     471     1260    609     250     -5      260     350     798     1210    1320    1250    1094    647     84      147     
67     2011 -999999 200     -999999 156     -999999 -999999 -999999 143     181     -6      487     -999999 -999999 -999999 -999999 -999999 -999999 -999999 -999999 
