EUROPEAN CLIMATE ASSESSMENT & DATASET (ECA&D), file created on: 10-05-2011
THESE DATA CAN BE USED FREELY PROVIDED THAT THE FOLLOWING SOURCE IS ACKNOWLEDGED: 

Klein Tank, A.M.G. and Coauthors, 2002. Daily dataset of 20th-century surface
air temperature and precipitation series for the European Climate Assessment.
Int. J. of Climatol., 22, 1441-1453.
Data and metadata available at http://eca.knmi.nl

FILE FORMAT (MISSING VALUE CODE = -999999):

THIS FILE HOLDS DATA FOR STATION NETHERLANDS                              HOEK VAN HOLLAND                         (STAID:    602)
LATITUDE: dd:mm:ss +51:59:27
LONGITUDE: ddd:mm:ss +004:07:18
ELEVATION: m   12

DATA IS FOR INDEX Mean of daily mean temperature (TG) with unit 0.01 Temperature (&#176;C)

01-06 SOUID: Source identifier
08-11 YEAR : YYYY
13-20 ANNUAL DATA VALUES
21-28 WINTER HALF YEAR DATA VALUES
29-36 SUMMER HALF YEAR DATA VALUES
37-44 WINTER (DJF) DATA VALUES
45-52 SPRING (MAM) DATA VALUES
53-60 SUMMER (JJA) DATA VALUES
61-68 AUTUMN (SON) DATA VALUES
69-76 JANUARY DATA VALUES
etc. 
157-164 DECEMBER DATA VALUES

602    1956 -999999 -999999 -999999 -999999 -999999 -999999 -999999 -999999 -999999 -999999 -999999 -999999 -999999 -999999 -999999 -999999 1035    549     627     
602    1957 1021    -999999 1378    527     921     1674    1045    409     553     865     830     1064    1648    1775    1598    1341    1125    665     351     
602    1958 967     522     1393    357     710     1625    1098    301     424     259     644     1225    1461    1682    1726    1603    1154    536     544     
602    1959 1029    559     1492    302     1015    1715    1089    228     115     736     1013    1297    1555    1814    1769    1492    1173    601     488     
602    1960 997     590     1399    401     903     1611    1110    343     369     550     879     1278    1634    1590    1610    1394    1113    822     366     
602    1961 1020    661     1436    420     971     1585    1142    250     666     754     1066    1101    1540    1584    1630    1683    1203    537     221     
602    1962 843     486     1260    314     665     1473    988     396     326     222     777     999     1361    1474    1580    1361    1120    480     -9      
602    1963 814     216     1361    -285    830     1581    1124    -489    -365    513     893     1087    1551    1620    1572    1435    1054    884     -50     
602    1964 952     448     1457    157     861     1640    1021    138     400     271     895     1418    1557    1716    1645    1496    885     688     310     
602    1965 918     485     1358    287     825     1580    904     296     250     466     780     1228    1505    1574    1660    1390    1000    320     499     
602    1966 992     491     1412    343     892     1633    1080    71      470     577     841     1255    1668    1607    1626    1467    1233    536     522     
602    1967 1035    665     1407    488     922     1641    1108    397     552     737     741     1280    1421    1817    1678    1485    1257    578     436     
602    1968 947     576     1389    316     890     1612    1096    316     187     656     918     1097    1540    1589    1703    1480    1266    538     51      
602    1969 973     452     1458    215     771     1705    1214    539     40      239     764     1310    1507    1809    1793    1547    1357    732     -28     
602    1970 981     474     1433    125     789     1683    1183    195     219     354     657     1352    1716    1637    1696    1527    1158    865     347     
602    1971 1047    593     1442    378     832     1666    1189    335     459     391     793     1311    1409    1779    1803    1541    1236    788     661     
602    1972 1009    677     1375    441     923     1600    1108    222     448     697     860     1211    1405    1717    1672    1369    1095    842     534     
602    1973 1069    -999999 1476    470     898     1733    1170    434     440     645     754     1291    1604    1751    1840    1601    1118    793     515     
602    1974 1081    715     1423    584     938     1623    1065    628     612     619     975     1222    1470    1634    1760    1463    925     811     824     
602    1975 1086    733     1487    694     826     1795    1113    772     463     577     780     1117    1512    1803    2062    1630    1015    696     553     
602    1976 1074    589     1542    469     842     1872    1185    506     339     409     778     1335    1779    1961    1875    1504    1226    823     330     
602    1977 1051    680     1374    416     935     1604    1155    385     544     765     775     1260    1439    1702    1666    1387    1270    805     576     
602    1978 963     667     1346    413     861     1564    1130    439     205     667     775     1138    1506    1561    1624    1465    1183    740     204     
602    1979 938     423     1389    32      829     1606    1119    -120    9       491     826     1170    1432    1692    1688    1512    1203    641     645     
602    1980 979     613     1400    438     850     1558    1116    126     551     510     818     1222    1395    1530    1744    1681    1105    563     491     
602    1981 966     605     1398    367     995     1572    1071    376     220     836     811     1334    1409    1645    1658    1518    944     756     36      
602    1982 1032    470     1479    183     860     1757    1187    189     340     555     743     1280    1651    1865    1753    1568    1096    899     397     
602    1983 1035    635     1463    404     843     1795    1067    657     130     593     853     1084    1625    1954    1802    1447    1078    676     446     
602    1984 978     544     1333    357     752     1585    1189    381     237     428     812     1016    1337    1594    1817    1409    1238    917     518     
602    1985 878     473     1396    74      865     1580    951     -249    -58     434     866     1296    1390    1718    1625    1466    1075    306     592     
602    1986 907     399     1312    187     776     1603    1053    273     -356    430     604     1290    1615    1656    1540    1152    1151    853     571     
602    1987 913     488     1375    212     782     1555    1127    -185    255     274     1079    1002    1362    1676    1620    1506    1137    739     456     
602    1988 1066    673     1424    534     960     1587    1075    632     512     551     895     1432    1471    1620    1665    1449    1125    649     766     
602    1989 1108    759     1473    632     993     1710    1175    526     600     867     703     1401    1561    1800    1765    1588    1306    627     510     
602    1990 1106    789     1437    639     1033    1671    1088    615     808     867     868     1360    1474    1678    1854    1369    1251    639     453     
602    1991 1002    607     1405    286     901     1664    1136    353     27      863     875     964     1291    1838    1849    1600    1153    655     477     
602    1992 1088    648     1530    455     1037    1744    1110    343     552     703     903     1500    1642    1795    1792    1534    938     865     473     
602    1993 1020    644     1452    467     1038    1609    915     549     369     648     1068    1398    1567    1641    1619    1408    994     341     581     
602    1994 1106    590     1481    482     946     1783    1181    586     258     739     860     1236    1493    2021    1824    1434    1037    1077    643     
602    1995 1090    766     1500    613     938     1771    1238    486     720     641     901     1269    1388    1943    1968    1507    1384    818     23      
602    1996 903     462     1368    70      761     1630    1100    85      105     346     907     1035    1486    1627    1772    1370    1215    711     158     
602    1997 1064    571     1499    230     951     1786    1135    -26     594     780     809     1259    1559    1714    2077    1557    1108    739     560     
602    1998 1090    733     1485    587     1054    1651    1060    547     661     777     940     1441    1569    1664    1717    1569    1095    516     554     
602    1999 1153    663     1574    530     1058    1745    1255    584     443     760     986     1426    1527    1880    1820    1791    1173    802     596     
602    2000 1124    738     1497    581     1022    1644    1242    522     629     702     973     1390    1581    1543    1805    1684    1216    826     600     
602    2001 1100    678     1483    490     906     1752    1287    351     521     541     839     1337    1519    1855    1876    1451    1498    903     459     
602    2002 1130    817     1524    561     1038    1742    1198    500     740     796     994     1323    1625    1709    1889    1593    1095    909     370     
602    2003 1109    635     1587    348     1029    1862    1123    350     322     740     1044    1303    1754    1897    1930    1583    918     874     537     
602    2004 1104    667     1513    512     973     1738    1203    457     546     671     1048    1202    1584    1715    1908    1609    1224    775     495     
602    2005 1121    683     1499    479     968     1683    1328    609     319     642     1021    1244    1612    1735    1701    1676    1435    868     531     
602    2006 1158    653     1592    384     886     1819    1457    275     341     441     866     1351    1583    2147    1720    1872    1450    1048    752     
602    2007 1169    933     1540    739     1156    1702    1168    776     684     866     1234    1371    1634    1702    1766    1527    1126    853     461     
602    2008 1101    725     1506    572     1041    1701    1126    674     582     648     923     1547    1544    1778    1776    1445    1130    803     337     
602    2009 1095    575     1567    284     1039    1764    1278    173     348     643     1105    1371    1536    1804    1943    1630    1215    990     339     
602    2010 954     584     1431    213     857     1728    1098    83      218     639     922     1012    1549    1890    1740    1463    1184    645     56      
602    2011 -999999 571     -999999 314     -999999 -999999 -999999 410     494     632     1252    -999999 -999999 -999999 -999999 -999999 -999999 -999999 -999999 
