EUROPEAN CLIMATE ASSESSMENT & DATASET (ECA&D), file created on: 10-05-2011
THESE DATA CAN BE USED FREELY PROVIDED THAT THE FOLLOWING SOURCE IS ACKNOWLEDGED: 

Klein Tank, A.M.G. and Coauthors, 2002. Daily dataset of 20th-century surface
air temperature and precipitation series for the European Climate Assessment.
Int. J. of Climatol., 22, 1441-1453.
Data and metadata available at http://eca.knmi.nl

FILE FORMAT (MISSING VALUE CODE = -999999):

THIS FILE HOLDS DATA FOR STATION FRANCE                                   STRASBOURG-ENTZHEIM                      (STAID:    323)
LATITUDE: dd:mm:ss +48:33:00
LONGITUDE: ddd:mm:ss +007:37:59
ELEVATION: m  149

DATA IS FOR INDEX Mean of daily mean temperature (TG) with unit 0.01 Temperature (&#176;C)

01-06 SOUID: Source identifier
08-11 YEAR : YYYY
13-20 ANNUAL DATA VALUES
21-28 WINTER HALF YEAR DATA VALUES
29-36 SUMMER HALF YEAR DATA VALUES
37-44 WINTER (DJF) DATA VALUES
45-52 SPRING (MAM) DATA VALUES
53-60 SUMMER (JJA) DATA VALUES
61-68 AUTUMN (SON) DATA VALUES
69-76 JANUARY DATA VALUES
etc. 
157-164 DECEMBER DATA VALUES

323    1946 985     -999999 1583    -999999 1078    1776    990     -132    500     608     1167    1463    1586    1969    1766    1535    915     522     -98     
323    1947 1070    244     1795    -218    1137    2053    1157    -269    -293    641     1216    1557    1908    2117    2129    1830    955     692     271     
323    1948 1045    601     1556    375     1151    1745    977     566     281     825     1136    1492    1695    1725    1814    1460    1034    435     45      
323    1949 1083    402     1658    161     993     1853    1180    186     263     439     1247    1302    1623    2005    1925    1838    1232    467     422     
323    1950 1045    563     1636    317     1032    1974    1014    18      533     699     859     1532    1918    2094    1908    1481    952     610     -90     
323    1951 1035    464     1548    235     908     1812    1088    370     446     497     913     1314    1702    1873    1856    1617    912     741     148     
323    1952 1043    463     1665    145     1115    2001    895     172     114     676     1213    1460    1810    2162    2025    1300    970     412     162     
323    1953 1049    402     1625    91      1143    1817    1073    -48     166     728     1136    1564    1673    1917    1857    1589    1131    498     315     
323    1954 977     418     1490    35      954     1739    1110    -146    -74     740     800     1316    1769    1705    1744    1593    1157    579     463     
323    1955 952     460     1535    209     871     1812    925     27      130     375     948     1292    1686    1919    1827    1523    895     356     391     
323    1956 884     267     1499    -71     951     1680    998     272     -930    545     836     1466    1524    1849    1661    1642    990     363     303     
323    1957 1056    558     1539    327     1060    1844    1043    31      680     985     1015    1177    1806    1980    1746    1498    1052    577     110     
323    1958 1032    436     1588    234     861     1841    1076    115     503     268     749     1561    1640    1929    1948    1679    1021    531     410     
323    1959 1099    513     1703    206     1143    1983    1049    108     88      880     1076    1471    1799    2206    1938    1712    1029    406     401     
323    1960 1029    510     1520    287     1066    1761    1062    115     351     744     1000    1453    1796    1670    1817    1370    1043    774     195     
323    1961 1090    600     1616    314     1123    1750    1169    142     635     818     1274    1281    1701    1745    1804    1890    1183    434     157     
323    1962 899     420     1508    212     818     1779    912     304     170     251     1031    1179    1610    1797    1923    1496    1024    212     -256    
323    1963 881     83      1580    -427    979     1816    1128    -534    -497    497     1110    1333    1714    1958    1772    1581    936     873     -243    
323    1964 1014    333     1669    -55     994     1918    1056    -240    344     345     1089    1553    1835    2083    1835    1605    902     665     150     
323    1965 948     415     1467    124     916     1728    887     250     -43     527     901     1320    1711    1753    1721    1383    882     398     493     
323    1966 1041    474     1570    335     1051    1739    1066    -174    724     545     1139    1473    1809    1704    1705    1583    1345    260     371     
323    1967 1042    558     1542    316     1002    1830    1101    129     461     763     873     1366    1628    2026    1830    1511    1310    476     81      
323    1968 986     495     1520    174     992     1758    1034    102     350     642     1061    1276    1691    1798    1782    1504    1173    420     16      
323    1969 953     378     1572    56      955     1813    1069    153     -7      478     917     1470    1539    2022    1868    1596    982     631     -279    
323    1970 966     323     1539    -29     846     1841    1091    -57     280     387     828     1321    1842    1790    1891    1552    1035    687     3       
323    1971 990     340     1620    7       1002    1855    977     -229    274     278     1148    1583    1598    2001    1959    1408    1070    450     293     
323    1972 930     478     1451    202     983     1745    865     -7      330     720     954     1274    1535    1921    1771    1229    828     539     49      
323    1973 1010    367     1621    90      945     1918    1035    -21     258     546     787     1497    1818    1903    2029    1672    956     480     143     
323    1974 1099    576     1561    391     1068    1814    949     497     548     827     1035    1342    1649    1807    1981    1535    673     648     610     
323    1975 1035    551     1599    484     932     1865    1039    510     315     528     944     1323    1626    1948    2014    1721    893     508     47      
323    1976 1035    386     1630    166     935     1973    1062    287     163     405     921     1478    1960    2157    1803    1444    1155    583     34      
323    1977 1062    593     1474    313     973     1784    1081    291     646     855     758     1301    1684    1861    1804    1421    1145    675     272     
323    1978 971     531     1472    199     993     1706    968     238     75      740     951     1285    1615    1799    1702    1468    1029    405     278     
323    1979 1003    403     1516    85      972     1777    1069    -240    230     699     872     1342    1798    1842    1690    1540    1123    543     543     
323    1980 955     550     1478    321     907     1727    1000    -10     437     658     819     1242    1613    1675    1889    1615    984     402     122     
323    1981 1044    450     1595    96      1156    1820    1095    43      126     989     1056    1420    1696    1867    1891    1626    1027    633     89      
323    1982 1073    408     1645    47      968     1931    1210    -108    172     617     862     1422    1836    2079    1876    1780    1103    750     426     
323    1983 1095    602     1686    357     986     2060    1049    505     118     668     1044    1248    1828    2295    2049    1634    1090    420     168     
323    1984 984     437     1467    225     802     1783    1097    321     184     421     856     1132    1595    1845    1904    1454    1180    654     229     
323    1985 950     361     1599    -81     1009    1809    963     -419    -48     543     1026    1459    1577    1987    1856    1674    991     222     453     
323    1986 982     333     1559    84      971     1851    1052    281     -544    508     800     1600    1814    1886    1851    1380    1102    672     305     
323    1987 967     367     1576    19      858     1794    1189    -374    139     346     1084    1151    1610    1919    1845    1838    1119    613     275     
323    1988 1108    588     1624    399     1071    1857    1025    525     397     589     1025    1598    1728    1882    1958    1532    1174    366     478     
323    1989 1096    606     1629    374     1147    1890    1032    241     406     945     876     1612    1694    2007    1964    1597    1179    314     255     
323    1990 1115    606     1586    413     1118    1869    1071    260     756     877     892     1578    1690    1875    2038    1419    1209    580     174     
323    1991 1031    506     1610    124     974     1943    1088    267     -89     841     915     1166    1612    2128    2079    1744    984     539     99      
323    1992 1123    485     1715    208     1147    2015    1062    145     393     749     1034    1655    1815    2066    2158    1539    878     774     252     
323    1993 1075    519     1654    281     1154    1859    876     492     81      603     1270    1591    1815    1896    1865    1470    951     203     576     
323    1994 1201    577     1694    425     1145    2058    1162    401     284     1009    943     1476    1889    2278    2002    1554    1008    928     572     
323    1995 1101    664     1626    496     1021    1949    1082    239     698     551     1079    1434    1637    2212    1989    1383    1369    485     102     
323    1996 958     415     1545    62      934     1858    1012    -25     113     430     1057    1317    1826    1838    1910    1304    1118    610     -29     
323    1997 1086    489     1647    94      1110    1939    1047    -255    616     890     914     1520    1764    1892    2157    1615    1025    501     369     
323    1998 1109    578     1667    387     1148    1917    1000    353     443     758     1060    1623    1881    1922    1947    1551    1127    317     273     
323    1999 1143    518     1736    299     1165    1933    1121    424     190     740     1109    1645    1760    2090    1942    1854    1077    433     375     
323    2000 1208    590     1714    414     1218    1907    1223    285     593     774     1195    1684    1902    1788    2030    1670    1249    748     560     
323    2001 1141    711     1649    470     1158    1956    1099    347     508     834     928     1705    1689    2053    2116    1373    1466    446     162     
323    2002 1172    618     1665    329     1104    1985    1153    129     735     776     1047    1488    2037    1927    1994    1487    1150    823     449     
323    2003 1181    585     1873    216     1200    2283    1061    110     74      861     1105    1630    2302    2115    2433    1636    850     705     276     
323    2004 1111    520     1680    314     1062    1947    1159    244     429     618     1164    1407    1815    1969    2053    1660    1235    581     139     
323    2005 1146    518     1750    198     1154    1981    1211    335     112     677     1164    1605    2043    2071    1831    1777    1302    552     198     
323    2006 1193    454     1804    104     1071    2075    1404    -59     179     530     1082    1603    1964    2473    1785    1905    1435    870     481     
323    2007 1214    812     1768    592     1336    1964    1037    634     671     773     1492    1747    2015    1970    1909    1464    1117    526     213     
323    2008 1167    597     1702    405     1162    1994    1087    480     530     708     1015    1757    1969    2048    1964    1436    1151    671     251     
323    2009 1196    485     1856    128     1281    2066    1254    -133    273     659     1387    1800    1934    2080    2180    1741    1103    923     309     
323    2010 1056    549     1677    186     1064    2022    1064    -43     304     686     1165    1345    1949    2195    1918    1477    995     724     -84     
323    2011 -999999 533     -999999 200     -999999 -999999 -999999 271     436     851     1448    -999999 -999999 -999999 -999999 -999999 -999999 -999999 -999999 
