EUROPEAN CLIMATE ASSESSMENT & DATASET (ECA&D), file created on: 10-05-2011
THESE DATA CAN BE USED FREELY PROVIDED THAT THE FOLLOWING SOURCE IS ACKNOWLEDGED: 

Klein Tank, A.M.G. and Coauthors, 2002. Daily dataset of 20th-century surface
air temperature and precipitation series for the European Climate Assessment.
Int. J. of Climatol., 22, 1441-1453.
Data and metadata available at http://eca.knmi.nl

FILE FORMAT (MISSING VALUE CODE = -999999):

THIS FILE HOLDS DATA FOR STATION ITALY                                    RONCHI DEI LEGIONARI                     (STAID:   1723)
LATITUDE: dd:mm:ss +45:49:00
LONGITUDE: ddd:mm:ss +013:28:59
ELEVATION: m   10

DATA IS FOR INDEX Mean of daily mean temperature (TG) with unit 0.01 Temperature (&#176;C)

01-06 SOUID: Source identifier
08-11 YEAR : YYYY
13-20 ANNUAL DATA VALUES
21-28 WINTER HALF YEAR DATA VALUES
29-36 SUMMER HALF YEAR DATA VALUES
37-44 WINTER (DJF) DATA VALUES
45-52 SPRING (MAM) DATA VALUES
53-60 SUMMER (JJA) DATA VALUES
61-68 AUTUMN (SON) DATA VALUES
69-76 JANUARY DATA VALUES
etc. 
157-164 DECEMBER DATA VALUES

1723   1967 -999999 -999999 -999999 -999999 1248    2200    1503    310     488     928     1143    1684    1924    2386    2287    1948    1527    983     373     
1723   1968 1304    -999999 -999999 401     1289    2094    1430    180     678     874     1348    1660    2033    2213    2033    1841    1455    994     349     
1723   1969 1295    733     1870    383     1227    2120    1460    388     416     773     1112    1792    1932    2272    2151    1947    1469    995     278     
1723   1970 -999999 724     -999999 392     1070    2190    1416    493     407     680     1101    1429    2156    2179    2233    1949    1291    1047    435     
1723   1971 1310    742     1914    507     1218    2222    1273    531     560     579     1341    1742    1951    2287    2420    1701    1257    860     437     
1723   1972 1306    -999999 1809    539     1285    2138    1202    428     763     1046    1226    1580    2006    2279    2126    1597    1208    802     524     
1723   1973 1293    -999999 1879    495     1147    2210    1339    464     496     790     986     1660    2075    2235    2315    1984    1332    701     367     
1723   1974 1327    792     1866    578     1250    2163    1251    579     812     960     1193    1595    1869    2216    2395    1910    968     884     516     
1723   1975 -999999 -999999 -999999 548     -999999 2167    1441    582     545     -999999 1250    1781    1998    2266    2244    2119    1398    807     525     
1723   1976 1293    706     -999999 465     1167    2146    1392    284     597     616     1236    1668    2135    2363    1940    1729    1465    1002    511     
1723   1977 -999999 -999999 -999999 605     -999999 -999999 1334    576     747     1080    1090    1647    2037    -999999 2137    1656    1443    900     451     
1723   1978 1240    766     1749    458     1160    2038    1303    497     423     854     1160    1465    1922    2114    2077    1766    1386    754     456     
1723   1979 1300    719     1861    407     1244    2174    1312    194     587     924     1123    1682    2237    2176    2110    1827    1336    772     590     
1723   1980 1222    -999999 1781    504     1121    2092    1250    297     622     829     1011    1520    1892    2095    2282    1866    1244    641     267     
1723   1981 1273    605     1865    253     1269    2129    1377    166     334     953     1254    1600    2043    2155    2187    1938    1514    676     389     
1723   1982 1355    666     1950    351     1174    2252    1541    344     316     725     1138    1658    2086    2380    2285    2137    1470    1019    637     
1723   1983 1330    779     1970    439     1271    2291    1363    395     267     842     1266    1705    2082    2507    2277    1966    1430    691     456     
1723   1984 -999999 696     -999999 434     1135    2146    1407    376     471     735     1166    1506    -999999 2227    2185    1806    1466    947     576     
1723   1985 1318    685     1967    293     1222    2263    1445    54      241     778     1161    1740    1965    2466    2351    2099    1491    744     652     
1723   1986 1343    716     1982    431     1340    2254    1439    382     240     743     1251    2005    2119    2285    2355    1853    1482    981     321     
1723   1987 1304    651     1929    342     1039    2215    1526    165     559     402     1216    1503    2004    2420    2214    2208    1480    891     518     
1723   1988 -999999 821     -999999 605     1273    2239    1316    685     609     719     1260    1839    1977    2393    2319    1794    1525    604     -999999 
1723   1989 -999999 -999999 -999999 -999999 1353    2176    -999999 352     744     1075    1283    1695    1930    2349    2245    1879    1233    -999999 -999999 
1723   1990 -999999 -999999 -999999 -999999 1320    -999999 -999999 435     749     1051    1136    1783    -999999 2214    2190    1786    -999999 920     389     
1723   1991 -999999 -999999 -999999 -999999 -999999 -999999 -999999 400     381     1086    1133    -999999 -999999 -999999 -999999 -999999 -999999 -999999 -999999 
1723   1992 1310    -999999 1916    -999999 1254    2224    1342    329     407     757     1202    1803    1974    2245    2444    1801    1276    952     493     
1723   1993 1285    670     1903    379     1239    2189    1288    314     326     635     1205    1877    2077    2139    2347    1749    1413    698     568     
1723   1994 1404    827     1956    586     1293    2344    1391    648     538     1066    1169    1639    2041    2522    2458    1880    1255    1044    518     
1723   1995 1275    744     1816    472     1162    2149    1293    324     585     735     1130    1622    1865    2430    2144    1678    1464    731     533     
1723   1996 1251    749     1780    515     1230    2087    1220    546     461     740     1243    1707    2111    2060    2089    1455    1271    933     370     
1723   1997 1269    747     1787    450     1183    2086    1280    497     486     905     928     1706    2019    2080    2157    1814    1187    842     551     
1723   1998 1258    721     1877    539     1178    2232    1187    460     613     665     1150    1719    2083    2267    2340    1678    1242    639     190     
1723   1999 1274    586     1909    256     1272    2180    1321    327     251     837     1221    1757    2029    2283    2224    1924    1375    664     324     
1723   2000 1318    607     1891    268     1287    2161    1427    60      431     780     1342    1742    2178    2029    2277    1765    1468    1047    671     
1723   2001 1303    899     1849    615     1335    2186    1231    589     583     1009    1104    1883    1926    2244    2379    1525    1495    662     162     
1723   2002 1328    676     1858    287     1309    2190    1355    155     573     997     1228    1700    2197    2265    2107    1636    1310    1122    605     
1723   2003 1335    719     2024    354     1265    2482    1257    262     177     799     1113    1877    2452    2422    2571    1681    1104    992     485     
1723   2004 1256    646     1836    344     1148    2163    1359    195     351     741     1234    1471    2035    2250    2200    1812    1477    785     491     
1723   2005 1209    645     1838    306     1172    2126    1285    189     232     664     1126    1725    2129    2238    2011    1785    1330    738     280     
1723   2006 1290    586     1882    259     1155    2189    1432    168     337     643     1206    1618    2116    2541    1908    1890    1497    906     595     
1723   2007 1345    890     1927    629     1458    2208    1157    607     692     1025    1499    1852    2179    2286    2157    1570    1209    689     324     
1723   2008 1306    670     1866    447     1233    2200    1281    535     486     769     1171    1757    2117    2246    2235    1646    1344    851     477     
1723   2009 1346    703     1990    407     1349    2237    1386    358     383     777     1404    1866    2054    2266    2384    1950    1252    960     442     
1723   2010 1236    671     1842    360     1182    2179    1265    202     446     713     1240    1595    2074    2351    2109    1666    1186    945     254     
1723   2011 -999999 666     -999999 341     -999999 -999999 -999999 307     474     819     1365    -999999 -999999 -999999 -999999 -999999 -999999 -999999 -999999 
