EUROPEAN CLIMATE ASSESSMENT & DATASET (ECA&D), file created on: 10-05-2011
THESE DATA CAN BE USED FREELY PROVIDED THAT THE FOLLOWING SOURCE IS ACKNOWLEDGED: 

Klein Tank, A.M.G. and Coauthors, 2002. Daily dataset of 20th-century surface
air temperature and precipitation series for the European Climate Assessment.
Int. J. of Climatol., 22, 1441-1453.
Data and metadata available at http://eca.knmi.nl

FILE FORMAT (MISSING VALUE CODE = -999999):

THIS FILE HOLDS DATA FOR STATION SPAIN                                    VIGO PEINADOR                            (STAID:   1395)
LATITUDE: dd:mm:ss +42:14:21
LONGITUDE: ddd:mm:ss -008:37:26
ELEVATION: m  261

DATA IS FOR INDEX Mean of daily mean temperature (TG) with unit 0.01 Temperature (&#176;C)

01-06 SOUID: Source identifier
08-11 YEAR : YYYY
13-20 ANNUAL DATA VALUES
21-28 WINTER HALF YEAR DATA VALUES
29-36 SUMMER HALF YEAR DATA VALUES
37-44 WINTER (DJF) DATA VALUES
45-52 SPRING (MAM) DATA VALUES
53-60 SUMMER (JJA) DATA VALUES
61-68 AUTUMN (SON) DATA VALUES
69-76 JANUARY DATA VALUES
etc. 
157-164 DECEMBER DATA VALUES

1395   1961 1432    -999999 1734    -999999 1405    1929    1428    721     1116    1424    1192    1592    1746    1953    2083    1825    1411    1048    1050    
1395   1962 1342    1039    1667    915     1230    1834    1478    861     825     1019    1225    1439    1852    1780    1871    1836    1689    901     758     
1395   1963 1301    981     1582    752     1198    1731    1506    830     659     1018    1157    1413    1600    1902    1688    1723    1665    1124    771     
1395   1964 1356    1057    1714    864     1201    1906    1460    876     950     950     1094    1556    1778    1922    2013    1909    1425    1046    736     
1395   1965 -999999 980     1566    759     1263    1730    -999999 747     798     1116    1161    1504    1679    1648    1860    1534    1554    -999999 898     
1395   1966 1337    -999999 1645    990     1260    1784    1341    1028    1050    1110    1165    1498    1632    1925    1790    1850    1320    854     798     
1395   1967 1326    986     1590    834     1212    1811    1452    778     934     1233    1217    1186    1801    1806    1824    1702    1508    1142    762     
1395   1968 1329    1027    1577    831     1150    1808    1476    875     857     1012    1058    1376    1687    1844    1890    1595    1636    1192    901     
1395   1969 1294    1057    1597    841     1097    1886    1402    886     725     972     1071    1245    1611    2087    1952    1598    1653    946     725     
1395   1970 1299    975     1628    801     1118    1783    1540    913     763     827     1038    1476    1594    1948    1800    1900    1439    1285    559     
1395   1971 1278    965     1562    744     1065    1732    1469    775     914     820     1154    1215    1518    1971    1702    1807    1682    911     831     
1395   1972 1224    950     1502    742     1029    1697    1420    607     791     868     1099    1122    1349    1873    1856    1703    1392    1167    852     
1395   1973 1323    999     1655    792     1200    1877    1446    729     795     1049    1209    1337    1786    1833    2010    1746    1445    1146    745     
1395   1974 1270    1009    1576    825     1153    1816    1227    905     823     976     1097    1379    1674    1978    1793    1520    1138    1026    884     
1395   1975 1310    966     1608    921     1117    1834    1424    894     993     861     1120    1361    1674    1857    1966    1659    1525    1085    684     
1395   1976 1318    990     1675    771     1191    1952    1282    711     930     1008    1134    1429    1995    1963    1899    1621    1291    934     890     
1395   1977 1295    980     1528    857     1147    1612    1487    744     946     1073    1148    1218    1470    1684    1679    1971    1446    1043    1088    
1395   1978 1329    1046    1585    940     1088    1725    1582    789     944     955     993     1310    1552    1763    1855    2031    1538    1179    1000    
1395   1979 1332    1050    1660    908     1085    1919    1416    800     924     841     1063    1343    1783    2056    1914    1788    1367    1093    974     
1395   1980 1333    1047    1642    936     1219    1783    1467    873     963     1010    1311    1339    1624    1748    1971    1855    1473    1072    756     
1395   1981 1402    1025    1700    811     1199    2003    1503    838     841     1155    1194    1247    1960    1996    2052    1745    1391    1378    988     
1395   1982 1363    1131    1674    983     1283    1797    1437    979     981     1063    1409    1382    1589    1806    1989    1865    1374    1072    824     
1395   1983 1378    1021    1626    811     1151    1887    1600    823     785     1225    1051    1173    1894    1851    1915    1871    1545    1387    985     
1395   1984 1342    1078    1678    871     1193    1872    1450    817     808     919     1515    1156    1798    1838    1977    1783    1480    1085    916     
1395   1985 1369    1024    1697    870     1192    1818    1587    646     1066    957     1271    1349    1706    1965    1780    2114    1621    1027    922     
1395   1986 1319    1018    1608    829     1079    1839    1522    762     802     953     897     1381    1699    2060    1753    1847    1623    1092    916     
1395   1987 1434    1081    1793    870     1335    1963    1494    809     887     1141    1306    1555    1702    2100    2080    2001    1314    1174    1099    
1395   1988 1389    1096    1661    1004    1207    1827    1608    947     963     1073    1167    1379    1776    1813    1890    1936    1528    1361    826     
1395   1989 1514    1135    1797    919     1297    2063    1621    901     1042    1150    1038    1694    1864    2217    2100    1846    1771    1242    1252    
1395   1990 1456    1271    1815    1081    1423    2002    1481    825     1176    1355    1184    1721    1725    2174    2099    1970    1448    1025    746     
1395   1991 1358    970     1738    763     1294    1916    1399    789     751     1044    1175    1659    1674    1970    2095    1836    1299    1065    890     
1395   1992 1353    997     1677    840     1333    1837    1388    683     954     1094    1265    1639    1621    1996    1885    1639    1269    1258    922     
1395   1993 1348    1086    1641    947     1205    1934    1279    920     1006    1137    1105    1370    1819    1976    2004    1560    1268    1011    967     
1395   1994 1372    1031    1620    882     1243    1877    1457    879     790     1247    1164    1317    1868    1864    1899    1600    1519    1251    1025    
1395   1995 1486    1152    1779    976     1396    2001    1548    917     986     1199    1410    1580    1828    2003    2167    1675    1683    1283    1061    
1395   1996 1377    1143    1704    928     1268    1937    1424    925     788     1102    1305    1398    1945    2011    1855    1703    1481    1086    904     
1395   1997 1517    1168    1785    946     1560    1878    1641    848     1103    1577    1612    1492    1569    2050    2004    1978    1735    1208    993     
1395   1998 1441    1253    1709    1069    1303    1972    1458    1006    1224    1350    1031    1518    1741    1967    2200    1776    1447    1151    857     
1395   1999 1399    1078    1720    901     1319    1918    1432    925     923     1151    1277    1528    1773    2048    1928    1755    1484    1055    907     
1395   2000 1386    1099    1674    913     1302    1899    1376    733     1112    1305    1054    1539    1889    1886    1922    1742    1357    1030    1052    
1395   2001 -999999 -999999 -999999 1022    -999999 1890    -999999 935     1089    1170    1256    1574    1832    1864    1974    1914    1608    1095    756     
1395   2002 -999999 -999999 -999999 -999999 -999999 1832    1541    1036    1097    1282    1306    1369    1688    1851    1956    1877    1606    1153    1153    
1395   2003 -999999 -999999 -999999 -999999 1412    2041    -999999 899     907     1316    1348    1582    1914    1910    2297    2025    1439    1243    967     
1395   2004 -999999 -999999 -999999 1002    1294    1993    1523    1007    1035    1057    1271    1553    2030    2017    1929    1954    1461    1130    897     
1395   2005 -999999 -999999 -999999 -999999 1314    -999999 1473    920     -999999 1163    1290    1486    1956    2041    2043    1769    1570    1079    894     
1395   2006 -999999 -999999 -999999 830     -999999 2004    1599    764     833     1111    1367    1561    1882    2062    2065    1818    1637    1347    886     
1395   2007 -999999 1149    -999999 932     -999999 1747    1532    925     990     1101    1372    1457    1610    1762    1860    1872    1580    1144    908     
1395   2008 -999999 1154    -999999 1061    1216    1776    1353    1037    1249    1010    1294    1364    1751    1801    1778    1678    1411    981     870     
1395   2009 -999999 1051    -999999 874     1299    1901    -999999 783     979     1280    1078    1518    1826    1819    2055    1992    1771    -999999 965     
1395   2010 -999999 -999999 -999999 -999999 1388    2059    1522    -999999 955     1132    1512    1523    1851    2134    2179    1906    1577    1123    -999999 
1395   2011 -999999 -999999 -999999 -999999 -999999 -999999 -999999 990     1073    1256    1745    -999999 -999999 -999999 -999999 -999999 -999999 -999999 -999999 
