EUROPEAN CLIMATE ASSESSMENT & DATASET (ECA&D), file created on: 10-05-2011
THESE DATA CAN BE USED FREELY PROVIDED THAT THE FOLLOWING SOURCE IS ACKNOWLEDGED: 

Klein Tank, A.M.G. and Coauthors, 2002. Daily dataset of 20th-century surface
air temperature and precipitation series for the European Climate Assessment.
Int. J. of Climatol., 22, 1441-1453.
Data and metadata available at http://eca.knmi.nl

FILE FORMAT (MISSING VALUE CODE = -999999):

THIS FILE HOLDS DATA FOR STATION RUSSIAN FEDERATION                       SURA                                     (STAID:   1109)
LATITUDE: dd:mm:ss +63:36:00
LONGITUDE: ddd:mm:ss +045:36:00
ELEVATION: m   62

DATA IS FOR INDEX Mean of daily mean temperature (TG) with unit 0.01 Temperature (&#176;C)

01-06 SOUID: Source identifier
08-11 YEAR : YYYY
13-20 ANNUAL DATA VALUES
21-28 WINTER HALF YEAR DATA VALUES
29-36 SUMMER HALF YEAR DATA VALUES
37-44 WINTER (DJF) DATA VALUES
45-52 SPRING (MAM) DATA VALUES
53-60 SUMMER (JJA) DATA VALUES
61-68 AUTUMN (SON) DATA VALUES
69-76 JANUARY DATA VALUES
etc. 
157-164 DECEMBER DATA VALUES

1109   1995 -999999 -999999 -999999 -999999 343     1428    79      -900    -509    -279    421     894     1471    1441    1374    903     278     -889    -1416   
1109   1996 -999999 -999999 815     -1343   -99     1326    247     -1143   -1487   -667    -257    603     1254    1472    1255    549     212     -18     -1186   
1109   1997 -999999 -999999 -999999 -1508   -999999 1367    -10     -2002   -1312   -593    -49     527     1380    1340    1382    791     26      -821    -1619   
1109   1998 -999999 -999999 -999999 -1723   -218    1559    -57     -1163   -2434   -826    -566    726     1508    1855    1313    757     209     -1093   -1563   
1109   1999 -999999 -1114   -999999 -1682   -148    -999999 -999999 -2154   -1292   -807    133     237     1561    -999999 -999999 -999999 -999999 -999999 -999999 
1109   2000 -999999 -999999 -999999 -999999 -999999 -999999 -999999 -999999 -999999 -999999 383     -999999 -999999 -999999 -999999 -999999 -999999 -664    -1397   
1109   2001 19      -999999 1077    -1423   23      1450    55      -1101   -1806   -989    438     634     1339    1755    1245    1041    -52     -821    -1579   
1109   2002 -999999 -999999 -999999 -1314   -11     1330    -243    -1484   -812    -626    73      540     1194    1713    1060    622     -113    -1278   -1682   
1109   2003 -999999 -999999 -999999 -1624   107     1503    299     -1984   -1172   -570    -62     947     940     1893    1690    861     330     -294    -736    
1109   2004 108     -620    -999999 -1049   17      1468    123     -1146   -1281   -594    -224    861     1208    1904    1312    906     197     -711    -1059   
1109   2005 -999999 -796    -999999 -1037   -999999 -999999 510     -856    -1208   -1178   53      1079    1324    1648    1524    955     480     98      -1050   
1109   2006 -999999 -999999 -999999 -1524   6       -999999 103     -1814   -1720   -1053   218     853     1644    1392    1338    869     62      -595    -313    
1109   2007 -999999 -999999 -999999 -1074   311     -999999 194     -930    -2022   -30     146     812     1065    1779    1570    889     366     -650    -457    
1109   2008 -999999 -532    -999999 -771    -64     1385    360     -949    -916    -587    -8      424     1240    1689    1232    673     445     -55     -411    
1109   2009 -999999 -999999 -999999 -961    4       -999999 296     -1415   -1045   -489    -239    739     1223    1491    1327    1123    92      -291    -1449   
1109   2010 -999999 -999999 -999999 -999999 192     1542    171     -1789   -1717   -864    343     1171    1212    1992    1406    887     219     -546    -1911   
1109   2011 -999999 -999999 -999999 -1815   -999999 -999999 -999999 -1398   -2174   -510    265     -999999 -999999 -999999 -999999 -999999 -999999 -999999 -999999 
