EUROPEAN CLIMATE ASSESSMENT & DATASET (ECA&D), file created on: 10-05-2011
THESE DATA CAN BE USED FREELY PROVIDED THAT THE FOLLOWING SOURCE IS ACKNOWLEDGED: 

Klein Tank, A.M.G. and Coauthors, 2002. Daily dataset of 20th-century surface
air temperature and precipitation series for the European Climate Assessment.
Int. J. of Climatol., 22, 1441-1453.
Data and metadata available at http://eca.knmi.nl

FILE FORMAT (MISSING VALUE CODE = -999999):

THIS FILE HOLDS DATA FOR STATION SPAIN                                    PRAT DE LLOBREGAT                        (STAID:   1402)
LATITUDE: dd:mm:ss +41:16:48
LONGITUDE: ddd:mm:ss +002:04:11
ELEVATION: m    6

DATA IS FOR INDEX Mean of daily mean temperature (TG) with unit 0.01 Temperature (&#176;C)

01-06 SOUID: Source identifier
08-11 YEAR : YYYY
13-20 ANNUAL DATA VALUES
21-28 WINTER HALF YEAR DATA VALUES
29-36 SUMMER HALF YEAR DATA VALUES
37-44 WINTER (DJF) DATA VALUES
45-52 SPRING (MAM) DATA VALUES
53-60 SUMMER (JJA) DATA VALUES
61-68 AUTUMN (SON) DATA VALUES
69-76 JANUARY DATA VALUES
etc. 
157-164 DECEMBER DATA VALUES

1402   1958 1568    -999999 1945    -999999 1336    2169    1757    857     990     1126    1189    1682    1975    2185    2340    2285    1680    1309    1147    
1402   1959 1584    1229    1964    1036    1435    2226    1654    914     1047    1261    1401    1636    2004    2367    2299    2066    1687    1207    1064    
1402   1960 -999999 1194    1967    1003    1451    2224    -999999 890     1060    1248    1349    1754    2137    2226    2306    2021    1561    1291    808     
1402   1961 -999999 -999999 2043    926     1499    2242    1766    853     1140    1169    1545    1754    2090    2344    2288    2233    1751    1313    1115    
1402   1962 -999999 -999999 -999999 1049    -999999 2217    -999999 1073    950     1079    1327    1596    1967    2280    2398    2196    1833    1087    770     
1402   1963 -999999 -999999 -999999 759     1372    2171    1685    763     743     1168    1330    1605    1975    2322    2207    1963    1720    1378    822     
1402   1964 1560    1127    2012    844     1396    2252    1699    745     974     1111    1268    1804    2086    2364    2303    2239    1611    1268    931     
1402   1965 -999999 -999999 1889    823     1350    2182    1649    835     689     1135    1281    1624    1995    2283    2263    1873    1776    1299    1087    
1402   1966 1564    -999999 1953    1080    1399    2150    1650    951     1215    1077    1436    1664    2011    2177    2257    2164    1735    1047    967     
1402   1967 1578    -999999 1947    936     1389    2218    1800    816     1036    1262    1286    1613    1925    2369    2352    2119    1879    1400    827     
1402   1968 1593    1202    1949    932     1393    2171    1788    956     1017    1125    1401    1654    1932    2280    2293    2123    1897    1341    1066    
1402   1969 1517    1218    1905    962     1389    2153    1636    982     825     1160    1327    1672    1863    2271    2315    1965    1770    1167    812     
1402   1970 1540    1112    1946    915     1273    2204    1769    974     964     970     1248    1590    1995    2283    2328    2221    1679    1399    771     
1402   1971 1544    -999999 1985    862     1322    2240    1659    854     971     901     1405    1649    1920    2364    2424    2131    1787    1056    1001    
1402   1972 1468    1139    1794    945     1296    2069    1576    823     1016    1141    1268    1480    1874    2215    2111    1801    1566    1360    955     
1402   1973 -999999 -999999 1911    884     1224    2210    1636    872     820     937     1128    1596    1956    2303    2363    2101    1585    1224    -999999 
1402   1974 1489    -999999 1874    -999999 1312    2135    1520    999     968     1108    1213    1605    1956    2198    2245    2013    1338    1215    964     
1402   1975 1508    1085    1902    992     1245    2202    1609    993     1024    970     1219    1535    1909    2308    2379    2044    1611    1172    872     
1402   1976 1495    1082    1923    881     1309    2240    1489    809     967     1055    1238    1633    2127    2348    2241    1936    1518    1014    1036    
1402   1977 1500    1117    1784    1009    1282    2009    1672    888     1114    1132    1229    1478    1848    2093    2081    1967    1814    1231    1080    
1402   1978 1490    1178    1823    957     1272    2043    1659    768     1031    1130    1183    1495    1847    2081    2195    2130    1622    1227    1127    
1402   1979 1539    1187    1910    1043    1309    2203    1630    958     1044    1129    1218    1571    2034    2274    2296    2052    1707    1127    1004    
1402   1980 1509    1155    1887    980     1292    2116    1709    859     1084    1140    1246    1487    1891    2059    2392    2239    1658    1233    807     
1402   1981 1563    1109    1931    810     1397    2177    1733    807     818     1313    1330    1545    2046    2143    2338    2179    1744    1276    1162    
1402   1982 1591    1229    1991    1089    1304    2297    1728    1095    1002    1074    1262    1575    2086    2487    2312    2212    1690    1282    974     
1402   1983 1580    1122    1982    866     1344    2280    1807    857     755     1142    1303    1578    2032    2462    2338    2164    1812    1444    996     
1402   1984 1476    1161    1838    920     1216    2116    1675    899     861     945     1286    1419    1853    2276    2209    1973    1630    1424    917     
1402   1985 1515    1091    1938    824     1269    2198    1720    515     1062    1009    1319    1482    1970    2342    2275    2233    1835    1088    1014    
1402   1986 -999999 1125    1942    895     1322    2202    1763    852     817     1107    1153    1699    1955    2277    2365    2188    1799    1300    903     
1402   1987 1564    -999999 1958    866     1316    2190    1791    793     910     1094    1341    1508    1905    2296    2359    2329    1806    1237    1130    
1402   1988 1568    1192    1973    986     1398    2226    1739    878     947     1141    1362    1689    1980    2309    2382    2097    1848    1269    890     
1402   1989 1643    1197    2008    931     1406    2321    1777    880     1031    1252    1290    1673    2013    2436    2504    2114    1780    1436    1228    
1402   1990 1667    -999999 2085    1175    1470    2357    1797    1003    1312    1254    1346    1806    2125    2414    2525    2277    1842    1271    812     
1402   1991 1492    1170    1872    900     1221    2183    1620    957     936     1181    1186    1294    1890    2267    2382    2203    1515    1145    910     
1402   1992 1479    1035    1890    819     1342    2104    1619    700     846     1075    1265    1682    1755    2153    2393    2072    1501    1287    971     
1402   1993 1483    1064    1909    867     1269    2208    1574    790     836     986     1216    1603    2005    2208    2404    2002    1568    1152    977     
1402   1994 1682    1161    2100    971     1502    2426    1784    912     1030    1315    1379    1807    2116    2572    2581    2124    1736    1492    1073    
1402   1995 1664    1281    2008    1093    1435    2295    1780    1014    1202    1169    1380    1754    1986    2451    2437    2021    1911    1404    1193    
1402   1996 1617    1297    2002    1106    1438    2292    1650    1158    958     1140    1470    1705    2156    2334    2382    1954    1674    1321    1129    
1402   1997 1705    1272    2079    1103    1548    2314    1865    1017    1170    1313    1479    1848    2143    2305    2487    2198    1976    1419    1072    
1402   1998 1682    1330    2118    1093    1525    2394    1732    1094    1114    1285    1460    1829    2187    2485    2505    2227    1744    1224    991     
1402   1999 1675    1203    2140    993     1544    2392    1748    996     994     1251    1474    1904    2148    2436    2583    2281    1846    1115    1013    
1402   2000 1604    1211    2007    1005    1501    2240    1639    831     1181    1273    1432    1796    2087    2237    2391    2088    1632    1196    1086    
1402   2001 -999999 -999999 -999999 -999999 -999999 -999999 -999999 -999999 -999999 1358    1359    -999999 2001    -999999 2370    1961    -999999 1097    667     
1402   2002 -999999 -999999 -999999 -999999 -999999 -999999 -999999 887     -999999 1185    -999999 -999999 2008    2179    2227    2231    1886    -999999 -999999 
1402   2003 -999999 -999999 -999999 -999999 -999999 -999999 -999999 -999999 -999999 -999999 -999999 1876    2526    -999999 -999999 2219    1763    -999999 -999999 
1402   2004 -999999 -999999 -999999 -999999 -999999 -999999 -999999 -999999 -999999 -999999 -999999 -999999 -999999 -999999 -999999 -999999 -999999 -999999 -999999 
1402   2005 -999999 -999999 -999999 -999999 -999999 -999999 -999999 -999999 -999999 1162    -999999 1922    2387    -999999 2450    -999999 1925    1284    774     
1402   2006 -999999 -999999 -999999 849     1589    2493    2013    847     934     1259    1564    1944    2242    2733    2507    2340    2068    1606    1050    
1402   2007 -999999 -999999 -999999 1112    1591    2390    1753    1057    1238    1287    1559    1938    2257    2443    2455    2241    1821    1197    1001    
1402   2008 -999999 -999999 -999999 1064    1486    -999999 -999999 1088    1108    1234    1478    1746    2175    2487    2534    -999999 -999999 -999999 -999999 
1402   2009 -999999 -999999 -999999 -999999 -999999 -999999 -999999 -999999 -999999 -999999 -999999 -999999 -999999 -999999 2623    -999999 -999999 -999999 -999999 
1402   2010 -999999 -999999 -999999 -999999 -999999 -999999 -999999 -999999 -999999 -999999 -999999 -999999 -999999 -999999 2537    -999999 1784    -999999 929     
1402   2011 -999999 -999999 -999999 -999999 -999999 -999999 -999999 -999999 -999999 1208    1644    -999999 -999999 -999999 -999999 -999999 -999999 -999999 -999999 
