EUROPEAN CLIMATE ASSESSMENT & DATASET (ECA&D), file created on: 10-05-2011
THESE DATA CAN BE USED FREELY PROVIDED THAT THE FOLLOWING SOURCE IS ACKNOWLEDGED: 

Klein Tank, A.M.G. and Coauthors, 2002. Daily dataset of 20th-century surface
air temperature and precipitation series for the European Climate Assessment.
Int. J. of Climatol., 22, 1441-1453.
Data and metadata available at http://eca.knmi.nl

FILE FORMAT (MISSING VALUE CODE = -999999):

THIS FILE HOLDS DATA FOR STATION SPAIN                                    REUS BASE AEREA                          (STAID:   1401)
LATITUDE: dd:mm:ss +41:08:58
LONGITUDE: ddd:mm:ss +001:10:44
ELEVATION: m   71

DATA IS FOR INDEX Mean of daily mean temperature (TG) with unit 0.01 Temperature (&#176;C)

01-06 SOUID: Source identifier
08-11 YEAR : YYYY
13-20 ANNUAL DATA VALUES
21-28 WINTER HALF YEAR DATA VALUES
29-36 SUMMER HALF YEAR DATA VALUES
37-44 WINTER (DJF) DATA VALUES
45-52 SPRING (MAM) DATA VALUES
53-60 SUMMER (JJA) DATA VALUES
61-68 AUTUMN (SON) DATA VALUES
69-76 JANUARY DATA VALUES
etc. 
157-164 DECEMBER DATA VALUES

1401   1958 1621    -999999 2028    -999999 1407    2265    1799    848     1037    1224    1249    1737    2075    2286    2427    2381    1731    1286    1114    
1401   1959 1623    1227    2038    1014    1482    2319    1671    916     1010    1287    1477    1676    2080    2446    2424    2113    1703    1196    1095    
1401   1960 1600    1212    2024    1022    1522    2270    1659    928     1043    1297    1460    1806    2156    2288    2364    2060    1600    1320    859     
1401   1961 1673    1179    2099    978     1544    2302    1756    877     1219    1205    1627    1792    2135    2416    2351    2264    1719    1286    1146    
1401   1962 1600    1228    2023    1061    1400    2288    1720    1054    975     1162    1377    1654    2006    2356    2494    2239    1831    1086    897     
1401   1963 1569    1110    1995    816     1469    2262    1736    783     764     1269    1412    1718    2047    2424    2309    2046    1785    1375    832     
1401   1964 1615    1163    2102    870     1499    2346    1718    745     1043    1196    1369    1928    2198    2465    2369    2268    1636    1254    892     
1401   1965 -999999 -999999 -999999 825     1454    -999999 1643    842     731     1154    1454    1754    -999999 2364    2344    1902    1755    1269    1141    
1401   1966 -999999 -999999 -999999 1139    1446    2270    1690    1039    1248    1114    1520    1694    2150    2301    2361    2225    1767    1097    1104    
1401   1967 1584    -999999 1969    1010    1437    2236    1761    883     1045    1304    1327    1672    1961    2401    2341    2115    1839    1339    774     
1401   1968 1578    1171    1937    916     1346    2173    1773    995     982     1088    1353    1605    1918    2322    2271    2131    1886    1298    1058    
1401   1969 1513    1208    1910    960     1394    2169    1582    963     849     1163    1352    1657    1892    2313    2294    1934    1748    1063    864     
1401   1970 -999999 -999999 -999999 960     1294    2275    1733    958     1071    974     1303    1616    2139    2324    2360    2200    1625    1378    697     
1401   1971 1517    1064    1976    826     1282    2261    1612    822     974     881     1368    1588    1923    2381    2460    2129    1752    950     954     
1401   1972 1461    1088    1813    912     1322    2072    1538    797     990     1077    1387    1503    1842    2230    2141    1776    1520    1320    956     
1401   1973 1522    1090    1976    897     1303    2269    1632    830     908     996     1194    1705    2074    2355    2373    2140    1588    1170    872     
1401   1974 1510    1124    1913    941     1345    2209    1500    985     970     1146    1213    1665    2038    2269    2315    1961    1320    1224    965     
1401   1975 1520    1087    1930    977     1299    2250    1593    964     1006    1038    1305    1546    1951    2362    2428    1969    1636    1174    785     
1401   1976 1510    1081    1947    848     1334    2270    1512    760     1007    1111    1234    1654    2173    2377    2253    1984    1555    996     1012    
1401   1977 -999999 -999999 -999999 1016    1342    2056    1668    878     1174    1200    1314    1502    1887    2118    2130    1983    1778    1239    1069    
1401   1978 1550    1202    1910    987     1356    2139    1702    788     1115    1217    1233    1610    1915    2203    2291    2199    1690    1217    1076    
1401   1979 1573    1208    1952    1052    1349    2255    1639    998     1085    1169    1285    1585    2062    2368    2330    2067    1685    1163    1029    
1401   1980 -999999 -999999 1932    -999999 1351    2165    1682    -999999 1076    1208    1278    1565    1940    2141    2407    2254    1664    1128    837     
1401   1981 1591    1116    1951    854     1417    2210    1751    910     812     1324    1320    1600    2097    2204    2325    2150    1775    1328    1177    
1401   1982 -999999 1277    -999999 1137    1368    -999999 1673    1179    1046    1129    1334    1631    2160    -999999 2319    2103    1685    1230    958     
1401   1983 1598    1108    2031    844     1410    2307    1815    826     739     1180    1376    1666    2100    2460    2353    2219    1774    1454    954     
1401   1984 1509    1166    1891    944     1224    2186    1699    976     899     933     1326    1415    1909    2366    2274    2041    1617    1443    892     
1401   1985 1547    1104    1992    831     1306    2281    1738    549     1077    1054    1383    1482    2070    2465    2301    2241    1869    1099    951     
1401   1986 1578    1134    1996    898     1376    2278    1726    933     800     1116    1176    1822    2069    2362    2397    2130    1767    1281    1008    
1401   1987 1606    1150    2058    897     1409    2291    1782    786     896     1137    1446    1647    2025    2376    2464    2380    1744    1223    1078    
1401   1988 1648    1232    2065    1060    1477    2339    1772    1108    991     1233    1422    1775    2083    2424    2500    2170    1897    1250    895     
1401   1989 1669    -999999 2057    933     1446    2404    1778    838     1079    1291    1297    1735    2124    2555    2524    2084    1787    1462    1177    
1401   1990 1637    1304    2084    1111    1471    2357    1742    881     1293    1228    1364    1817    2125    2424    2513    2244    1795    1186    747     
1401   1991 1575    1128    2027    827     1357    2358    1654    867     870     1282    1258    1528    2060    2441    2565    2297    1544    1124    1005    
1401   1992 1566    1076    2002    856     1462    2234    1702    684     882     1207    1408    1770    1885    2288    2516    2123    1606    1380    1021    
1401   1993 1554    1133    2014    902     1401    2312    1578    789     895     1093    1384    1724    2193    2317    2422    2030    1535    1169    1052    
1401   1994 1686    1180    2117    1030    1495    2463    1741    975     1068    1271    1387    1823    2175    2575    2631    2087    1697    1442    1056    
1401   1995 1675    1267    2038    1088    1444    2347    1788    1019    1199    1189    1383    1760    2044    2488    2499    2033    1884    1442    1124    
1401   1996 1612    1276    2005    1063    1414    2312    1671    1132    923     1131    1424    1687    2170    2364    2397    1976    1703    1333    1072    
1401   1997 1691    1256    2072    1057    1529    2325    1837    965     1144    1310    1474    1803    2169    2320    2482    2175    1960    1374    1081    
1401   1998 1655    1313    2090    1084    1489    2378    1701    1085    1085    1271    1415    1772    2164    2465    2499    2210    1702    1189    949     
1401   1999 1648    1178    2128    969     1525    2401    1671    975     983     1249    1452    1872    2141    2461    2593    2233    1759    1016    981     
1401   2000 1642    1162    2067    966     1526    2311    1709    728     1203    1284    1419    1872    2121    2361    2445    2168    1714    1243    1132    
1401   2001 -999999 -999999 -999999 1093    -999999 2409    -999999 1077    1066    1497    1510    1793    2235    2405    2581    2130    1965    1127    783     
1401   2002 -999999 -999999 -999999 -999999 1445    2317    -999999 967     -999999 1273    1420    1644    2186    2412    2344    2111    1800    1475    1173    
1401   2003 -999999 -999999 2194    -999999 1497    2576    1721    981     914     1222    1443    1797    2439    2592    2691    2158    1675    1348    1034    
1401   2004 -999999 -999999 -999999 -999999 1354    2400    1779    1199    -999999 1090    1347    1625    2239    2374    2571    2278    1890    1149    1041    
1401   2005 -999999 -999999 -999999 -999999 -999999 -999999 -999999 781     776     1060    1453    1842    2283    -999999 -999999 -999999 1833    1184    670     
1401   2006 -999999 -999999 -999999 -999999 1576    2429    1912    801     853     1303    1546    1866    2146    2662    2461    2246    1961    1529    942     
1401   2007 -999999 -999999 -999999 -999999 -999999 -999999 -999999 948     1165    1276    1504    1937    2236    2425    2449    2170    1795    1138    922     
1401   2008 -999999 -999999 -999999 951     -999999 -999999 -999999 923     1011    1180    -999999 1600    2028    2345    2424    2057    1690    -999999 807     
1401   2009 -999999 -999999 -999999 -999999 -999999 -999999 -999999 -999999 -999999 -999999 -999999 -999999 -999999 -999999 2454    2102    1778    1310    877     
1401   2010 -999999 -999999 -999999 -999999 -999999 -999999 1601    730     733     863     -999999 1583    1991    2454    2366    2051    1593    1146    840     
1401   2011 -999999 -999999 -999999 -999999 -999999 -999999 -999999 902     1093    -999999 1624    -999999 -999999 -999999 -999999 -999999 -999999 -999999 -999999 
