EUROPEAN CLIMATE ASSESSMENT & DATASET (ECA&D), file created on: 10-05-2011
THESE DATA CAN BE USED FREELY PROVIDED THAT THE FOLLOWING SOURCE IS ACKNOWLEDGED: 

Klein Tank, A.M.G. and Coauthors, 2002. Daily dataset of 20th-century surface
air temperature and precipitation series for the European Climate Assessment.
Int. J. of Climatol., 22, 1441-1453.
Data and metadata available at http://eca.knmi.nl

FILE FORMAT (MISSING VALUE CODE = -999999):

THIS FILE HOLDS DATA FOR STATION FRANCE                                   MONT-AIGOUAL                             (STAID:    355)
LATITUDE: dd:mm:ss +44:07:00
LONGITUDE: ddd:mm:ss +003:34:59
ELEVATION: m 1567

DATA IS FOR INDEX Mean of daily mean temperature (TG) with unit 0.01 Temperature (&#176;C)

01-06 SOUID: Source identifier
08-11 YEAR : YYYY
13-20 ANNUAL DATA VALUES
21-28 WINTER HALF YEAR DATA VALUES
29-36 SUMMER HALF YEAR DATA VALUES
37-44 WINTER (DJF) DATA VALUES
45-52 SPRING (MAM) DATA VALUES
53-60 SUMMER (JJA) DATA VALUES
61-68 AUTUMN (SON) DATA VALUES
69-76 JANUARY DATA VALUES
etc. 
157-164 DECEMBER DATA VALUES

355    1896 -999999 -999999 -999999 -999999 -999999 -999999 -999999 -999999 -999999 -999999 -999999 -999999 -999999 -999999 -999999 -999999 -999999 -999999 -999999 
355    1897 -999999 -999999 -999999 -999999 -999999 -999999 -999999 -999999 -999999 -999999 -999999 -999999 -999999 -999999 -999999 -999999 -999999 -999999 -999999 
355    1898 -999999 -999999 -999999 -999999 -999999 -999999 -999999 -999999 -999999 -999999 -999999 -999999 -999999 -999999 -999999 -999999 -999999 -999999 -999999 
355    1899 -999999 -999999 -999999 -999999 -999999 -999999 -999999 -999999 -999999 -999999 -999999 -999999 -999999 -999999 -999999 -999999 -999999 -999999 -999999 
355    1900 -999999 -999999 -999999 -999999 -999999 -999999 -999999 -999999 -999999 -999999 -999999 -999999 -999999 -999999 -999999 -999999 -999999 -999999 -999999 
355    1901 -999999 -999999 -999999 -999999 -999999 -999999 -999999 -999999 -999999 -999999 -999999 -999999 -999999 -999999 -999999 -999999 -999999 -999999 -999999 
355    1902 -999999 -999999 -999999 -999999 -999999 -999999 -999999 -999999 -999999 -999999 -999999 -999999 -999999 -999999 -999999 -999999 -999999 -999999 -999999 
355    1903 -999999 -999999 -999999 -999999 -999999 -999999 -999999 -999999 -999999 -999999 -999999 -999999 -999999 -999999 -999999 -999999 -999999 -999999 -999999 
355    1904 -999999 -999999 -999999 -999999 -999999 -999999 -999999 -999999 -999999 -999999 -999999 -999999 -999999 -999999 -999999 -999999 -999999 -999999 -999999 
355    1905 -999999 -999999 -999999 -999999 -999999 -999999 -999999 -999999 -999999 -999999 -999999 -999999 -999999 -999999 -999999 -999999 -999999 -999999 -999999 
355    1906 -999999 -999999 -999999 -999999 -999999 -999999 -999999 -999999 -999999 -999999 -999999 -999999 -999999 -999999 -999999 -999999 -999999 -999999 -999999 
355    1907 -999999 -999999 -999999 -999999 -999999 -999999 -999999 -999999 -999999 -999999 -999999 -999999 -999999 -999999 -999999 -999999 -999999 -999999 -999999 
355    1908 -999999 -999999 -999999 -999999 -999999 -999999 -999999 -999999 -999999 -999999 -999999 -999999 -999999 -999999 -999999 -999999 -999999 -999999 -999999 
355    1909 -999999 -999999 -999999 -999999 -999999 -999999 -999999 -999999 -999999 -999999 -999999 -999999 -999999 -999999 -999999 -999999 -999999 -999999 -999999 
355    1910 -999999 -999999 -999999 -999999 -999999 -999999 -999999 -999999 -999999 -999999 -999999 -999999 -999999 -999999 -999999 -999999 -999999 -999999 -999999 
355    1911 -999999 -999999 -999999 -999999 -999999 -999999 -999999 -999999 -999999 -999999 -999999 -999999 -999999 -999999 -999999 -999999 -999999 -999999 -999999 
355    1912 -999999 -999999 -999999 -999999 -999999 -999999 -999999 -999999 -999999 -999999 -999999 -999999 -999999 -999999 -999999 -999999 -999999 -999999 -999999 
355    1913 -999999 -999999 -999999 -999999 -999999 -999999 -999999 -999999 -999999 -999999 -999999 -999999 -999999 -999999 -999999 -999999 -999999 -999999 -999999 
355    1914 -999999 -999999 -999999 -999999 -999999 -999999 -999999 -999999 -999999 -999999 -999999 -999999 -999999 -999999 -999999 -999999 -999999 -999999 -999999 
355    1915 -999999 -999999 -999999 -999999 -999999 -999999 -999999 -999999 -999999 -999999 -999999 -999999 -999999 -999999 -999999 -999999 -999999 -999999 -999999 
355    1916 -999999 -999999 -999999 -999999 -999999 -999999 -999999 -999999 -999999 -999999 -999999 -999999 -999999 -999999 -999999 -999999 -999999 -999999 -999999 
355    1917 -999999 -999999 -999999 -999999 -999999 -999999 -999999 -999999 -999999 -999999 -999999 -999999 -999999 -999999 -999999 -999999 -999999 -999999 -999999 
355    1918 -999999 -999999 -999999 -999999 -999999 -999999 -999999 -999999 -999999 -999999 -999999 -999999 -999999 -999999 -999999 -999999 -999999 -999999 -999999 
355    1919 -999999 -999999 -999999 -999999 -999999 -999999 -999999 -999999 -999999 -999999 -999999 -999999 -999999 -999999 -999999 -999999 -999999 -999999 -999999 
355    1920 -999999 -999999 -999999 -999999 -999999 -999999 -999999 -999999 -999999 -999999 -999999 -999999 -999999 -999999 -999999 -999999 -999999 -999999 -999999 
355    1921 -999999 -999999 -999999 -999999 -999999 -999999 -999999 -999999 -999999 -999999 -999999 -999999 -999999 -999999 -999999 -999999 -999999 -999999 -999999 
355    1922 -999999 -999999 -999999 -999999 -999999 -999999 -999999 -999999 -999999 -999999 -999999 -999999 -999999 -999999 -999999 -999999 -999999 -999999 -999999 
355    1923 -999999 -999999 -999999 -999999 -999999 -999999 -999999 -999999 -999999 -999999 -999999 -999999 -999999 -999999 -999999 -999999 -999999 -999999 -999999 
355    1924 -999999 -999999 -999999 -999999 -999999 -999999 -999999 -999999 -999999 -999999 -999999 -999999 -999999 -999999 -999999 -999999 -999999 -999999 -999999 
355    1925 -999999 -999999 -999999 -999999 -999999 -999999 -999999 -999999 -999999 -999999 -999999 -999999 -999999 -999999 -999999 -999999 -999999 -999999 -999999 
355    1926 -999999 -999999 -999999 -999999 -999999 -999999 -999999 -999999 -999999 -999999 -999999 -999999 -999999 -999999 -999999 -999999 -999999 -999999 -999999 
355    1927 -999999 -999999 -999999 -999999 -999999 -999999 -999999 -999999 -999999 -999999 -999999 -999999 -999999 -999999 -999999 -999999 -999999 -999999 -999999 
355    1928 -999999 -999999 -999999 -999999 -999999 -999999 -999999 -999999 -999999 -999999 -999999 -999999 -999999 -999999 -999999 -999999 -999999 -999999 -999999 
355    1929 -999999 -999999 -999999 -999999 -999999 -999999 -999999 -999999 -999999 -999999 -999999 -999999 -999999 -999999 -999999 -999999 -999999 -999999 -999999 
355    1930 -999999 -999999 -999999 -999999 -999999 -999999 -999999 -999999 -999999 -999999 -999999 -999999 -999999 -999999 -999999 -999999 -999999 -999999 -999999 
355    1931 -999999 -999999 -999999 -999999 -999999 -999999 -999999 -999999 -999999 -999999 -999999 -999999 -999999 -999999 -999999 -999999 -999999 -999999 -999999 
355    1932 -999999 -999999 -999999 -999999 -999999 -999999 -999999 -999999 -999999 -999999 -999999 -999999 -999999 -999999 -999999 -999999 -999999 -999999 -999999 
355    1933 -999999 -999999 -999999 -999999 -999999 -999999 -999999 -999999 -999999 -999999 -999999 -999999 -999999 -999999 -999999 -999999 -999999 -999999 -999999 
355    1934 -999999 -999999 -999999 -999999 -999999 -999999 -999999 -999999 -999999 -999999 -999999 -999999 -999999 -999999 -999999 -999999 -999999 -999999 -999999 
355    1935 -999999 -999999 -999999 -999999 -999999 -999999 -999999 -999999 -999999 -999999 -999999 -999999 -999999 -999999 -999999 -999999 -999999 -999999 -999999 
355    1936 -999999 -999999 -999999 -999999 -999999 -999999 -999999 5       -999999 -999999 -999999 -999999 -999999 -999999 -999999 -999999 75      -999999 -999999 
355    1937 -999999 -999999 -999999 -999999 -999999 -999999 -999999 -999999 -999999 -999999 48      -999999 -999999 -999999 -999999 -999999 -999999 -999999 -999999 
355    1938 -999999 -999999 -999999 -999999 -999999 -999999 -999999 -999999 -999999 -999999 30      -999999 -999999 -999999 -999999 -999999 -999999 -999999 -999999 
355    1939 -999999 -999999 -999999 -999999 -999999 -999999 -999999 -999999 -999999 -999999 -999999 -999999 -999999 -999999 -999999 -999999 -999999 -999999 -999999 
355    1940 -999999 -999999 -999999 -999999 -999999 -999999 -999999 -999999 -999999 -999999 -999999 -999999 -999999 -999999 -999999 -999999 -999999 -999999 -999999 
355    1941 -999999 -999999 -999999 -999999 -999999 -999999 -999999 -999999 -999999 -999999 -999999 -999999 -999999 -999999 -999999 -999999 -999999 -999999 -999999 
355    1942 -999999 -999999 -999999 -999999 -999999 -999999 -999999 -999999 -999999 -999999 -999999 -999999 -999999 -999999 -999999 -999999 -999999 -999999 -999999 
355    1943 -999999 -999999 -999999 -999999 -999999 -999999 -999999 -146    -83     203     -999999 -999999 -999999 -999999 -999999 -999999 -999999 -999999 -59     
355    1944 -999999 -999999 -999999 -999999 -999999 -999999 -999999 -999999 -999999 -999999 -999999 -999999 -999999 -999999 -999999 -999999 -999999 -999999 -999999 
355    1945 -999999 -999999 1073    -999999 562     1292    606     -787    173     211     640     838     1293    1432    1152    1079    623     115     -156    
355    1946 -999999 -999999 -999999 -999999 -999999 -999999 -999999 -999999 -999999 -999999 -999999 -999999 -999999 -999999 -999999 -999999 -999999 21      -999999 
355    1947 -999999 -999999 -999999 -999999 -999999 -999999 -999999 -999999 -999999 46      -999999 -999999 -999999 -999999 -999999 -999999 -999999 -999999 -999999 
355    1948 -999999 -999999 -999999 -999999 -999999 -999999 -999999 -999999 -999999 -999999 -999999 -999999 -999999 -999999 -999999 -999999 -999999 -999999 -999999 
355    1949 597     -999999 1091    -999999 325     1395    667     -125    86      -186    700     474     1116    1619    1440    1190    775     33      14      
355    1950 528     141     1006    -37     323     1418    579     -82     -42     129     92      739     1325    1619    1308    931     633     170     -528    
355    1951 419     -85     840     -373    95      1171    558     -235    -354    -215    126     375     1012    1335    1163    1017    466     194     92      
355    1952 479     26      1001    -233    448     1395    376     -408    -392    185     368     787     1301    1579    1303    645     524     -44     -144    
355    1953 520     -28     921     -270    419     1116    723     -335    -337    136     250     864     786     1196    1355    1055    633     484     91      
355    1954 -999999 -999999 778     -999999 216     1020    609     -484    -999999 -22     104     563     1022    998     1039    935     662     230     125     
355    1955 517     124     946     -38     356     1210    506     52      -316    -47     503     618     995     1312    1317    919     472     129     182     
355    1956 315     -56     797     -290    236     982     415     -30     -1101   -83     49      735     727     1125    1086    1040    360     -153    -103    
355    1957 493     61      798     -85     344     1063    645     -122    -23     394     232     403     918     1126    1140    957     686     292     -119    
355    1958 463     72      883     -123    203     1083    638     -255    19      -190    -28     821     871     1131    1240    1243    525     152     -6      
355    1959 504     115     919     -36     307     1229    527     -182    93      109     197     613     1016    1464    1199    1010    493     80      -73     
355    1960 411     48      844     -106    346     1084    415     -189    -54     29      175     828     1122    1051    1081    791     322     136     -373    
355    1961 572     59      960     -152    459     1146    637     -212    160     332     474     570     1053    1159    1222    1278    590     43      167     
355    1962 398     -18     904     -96     70      1220    545     -154    -323    -460    166     505     993     1171    1490    1081    670     -121    -298    
355    1963 374     -167    822     -485    207     1105    635     -521    -651    -126    209     537     909     1403    998     860     733     309     -241    
355    1964 509     93      984     -119    300     1257    586     -48     -64     -135    205     825     1079    1494    1191    1089    330     347     -225    
355    1965 368     -72     778     -349    205     1098    450     -271    -574    -75     41      644     1070    1092    1131    673     669     0       -62     
355    1966 443     66      884     -51     287     1026    535     -213    141     -136    309     688     994     965     1117    1228    589     -215    -162    
355    1967 498     6       869     -154    266     1215    672     -191    -105    98      199     497     833     1527    1272    864     824     322     -214    
355    1968 440     76      798     -209    238     1051    674     -237    -173    -74     303     487     951     1185    1013    838     955     220     -215    
355    1969 378     43      798     -274    205     1046    594     -91     -544    -119    154     580     711     1276    1139    911     824     40      -427    
355    1970 450     -47     890     -262    66      1180    740     -30     -336    -376    19      552     1073    1252    1211    1223    644     357     -238    
355    1971 458     -29     907     -229    150     1169    574     -198    -254    -492    384     565     784     1377    1335    978     786     -50     221     
355    1972 385     99      689     -74     174     1002    484     -292    -157    65      43      410     782     1188    1028    662     530     258     74      
355    1973 440     39      892     -133    154     1224    610     -110    -385    -166    -71     691     1022    1197    1447    1042    542     249     -241    
355    1974 386     62      804     -136    213     1125    245     85      -263    -24     119     542     887     1200    1280    775     -102    73      12      
355    1975 452     -52     863     11      123     1173    490     80      -66     -309    194     486     913     1319    1277    973     481     17      21      
355    1976 456     59      903     -70     296     1277    379     -169    -61     57      77      747     1336    1275    1223    743     438     -47     -170    
355    1977 422     15      730     -157    237     946     570     -249    -40     148     142     417     738     1073    1020    977     678     53      69      
355    1978 404     41      775     -156    98      1067    631     -291    -256    -38     -64     390     796     1155    1240    1117    591     187     -26     
355    1979 418     9       816     -216    107     1159    587     -391    -234    -90     -92     495     1068    1314    1092    1001    614     144     42      
355    1980 385     63      765     -93     83      1025    612     -323    10      -107    -51     403     722     1040    1303    1156    546     137     -228    
355    1981 468     14      886     -269    330     1166    631     -276    -306    185     383     425     1026    1088    1378    1010    445     444     -231    
355    1982 505     54      952     -110    223     1247    596     -16     -79     -237    255     652     1070    1512    1153    1056    513     221     -73     
355    1983 561     91      942     -96     215     1330    718     155     -400    88      121     434     1067    1704    1211    1097    721     337     118     
355    1984 373     38      764     -180    68      1113    550     -259    -414    -294    266     236     921     1290    1122    734     614     300     -66     
355    1985 466     -15     953     -251    146     1218    668     -724    67      -262    263     440     889     1460    1296    1358    806     -164    140     
355    1986 476     -20     944     -237    223     1252    735     -356    -524    -78     -112    849     1098    1368    1286    1156    745     304     -103    
355    1987 508     22      963     -235    189     1184    737     -365    -238    -229    389     413     842     1271    1427    1430    624     160     322     
355    1988 525     112     938     16      255     1215    686     -14     -278    -163    276     654     956     1306    1374    1047    811     197     96      
355    1989 618     265     968     105     392     1305    629     134     83      247     13      903     1054    1420    1432    961     669     255     193     
355    1990 578     299     975     178     444     1275    566     91      259     319     112     889     959     1418    1438    1004    666     25      -283    
355    1991 496     40      957     -234    260     1334    550     -116    -311    224     126     427     921     1461    1608    1178    399     78      -116    
355    1992 550     62      953     -55     389     1204    597     13      -63     54      319     792     777     1351    1469    986     310     504     60      
355    1993 495     148     902     13      327     1217    439     161     -203    34      239     706     1077    1139    1431    804     418     96      -26     
355    1994 621     103     988     -103    392     1444    685     -119    -170    390     42      733     1103    1646    1573    795     645     617     128     
355    1995 535     182     939     -27     339     1273    595     -286    88      -94     412     702     981     1509    1318    688     896     189     -28     
355    1996 455     92      883     -144    256     1210    477     49      -474    -112    270     610     1135    1321    1171    775     565     90      11      
355    1997 655     220     1026    45      564     1232    780     -36     174     508     423     756     944     1241    1502    1274    773     294     -31     
355    1998 541     231     957     50      351     1314    424     -89     295     152     91      802     1106    1366    1463    887     473     -91     6       
355    1999 534     13      1022    -133    418     1273    608     -84     -340    77      243     928     1029    1395    1387    1130    771     -83     -124    
355    2000 552     104     975     -70     401     1220    569     -188    113     126     240     832     1133    1070    1455    1109    524     75      123     
355    2001 552     140     944     -29     439     1309    589     -121    -96     308     140     860     1139    1326    1456    716     965     72      -214    
355    2002 575     171     943     -76     378     1287    589     35      -46     189     370     574     1320    1289    1252    847     655     263     105     
355    2003 642     106     1213    -189    474     1703    602     -302    -391    263     337     818     1612    1558    1935    999     403     411     -17     
355    2004 535     87      968     -75     261     1294    641     -179    -24     -71     188     664     1223    1350    1307    1064    723     132     22      
355    2005 511     38      1027    -228    394     1311    642     -142    -600    33      297     850     1369    1321    1245    1072    752     113     -238    
355    2006 646     30      1102    -229    403     1387    855     -241    -206    -18     453     775     1282    1834    1042    1215    900     450     212     
355    2007 591     306     1022    142     549     1186    563     96      116     48      813     802     1073    1219    1261    950     632     104     -38     
355    2008 549     146     978     73      327     1279    550     143     120     -91     270     799     1132    1344    1356    949     626     71      -174    
355    2009 609     -999999 1132    -235    449     1433    741     -242    -302    40      342     964     1228    1415    1650    1171    711     342     -164    
355    2010 455     -5      1004    -327    306     1332    518     -446    -378    -123    479     554     1068    1556    1362    990     509     57      -262    
355    2011 -999999 -999999 -999999 -107    -999999 -999999 -999999 -157    114     138     747     -999999 -999999 -999999 -999999 -999999 -999999 -999999 -999999 
