EUROPEAN CLIMATE ASSESSMENT & DATASET (ECA&D), file created on: 10-05-2011
THESE DATA CAN BE USED FREELY PROVIDED THAT THE FOLLOWING SOURCE IS ACKNOWLEDGED: 

Klein Tank, A.M.G. and Coauthors, 2002. Daily dataset of 20th-century surface
air temperature and precipitation series for the European Climate Assessment.
Int. J. of Climatol., 22, 1441-1453.
Data and metadata available at http://eca.knmi.nl

FILE FORMAT (MISSING VALUE CODE = -999999):

THIS FILE HOLDS DATA FOR STATION UNITED KINGDOM                           LEUCHARS                                 (STAID:   1830)
LATITUDE: dd:mm:ss +56:22:36
LONGITUDE: ddd:mm:ss -002:51:42
ELEVATION: m   10

DATA IS FOR INDEX Mean of daily mean temperature (TG) with unit 0.01 Temperature (&#176;C)

01-06 SOUID: Source identifier
08-11 YEAR : YYYY
13-20 ANNUAL DATA VALUES
21-28 WINTER HALF YEAR DATA VALUES
29-36 SUMMER HALF YEAR DATA VALUES
37-44 WINTER (DJF) DATA VALUES
45-52 SPRING (MAM) DATA VALUES
53-60 SUMMER (JJA) DATA VALUES
61-68 AUTUMN (SON) DATA VALUES
69-76 JANUARY DATA VALUES
etc. 
157-164 DECEMBER DATA VALUES

1830   1959 906     -999999 1272    -999999 842     1473    1034    31      335     626     825     1073    1331    1517    1567    1307    1130    662     414     
1830   1960 -999999 -999999 -999999 320     829     1387    902     288     254     487     870     1108    1406    1379    1376    1232    960     502     232     
1830   1961 -999999 -999999 -999999 -999999 857     1352    895     260     559     817     792     964     1318    1349    1390    1277    935     473     56      
1830   1962 -999999 -999999 -999999 -999999 597     1279    -999999 266     414     236     624     921     1278    1274    1284    1123    969     433     173     
1830   1963 -999999 -999999 -999999 -999999 693     1245    903     14      -14     477     696     893     1209    1274    1251    1162    950     594     285     
1830   1964 -999999 -999999 -999999 -999999 741     1356    837     378     373     405     811     1044    1258    1444    1365    1167    787     560     233     
1830   1965 -999999 -999999 -999999 -999999 654     1247    -999999 183     324     349     686     936     1293    1163    1288    1160    909     292     179     
1830   1966 -999999 -999999 -999999 225     699     1313    856     235     265     640     526     948     1293    1381    1261    1304    838     440     284     
1830   1967 -999999 -999999 -999999 381     -999999 1367    -999999 380     478     614     689     844     1232    1447    1420    1239    904     511     391     
1830   1968 -999999 -999999 -999999 -999999 -999999 1314    -999999 286     135     551     622     721     1251    1336    1355    1184    1091    546     307     
1830   1969 -999999 -999999 -999999 264     -999999 1440    -999999 406     60      244     583     888     1268    1541    1506    1245    1147    268     226     
1830   1970 -999999 -999999 -999999 -999999 662     -999999 913     260     201     362     574     1030    1255    1317    1415    1299    911     530     394     
1830   1971 -999999 -999999 -999999 -999999 731     1316    940     401     442     484     683     1010    1074    1483    1390    1315    994     506     690     
1830   1972 -999999 -999999 -999999 -999999 751     1271    857     378     340     504     797     946     1101    1354    1359    1134    943     484     413     
1830   1973 -999999 -999999 -999999 -999999 724     1420    -999999 423     -999999 615     667     894     1400    1485    1374    1248    804     416     368     
1830   1974 -999999 -999999 -999999 -999999 672     1319    -999999 539     -999999 432     594     969     1186    1362    1405    1059    744     498     613     
1830   1975 -999999 -999999 -999999 494     633     -999999 -999999 490     371     417     706     795     1233    1510    1619    1166    937     542     494     
1830   1976 -999999 -999999 -999999 -999999 -999999 1512    -999999 381     445     408     743     1005    1461    1585    1485    1182    941     474     138     
1830   1977 -999999 -999999 -999999 -999999 -999999 1308    -999999 128     278     565     639     828     1134    1424    1350    1159    1063    474     518     
1830   1978 -999999 -999999 -999999 -999999 710     -999999 1028    134     16      569     519     1007    1246    1334    1407    1275    1083    712     387     
1830   1979 -999999 -999999 -999999 -999999 614     1362    913     -50     79      365     630     847     1264    1504    1308    1197    989     546     361     
1830   1980 -999999 -999999 -999999 -999999 681     -999999 891     201     417     349     779     910     1277    1338    1405    1321    754     584     474     
1830   1981 -999999 -999999 -999999 -999999 759     1401    -999999 343     272     583     670     1006    1250    1453    1499    1304    633     585     -30     
1830   1982 -999999 -999999 -999999 189     781     1403    939     132     469     536     819     973     1244    1481    1464    1234    947     614     248     
1830   1983 -999999 -999999 -999999 -999999 653     -999999 -999999 522     147     616     528     822     1193    1593    1599    1166    922     596     522     
1830   1984 -999999 -999999 -999999 340     641     1481    945     139     347     419     655     857     1330    1569    1535    1199    941     677     482     
1830   1985 -999999 -999999 -999999 -999999 692     1287    -999999 115     285     405     728     944     1127    1402    1332    1203    1025    306     406     
1830   1986 -999999 -999999 -999999 -999999 -999999 1281    -999999 241     36      473     493     983     1191    1447    1202    1093    955     623     380     
1830   1987 -999999 -999999 -999999 -999999 709     1323    855     145     275     368     834     920     1093    1441    1426    1187    765     582     493     
1830   1988 -999999 -999999 -999999 413     721     1390    874     345     402     511     680     966     1330    1399    1439    1257    857     506     668     
1830   1989 -999999 -999999 -999999 -999999 767     1456    -999999 630     486     581     600     1115    1274    1594    1483    1194    1049    564     233     
1830   1990 -999999 -999999 -999999 -999999 852     1430    914     457     542     796     744     1011    1276    1443    1580    1170    1007    567     352     
1830   1991 -999999 -999999 -999999 -999999 801     1387    907     184     249     596     724     1075    1077    1526    1548    1232    913     566     383     
1830   1992 -999999 -999999 -999999 -999999 803     1401    751     275     469     615     749     1051    1424    1443    1337    1141    638     490     268     
1830   1993 -999999 -999999 -999999 -999999 -999999 1328    717     393     -999999 554     747     891     1248    1401    1329    1090    747     327     266     
1830   1994 -999999 -999999 -999999 251     683     1422    958     289     191     552     663     832     1368    1499    1400    1144    907     829     425     
1830   1995 -999999 -999999 -999999 -999999 -999999 1477    -999999 253     413     425     743     974     1280    1531    1623    1244    1115    671     178     
1830   1996 -999999 -999999 -999999 319     635     1451    -999999 478     288     364     743     801     1322    1480    1543    1274    1030    347     271     
1830   1997 -999999 -999999 -999999 -999999 836     -999999 -999999 285     505     735     868     915     1210    1531    1615    1263    924     758     510     
1830   1998 -999999 -999999 -999999 -999999 769     1366    886     391     -999999 641     646     1024    1231    1417    1444    1305    854     516     445     
1830   1999 -999999 -999999 -999999 -999999 -999999 1372    -999999 382     423     624     755     1029    1263    1486    1374    1425    1012    695     276     
1830   2000 -999999 -999999 -999999 423     805     1372    924     491     497     715     692     994     1217    1398    1505    1296    926     564     418     
1830   2001 -999999 -999999 -999999 -999999 705     1402    -999999 216     305     372     679     1075    1229    1482    1478    1207    1205    696     280     
1830   2002 -999999 -999999 -999999 -999999 833     1429    940     390     481     623     778     1089    1350    1389    1545    1321    828     680     516     
1830   2003 -999999 -999999 -999999 -999999 858     1534    969     415     323     659     792     1109    1418    1643    1529    1357    850     714     381     
1830   2004 -999999 -999999 -999999 -999999 867     -999999 967     392     437     601     892     1108    1425    1412    1503    1288    950     656     463     
1830   2005 948     -999999 1267    476     802     1493    1022    533     425     659     779     968     1420    1558    1499    1370    1116    578     429     
1830   2006 947     559     1307    418     698     1553    1095    416     409     389     720     986     1440    1692    1525    1469    1117    699     472     
1830   2007 937     664     1235    506     889     1367    1011    545     500     636     1014    1022    1232    1435    1430    1271    1035    726     366     
1830   2008 881     601     1228    440     763     1440    885     455     504     520     703     1062    1307    1508    1502    1272    835     552     335     
1830   2009 -999999 514     -999999 347     852     -999999 -999999 284     430     642     874     1041    1248    -999999 -999999 -999999 -999999 -999999 -999999 
1830   2010 -999999 -999999 -999999 -999999 -999999 -999999 918     -999999 -999999 -999999 -999999 -999999 -999999 -999999 1436    1302    962     459     -65     
1830   2011 -999999 -999999 -999999 232     -999999 -999999 -999999 292     494     621     994     -999999 -999999 -999999 -999999 -999999 -999999 -999999 -999999 
