EUROPEAN CLIMATE ASSESSMENT & DATASET (ECA&D), file created on: 10-05-2011
THESE DATA CAN BE USED FREELY PROVIDED THAT THE FOLLOWING SOURCE IS ACKNOWLEDGED: 

Klein Tank, A.M.G. and Coauthors, 2002. Daily dataset of 20th-century surface
air temperature and precipitation series for the European Climate Assessment.
Int. J. of Climatol., 22, 1441-1453.
Data and metadata available at http://eca.knmi.nl

FILE FORMAT (MISSING VALUE CODE = -999999):

THIS FILE HOLDS DATA FOR STATION IRELAND                                  BOORA                                    (STAID:    966)
LATITUDE: dd:mm:ss +53:13:41
LONGITUDE: ddd:mm:ss -007:43:51
ELEVATION: m   58

DATA IS FOR INDEX Mean of daily mean temperature (TG) with unit 0.01 Temperature (&#176;C)

01-06 SOUID: Source identifier
08-11 YEAR : YYYY
13-20 ANNUAL DATA VALUES
21-28 WINTER HALF YEAR DATA VALUES
29-36 SUMMER HALF YEAR DATA VALUES
37-44 WINTER (DJF) DATA VALUES
45-52 SPRING (MAM) DATA VALUES
53-60 SUMMER (JJA) DATA VALUES
61-68 AUTUMN (SON) DATA VALUES
69-76 JANUARY DATA VALUES
etc. 
157-164 DECEMBER DATA VALUES

966    1954 -999999 -999999 -999999 -999999 -999999 -999999 -999999 -999999 -999999 -999999 -999999 -999999 -999999 -999999 -999999 -999999 1154    632     710     
966    1955 941     573     1346    427     762     1580    999     364     185     358     954     979     1343    1655    1735    1396    874     733     668     
966    1956 921     605     1221    415     901     1348    1005    368     195     769     797     1134    1290    1460    1293    1347    967     701     700     
966    1957 992     738     1273    581     983     1478    971     534     503     997     844     1104    1404    1537    1490    1248    1043    619     536     
966    1958 961     628     1266    535     779     1437    1110    492     582     490     802     1045    1305    1500    1501    1432    1091    808     461     
966    1959 1022    668     1362    449     955     1529    1111    235     673     746     879     1237    1416    1572    1596    1460    1225    645     553     
966    1960 923     649     1281    437     936     1442    947     413     338     703     890     1214    1484    1432    1413    1249    929     663     335     
966    1961 959     664     1256    501     974     1394    967     412     785     871     958     1091    1299    1442    1438    1301    977     622     302     
966    1962 884     552     1178    430     740     1353    946     462     538     414     807     1002    1245    1445    1365    1195    1044    595     469     
966    1963 849     500     1204    214     840     1396    968     -45     217     697     824     999     1370    1422    1395    1208    1054    639     371     
966    1964 943     594     1275    446     810     1454    1035    538     429     525     734     1169    1320    1535    1503    1379    955     772     434     
966    1965 899     574     1228    364     872     1398    925     337     316     613     851     1150    1390    1355    1449    1167    1143    458     513     
966    1966 949     660     1269    538     864     1447    915     449     666     724     780     1085    1453    1471    1416    1403    855     489     581     
966    1967 944     611     1253    543     830     1465    943     509     539     684     875     932     1407    1526    1460    1313    951     565     542     
966    1968 934     582     1233    453     773     1455    1085    557     248     607     770     940     1393    1471    1499    1315    1217    718     438     
966    1969 921     593     1269    387     760     1485    1031    527     175     448     790     1044    1332    1602    1516    1319    1314    451     466     
966    1970 955     592     1320    423     820     1521    1062    425     374     494     708     1254    1540    1480    1543    1384    1084    718     419     
966    1971 987     652     1272    511     808     1444    1091    532     588     567     804     1052    1249    1584    1494    1442    1161    669     669     
966    1972 901     660     1174    512     801     1357    935     375     491     582     824     997     1130    1545    1388    1147    1062    593     659     
966    1973 969     681     1281    596     839     1492    984     610     510     635     736     1141    1427    1503    1544    1321    951     682     528     
966    1974 929     663     1201    572     849     1386    824     645     539     624     873     1051    1306    1423    1426    1117    761     596     753     
966    1975 989     643     1314    670     786     1601    976     633     619     490     868     1002    1477    1650    1672    1202    1069    654     507     
966    1976 980     687     1358    576     865     1642    914     635     586     664     859     1073    1581    1677    1665    1281    895     566     269     
966    1977 922     553     1215    363     841     1450    891     309     527     749     736     1034    1259    1595    1490    1159    1064    443     664     
966    1978 943     595     1225    462     829     1377    1157    352     362     656     705     1123    1273    1388    1465    1387    1210    874     476     
966    1979 878     593     1195    332     698     1433    1028    172     350     463     731     900     1338    1564    1393    1234    1062    786     510     
966    1980 931     638     1255    478     830     1397    982     344     587     538     860     1094    1302    1396    1488    1381    898     669     615     
966    1981 957     689     1287    574     928     1457    979     626     471     831     870     1080    1301    1456    1607    1398    740     808     272     
966    1982 989     599     1311    458     889     1505    1012    475     645     665     903     1101    1441    1601    1470    1341    1020    675     514     
966    1983 1015    659     1319    499     791     1646    1055    649     315     748     633     987     1391    1811    1727    1344    1026    795     678     
966    1984 969     672     1313    546     823     1560    975     378     590     565     909     999     1393    1650    1630    1286    1018    621     576     
966    1985 890     558     1240    379     837     1358    955     122     444     558     912     1043    1248    1484    1339    1408    1020    436     633     
966    1986 872     547     1147    397     749     1373    973     405     128     618     609     1017    1421    1471    1229    1125    1049    741     588     
966    1987 928     630     1279    471     865     1463    895     347     481     564     995     1041    1263    1573    1548    1243    829     615     604     
966    1988 963     617     1247    521     893     1412    959     493     462     692     917     1071    1451    1381    1404    1251    1004    620     785     
966    1989 1008    740     1307    704     860     1560    1026    705     615     698     639     1235    1346    1795    1532    1276    1133    665     412     
966    1990 997     729     1272    567     961     1460    978     646     650     858     789     1229    1277    1541    1557    1219    1103    608     451     
966    1991 963     611     1296    387     908     1475    1000    394     308     773     810     1137    1192    1605    1619    1398    936     669     657     
966    1992 945     699     1246    605     943     1424    875     538     620     768     822     1233    1506    1483    1287    1135    727     768     445     
966    1993 944     652     1230    576     893     1410    833     631     659     684     929     1068    1389    1453    1388    1146    746     608     606     
966    1994 970     619     1199    533     847     1413    1054    530     457     749     774     1016    1286    1526    1423    1157    1015    991     681     
966    1995 1052    744     1397    623     864     1686    1134    536     654     584     912     1099    1491    1712    1849    1305    1279    813     365     
966    1996 946     674     1269    461     780     1492    1032    620     394     563     902     878     1398    1550    1525    1355    1124    612     415     
966    1997 1059    683     1353    493     998     1536    1116    431     649     860     987     1147    1332    1585    1683    1370    1103    875     658     
966    1998 1029    808     1284    671     947     1434    1053    551     819     848     756     1231    1301    1471    1525    1410    1042    708     665     
966    1999 1031    729     1356    619     984     1503    1069    562     629     755     949     1246    1276    1660    1566    1425    1037    746     485     
966    2000 995     707     1301    557     882     1514    989     531     663     778     703     1154    1410    1565    1564    1376    973     619     552     
966    2001 985     -999999 1305    475     873     1479    1143    386     495     581     807     1229    1354    1556    1523    1354    1238    835     451     
966    2002 1028    786     1287    617     939     1449    1054    713     696     779     900     1136    1306    1468    1568    1334    957     875     582     
966    2003 1035    707     1382    534     975     1588    1041    485     535     797     985     1145    1448    1612    1699    1391    910     826     559     
966    2004 1026    682     1352    544     935     1528    1052    545     526     720     925     1161    1505    1460    1616    1440    887     834     680     
966    2005 1046    746     1346    639     931     1567    1073    699     529     830     882     1078    1521    1601    1577    1412    1155    649     583     
966    2006 1033    674     1370    545     845     1595    1118    537     513     593     829     1112    1522    1745    1513    1496    1159    697     655     
966    2007 1055    739     1331    630     968     1470    1128    665     563     676     1107    1124    1445    1462    1501    1344    1168    872     697     
966    2008 981     766     1306    645     921     1476    962     653     581     618     796     1345    1324    1548    1550    1258    927     702     445     
966    2009 -999999 627     1323    462     935     1520    -999999 427     519     733     918     1155    1513    1508    1539    1300    -999999 -999999 -999999 
