EUROPEAN CLIMATE ASSESSMENT & DATASET (ECA&D), file created on: 10-05-2011
THESE DATA CAN BE USED FREELY PROVIDED THAT THE FOLLOWING SOURCE IS ACKNOWLEDGED: 

Klein Tank, A.M.G. and Coauthors, 2002. Daily dataset of 20th-century surface
air temperature and precipitation series for the European Climate Assessment.
Int. J. of Climatol., 22, 1441-1453.
Data and metadata available at http://eca.knmi.nl

FILE FORMAT (MISSING VALUE CODE = -999999):

THIS FILE HOLDS DATA FOR STATION SWEDEN                                   STOCKHOLM                                (STAID:     10)
LATITUDE: dd:mm:ss +59:21:00
LONGITUDE: ddd:mm:ss +018:03:00
ELEVATION: m   44

DATA IS FOR INDEX Mean of daily mean temperature (TG) with unit 0.01 Temperature (&#176;C)

01-06 SOUID: Source identifier
08-11 YEAR : YYYY
13-20 ANNUAL DATA VALUES
21-28 WINTER HALF YEAR DATA VALUES
29-36 SUMMER HALF YEAR DATA VALUES
37-44 WINTER (DJF) DATA VALUES
45-52 SPRING (MAM) DATA VALUES
53-60 SUMMER (JJA) DATA VALUES
61-68 AUTUMN (SON) DATA VALUES
69-76 JANUARY DATA VALUES
etc. 
157-164 DECEMBER DATA VALUES

10     1756 490     -999999 1021    -999999 178     1481    490     -261    -79     -63     68      525     1524    1640    1281    1073    561     -166    -237    
10     1757 593     -146    1308    -372    471     1717    544     -673    -189    -179    688     911     1597    2028    1521    1087    308     244     -266    
10     1758 475     -187    1158    -457    293     1606    509     -583    -528    -317    201     991     1476    1698    1640    913     373     247     -474    
10     1759 633     25      1243    -176    405     1739    561     -86     54      49      443     725     1651    1846    1717    1058    592     33      -520    
10     1760 526     -248    1266    -632    361     1627    642     -1044   -311    -235    334     983     1516    1763    1598    1385    495     50      -235    
10     1761 659     -12     1348    -276    579     1746    599     -228    -374    183     483     1068    1792    1747    1700    1280    358     167     -332    
10     1762 586     -85     1249    -219    409     1607    486     -45     -285    -385    571     1046    1805    1641    1381    1042    115     312     -205    
10     1763 510     -201    1204    -403    260     1679    483     -592    -413    -426    221     985     1536    1878    1617    960     529     -44     -197    
10     1764 634     27      1251    -128    502     1657    536     -238    65      47      446     1010    1361    2057    1545    1056    573     -23     -318    
10     1765 587     -81     1173    -355    428     1565    669     -365    -383    3       467     815     1463    1607    1623    1043    622     344     -254    
10     1766 660     -38     1354    -423    581     1726    783     -537    -485    52      692     1004    1650    1899    1626    1236    668     449     -395    
10     1767 529     -188    1228    -721    314     1621    841     -1114   -648    -114    173     880     1406    1608    1841    1440    671     417     -288    
10     1768 530     -92     1150    -401    242     1574    547     -502    -412    -441    345     826     1424    1700    1594    988     504     151     150     
10     1769 544     61      1182    -82     396     1567    445     -151    -263    -54     384     857     1532    1688    1481    1134    272     -65     -338    
10     1770 576     -281    1270    -354    137     1664    785     -489    -223    -832    303     945     1478    1735    1774    1361    986     2       -174    
10     1771 482     -234    1196    -576    160     1614    648     -745    -833    -689    170     999     1671    1719    1453    1147    708     86      8       
10     1772 520     -243    1154    -554    91      1629    885     -410    -1309   -601    215     663     1467    1797    1619    1145    961     547     67      
10     1773 751     178     1398    -153    586     1750    881     -289    -246    -2      587     1174    1485    1920    1837    1359    857     428     -163    
10     1774 536     -91     1375    -570    478     1813    470     -1169   -358    -151    422     1162    1819    1912    1706    1208    688     -494    -370    
10     1775 780     -119    1469    -334    525     1904    876     -448    -168    59      436     1076    1744    2030    1932    1573    991     61      5       
10     1776 638     -11     1295    -344    333     1813    758     -880    -144    -102    318     784     1716    1989    1731    1214    755     306     -50     
10     1777 546     -69     1200    -389    352     1563    657     -549    -588    -326    277     1103    1476    1595    1616    1112    584     279     -109    
10     1778 579     -46     1289    -311    433     1679    480     -505    -319    -224    511     1015    1517    1887    1628    1157    162     131     -62     
10     1779 790     100     1385    -26     703     1731    865     -198    204     372     644     1090    1439    1745    1998    1368    1011    211     -442    
10     1780 577     -3      1203    -490    361     1713    644     -597    -426    205     -26     892     1440    1918    1771    1193    820     -86     -243    
10     1781 668     -62     1390    -405    463     1818    843     -547    -426    72      484     834     1625    1811    2013    1557    649     328     -449    
10     1782 492     -95     1120    -377    164     1513    570     -205    -487    -432    170     753     1430    1583    1524    1241    486     -15     -213    
10     1783 699     -144    1462    -366    483     1863    834     -655    -216    -254    615     1092    1757    2122    1706    1464    996     36      -331    
10     1784 442     -218    1143    -506    119     1515    670     -750    -432    -833    317     881     1355    1646    1539    1099    587     326     -449    
10     1785 458     -193    1132    -495    133     1588    573     -449    -595    -602    300     706     1458    1746    1555    1005    524     192     -405    
10     1786 439     -233    1159    -497    140     1587    448     -619    -464    -634    293     767     1465    1670    1623    1118    555     -334    -236    
10     1787 571     -55     1132    -215    439     1487    632     -281    -118    70      321     924     1454    1589    1418    1067    880     -60     -466    
10     1788 460     -233    1299    -537    225     1709    629     -387    -774    -619    386     913     1607    1974    1543    1356    417     120     -1044   
10     1789 695     -442    1450    -779    154     1949    963     -820    -440    -867    226     1105    1765    2090    1987    1498    1037    350     334     
10     1790 629     354     1085    163     425     1445    623     1       153     231     14      1015    1354    1458    1519    1124    604     142     -106    
10     1791 756     191     1289    40      583     1702    690     184     44      263     640     847     1458    1880    1760    1128    632     310     -130    
10     1792 587     -78     1266    -377    365     1661    691     -504    -505    -288    500     888     1492    1941    1544    1210    544     326     -133    
10     1793 644     64      1248    -151    446     1660    678     -245    -69     -47     351     1032    1437    1856    1680    1102    816     111     -356    
10     1794 773     122     1342    -179    713     1702    742     -8      -172    313     684     1141    1654    1879    1571    1103    850     270     -76     
10     1795 486     -158    1217    -517    240     1570    738     -721    -780    -540    484     784     1450    1678    1578    1313    786     113     -389    
10     1796 637     62      1253    -113    388     1660    660     240     -195    -195    460     902     1551    1735    1691    1162    751     64      -551    
10     1797 693     53      1260    -199    436     1638    716     -246    243     77      338     890     1458    1792    1659    1403    676     69      -69     
10     1798 705     -21     1403    -235    540     1809    746     -410    -225    -182    492     1308    1672    1935    1815    1167    866     202     -242    
10     1799 422     -167    1053    -561    137     1487    708     -242    -1268   -409    215     607     1401    1621    1437    1019    676     430     -541    
10     1800 509     -225    1142    -618    273     1434    730     -622    -700    -617    521     925     1172    1531    1590    1090    743     357     33      
10     1801 597     49      1239    -276    583     1521    682     -438    -440    4       536     1206    1371    1836    1352    1111    697     238     -381    
10     1802 564     -30     1142    -460    514     1487    655     -760    -215    234     576     734     1298    1486    1671    1069    880     10      -267    
10     1803 482     -183    1287    -641    540     1645    493     -988    -673    -104    767     964     1394    1798    1736    1042    492     -54     -659    
10     1804 484     -325    1276    -636    242     1686    671     -451    -808    -493    224     995     1463    1935    1654    1357    781     -129    -768    
10     1805 415     -285    1111    -718    193     1527    493     -583    -813    -244    183     640     1172    1763    1634    1253    241     -5      -345    
10     1806 548     -191    1128    -338    207     1451    724     -259    -416    -377    88      907     1137    1535    1670    1405    619     152     41      
10     1807 565     -2      1186    -196    228     1728    545     -410    -221    -211    82      807     1398    1854    1920    1020    479     138     -141    
10     1808 545     -131    1238    -335    226     1672    756     -212    -676    -403    36      1038    1516    1763    1732    1314    854     97      -578    
10     1809 484     -341    1235    -869    226     1666    624     -1211   -811    -425    -32     1126    1415    1752    1824    1294    611     -32     190     
10     1810 521     -41     1159    -127    98      1631    630     -210    -385    -451    28      715     1371    1795    1717    1304    529     62      -295    
10     1811 675     -37     1337    -354    574     1779    617     -409    -360    222     233     1255    1726    2001    1610    1172    521     161     -118    
10     1812 411     -98     982     -260    5       1487    587     -427    -234    -493    -127    629     1366    1439    1651    910     836     7       -655    
10     1813 589     -40     1169    -383    408     1515    636     -382    -82     36      422     766     1242    1715    1580    1274    366     278     -181    
10     1814 444     -344    1181    -820    315     1598    649     -1428   -855    -273    525     699     1201    1918    1661    1058    576     315     -149    
10     1815 591     26      1159    -248    465     1473    703     -356    -237    -12     541     868     1187    1570    1652    1119    751     237     -287    
10     1816 501     -115    1153    -456    187     1617    587     -335    -767    -319    278     604     1526    1856    1467    1173    537     52      -107    
10     1817 575     46      1214    -26     364     1561    621     65      -36     -241    253     1077    1425    1736    1517    1255    463     150     -795    
10     1818 675     -112    1197    -451    320     1683    790     -299    -239    46      90      816     1522    2080    1442    1205    808     356     198     
10     1819 708     233     1418    72      463     1903    607     119     -119    4       373     1010    1704    2030    1970    1396    542     -116    -481    
10     1820 480     -263    1183    -591    374     1517    620     -931    -346    -247    417     954     1403    1610    1535    1161    660     38      -508    
10     1821 567     -166    1096    -453    338     1320    829     -480    -363    -357    492     882     1096    1426    1432    1235    983     265     128     
10     1822 771     298     1267    37      722     1573    790     -219    219     406     581     1174    1471    1635    1610    1113    802     456     -25     
10     1823 582     8       1161    -402    320     1616    747     -643    -550    -29     165     820     1575    1614    1657    1115    856     267     57      
10     1824 674     195     1262    40      431     1573    714     91      -33     -82     493     883     1439    1666    1609    1469    521     160     -144    
10     1825 636     31      1163    -153    379     1548    705     -58     -268    -48     331     851     1462    1610    1569    1138    769     206     6       
10     1826 735     89      1377    -185    466     1905    739     -564    23      89      280     1023    1761    2107    1843    1223    817     175     -12     
10     1827 599     -56     1284    -401    473     1601    633     -515    -704    -154    486     1088    1759    1586    1463    1313    656     -72     194     
10     1828 550     -62     1221    -258    323     1698    623     -465    -518    -194    261     901     1620    1855    1617    1047    661     159     -385    
10     1829 362     -249    1112    -619    106     1581    416     -503    -1007   -480    -121    913     1589    1752    1403    1113    435     -301    -551    
10     1830 511     -272    1117    -608    362     1537    648     -559    -725    23      304     756     1337    1787    1481    1014    629     301     -303    
10     1831 552     -166    1214    -513    281     1662    664     -845    -379    -403    403     847     1494    1868    1619    1033    869     82      -29     
10     1832 561     114     1008    -110    368     1346    623     -207    -93     50      440     617     1261    1295    1480    943     773     147     7       
10     1833 587     41      1132    -145    340     1432    774     -262    -184    -252    105     1158    1482    1593    1224    1208    859     253     -194    
10     1834 682     108     1306    -191    469     1792    611     -373    13      83      374     946     1434    1988    1942    1120    645     66      -113    
10     1835 564     61      1126    -109    302     1509    641     -181    -24     -34     338     602     1568    1620    1341    1280    699     -58     -412    
10     1836 508     -47     1039    -369    416     1419    515     -408    -281    164     378     704     1375    1514    1367    880     653     7       -290    
10     1837 490     -113    1031    -318    143     1442    638     -517    -129    -400    69      757     1289    1451    1582    1012    659     242     -176    
10     1838 399     -262    1109    -692    114     1522    604     -778    -1169   -425    -30     794     1490    1644    1432    1306    485     23      -96     
10     1839 536     -158    1203    -282    173     1610    701     -413    -343    -619    15      1118    1484    1807    1535    1228    747     127     -317    
10     1840 533     -45     1165    -326    336     1519    617     -358    -301    -181    529     665     1475    1526    1555    1231    453     172     -382    
10     1841 574     -166    1202    -550    538     1483    608     -644    -633    3       422     1185    1429    1460    1558    1136    605     82      189     
10     1842 652     122     1215    4       490     1592    493     -221    48      23      327     1114    1402    1491    1875    1050    526     -97     234     
10     1843 586     19      1138    -38     179     1628    594     -50     -326    -211    108     639     1288    1714    1870    1181    402     204     141     
10     1844 418     -211    1130    -470    325     1384    602     -505    -1087   -463    470     973     1267    1413    1467    1170    622     14      -388    
10     1845 517     -202    1172    -425    145     1625    631     -40     -894    -584    301     724     1498    1758    1615    1119    467     314     -175    
10     1846 658     -1      1284    -321    401     1792    883     -351    -450    158     306     735     1445    1826    2095    1271    1078    294     -595    
10     1847 562     -45     1124    -519    209     1610    719     -397    -569    -118    13      726     1455    1597    1772    1156    505     505     16      
10     1848 573     18      1224    -297    505     1557    570     -654    -251    -13     407     1119    1537    1693    1442    1126    662     -80     -138    
10     1849 516     -82     1133    -309    339     1488    580     -594    -182    -168    198     983     1290    1591    1576    1135    504     105     -295    
10     1850 549     -186    1261    -452    319     1715    490     -865    -170    -382    266     1070    1635    1772    1737    1060    462     -52     9       
10     1851 612     -50     1158    -125    271     1541    735     -178    -215    -344    400     762     1435    1665    1519    1149    836     215     39      
10     1852 612     64      1306    -183    346     1792    509     -158    -448    -130    65      1094    1601    1976    1794    1277    306     -50     -31     
10     1853 564     -202    1234    -244    96      1703    737     -29     -716    -738    21      1003    1692    1887    1530    1247    698     268     -192    
10     1854 660     21      1354    -325    567     1783    605     -436    -348    111     472     1115    1511    1966    1864    1164    699     -51     -232    
10     1855 499     -249    1245    -612    246     1757    687     -553    -1098   -336    271     803     1559    2142    1564    1106    798     154     -537    
10     1856 475     -127    1100    -502    298     1456    539     -408    -565    -222    413     708     1422    1645    1300    1101    789     -280    -242    
10     1857 681     -81     1241    -317    338     1682    830     -595    -91     -74     209     874     1397    1694    1945    1301    925     260     269     
10     1858 711     175     1406    -52     446     1859    690     -151    -296    -2      374     964     1665    1993    1913    1505    709     -146    -74     
10     1859 663     102     1227    -13     423     1659    649     23      14      71      224     968     1583    1704    1687    1172    573     205     -320    
10     1860 492     -99     1140    -369    269     1531    597     -179    -624    -273    343     739     1425    1643    1521    1150    540     103     -526    
10     1861 553     -150    1122    -517    264     1638    623     -859    -128    -17     220     588     1578    1814    1520    995     808     60      10      
10     1862 465     -153    1086    -456    292     1361    710     -723    -676    -443    294     1024    1298    1404    1379    1100    738     290     -185    
10     1863 675     166     1127    -7      390     1460    797     86      86      -21     377     812     1453    1427    1499    1183    853     353     -48     
10     1864 454     67      1008    -207    179     1413    427     -413    -156    -192    225     506     1450    1590    1199    1067    330     -112    -60     
10     1865 548     -226    1188    -389    363     1453    693     -273    -883    -420    429     1083    1083    1866    1399    1240    481     365     100     
10     1866 539     39      1150    -9      166     1485    622     144     -300    -581    391     696     1545    1436    1477    1347    615     -96     -255    
10     1867 323     -232    927     -477    -38     1372    592     -945    -204    -498    47      340     1180    1447    1484    1050    713     8       -763    
10     1868 643     -122    1299    -495    464     1757    610     -545    -154    10      343     1036    1529    1854    1881    1121    655     51      -97     
10     1869 560     25      1121    -121    370     1424    544     -206    -55     -205    585     739     1214    1596    1457    1121    546     -34     -81     
10     1870 509     -94     1179    -286    396     1509    614     -107    -710    -233    541     885     1371    1693    1459    1110    485     251     -716    
10     1871 377     -244    982     -806    285     1439    421     -522    -1220   176     56      616     1086    1650    1570    885     508     -134    -288    
10     1872 684     -25     1236    -149    437     1613    785     -6      -153    -91     392     1028    1493    1854    1490    1128    875     350     -167    
10     1873 638     161     1147    -70     253     1618    677     179     -239    -63     237     584     1493    1822    1535    1194    625     214     6       
10     1874 588     133     1106    1       303     1487    735     118     -134    -54     332     633     1388    1682    1386    1179    885     135     -545    
10     1875 421     -218    1168    -693    271     1581    462     -941    -590    -302    130     981     1476    1680    1584    1131    408     -152    -462    
10     1876 476     -199    1174    -419    242     1676    490     -364    -433    -206    371     564     1675    1746    1608    1067    585     -185    -737    
10     1877 457     -303    974     -584    16      1493    618     -460    -553    -486    -24     556     1456    1611    1409    817     535     504     47      
10     1878 603     106     1159    -99     419     1435    758     -285    -55     -115    500     875     1332    1433    1536    1265    842     165     -296    
10     1879 460     -131    1145    -505    217     1545    586     -540    -696    -307    99      855     1416    1573    1641    1267    590     -99     -365    
10     1880 549     -57     1241    -266    395     1613    456     -334    -82     -57     399     844     1379    1671    1782    1349    56      -22     -425    
10     1881 390     -426    1014    -661    70      1390    578     -774    -797    -618    48      780     1257    1549    1359    1070    415     254     60      
10     1882 645     138     1229    9       476     1589    650     86      -135    124     360     939     1393    1663    1704    1294    699     -44     -401    
10     1883 573     -112    1152    -299    227     1539    721     -348    -131    -443    250     876     1481    1663    1473    1152    614     401     -150    
10     1884 570     98      1112    -155    341     1432    669     -165    -150    31      230     758     1219    1649    1421    1378    711     -85     -195    
10     1885 484     -44     1028    -270    300     1394    484     -448    -155    -104    370     635     1299    1638    1241    972     446     34      -161    
10     1886 579     -115    1189    -296    341     1539    737     -358    -375    -299    450     875     1388    1616    1608    1180    605     431     -232    
10     1887 574     100     1148    -138    411     1477    549     -116    -59     -33     392     875     1296    1667    1462    1177    396     80      -283    
10     1888 368     -302    992     -466    -56     1366    508     -379    -757    -886    -32     752     1223    1466    1406    1113    422     -8      54      
10     1889 555     -136    1174    -270    325     1548    668     -183    -724    -430    213     1190    1677    1505    1467    973     780     247     -154    
10     1890 605     131     1164    -102    505     1432    618     27      -188    45      370     1096    1344    1460    1489    1205    477     177     -300    
10     1891 581     -75     1131    -293    301     1492    705     -506    -48     -237    256     883     1262    1769    1437    1153    864     92      -2      
10     1892 472     -53     1094    -361    300     1415    679     -601    -488    -204    286     817     1289    1472    1482    1201    572     269     -461    
10     1893 466     -248    1108    -771    353     1515    580     -788    -1095   -50     398     712     1385    1655    1502    980     706     51      20      
10     1894 665     147     1163    -59     589     1521    588     -127    -71     279     587     901     1354    1695    1509    912     447     409     34      
10     1895 535     -124    1234    -445    428     1557    648     -584    -823    -276    395     1165    1587    1549    1536    1155    584     208     -167    
10     1896 642     52      1232    -165    393     1683    651     -246    -75     8       345     825     1737    1878    1436    1153    751     46      -181    
10     1897 604     -77     1248    -370    407     1649    639     -515    -417    -176    370     1025    1511    1715    1716    1129    641     147     33      
10     1898 609     98      1095    -27     310     1452    695     89      -221    -131    189     868     1387    1479    1487    1139    597     353     8       
10     1899 533     -6      1103    -214    225     1484    709     -406    -248    -354    326     705     1130    1905    1404    1125    640     364     -242    
10     1900 530     -93     1139    -430    220     1584    682     -323    -756    -289    265     685     1478    1655    1617    1118    683     247     -109    
10     1901 617     -60     1343    -369    399     1789    715     -355    -673    -205    393     1008    1530    2070    1759    1271    980     -116    -366    
10     1902 382     -65     891     -335    115     1258    503     -155    -500    -275    40      577     1151    1324    1296    939     462     111     -445    
10     1903 601     25      1125    -261    509     1452    557     -358    49      337     264     918     1361    1597    1394    1196    456     22      -65     
10     1904 518     -51     1082    -193    294     1415    599     -46     -487    -210    381     715     1226    1546    1466    1146    658     -10     -215    
10     1905 599     -2      1175    -236    390     1588    563     -343    -141    24      172     966     1659    1656    1451    1126    394     176     4       
10     1906 643     27      1215    -70     461     1533    719     -102    -118    -200    521     1063    1408    1714    1472    1091    686     383     -244    
10     1907 533     26      1008    -316    323     1332    807     -405    -297    12      230     723     1265    1452    1277    1087    1007    320     -335    
10     1908 558     67      1101    -242    273     1491    615     -229    -156    -214    253     780     1344    1578    1548    1083    808     -52     -79     
10     1909 498     -29     1014    -239    138     1442    643     -147    -520    -233    126     522     1306    1505    1511    1097    988     -169    -96     
10     1910 654     111     1169    -103    523     1460    676     -185    -21     128     470     967     1475    1473    1433    1182    704     142     32      
10     1911 673     96      1222    -103    494     1545    704     -142    -210    21      404     1054    1279    1586    1761    1225    557     337     135     
10     1912 559     36      1122    -271    388     1588    505     -536    -422    124     323     715     1371    1807    1578    912     486     119     180     
10     1913 654     102     1177    -61     534     1490    770     -317    -46     176     468     955     1344    1604    1518    1155    698     458     -205    
10     1914 707     109     1300    -150    492     1688    637     -359    142     -69     644     905     1432    2071    1553    1177    591     146     219     
10     1915 430     -19     1082    -152    239     1448    484     -467    -214    -404    390     736     1255    1580    1504    1007    420     26      -698    
10     1916 549     -159    1065    -377    331     1373    650     -190    -235    -276    484     788     1160    1649    1302    988     528     437     -66     
10     1917 506     -170    1207    -464    107     1689    734     -807    -524    -605    60      863     1767    1587    1717    1229    732     240     -240    
10     1918 591     -8      1137    -343    440     1468    738     -567    -208    -15     371     963     1194    1678    1523    1066    786     361     -116    
10     1919 518     38      1165    -234    352     1482    526     -150    -456    -231    308     978     1337    1742    1363    1245    522     -188    -332    
10     1920 663     0       1189    -215    603     1475    695     -329    32      291     487     1027    1309    1663    1449    1177    590     321     -85     
10     1921 656     137     1219    -151    748     1436    579     -179    -193    340     667     1235    1321    1474    1508    1092    718     -78     -105    
10     1922 488     -99     1092    -371    330     1448    511     -571    -445    -147    164     968     1404    1529    1410    1057    431     48      -53     
10     1923 484     -37     1008    -221    295     1343    619     -72     -570    -52     189     744     988     1667    1362    1074    711     69      -391    
10     1924 556     -178    1133    -489    200     1506    789     -401    -690    -389    116     872     1257    1618    1634    1276    805     284     236     
10     1925 598     196     1251    116     413     1623    459     55      53      -267    563     947     1384    1884    1591    1112    430     -165    -445    
10     1926 551     -177    1170    -439    364     1581    625     -380    -497    -37     330     798     1358    1823    1553    1138    398     347     -288    
10     1927 544     37      1133    -226    320     1606    548     -175    -213    142     257     558     1224    1875    1706    1155    547     -59     -549    
10     1928 515     -136    1013    -372    308     1283    688     -311    -249    -200    346     781     1024    1445    1372    1089    670     304     -124    
10     1929 542     -70     1052    -481    324     1395    767     -453    -906    19      55      889     1215    1523    1442    1168    744     389     300     
10     1930 724     250     1245    98      535     1639    682     158     -191    64      508     1033    1549    1765    1600    993     783     265     84      
10     1931 485     0       1033    -210    217     1418    588     -354    -376    -431    135     944     1183    1566    1495    841     556     369     -177    
10     1932 633     51      1172    -121    316     1544    648     95      -291    -256    329     877     1185    1834    1601    1179    515     253     230     
10     1933 605     86      1191    -116    387     1620    698     -243    -359    85      317     756     1470    1807    1577    1199    779     111     -312    
10     1934 781     102     1310    -104    554     1575    889     -2      14      16      521     1125    1442    1601    1676    1481    845     341     257     
10     1935 659     177     1178    -33     370     1590    776     -248    -115    -44     432     723     1547    1695    1526    1130    743     456     22      
10     1936 670     102     1261    -208    428     1733    633     -155    -512    29      319     934     1740    1845    1616    1091    458     355     270     
10     1937 687     61      1365    -74     490     1737    803     -173    -346    -226    481     1216    1541    1835    1828    1261    880     265     -391    
10     1938 769     169     1275    -174    562     1650    903     -151    40      360     426     895     1402    1730    1810    1365    834     513     -50     
10     1939 677     211     1287    -18     442     1716    631     -146    159     -40     456     909     1477    1752    1911    1191    395     315     -285    
10     1940 445     -320    1176    -695    235     1581    640     -742    -1084   -546    227     1025    1539    1762    1442    1039    610     271     -265    
10     1941 433     -238    1155    -674    198     1637    553     -1094   -663    -308    119     781     1389    1981    1533    1097    489     74      -275    
10     1942 408     -435    1136    -825    134     1483    726     -1118   -1109   -718    382     747     1224    1577    1641    1229    764     185     -15     
10     1943 727     155     1257    -94     643     1543    787     -376    132     240     643     1045    1501    1638    1487    1211    909     236     26      
10     1944 664     121     1200    -106    302     1666    748     -194    -154    -111    232     781     1272    1871    1842    1173    778     291     142     
10     1945 649     162     1221    -80     489     1633    631     -273    -113    126     485     857     1328    1840    1722    1070    636     188     -140    
10     1946 618     -30     1251    -293    447     1582    683     -248    -511    -141    574     911     1374    1815    1552    1262    544     246     -35     
10     1947 574     -197    1386    -494    381     1730    711     -433    -1070   -506    463     1187    1620    1832    1736    1457    675     1       -198    
10     1948 654     -33     1258    -356    585     1577    655     -537    -330    173     608     976     1436    1753    1537    1222    606     139     231     
10     1949 749     166     1273    100     535     1487    905     -11     77      -55     508     1152    1252    1714    1487    1506    801     411     104     
10     1950 649     126     1249    -189    551     1567    722     -503    -168    91      519     1042    1506    1524    1669    1222    744     198     -106    
10     1951 641     -6      1183    -213    258     1541    858     -341    -189    -352    407     725     1352    1579    1686    1337    847     391     196     
10     1952 514     110     1110    -71     329     1447    467     -179    -240    -370    590     775     1309    1560    1469    944     487     -31     -171    
10     1953 717     -29     1262    -303    592     1622    817     -324    -428    255     591     929     1646    1662    1558    1174    931     341     188     
10     1954 576     72      1158    -288    431     1496    658     -485    -598    2       245     1041    1404    1572    1508    1155    659     159     156     
10     1955 553     -31     1202    -224    136     1680    764     -339    -517    -347    96      658     1240    1887    1898    1405    660     230     -315    
10     1956 449     -155    1077    -558    320     1394    534     -462    -920    -160    78      1034    1334    1525    1321    1146    624     -171    -25     
10     1957 586     2       1095    -75     292     1483    652     -46     -161    -232    314     795     1256    1693    1492    997     737     220     -95     
10     1958 520     -121    1110    -382    164     1436    868     -413    -667    -550    182     860     1281    1566    1457    1294    868     444     -163    
10     1959 710     130     1285    -257    558     1689    777     -443    -156    215     508     950     1430    1840    1788    1169    769     393     -12     
10     1960 590     7       1191    -326    402     1531    701     -461    -517    -151    342     1013    1586    1536    1472    1182    612     311     115     
10     1961 687     186     1181    -42     555     1481    896     -274    40      301     505     856     1559    1483    1403    1275    1079    328     -341    
10     1962 501     32      1034    -274    243     1333    680     -204    -279    -414    415     733     1281    1395    1322    1048    799     189     -322    
10     1963 531     -212    1241    -617    339     1558    773     -766    -776    -438    328     1126    1434    1637    1600    1297    749     275     -176    
10     1964 602     0       1200    -268    456     1471    713     -204    -433    -230    520     1080    1384    1593    1434    1170    738     229     -92     
10     1965 502     18      1093    -246    307     1407    631     -202    -466    -141    324     739     1424    1400    1396    1266    784     -161    -403    
10     1966 507     -274    1174    -727    296     1640    673     -727    -1085   -128    70      938     1688    1751    1481    1094    665     259     -41     
10     1967 637     79      1200    -246    494     1566    858     -533    -155    261     416     803     1388    1734    1569    1270    879     423     -459    
10     1968 582     -28     1254    -523    481     1634    619     -698    -403    78      637     733     1657    1561    1684    1248    558     52      -150    
10     1969 572     -132    1271    -341    268     1736    691     -296    -600    -397    394     810     1610    1791    1803    1199    770     100     -400    
10     1970 478     -243    1163    -733    299     1586    628     -765    -1068   -164    169     888     1657    1501    1603    1141    687     54      -79     
10     1971 616     15      1170    -129    345     1539    631     -121    -192    -280    266     1045    1377    1672    1565    1068    740     81      106     
10     1972 687     79      1221    -126    403     1673    712     -379    -103    18      311     875     1544    1924    1547    1098    708     331     331     
10     1973 665     282     1244    116     524     1719    481     71      -72     290     306     969     1643    1917    1595    1009    491     -57     -250    
10     1974 691     56      1181    -62     478     1476    730     18      56      75      543     818     1407    1458    1562    1290    574     333     119     
10     1975 771     190     1327    44      505     1715    823     115     -118    93      383     1034    1404    1844    1887    1384    753     334     67      
10     1976 548     25      1170    -216    339     1563    611     -507    -207    -294    345     965     1374    1663    1646    1003    588     242     -262    
10     1977 570     -13     1056    -323    390     1400    711     -224    -500    39      234     892     1402    1347    1451    992     800     336     -14     
10     1978 522     39      1098    -253    333     1480    712     -154    -628    -158    260     894     1462    1485    1492    973     676     488     -597    
10     1979 524     -142    1170    -644    383     1531    660     -710    -623    -114    277     982     1639    1412    1545    1149    553     282     -168    
10     1980 529     -120    1208    -416    314     1566    614     -472    -621    -310    483     776     1562    1679    1456    1280    568     -4      -81     
10     1981 530     -66     1172    -250    416     1458    645     -401    -271    -225    388     1085    1263    1641    1463    1170    653     113     -572    
10     1982 630     -133    1214    -571    487     1566    812     -723    -401    113     407     937     1245    1743    1699    1230    756     451     33      
10     1983 680     159     1278    -85     471     1662    705     67      -384    -13     405     1020    1397    1804    1777    1240    753     120     -110    
10     1984 661     16      1201    -195    473     1502    793     -300    -173    -200    535     1086    1332    1528    1639    1062    889     425     83      
10     1985 407     -125    1103    -643    300     1501    622     -900    -1161   -171    165     902     1359    1595    1545    1030    799     31      -432    
10     1986 547     -142    1123    -580    463     1485    699     -496    -835    18      209     1153    1510    1633    1314    897     722     478     -146    
10     1987 424     -166    1026    -599    245     1310    721     -1197   -437    -418    409     749     1126    1545    1253    1057    858     245     -147    
10     1988 624     109     1247    -83     409     1568    623     -10     -92     -210    312     1123    1491    1724    1487    1323    624     -77     -236    
10     1989 771     174     1284    78      627     1590    771     241     244     260     464     1151    1502    1740    1525    1303    774     235     -222    
10     1990 764     262     1231    50      708     1541    638     54      346     391     652     1079    1437    1513    1669    1015    743     154     75      
10     1991 664     129     1168    -95     447     1542    755     -68     -315    142     483     716     1110    1788    1714    1173    740     351     60      
10     1992 721     235     1283    37      575     1658    594     57      -10     201     259     1255    1699    1697    1580    1183    397     210     97      
10     1993 631     118     1146    -3      629     1387    545     -30     -85     104     515     1264    1222    1570    1362    919     619     93      -44     
10     1994 664     -31     1284    -303    483     1682    699     -212    -691    -11     600     863     1321    2056    1658    1182    620     299     178     
10     1995 642     166     1223    -21     423     1656    719     -252    14      126     330     809     1495    1700    1767    1213    943     -7      -486    
10     1996 570     -127    1204    -522    389     1612    735     -397    -694    -151    564     760     1412    1511    1905    1054    830     318     -317    
10     1997 702     121     1310    -203    431     1813    654     -230    -45     162     308     820     1512    1860    2057    1275    480     213     -46     
10     1998 616     107     1130    -2      414     1403    633     -33     83      -51     314     976     1240    1548    1414    1268    659     -29     -41     
10     1999 750     36      1383    -170    539     1724    926     -234    -241    72      661     887     1605    1924    1641    1571    785     429     -158    
10     2000 778     176     1231    -100    614     1497    957     -100    -36     131     597     1115    1366    1547    1573    1172    1036    661     248     
10     2001 689     233     1292    -64     460     1668    824     -54     -421    -121    502     1001    1431    1901    1664    1231    973     263     -191    
10     2002 736     199     1441    -76     649     1843    580     -110    90      164     647     1136    1641    1824    2056    1320    373     54      -403    
10     2003 701     -84     1319    -396    547     1722    739     -386    -401    232     370     1034    1499    1967    1693    1325    489     411     94      
10     2004 785     142     1400    -85     680     1721    791     -284    -63     200     708     1132    1504    1760    1892    1385    795     193     168     
10     2005 749     133     1352    25      473     1687    871     99      -217    -270    636     1058    1490    1899    1665    1346    853     416     -47     
10     2006 809     36      1462    -226    417     1869    978     -302    -340    -385    516     1124    1673    2054    1875    1508    953     474     478     
10     2007 797     355     1371    80      781     1699    714     25      -300    443     774     1127    1638    1694    1762    1216    721     204     174     
10     2008 828     295     1342    225     682     1679    741     236     268     164     713     1170    1603    1835    1598    1112    793     317     111     
10     2009 801     184     1452    -48     745     1711    856     -106    -160    119     879     1243    1442    1865    1818    1447    579     550     -118    
10     2010 628     -27     1440    -438    613     1847    652     -678    -525    3       663     1175    1596    2176    1761    1243    656     55      -671    
10     2011 -999999 -71     -999999 -430    -999999 -999999 -999999 -198    -421    123     928     -999999 -999999 -999999 -999999 -999999 -999999 -999999 -999999 
