EUROPEAN CLIMATE ASSESSMENT & DATASET (ECA&D), file created on: 10-05-2011
THESE DATA CAN BE USED FREELY PROVIDED THAT THE FOLLOWING SOURCE IS ACKNOWLEDGED: 

Klein Tank, A.M.G. and Coauthors, 2002. Daily dataset of 20th-century surface
air temperature and precipitation series for the European Climate Assessment.
Int. J. of Climatol., 22, 1441-1453.
Data and metadata available at http://eca.knmi.nl

FILE FORMAT (MISSING VALUE CODE = -999999):

THIS FILE HOLDS DATA FOR STATION UKRAINE                                  KIROVOGRAD (AMSG)                        (STAID:   1542)
LATITUDE: dd:mm:ss +48:28:48
LONGITUDE: ddd:mm:ss +032:15:00
ELEVATION: m  171

DATA IS FOR INDEX Mean of daily mean temperature (TG) with unit 0.01 Temperature (&#176;C)

01-06 SOUID: Source identifier
08-11 YEAR : YYYY
13-20 ANNUAL DATA VALUES
21-28 WINTER HALF YEAR DATA VALUES
29-36 SUMMER HALF YEAR DATA VALUES
37-44 WINTER (DJF) DATA VALUES
45-52 SPRING (MAM) DATA VALUES
53-60 SUMMER (JJA) DATA VALUES
61-68 AUTUMN (SON) DATA VALUES
69-76 JANUARY DATA VALUES
etc. 
157-164 DECEMBER DATA VALUES

1542   1995 -999999 -999999 -999999 -999999 912     2034    806     -405    216     378     913     1446    2054    2083    1965    1481    846     34      -566    
1542   1996 -999999 -999999 -999999 -739    821     -999999 -999999 -891    -761    -363    896     1893    1903    2149    2054    1167    869     651     -316    
1542   1997 -999999 -999999 -999999 -456    -999999 -999999 -999999 -735    -280    156     565     1554    1834    1946    1869    1159    646     425     -318    
1542   1998 -999999 -999999 -999999 -999999 913     2044    -999999 -227    -84     95      1151    1462    2070    2086    1978    1509    860     -140    -699    
1542   1999 -999999 -999999 -999999 -358    -999999 2201    848     -232    -114    411     1162    1237    2220    2357    2031    1634    928     -26     3       
1542   2000 -999999 63      -999999 -232    972     -999999 -999999 -554    -139    147     1293    1469    1763    2057    2161    1329    924     374     101     
1542   2001 -999999 -999999 -999999 -57     915     2089    957     -36     -250    373     1107    1305    1720    2422    2136    1517    957     312     -693    
1542   2002 -999999 -999999 -999999 -247    1030    2124    910     -326    336     567     915     1616    1856    2469    2082    1535    776     401     -893    
1542   2003 -999999 -999999 -999999 -999999 832     1980    868     -519    -835    -155    697     1988    1836    2035    2064    1449    798     359     -41     
1542   2004 -999999 -999999 1566    -220    893     1902    918     -325    -295    433     883     1320    1714    1990    1995    1476    947     330     32      
1542   2005 908     115     1714    -144    843     1964    973     -7      -490    -173    1060    1648    1738    2045    2102    1667    937     291     -42     
1542   2006 853     -999999 1669    -487    837     2009    959     -809    -621    117     927     1446    1874    2004    2145    1598    1027    272     159     
1542   2007 -999999 326     -999999 25      1069    -999999 893     153     -278    542     837     1845    2073    -999999 2288    1551    999     99      -83     
1542   2008 965     187     1678    -185    1009    2051    978     -411    -52     553     1093    1386    1861    2116    2169    1420    1115    393     -101    
1542   2009 962     210     1733    -185    906     2099    1053    -405    -42     260     947     1512    2150    2206    1948    1651    1031    478     -210    
1542   2010 966     44      1878    -441    897     2353    1056    -766    -336    43      962     1688    2167    2401    2487    1550    662     969     -256    
1542   2011 -999999 93      -999999 -421    -999999 -999999 -999999 -430    -593    166     932     -999999 -999999 -999999 -999999 -999999 -999999 -999999 -999999 
