EUROPEAN CLIMATE ASSESSMENT & DATASET (ECA&D), file created on: 10-05-2011
THESE DATA CAN BE USED FREELY PROVIDED THAT THE FOLLOWING SOURCE IS ACKNOWLEDGED: 

Klein Tank, A.M.G. and Coauthors, 2002. Daily dataset of 20th-century surface
air temperature and precipitation series for the European Climate Assessment.
Int. J. of Climatol., 22, 1441-1453.
Data and metadata available at http://eca.knmi.nl

FILE FORMAT (MISSING VALUE CODE = -999999):

THIS FILE HOLDS DATA FOR STATION ITALY                                    REGGIO CALABRIA                          (STAID:   2239)
LATITUDE: dd:mm:ss +38:04:12
LONGITUDE: ddd:mm:ss +015:39:00
ELEVATION: m   11

DATA IS FOR INDEX Mean of daily mean temperature (TG) with unit 0.01 Temperature (&#176;C)

01-06 SOUID: Source identifier
08-11 YEAR : YYYY
13-20 ANNUAL DATA VALUES
21-28 WINTER HALF YEAR DATA VALUES
29-36 SUMMER HALF YEAR DATA VALUES
37-44 WINTER (DJF) DATA VALUES
45-52 SPRING (MAM) DATA VALUES
53-60 SUMMER (JJA) DATA VALUES
61-68 AUTUMN (SON) DATA VALUES
69-76 JANUARY DATA VALUES
etc. 
157-164 DECEMBER DATA VALUES

2239   1951 1819    -999999 2203    -999999 1560    2500    1951    1242    1231    1339    1514    1824    2313    2564    2619    2384    1836    1636    1309    
2239   1952 1881    1379    2361    1162    1613    2698    2040    1123    1046    1310    1637    1894    2538    2760    2789    2535    2020    1566    1325    
2239   1953 1808    1359    2238    1130    1538    2507    2017    958     1104    1163    1551    1903    2241    2665    2607    2444    2056    1550    1406    
2239   1954 1792    1424    2190    1180    1542    2477    1982    1034    1090    1378    1457    1788    2401    2514    2515    2457    1922    1568    1335    
2239   1955 1854    1498    2210    1380    1594    2514    1903    1402    1407    1348    1464    1965    2348    2631    2557    2276    1893    1542    1384    
2239   1956 1730    1357    2159    1167    1492    2416    1905    1159    942     1200    1482    1793    2087    2455    2696    2424    1792    1504    1200    
2239   1957 1781    1352    2171    1197    1498    2494    1934    1100    1300    1215    1506    1772    2285    2554    2635    2260    1967    1573    1172    
2239   1958 1789    1369    2161    1146    1496    2471    1957    1055    1216    1224    1388    1874    2210    2495    2700    2283    1951    1637    1394    
2239   1959 1771    1421    2143    1191    1538    2420    1928    1085    1085    1350    1495    1768    2197    2503    2553    2326    1867    1593    1386    
2239   1960 1848    1458    2195    1309    1588    2492    2014    1208    1334    1357    1490    1913    2332    2521    2617    2279    2047    1715    1337    
2239   1961 1845    1471    2242    1243    1632    2482    2050    1170    1221    1317    1635    1943    2317    2523    2601    2419    2004    1727    1221    
2239   1962 1792    1410    2223    1137    1581    2496    1971    1186    990     1300    1535    1907    2233    2567    2678    2398    1950    1564    1132    
2239   1963 1768    1336    2155    1104    1457    2483    1925    1032    1151    1179    1446    1745    2228    2634    2577    2284    1838    1657    1404    
2239   1964 1767    1397    2164    1171    1592    2437    1918    965     1140    1367    1477    1929    2287    2496    2523    2255    1912    1588    1237    
2239   1965 1754    1344    2150    1093    1517    2462    1912    1139    882     1270    1416    1863    2317    2645    2418    2223    1895    1618    1298    
2239   1966 1798    1407    2197    1239    1545    2487    1931    1085    1344    1204    1592    1842    2322    2488    2646    2278    2068    1443    1238    
2239   1967 1814    1381    2197    1152    1584    2478    2022    1088    1128    1301    1532    1918    2094    2625    2703    2290    2059    1715    1262    
2239   1968 1774    1410    2174    1156    1583    2405    1930    1008    1202    1209    1641    1902    2204    2538    2465    2262    1879    1650    1303    
2239   1969 1769    1406    2139    1189    1595    2352    1954    1096    1166    1325    1454    2000    2153    2386    2512    2313    1872    1681    1227    
2239   1970 1822    1430    2193    1247    1539    2478    1965    1304    1205    1278    1619    1722    2296    2489    2643    2381    1865    1651    1373    
2239   1971 1759    1383    2199    1219    1529    2507    1815    1198    1071    1120    1556    1911    2260    2495    2756    2199    1720    1528    1239    
2239   1972 1783    1382    2175    1238    1580    2450    1832    1195    1284    1327    1546    1865    2347    2536    2465    2277    1695    1530    1311    
2239   1973 1758    1303    2187    1154    1479    2481    1906    1140    995     1125    1383    1925    2323    2572    2542    2358    1920    1440    1308    
2239   1974 1762    1384    2175    1211    1522    2483    1847    1173    1147    1298    1419    1846    2295    2525    2622    2329    1772    1442    1236    
2239   1975 1764    1321    2165    1128    1553    2418    1936    1088    1052    1315    1481    1860    2187    2586    2472    2387    1948    1473    1271    
2239   1976 1770    1362    2157    1171    1511    2433    1927    1102    1137    1229    1421    1880    2179    2590    2522    2331    1985    1463    1367    
2239   1977 1877    1490    2229    1349    1660    2487    2037    1291    1393    1428    1531    2016    2247    2611    2594    2360    2012    1741    1267    
2239   1978 1807    1461    2206    1229    1569    2517    1853    1172    1249    1315    1547    1844    2342    2594    2611    2284    1870    1405    1416    
2239   1979 1845    1424    2218    1280    1588    2550    1966    1135    1289    1415    1417    1927    2446    2611    2590    2302    2078    1513    1373    
2239   1980 1770    1432    2130    1229    1466    2439    2012    1118    1194    1304    1356    1736    2173    2488    2649    2359    1976    1702    1159    
2239   1981 1805    1383    2214    1051    1626    2481    1984    932     1064    1441    1596    1840    2406    2424    2610    2401    2115    1432    1354    
2239   1982 1864    1418    2316    1247    1548    2657    2036    1296    1075    1206    1482    1954    2517    2765    2685    2479    2068    1559    1222    
2239   1983 1836    1413    2265    1182    1622    2561    1958    1224    1094    1287    1619    1958    2263    2806    2605    2321    1933    1620    1251    
2239   1984 1812    1392    2181    1188    1538    2471    2015    1181    1129    1230    1429    1952    2235    2625    2545    2279    2086    1679    1337    
2239   1985 1857    1444    2266    1215    1576    2555    2047    1109    1196    1240    1556    1932    2326    2675    2657    2435    2013    1694    1402    
2239   1986 1863    1474    2298    1253    1659    2573    2033    1160    1191    1363    1535    2074    2323    2589    2798    2452    2065    1580    1172    
2239   1987 1809    1356    2219    1164    1372    2529    2096    1145    1178    985     1459    1675    2144    2687    2745    2587    2129    1571    1364    
2239   1988 -999999 1452    -999999 1260    1578    2628    1975    1297    1108    1224    1555    1954    2288    2835    2756    2329    2133    1457    1143    
2239   1989 1803    -999999 2201    1113    1584    2504    1897    1055    1146    1389    1569    1788    2211    2618    2674    2328    1769    1598    1427    
2239   1990 1905    1462    2282    1335    1628    2573    2131    1178    1405    1395    1570    1917    2326    2683    2703    2480    2215    1695    1257    
2239   1991 1837    1506    2245    1196    1585    2596    2031    1161    1167    1516    1492    1743    2372    2695    2713    2440    2078    1573    1047    
2239   1992 1936    1425    2312    1177    1654    2579    2201    1265    1222    1359    1644    1958    2311    2541    2885    2540    2203    1859    1432    
2239   1993 -999999 -999999 2347    -999999 1607    2664    2107    1251    1054    1226    1581    2012    2474    2659    2858    2506    2086    1703    1491    
2239   1994 -999999 -999999 -999999 -999999 -999999 -999999 -999999 1296    1292    1583    1571    2053    2395    -999999 3009    2596    2151    1770    1441    
2239   1995 1893    -999999 2284    1338    1600    2634    1966    1177    1413    1336    1512    1950    2369    2825    2699    2330    2005    1562    1499    
2239   1996 1874    1485    2271    1349    1621    2588    1965    1335    1202    1293    1590    1980    2370    2644    2743    2281    1926    1688    1400    
2239   1997 -999999 1527    2290    1368    1626    2608    2088    1363    1337    1433    1386    2050    2514    2672    2637    2475    2063    1724    1383    
2239   1998 -999999 -999999 2397    1339    1664    2762    2065    1268    1374    1329    1684    1937    2523    2823    2930    2469    2173    1556    1235    
2239   1999 -999999 -999999 -999999 1169    1712    2699    2170    1198    1050    1379    1660    2107    2526    2656    2915    2511    2264    1717    1415    
2239   2000 -999999 1526    -999999 1252    1746    2694    2074    1102    1239    1410    1701    2126    2497    2723    2851    2433    2008    1784    1524    
2239   2001 -999999 -999999 -999999 1403    -999999 2656    2150    1378    1305    1680    1620    2058    2437    2693    2823    2455    2295    1691    1169    
2239   2002 1919    -999999 2310    1218    1727    2629    2028    1099    1404    1535    1639    2005    2516    2734    2633    2317    2018    1750    1301    
2239   2003 2032    1467    2517    1227    1698    2948    2198    1317    1044    1335    1629    2116    2781    3037    3021    2492    2250    1858    1423    
2239   2004 1976    1586    2383    1334    1671    2733    2147    1248    1331    1399    1702    1914    2496    2832    2864    2473    2252    1713    1467    
2239   2005 1903    1517    2335    1254    1688    2616    2115    1153    1131    1355    1562    2142    2403    2792    2646    2449    2140    1754    1255    
2239   2006 1933    1453    2392    1157    1717    2690    2078    1060    1158    1329    1709    2102    2467    2789    2808    2463    2111    1661    1469    
2239   2007 1982    -999999 2433    1400    1763    2762    2054    1363    1364    1445    1704    2152    2559    2867    2856    2444    2097    1618    1280    
2239   2008 1974    1504    2412    1269    1759    2730    2096    1309    1215    1492    1715    2080    2512    2806    2865    2464    2099    1725    1383    
2239   2009 1956    1499    2426    1266    1747    2727    2028    1286    1115    1356    1684    2198    2465    2842    2866    2458    1955    1688    1501    
2239   2010 1925    1506    2333    1342    1656    2670    2041    1230    1289    1355    1668    1945    2394    2801    2807    2363    1994    1779    1445    
2239   2011 -999999 1534    -999999 1331    -999999 -999999 -999999 1309    1229    1424    1743    -999999 -999999 -999999 -999999 -999999 -999999 -999999 -999999 
