EUROPEAN CLIMATE ASSESSMENT & DATASET (ECA&D), file created on: 10-05-2011
THESE DATA CAN BE USED FREELY PROVIDED THAT THE FOLLOWING SOURCE IS ACKNOWLEDGED: 

Klein Tank, A.M.G. and Coauthors, 2002. Daily dataset of 20th-century surface
air temperature and precipitation series for the European Climate Assessment.
Int. J. of Climatol., 22, 1441-1453.
Data and metadata available at http://eca.knmi.nl

FILE FORMAT (MISSING VALUE CODE = -999999):

THIS FILE HOLDS DATA FOR STATION SPAIN                                    PONFERRADA                               (STAID:   1396)
LATITUDE: dd:mm:ss +42:33:50
LONGITUDE: ddd:mm:ss -006:36:00
ELEVATION: m  534

DATA IS FOR INDEX Mean of daily mean temperature (TG) with unit 0.01 Temperature (&#176;C)

01-06 SOUID: Source identifier
08-11 YEAR : YYYY
13-20 ANNUAL DATA VALUES
21-28 WINTER HALF YEAR DATA VALUES
29-36 SUMMER HALF YEAR DATA VALUES
37-44 WINTER (DJF) DATA VALUES
45-52 SPRING (MAM) DATA VALUES
53-60 SUMMER (JJA) DATA VALUES
61-68 AUTUMN (SON) DATA VALUES
69-76 JANUARY DATA VALUES
etc. 
157-164 DECEMBER DATA VALUES

1396   1958 1280    -999999 1715    -999999 1165    1905    1374    545     806     849     1129    1505    1682    1997    2028    1937    1332    855     647     
1396   1959 -999999 -999999 1826    649     1223    2140    -999999 588     711     988     1125    1536    1890    2337    2186    1863    1362    -999999 667     
1396   1960 1283    -999999 1802    590     1313    2021    1262    490     615     969     1316    1654    2104    2025    1936    1767    1116    909     486     
1396   1961 1394    867     1855    636     1381    2108    1369    481     974     1261    1225    1647    1968    2115    2237    1923    1315    870     681     
1396   1962 1306    831     1823    643     1181    2102    1385    594     655     861     1204    1469    2031    2064    2207    1954    1521    676     378     
1396   1963 1247    747     1684    446     1164    1934    1426    521     438     922     1078    1482    1733    2162    1900    1736    1567    969     389     
1396   1964 1292    825     1861    520     1231    2088    1330    461     724     840     1107    1741    1858    2222    2176    2044    1236    712     363     
1396   1965 1276    706     1733    442     1236    2008    1298    419     557     940     1114    1641    1990    1907    2127    1600    1486    803     659     
1396   1966 1279    917     1746    745     1227    1928    1284    756     828     958     1145    1566    1696    2035    2045    1974    1237    643     418     
1396   1967 -999999 745     -999999 514     1124    2045    1359    443     698     1032    1132    1207    1834    2244    2050    1720    1525    862     391     
1396   1968 1279    804     1708    514     1108    2044    1381    474     689     878     1046    1399    1931    2156    2043    1658    1549    930     567     
1396   1969 -999999 -999999 1675    524     1081    2032    1244    530     471     834     1115    1279    1699    2276    2099    1561    1492    683     479     
1396   1970 1228    765     1734    574     1056    2006    1378    653     593     668     1034    1454    1843    2195    1974    1891    1172    1078    136     
1396   1971 1165    660     1632    352     1027    1846    1299    313     633     636     1132    1304    1626    2054    1852    1823    1473    613     495     
1396   1972 1182    723     1631    475     1048    1935    1266    315     625     804     1060    1281    1685    2158    1952    1631    1243    926     491     
1396   1973 1207    729     1744    439     1137    2045    1247    335     498     868     1104    1431    1890    2000    2240    1788    1186    771     318     
1396   1974 1180    725     1676    517     1108    1989    1137    628     615     829     1038    1447    1856    2130    1976    1591    1001    824     178     
1396   1975 1224    664     1718    493     1056    2063    1237    563     765     671     1139    1349    1912    2157    2115    1622    1389    693     266     
1396   1976 1224    676     1786    361     1193    2135    1109    170     666     873     1047    1653    2162    2167    2077    1593    1135    600     530     
1396   1977 1222    731     1603    570     1127    1743    1365    439     759     927     1182    1267    1559    1841    1823    1945    1344    809     732     
1396   1978 1249    840     1650    643     1069    1913    1349    448     761     942     931     1326    1646    2022    2063    1896    1324    828     756     
1396   1979 1266    815     1758    670     1030    2092    1287    543     716     711     982     1386    1935    2262    2075    1891    1229    742     665     
1396   1980 1221    802     1696    653     1105    1938    1301    531     771     870     1148    1297    1689    1940    2177    1912    1281    711     315     
1396   1981 1258    703     1729    387     1122    2080    1309    312     550     1046    1060    1256    1966    2078    2193    1809    1270    849     650     
1396   1982 1302    834     1797    662     1223    2033    1311    628     713     887     1281    1492    1868    2124    2101    1902    1207    829     549     
1396   1983 1246    749     1670    472     1053    1992    1479    323     552     1025    945     1185    1943    2086    1944    1911    1381    1150    462     
1396   1984 1223    795     1701    516     1077    1991    1249    547     539     688     1506    1051    1826    2145    1996    1680    1216    853     613     
1396   1985 1250    741     1774    535     1096    2020    1381    241     776     756     1222    1303    1844    2236    1973    2061    1408    673     467     
1396   1986 1248    746     1739    503     1077    2064    1332    517     527     853     790     1580    1891    2308    1982    1865    1391    739     469     
1396   1987 1323    768     1861    477     1278    2106    1351    375     598     1019    1269    1546    1842    2188    2279    2028    1152    881     653     
1396   1988 1238    838     1682    694     1137    1935    1341    716     714     903     1090    1415    1747    1981    2072    1777    1359    886     181     
1396   1989 1380    726     1841    340     1246    2197    1435    215     653     1062    922     1743    1957    2412    2213    1768    1494    1042    1008    
1396   1990 1355    1014    1885    805     1291    2194    1336    438     985     1116    1052    1698    1931    2346    2296    1963    1350    695     362     
1396   1991 1287    726     1818    444     1184    2136    1292    451     526     958     1061    1522    1858    2191    2351    1904    1135    843     580     
1396   1992 1272    741     1763    487     1290    2005    1287    261     628     997     1180    1689    1607    2295    2100    1681    1144    1041    617     
1396   1993 1221    825     1662    599     1120    2027    1075    482     708     955     1025    1377    1919    2065    2094    1475    1051    699     755     
1396   1994 -999999 805     1741    621     1228    2139    -999999 539     564     1210    1067    1402    1961    2291    2161    1545    -999999 921     669     
1396   1995 1395    -999999 1836    687     1343    2135    1375    628     773     1014    1360    1645    2010    2189    2202    1593    1556    970     735     
1396   1996 1298    922     1775    684     1202    2110    1250    728     583     939     1255    1414    2089    2258    1981    1641    1246    862     558     
1396   1997 1388    883     1813    617     1438    1968    1496    409     911     1313    1511    1492    1617    2102    2173    1971    1575    940     614     
1396   1998 1329    999     1779    751     1224    2136    1300    744     909     1207    948     1508    1892    2145    2363    1795    1248    858     295     
1396   1999 1292    760     1796    481     1247    2096    1236    519     647     994     1194    1544    1911    2279    2093    1735    1288    684     552     
1396   2000 1307    787     1773    556     1228    2059    1291    268     867     1062    961     1651    2062    2059    2057    1829    1271    773     808     
1396   2001 -999999 -999999 -999999 -999999 -999999 -999999 -999999 -999999 -999999 -999999 -999999 -999999 -999999 2060    2179    1829    1528    698     213     
1396   2002 -999999 -999999 -999999 -999999 -999999 -999999 -999999 -999999 -999999 1114    -999999 1282    1883    -999999 2037    1824    1449    936     -999999 
1396   2003 -999999 -999999 -999999 -999999 -999999 -999999 -999999 562     692     -999999 -999999 -999999 -999999 -999999 -999999 -999999 -999999 -999999 -999999 
1396   2004 -999999 -999999 -999999 -999999 -999999 -999999 -999999 -999999 -999999 -999999 -999999 -999999 -999999 -999999 -999999 -999999 -999999 -999999 -999999 
1396   2005 -999999 -999999 -999999 -999999 -999999 -999999 -999999 -999999 -999999 -999999 -999999 -999999 -999999 2259    2263    1839    1459    -999999 -999999 
1396   2006 -999999 -999999 -999999 -999999 -999999 -999999 -999999 -999999 -999999 -999999 -999999 -999999 -999999 -999999 -999999 -999999 -999999 -999999 -999999 
1396   2007 -999999 -999999 -999999 -999999 -999999 -999999 -999999 -999999 -999999 -999999 -999999 -999999 -999999 -999999 -999999 -999999 -999999 -999999 -999999 
1396   2008 -999999 -999999 -999999 -999999 -999999 -999999 -999999 -999999 -999999 -999999 -999999 -999999 -999999 -999999 -999999 -999999 -999999 -999999 -999999 
