EUROPEAN CLIMATE ASSESSMENT & DATASET (ECA&D), file created on: 10-05-2011
THESE DATA CAN BE USED FREELY PROVIDED THAT THE FOLLOWING SOURCE IS ACKNOWLEDGED: 

Klein Tank, A.M.G. and Coauthors, 2002. Daily dataset of 20th-century surface
air temperature and precipitation series for the European Climate Assessment.
Int. J. of Climatol., 22, 1441-1453.
Data and metadata available at http://eca.knmi.nl

FILE FORMAT (MISSING VALUE CODE = -999999):

THIS FILE HOLDS DATA FOR STATION ISRAEL                                   ELAT-1                                   (STAID:    143)
LATITUDE: dd:mm:ss +29:33:00
LONGITUDE: ddd:mm:ss +034:57:00
ELEVATION: m   20

DATA IS FOR INDEX Mean of daily mean temperature (TG) with unit 0.01 Temperature (&#176;C)

01-06 SOUID: Source identifier
08-11 YEAR : YYYY
13-20 ANNUAL DATA VALUES
21-28 WINTER HALF YEAR DATA VALUES
29-36 SUMMER HALF YEAR DATA VALUES
37-44 WINTER (DJF) DATA VALUES
45-52 SPRING (MAM) DATA VALUES
53-60 SUMMER (JJA) DATA VALUES
61-68 AUTUMN (SON) DATA VALUES
69-76 JANUARY DATA VALUES
etc. 
157-164 DECEMBER DATA VALUES

143    1964 2443    -999999 2931    -999999 2379    3200    2612    1336    1633    2111    2356    2668    3116    3236    3246    2948    2745    2138    1715    
143    1965 2501    1999    3012    1659    2393    3301    2619    1525    1743    2109    2303    2763    3280    3285    3339    3089    2606    2163    1765    
143    1966 2568    1992    3044    1716    2459    3286    2782    1632    1755    2012    2506    2861    3240    3277    3341    3026    2784    2537    1805    
143    1967 2411    1997    2938    1620    2286    3190    2573    1483    1566    1786    2352    2721    3057    3252    3258    2976    2641    2098    1687    
143    1968 2466    1908    3017    1602    2398    3260    2562    1491    1630    1881    2409    2905    3198    3350    3231    2995    2565    2126    1760    
143    1969 2528    1988    3011    1684    2449    3235    2716    1494    1811    2161    2269    2912    3272    3149    3284    3168    2736    2242    1792    
143    1970 2465    2066    2964    1748    2499    3144    2563    1668    1788    2150    2533    2814    3023    3182    3223    2997    2540    2151    1473    
143    1971 2434    1941    2931    1627    2389    3138    2567    1747    1664    2051    2220    2889    3044    3161    3206    3049    2572    2080    1471    
143    1972 2440    1853    2974    1500    2420    3138    2687    1442    1595    1950    2552    2762    3045    3139    3227    3113    2792    2114    1473    
143    1973 2455    -999999 2949    1616    2381    3157    2574    1511    1885    1952    2397    2795    3012    3268    3185    3026    2739    1952    1698    
143    1974 2438    1913    2952    1579    2400    3188    2621    1389    1657    2019    2431    2751    3114    3249    3198    2956    2751    2153    1537    
143    1975 -999999 1928    -999999 1530    2466    -999999 2569    1433    1629    2042    2615    2745    3036    3226    -999999 2978    2592    2135    1590    
143    1976 2438    1890    2909    1541    2375    3100    2676    1492    1541    1977    2333    2814    3050    3165    3083    2998    2763    2266    1749    
143    1977 2461    2021    2999    1701    2382    3269    2540    1458    1918    1970    2316    2858    3131    3304    3368    2997    2515    2108    1560    
143    1978 2484    1924    3007    1624    2503    3198    2549    1537    1791    2029    2444    3036    3083    3360    3147    2958    2791    1890    1690    
143    1979 2532    2002    3008    1713    2521    3200    2707    1573    1892    2159    2579    2828    3161    3212    3226    3037    2746    2337    1605    
143    1980 2471    1956    2997    1554    2443    3230    2631    1480    1578    1979    2418    2929    3159    3269    3261    2931    2701    2257    1665    
143    1981 2451    1961    2971    1573    2407    3199    2588    1444    1614    2059    2431    2732    3109    3242    3244    3058    2770    1929    1723    
143    1982 2387    1892    2941    1605    2317    3157    2526    1585    1498    1809    2486    2663    3084    3170    3215    3023    2686    1862    1506    
143    1983 2382    1777    2937    1423    2285    3193    2559    1267    1504    1813    2270    2773    3092    3261    3221    2992    2529    2158    1652    
143    1984 2424    1935    2917    1632    2415    3081    2599    1497    1753    2016    2352    2876    3042    3120    3080    3020    2721    2053    1541    
143    1985 2478    1931    2990    1606    2402    3218    2605    1699    1575    1967    2355    2883    3119    3185    3347    3034    2503    2280    1731    
143    1986 2460    2003    2981    1710    2374    3210    2596    1610    1797    2088    2499    2540    3098    3284    3244    3219    2670    1897    1535    
143    1987 2483    1906    3002    1667    2332    3259    2598    1597    1889    1848    2281    2865    3085    3339    3347    3077    2566    2152    1715    
143    1988 2480    1930    3078    1635    2474    3281    2552    1516    1676    1944    2492    2987    3159    3388    3292    3138    2578    1939    1629    
143    1989 2460    1813    3060    1453    2534    3219    2618    1268    1463    1971    2670    2967    3080    3280    3292    3063    2617    2175    1619    
143    1990 2492    1903    2971    1544    2393    3207    2713    1489    1523    1969    2458    2755    3103    3283    3232    2982    2759    2396    1898    
143    1991 2491    2064    3013    1687    2529    3205    2659    1475    1689    2138    2580    2871    3191    3199    3223    3007    2763    2203    1504    
143    1992 2397    1839    2964    1403    2307    3221    2651    1309    1396    1842    2323    2757    3147    3212    3301    3034    2815    2100    1495    
143    1993 2488    1862    3023    1432    2377    3282    2718    1357    1445    1929    2429    2774    3202    3265    3376    3083    2872    2193    1865    
143    1994 2538    2050    3087    1746    2505    3252    2752    1698    1667    1972    2615    2931    3144    3265    3343    3214    2945    2092    1520    
143    1995 2537    2007    3087    1621    2447    3359    2646    1602    1755    2105    2362    2871    3332    3367    3376    3202    2704    2030    1687    
143    1996 2562    1976    3084    1710    2457    3308    2716    1606    1846    1979    2405    2986    3128    3415    3375    3177    2659    2315    1836    
143    1997 2496    1974    3032    1673    2369    3295    2663    1671    1494    1832    2285    2986    3233    3387    3264    3016    2713    2258    1741    
143    1998 2577    1990    3127    1681    2460    3356    2780    1563    1745    1904    2608    2873    3168    3385    3509    3206    2824    2308    1778    
143    1999 2557    2062    3074    1721    2505    3283    2706    1647    1739    2054    2448    3011    3150    3307    3389    3122    2754    2242    1768    
143    2000 2496    1961    3077    1629    2415    3330    2610    1511    1607    1874    2555    2820    3202    3490    3294    3087    2585    2160    1740    
143    2001 2569    2040    3075    1706    2566    3333    2650    1651    1730    2351    2495    2849    3219    3389    3386    3099    2710    2138    1751    
143    2002 2571    2032    3056    1703    2468    3328    2766    1475    1903    2208    2391    2803    3132    3464    3383    3148    2822    2327    1753    
143    2003 2540    2026    3079    1710    2448    3305    2701    1728    1643    1858    2370    3114    3186    3343    3382    3061    2780    2259    1692    
143    2004 2538    2054    3032    1689    2512    3261    2713    1641    1739    2199    2485    2849    3136    3375    3268    3067    2843    2225    1601    
143    2005 2524    2004    3052    1626    2449    3297    2614    1600    1683    2048    2549    2753    3122    3398    3365    3111    2659    2070    1868    
143    2006 2543    2027    3097    1768    2480    3347    2671    1585    1861    2105    2464    2869    3235    3341    3459    3198    2763    2049    1540    
143    2007 2559    1956    3103    1632    2488    3343    2709    1562    1812    2002    2410    3051    3241    3391    3395    3115    2815    2193    1672    
143    2008 2590    2007    3148    1562    2600    3387    2734    1358    1663    2325    2641    2835    3308    3423    3429    3245    2675    2284    1865    
143    2009 2583    2047    3093    1787    2432    3366    2726    1645    1858    1942    2512    2845    3292    3412    3391    3092    2897    2183    1884    
143    2010 2752    2196    3219    1925    2644    3461    2944    1863    2041    2291    2651    2991    3322    3428    3629    3282    3002    2546    1936    
143    2011 -999999 -999999 -999999 1817    -999999 -999999 -999999 1673    1835    2085    2421    -999999 -999999 -999999 -999999 -999999 -999999 -999999 -999999 
