EUROPEAN CLIMATE ASSESSMENT & DATASET (ECA&D), file created on: 10-05-2011
THESE DATA CAN BE USED FREELY PROVIDED THAT THE FOLLOWING SOURCE IS ACKNOWLEDGED: 

Klein Tank, A.M.G. and Coauthors, 2002. Daily dataset of 20th-century surface
air temperature and precipitation series for the European Climate Assessment.
Int. J. of Climatol., 22, 1441-1453.
Data and metadata available at http://eca.knmi.nl

FILE FORMAT (MISSING VALUE CODE = -999999):

THIS FILE HOLDS DATA FOR STATION FRANCE                                   MONT-DE-MARSAN                           (STAID:   2203)
LATITUDE: dd:mm:ss +43:55:12
LONGITUDE: ddd:mm:ss -000:30:00
ELEVATION: m   60

DATA IS FOR INDEX Mean of daily mean temperature (TG) with unit 0.01 Temperature (&#176;C)

01-06 SOUID: Source identifier
08-11 YEAR : YYYY
13-20 ANNUAL DATA VALUES
21-28 WINTER HALF YEAR DATA VALUES
29-36 SUMMER HALF YEAR DATA VALUES
37-44 WINTER (DJF) DATA VALUES
45-52 SPRING (MAM) DATA VALUES
53-60 SUMMER (JJA) DATA VALUES
61-68 AUTUMN (SON) DATA VALUES
69-76 JANUARY DATA VALUES
etc. 
157-164 DECEMBER DATA VALUES

2203   1956 1157    -999999 1657    -999999 1193    1826    1232    635     -217    944     1096    1536    1621    1963    1889    1823    1248    625     645     
2203   1957 1267    859     1673    651     1264    1948    1234    400     936     1303    1101    1382    1834    2021    1986    1701    1280    721     517     
2203   1958 1305    818     1748    665     1184    1919    1363    608     891     894     1021    1631    1769    1954    2029    2073    1247    774     747     
2203   1959 1344    845     1782    649     1281    2008    1388    591     603     1082    1225    1535    1875    2137    2008    1900    1408    856     854     
2203   1960 1284    925     1718    719     1317    1931    1296    557     750     1110    1146    1689    1968    1883    1942    1667    1234    991     457     
2203   1961 1374    870     1819    659     1314    1964    1443    547     1005    1001    1427    1518    1891    2043    1957    2074    1425    831     760     
2203   1962 1238    835     1733    676     1091    1986    1325    701     557     710     1132    1433    1814    2028    2110    1866    1471    634     348     
2203   1963 1193    666     1658    295     1175    1898    1378    213     327     967     1166    1393    1794    2077    1821    1686    1367    1083    365     
2203   1964 1289    788     1855    466     1255    2054    1347    304     748     868     1167    1726    1866    2207    2081    2065    1160    823     445     
2203   1965 1258    712     1645    433     1196    1884    1364    527     316     965     1117    1504    1798    1925    1927    1583    1560    942     859     
2203   1966 1320    975     1734    862     1198    1888    1345    660     1089    750     1309    1539    1850    1855    1957    1893    1413    725     793     
2203   1967 1285    842     1709    633     1177    1979    1461    450     660     992     1078    1458    1724    2185    2019    1772    1610    995     430     
2203   1968 1304    872     1689    603     1140    1929    1460    620     769     808     1230    1384    1798    2045    1939    1729    1612    1035    667     
2203   1969 1266    903     1718    603     1215    1959    1350    710     415     938     1157    1549    1659    2209    1998    1713    1464    869     438     
2203   1970 1290    810     1766    623     1063    2033    1441    684     760     645     1034    1509    1989    2061    2048    1944    1224    1163    400     
2203   1971 1271    757     1781    550     1124    2011    1314    685     568     500     1296    1583    1673    2265    2085    1764    1532    638     605     
2203   1972 1211    851     1556    641     1120    1820    1264    564     763     993     1032    1334    1551    2015    1885    1498    1321    971     579     
2203   1973 1247    769     1773    527     1125    2038    1304    499     500     721     989     1661    1862    1992    2255    1861    1201    854     518     
2203   1974 1250    820     1664    647     1149    1926    1177    746     679     910     1049    1485    1788    1965    2021    1658    950     930     782     
2203   1975 1238    824     1696    790     1024    2010    1268    770     821     691     1051    1331    1763    2110    2149    1754    1271    779     343     
2203   1976 1284    739     1780    497     1151    2141    1259    415     751     875     1057    1518    2156    2167    2101    1668    1340    766     578     
2203   1977 1260    885     1567    698     1182    1771    1320    581     961     1091    1117    1337    1668    1853    1787    1632    1495    826     750     
2203   1978 1229    891     1609    691     1107    1847    1246    507     830     931     941     1444    1711    1892    1935    1714    1272    751     791     
2203   1979 1269    838     1658    680     1137    1897    1360    530     723     946     1056    1408    1780    2015    1891    1789    1459    828     758     
2203   1980 1231    880     1647    711     1090    1852    1355    529     857     849     1028    1390    1656    1821    2073    1903    1333    829     502     
2203   1981 1350    859     1760    569     1337    1982    1384    664     539     1254    1252    1503    1866    1954    2124    1850    1447    853     825     
2203   1982 1383    946     1814    833     1203    2052    1457    889     781     865     1180    1564    1972    2241    1941    1978    1373    1022    755     
2203   1983 1348    888     1808    648     1189    2113    1479    630     550     966     1210    1391    1938    2324    2070    1902    1390    1149    600     
2203   1984 1270    859     1683    621     1072    1980    1388    708     549     745     1259    1217    1817    2105    2012    1676    1380    1108    644     
2203   1985 1266    821     1756    552     1139    1967    1397    125     923     764     1250    1405    1800    2150    1946    1976    1533    676     631     
2203   1986 1314    828     1728    606     1147    1987    1477    689     488     915     883     1635    1837    2103    2015    1875    1627    926     704     
2203   1987 1289    830     1770    513     1184    1949    1476    192     658     864     1332    1361    1726    2035    2080    2081    1461    886     762     
2203   1988 1337    935     1757    794     1248    1963    1406    912     702     866     1308    1571    1857    1989    2039    1770    1522    922     562     
2203   1989 1410    899     1826    593     1321    2113    1464    512     717     1142    1022    1788    1964    2202    2167    1791    1494    1106    956     
2203   1990 1407    1076    1852    935     1311    2091    1477    697     1173    1042    1132    1754    1848    2172    2246    1942    1507    982     377     
2203   1991 1309    857     1792    486     1207    2084    1392    538     550     1164    1056    1396    1744    2128    2368    2042    1201    939     521     
2203   1992 -999999 -999999 -999999 -999999 1347    2080    -999999 -999999 772     994     1279    1787    1777    2178    2300    1788    1285    1254    800     
2203   1993 -999999 -999999 -999999 -999999 1307    2054    1245    650     591     990     1281    1672    2028    2014    2121    1725    1251    774     933     
2203   1994 1434    -999999 1810    829     1292    2153    1483    734     823     1210    1050    1608    1887    2303    2260    1730    1506    1213    827     
2203   1995 1390    1010    1791    807     1238    2106    1435    668     938     910     1183    1619    1839    2276    2193    1609    1723    965     712     
2203   1996 1317    965     1737    725     1227    2029    1290    876     576     915     1229    1536    1989    2141    1955    1558    1392    916     685     
2203   1997 1451    959     1860    750     1418    2051    1537    593     997     1173    1313    1764    1852    1996    2298    1926    1579    1105    782     
2203   1998 1351    1036    1786    810     1302    2013    1328    799     853     1085    1150    1666    1869    2035    2132    1848    1355    780     603     
2203   1999 1377    862     1878    656     1374    2071    1387    707     659     1043    1309    1767    1886    2161    2164    1986    1452    722     667     
2203   2000 1393    861     1829    679     1303    2045    1434    424     964     942     1235    1729    1949    2021    2162    1865    1415    1024    978     
2203   2001 1367    1055    1790    861     1362    2102    1362    845     751     1290    1149    1641    1920    2118    2262    1625    1737    710     288     
2203   2002 -999999 923     -999999 625     1312    2005    1480    732     881     1179    1258    1496    1996    2035    1983    1764    1554    1120    979     
2203   2003 -999999 1001    -999999 701     1385    2405    1444    527     586     1205    1337    1611    2315    2288    2621    1902    1345    1088    725     
2203   2004 -999999 897     -999999 708     -999999 2140    1438    736     661     820     -999999 1627    2110    2135    2175    1897    1641    770     644     
2203   2005 1344    844     1877    564     1306    2145    1435    598     438     930     1297    1689    2134    2215    2084    1828    1652    819     381     
2203   2006 1451    839     1967    458     1400    2227    1670    486     511     1151    1295    1750    2121    2535    2012    2085    1780    1142    526     
2203   2007 1365    -999999 1834    733     1417    2020    1254    720     986     999     1551    1692    1967    2046    2046    1693    1361    703     565     
2203   2008 -999999 -999999 -999999 749     -999999 2047    1294    794     898     944     1224    1677    1968    2059    2111    1683    1308    878     554     
2203   2009 -999999 -999999 -999999 595     -999999 2215    1530    582     657     -999999 1250    1778    2094    2235    2308    1919    1515    1157    719     
2203   2010 1293    -999999 -999999 589     1218    2090    1367    455     602     893     1312    1453    1880    2263    2100    1826    1326    949     473     
2203   2011 -999999 862     -999999 605     -999999 -999999 -999999 522     844     1061    1578    -999999 -999999 -999999 -999999 -999999 -999999 -999999 -999999 
