EUROPEAN CLIMATE ASSESSMENT & DATASET (ECA&D), file created on: 10-05-2011
THESE DATA CAN BE USED FREELY PROVIDED THAT THE FOLLOWING SOURCE IS ACKNOWLEDGED: 

Klein Tank, A.M.G. and Coauthors, 2002. Daily dataset of 20th-century surface
air temperature and precipitation series for the European Climate Assessment.
Int. J. of Climatol., 22, 1441-1453.
Data and metadata available at http://eca.knmi.nl

FILE FORMAT (MISSING VALUE CODE = -999999):

THIS FILE HOLDS DATA FOR STATION SWEDEN                                   JOKKMOKK                                 (STAID:   1429)
LATITUDE: dd:mm:ss +66:37:47
LONGITUDE: ddd:mm:ss +019:38:24
ELEVATION: m  254

DATA IS FOR INDEX Mean of daily mean temperature (TG) with unit 0.01 Temperature (&#176;C)

01-06 SOUID: Source identifier
08-11 YEAR : YYYY
13-20 ANNUAL DATA VALUES
21-28 WINTER HALF YEAR DATA VALUES
29-36 SUMMER HALF YEAR DATA VALUES
37-44 WINTER (DJF) DATA VALUES
45-52 SPRING (MAM) DATA VALUES
53-60 SUMMER (JJA) DATA VALUES
61-68 AUTUMN (SON) DATA VALUES
69-76 JANUARY DATA VALUES
etc. 
157-164 DECEMBER DATA VALUES

1429   1961 90      -999999 880     -999999 -42     1374    317     -1632   -809    -478    -201    550     1352    1569    1201    786     527     -369    -1469   
1429   1962 -86     -867    766     -1359   -234    1115    105     -1293   -1311   -1314   71      551     1020    1297    1024    614     333     -641    -1463   
1429   1963 37      -922    981     -1430   51      1248    83      -1329   -1505   -974    87      1042    1086    1334    1318    995     156     -906    -970    
1429   1964 88      -719    790     -972    -16     1176    148     -529    -1447   -672    -46     670     1025    1363    1135    569     419     -553    -956    
1429   1965 -85     -748    808     -1169   -192    1198    58      -1563   -970    -880    3       308     1194    1244    1155    935     205     -971    -1724   
1429   1966 -203    -1305   763     -1991   -339    1346    -126    -2106   -2159   -1150   -309    443     1422    1452    1167    375     -175    -575    -958    
1429   1967 -11     -831    891     -1336   112     1283    190     -2000   -1020   -266    10      590     1159    1388    1298    879     -34     -269    -1903   
1429   1968 -155    -1086   763     -1875   -91     1223    -329    -2102   -1604   -612    41      302     1243    1306    1121    550     -537    -994    -622    
1429   1969 -133    -1095   890     -1401   -183    1474    -108    -1694   -1939   -863    -99     414     1385    1485    1549    577     169     -1079   -1633   
1429   1970 -55     -1113   881     -1739   -98     1460    -136    -1708   -1891   -610    -323    632     1566    1504    1312    571     -54     -929    -869    
1429   1971 -87     -939    791     -1142   -321    1271    -186    -1268   -1306   -1242   -205    488     1201    1355    1253    628     -21     -1172   -843    
1429   1972 74      -867    913     -1171   -30     1463    -35     -1422   -1253   -524    -65     498     1402    1727    1258    634     79      -822    -678    
1429   1973 -21     -626    837     -872    -21     1402    -300    -661    -1321   -427    -147    508     1290    1793    1120    426     -296    -1031   -1616   
1429   1974 120     -869    934     -1113   77      1315    0       -873    -823    -574    165     643     1333    1395    1217    838     -22     -815    -1096   
1429   1975 -999999 -665    -999999 -932    67      -999999 170     -1135   -526    -389    -120    705     973     -999999 1121    786     180     -456    -1151   
1429   1976 -999999 -999999 818     -999999 -33     1251    -229    -999999 -887    -842    -75     817     1088    1355    1304    384     -217    -855    -1426   
1429   1977 -99     -1028   691     -1538   -148    1179    -85     -1535   -1664   -525    -331    406     1021    1328    1183    511     -5      -763    -938    
1429   1978 -159    -926    800     -1359   -101    1257    -52     -1627   -1530   -747    -162    605     1220    1424    1127    563     -31     -689    -2143   
1429   1979 -140    -1244   856     -2044   -93     1356    -127    -2275   -1679   -669    -156    545     1322    1496    1250    655     -222    -813    -1230   
1429   1980 -236    -1225   951     -1729   -193    1451    -271    -2002   -1969   -1147   51      525     1497    1618    1239    755     -244    -1326   -1883   
1429   1981 -222    -1325   804     -1643   -268    1162    -100    -1403   -1644   -1479   -70     752     934     1430    1113    639     31      -975    -2081   
1429   1982 -16     -1027   758     -1603   -6      1154    23      -1890   -754    -464    -24     468     827     1437    1188    627     84      -643    -1089   
1429   1983 -61     -835    858     -1207   -38     1208    -117    -1351   -1179   -855    9       735     1088    1424    1109    760     35      -1152   -1432   
1429   1984 -34     -1058   872     -1419   -22     1240    -152    -1986   -799    -999    -12     945     1203    1347    1168    554     66      -1084   -837    
1429   1985 -316    -1209   759     -1822   -259    1272    -29     -2178   -2520   -824    -334    378     1170    1419    1224    670     214     -978    -2189   
1429   1986 -125    -1171   785     -1968   -2      1288    11      -2198   -1468   -427    -224    640     1473    1426    970     404     235     -613    -1801   
1429   1987 -202    -1196   709     -1899   -277    1108    126     -2321   -1540   -1149   -119    442     1054    1331    939     586     519     -742    -1506   
1429   1988 -999999 -906    -999999 -1418   -233    -999999 -30     -1323   -1424   -991    -304    592     1366    1645    -999999 781     51      -926    -1356   
1429   1989 124     -709    874     -979    76      1253    84      -714    -855    -475    37      664     1214    1323    1223    766     -137    -368    -1249   
1429   1990 123     -686    883     -1051   72      1318    -66     -1529   -304    -482    76      623     1221    1422    1308    628     223     -1060   -676    
1429   1991 0       -848    811     -1139   -155    1308    -50     -942    -1871   -868    0       407     1061    1494    1362    514     50      -716    -644    
1429   1992 80      -513    821     -702    31      1237    -280    -816    -642    -325    -346    754     1437    1261    1019    781     -650    -959    -582    
1429   1993 -54     -800    749     -858    -33     1172    -176    -1199   -785    -629    -115    641     915     1459    1134    428     -180    -776    -1587   
1429   1994 -102    -1196   838     -1822   -88     1292    -99     -2013   -1873   -803    112     433     1029    1536    1304    588     7       -895    -785    
1429   1995 -46     -689    744     -941    -93     1218    -83     -1049   -996    -453    -152    323     1171    1249    1232    624     86      -966    -1692   
1429   1996 -62     -998    829     -1447   -161    1326    -90     -1134   -1518   -799    -37     357     1114    1378    1479    657     189     -1126   -1366   
1429   1997 29      -841    872     -1172   -216    1475    -74     -1006   -1142   -631    -440    417     1343    1673    1406    803     -25     -1001   -1147   
1429   1998 -126    -961    747     -1253   -292    1208    -113    -1200   -1431   -1007   -332    463     1035    1482    1102    708     56      -1109   -1377   
1429   1999 -999999 -1046   -999999 -1512   -56     -999999 296     -1692   -1461   -733    118     453     -999999 -999999 1033    918     121     -145    -1485   
1429   2000 -999999 -736    -999999 -1254   -999999 -999999 257     -1191   -1076   -642    -1      -999999 -999999 -999999 -999999 674     321     -225    -1200   
