EUROPEAN CLIMATE ASSESSMENT & DATASET (ECA&D), file created on: 10-05-2011
THESE DATA CAN BE USED FREELY PROVIDED THAT THE FOLLOWING SOURCE IS ACKNOWLEDGED: 

Klein Tank, A.M.G. and Coauthors, 2002. Daily dataset of 20th-century surface
air temperature and precipitation series for the European Climate Assessment.
Int. J. of Climatol., 22, 1441-1453.
Data and metadata available at http://eca.knmi.nl

FILE FORMAT (MISSING VALUE CODE = -999999):

THIS FILE HOLDS DATA FOR STATION GERMANY                                  KOELN-WAHN                               (STAID:    813)
LATITUDE: dd:mm:ss +50:52:12
LONGITUDE: ddd:mm:ss +007:10:12
ELEVATION: m   92

DATA IS FOR INDEX Mean of daily mean temperature (TG) with unit 0.01 Temperature (&#176;C)

01-06 SOUID: Source identifier
08-11 YEAR : YYYY
13-20 ANNUAL DATA VALUES
21-28 WINTER HALF YEAR DATA VALUES
29-36 SUMMER HALF YEAR DATA VALUES
37-44 WINTER (DJF) DATA VALUES
45-52 SPRING (MAM) DATA VALUES
53-60 SUMMER (JJA) DATA VALUES
61-68 AUTUMN (SON) DATA VALUES
69-76 JANUARY DATA VALUES
etc. 
157-164 DECEMBER DATA VALUES

813    1958 976     -999999 1468    -999999 749     1712    1071    208     446     189     674     1382    1554    1774    1802    1606    1042    566     434     
813    1959 1057    516     1601    245     1071    1875    1006    168     121     727     1070    1416    1747    2083    1790    1483    1025    510     467     
813    1960 1009    540     1451    335     1026    1654    1078    213     326     687     978     1413    1719    1588    1657    1342    1082    809     275     
813    1961 1046    622     1507    360     1019    1646    1174    159     677     740     1169    1153    1659    1581    1697    1788    1203    529     195     
813    1962 856     453     1356    270     719     1597    911     367     245     160     933     1071    1552    1585    1654    1336    991     404     -57     
813    1963 848     150     1484    -337    927     1711    1095    -598    -358    481     1040    1263    1655    1834    1644    1462    938     889     -136    
813    1964 986     398     1577    76      946     1809    980     7       376     326     976     1537    1773    1917    1735    1507    815     622     226     
813    1965 926     433     1391    217     863     1628    894     323     90      495     797     1294    1695    1582    1610    1360    950     371     483     
813    1966 1024    497     1514    382     1009    1695    1023    -52     752     501     1057    1472    1761    1635    1692    1456    1233    373     403     
813    1967 1051    597     1509    409     979     1791    1070    333     500     726     829     1376    1617    1996    1755    1463    1257    485     226     
813    1968 974     507     1486    214     978     1711    1061    181     237     635     1078    1225    1660    1764    1706    1472    1193    513     4       
813    1969 976     418     1531    133     907     1779    1119    394     -11     375     897     1449    1598    1977    1756    1491    1181    683     -148    
813    1970 942     379     1456    18      786     1744    1096    74      139     332     684     1339    1806    1658    1771    1465    1064    761     169     
813    1971 975     463     1492    225     903     1727    909     181     337     265     928     1516    1471    1882    1820    1309    946     470     524     
813    1972 914     512     1372    330     917     1658    831     49      424     653     843     1253    1494    1826    1649    1144    796     552     271     
813    1973 980     434     1524    242     848     1853    983     197     261     514     662     1361    1782    1823    1952    1544    878     530     202     
813    1974 1019    545     1417    391     952     1643    899     521     457     671     961     1224    1532    1625    1767    1383    669     653     730     
813    1975 1030    594     1543    579     859     1862    977     677     301     505     833     1239    1602    1937    2037    1586    848     502     238     
813    1976 1024    430     1575    307     840     1931    1072    385     298     299     812     1408    1925    2097    1769    1423    1137    654     61      
813    1977 1004    565     1381    274     907     1676    1033    286     496     749     701     1264    1585    1773    1668    1276    1155    662     393     
813    1978 923     543     1370    253     919     1585    971     263     85      658     804     1291    1576    1611    1567    1356    1023    534     242     
813    1979 904     338     1408    -27     863     1661    984     -332    12      525     781     1280    1695    1714    1575    1389    1067    493     579     
813    1980 937     524     1422    341     872     1641    982     -21     472     552     795     1268    1532    1603    1784    1536    911     501     299     
813    1981 964     471     1478    169     1075    1683    1000    125     73      880     941     1401    1587    1742    1716    1466    903     634     43      
813    1982 1024    383     1554    76      899     1833    1163    -4      200     515     803     1377    1719    1995    1781    1631    1077    785     359     
813    1983 1046    571     1588    325     905     1968    992     586     -4      571     989     1156    1792    2145    1961    1468    1013    494     299     
813    1984 953     456     1373    272     757     1665    1088    328     184     401     771     1100    1481    1714    1794    1361    1165    737     368     
813    1985 874     366     1459    -63     941     1643    887     -364    -207    453     925     1444    1431    1831    1660    1442    985     232     571     
813    1986 954     367     1444    158     891     1770    1026    260     -411    489     687     1492    1774    1830    1707    1153    1163    758     428     
813    1987 911     402     1462    84      797     1670    1089    -348    183     218     1108    1075    1522    1800    1683    1578    1079    610     391     
813    1988 1071    595     1513    460     1006    1707    1014    584     400     493     937     1587    1604    1744    1771    1415    1105    520     651     
813    1989 1109    671     1561    500     1086    1812    1089    401     443     881     809     1558    1657    1941    1832    1545    1213    505     467     
813    1990 1087    713     1475    565     1070    1751    1014    479     767     844     855     1506    1580    1743    1925    1215    1225    594     272     
813    1991 966     543     1440    184     911     1734    1023    295     -37     856     830     1044    1358    1984    1846    1561    976     534     265     
813    1992 1052    531     1570    325     1062    1831    962     242     479     689     921     1572    1702    1890    1897    1416    746     731     326     
813    1993 988     500     1502    305     1092    1667    811     487     80      600     1162    1515    1696    1724    1582    1323    896     211     505     
813    1994 1112    521     1559    398     1008    1909    1099    455     217     801     905     1315    1679    2222    1820    1390    933     979     557     
813    1995 1049    634     1551    477     929     1865    1088    265     622     457     965     1365    1509    2116    1958    1366    1328    563     43      
813    1996 876     399     1417    45      853     1690    935     36      58      349     1038    1177    1638    1681    1749    1211    1036    555     -37     
813    1997 1028    486     1504    158     983     1827    961     -73     630     823     773     1345    1637    1767    2070    1406    901     579     444     
813    1998 1038    610     1508    486     1076    1683    921     425     599     708     967     1551    1678    1657    1714    1469    969     322     364     
813    1999 1102    530     1619    373     1087    1796    1118    483     261     748     1008    1502    1584    1985    1812    1807    1012    539     417     
813    2000 1116    591     1558    437     1123    1697    1157    356     545     675     1138    1558    1760    1542    1790    1552    1123    796     549     
813    2001 -999999 -999999 -999999 -999999 -999999 -999999 -999999 -999999 -999999 -999999 -999999 -999999 -999999 -999999 -999999 -999999 -999999 -999999 -999999 
813    2002 -999999 -999999 -999999 -999999 -999999 -999999 -999999 -999999 -999999 -999999 -999999 -999999 -999999 -999999 -999999 -999999 -999999 -999999 -999999 
813    2003 -999999 -999999 -999999 -999999 -999999 -999999 -999999 -999999 -999999 -999999 -999999 -999999 -999999 -999999 -999999 -999999 -999999 -999999 -999999 
813    2004 1050    -999999 1555    -999999 969     1805    1119    256     447     585     1100    1229    1607    1800    2003    1565    1224    565     187     
813    2005 1105    558     1584    260     1076    1784    1233    432     145     742     1116    1373    1763    1913    1676    1657    1386    652     307     
813    2006 -999999 -999999 -999999 188     950     1936    1410    53      206     407     954     1489    1768    2341    1695    1881    1433    917     573     
813    2007 1153    841     1621    620     1240    1800    1004    636     655     807     1368    1550    1835    1829    1735    1402    1031    579     356     
813    2008 1092    620     1563    491     1060    1826    1033    577     542     632     896     1613    1770    1834    1873    1347    1074    664     209     
813    2009 -999999 -999999 -999999 164     -999999 -999999 1213    -31     330     645     1346    1450    1636    1975    1949    1593    1013    1006    251     
813    2010 -999999 -999999 -999999 -999999 -999999 1909    1015    -999999 -999999 610     1034    1211    1732    2193    1795    1394    1021    630     -179    
813    2011 -999999 485     -999999 169     -999999 -999999 -999999 295     415     725     1355    -999999 -999999 -999999 -999999 -999999 -999999 -999999 -999999 
