EUROPEAN CLIMATE ASSESSMENT & DATASET (ECA&D), file created on: 10-05-2011
THESE DATA CAN BE USED FREELY PROVIDED THAT THE FOLLOWING SOURCE IS ACKNOWLEDGED: 

Klein Tank, A.M.G. and Coauthors, 2002. Daily dataset of 20th-century surface
air temperature and precipitation series for the European Climate Assessment.
Int. J. of Climatol., 22, 1441-1453.
Data and metadata available at http://eca.knmi.nl

FILE FORMAT (MISSING VALUE CODE = -999999):

THIS FILE HOLDS DATA FOR STATION CZECH REPUBLIC                           KOSTELNI MYSLOVA                         (STAID:   2017)
LATITUDE: dd:mm:ss +49:09:36
LONGITUDE: ddd:mm:ss +015:26:21
ELEVATION: m  569

DATA IS FOR INDEX Mean of daily mean temperature (TG) with unit 0.01 Temperature (&#176;C)

01-06 SOUID: Source identifier
08-11 YEAR : YYYY
13-20 ANNUAL DATA VALUES
21-28 WINTER HALF YEAR DATA VALUES
29-36 SUMMER HALF YEAR DATA VALUES
37-44 WINTER (DJF) DATA VALUES
45-52 SPRING (MAM) DATA VALUES
53-60 SUMMER (JJA) DATA VALUES
61-68 AUTUMN (SON) DATA VALUES
69-76 JANUARY DATA VALUES
etc. 
157-164 DECEMBER DATA VALUES

2017   1961 759     -999999 1364    -999999 835     1541    873     -413    106     487     1031    994     1589    1481    1555    1535    872     212     -366    
2017   1962 586     3       1237    -298    514     1503    686     -233    -295    -191    806     936     1332    1488    1684    1165    761     129     -597    
2017   1963 617     -207    1381    -737    647     1666    881     -899    -713    42      756     1145    1548    1798    1649    1376    720     552     -639    
2017   1964 650     -80     1366    -531    618     1645    735     -633    -308    -165    810     1214    1701    1758    1479    1224    644     339     -279    
2017   1965 596     16      1190    -316    525     1456    607     -164    -525    40      560     976     1489    1494    1386    1226    670     -77     -3      
2017   1966 747     87      1316    -84     740     1536    812     -593    389     160     859     1205    1577    1546    1486    1211    1096    120     -99     
2017   1967 747     189     1336    -152    724     1617    820     -327    -17     341     622     1205    1440    1825    1581    1321    962     172     -217    
2017   1968 683     116     1303    -246    734     1563    757     -432    -79     279     834     1093    1598    1589    1503    1190    795     286     -469    
2017   1969 660     -31     1341    -405    648     1570    856     -382    -361    -79     641     1380    1416    1762    1528    1294    920     350     -612    
2017   1970 646     -16     1262    -467    502     1620    765     -457    -316    1       528     977     1598    1654    1608    1193    697     408     -190    
2017   1971 714     63      1342    -216    660     1637    639     -361    -83     -95     750     1328    1318    1745    1838    1040    704     171     155     
2017   1972 672     164     1260    -110    725     1603    592     -491    13      424     622     1125    1520    1726    1562    984     528     267     -235    
2017   1973 691     83      1317    -198    640     1625    668     -259    -91     275     436     1201    1488    1628    1754    1371    587     48      -200    
2017   1974 745     183     1250    -30     753     1514    586     -40     168     527     693     1038    1289    1489    1755    1216    358     193     215     
2017   1975 768     185     1380    79      727     1619    760     113     -108    313     607     1257    1428    1728    1695    1549    729     4       -172    
2017   1976 694     26      1318    -169    601     1634    756     -147    -190    -84     666     1222    1648    1843    1411    1099    828     339     -330    
2017   1977 724     178     1239    -213    729     1569    758     -278    -13     510     503     1165    1577    1607    1523    1041    890     340     -233    
2017   1978 632     127     1184    -277    639     1450    664     -211    -399    329     555     1030    1413    1486    1448    1157    810     19      -129    
2017   1979 685     25      1289    -336    698     1553    686     -629    -241    293     527     1268    1739    1413    1514    1263    615     181     221     
2017   1980 592     98      1162    -114    480     1473    644     -579    26      120     406     913     1403    1435    1579    1223    624     85      -145    
2017   1981 721     94      1334    -237    807     1604    767     -401    -156    533     651     1233    1598    1598    1617    1291    742     270     -374    
2017   1982 733     6       1385    -434    667     1679    875     -592    -324    291     462     1241    1573    1796    1665    1555    811     262     -14     
2017   1983 786     195     1446    -73     788     1766    709     162     -401    296     829     1238    1535    2009    1747    1296    775     54      -207    
2017   1984 654     50      1209    -208    575     1481    759     -179    -240    75      580     1072    1339    1499    1601    1147    842     285     -208    
2017   1985 608     -56     1294    -540    677     1524    631     -818    -600    123     639     1269    1251    1685    1626    1268    711     -90     132     
2017   1986 681     -23     1351    -300    783     1568    746     -270    -811    112     835     1404    1504    1594    1604    1148    799     290     -149    
2017   1987 628     -50     1285    -373    482     1508    832     -737    -218    -290    763     982     1388    1692    1439    1439    798     259     -15     
2017   1988 737     182     1350    1       681     1610    637     33      -16     22      724     1300    1452    1718    1654    1232    784     -109    7       
2017   1989 785     208     1329    6       823     1568    741     -116    141     524     751     1193    1374    1682    1640    1318    882     20      -39     
2017   1990 783     261     1300    17      813     1637    708     -132    245     583     571     1277    1469    1616    1820    1023    802     295     -214    
2017   1991 680     134     1279    -246    596     1634    737     -71     -478    415     558     812     1394    1822    1678    1391    651     171     -272    
2017   1992 808     139     1483    -97     760     1865    696     -88     80      288     677     1311    1654    1828    2105    1294    559     239     -277    
2017   1993 744     60      1384    -193    811     1595    623     -27     -284    125     822     1485    1508    1592    1683    1192    771     -98     74      
2017   1994 869     215     1478    20      819     1847    799     111     -142    531     722     1201    1607    2108    1817    1389    549     468     -2      
2017   1995 758     194     1388    -8      713     1724    696     -256    260     162     768     1209    1432    2021    1709    1160    971     -53     -325    
2017   1996 594     -102    1273    -461    600     1569    726     -519    -544    -171    718     1257    1580    1519    1609    937     840     396     -522    
2017   1997 729     106     1334    -318    674     1670    690     -496    105     324     424     1265    1584    1622    1801    1287    554     232     0       
2017   1998 783     201     1413    59      795     1702    658     -63     261     229     873     1286    1656    1690    1758    1200    781     -12     -294    
2017   1999 796     96      1453    -213    850     1668    806     -126    -220    415     825     1308    1504    1828    1666    1573    764     82      -137    
2017   2000 853     135     1461    -112    921     1687    877     -344    163     281     1058    1430    1697    1522    1843    1202    986     440     -49     
2017   2001 722     233     1325    -125    779     1621    726     -288    -29     318     617     1398    1352    1727    1775    1048    1074    43      -441    
2017   2002 835     194     1457    -128    866     1783    751     -182    279     395     710     1488    1726    1799    1822    1171    637     448     -302    
2017   2003 819     79      1567    -346    866     1958    722     -300    -448    400     685     1507    1968    1829    2077    1310    454     411     -157    
2017   2004 740     70      1364    -205    688     1667    806     -438    -8      165     809     1093    1504    1681    1812    1268    868     281     -170    
2017   2005 753     105     1431    -218    768     1657    803     -101    -401    109     894     1306    1592    1785    1592    1402    888     116     -222    
2017   2006 806     -13     1479    -366    673     1758    1016    -569    -302    -16     798     1240    1700    2112    1461    1547    1020    482     127     
2017   2007 865     427     1485    192     950     1797    607     258     191     461     1041    1352    1791    1820    1781    1106    675     36      -181    
2017   2008 842     162     1419    -2      785     1737    790     24      162     250     766     1339    1715    1755    1741    1176    805     389     -35     
2017   2009 804     132     1503    -221    906     1689    868     -446    -179    239     1191    1296    1462    1782    1815    1459    687     465     -174    
2017   2010 687     69      1380    -319    703     1747    710     -512    -264    192     779     1139    1604    1955    1676    1108    569     457     -510    
2017   2011 -999999 94      -999999 -304    -999999 -999999 -999999 -171    -224    424     1089    -999999 -999999 -999999 -999999 -999999 -999999 -999999 -999999 
