EUROPEAN CLIMATE ASSESSMENT & DATASET (ECA&D), file created on: 10-05-2011
THESE DATA CAN BE USED FREELY PROVIDED THAT THE FOLLOWING SOURCE IS ACKNOWLEDGED: 

Klein Tank, A.M.G. and Coauthors, 2002. Daily dataset of 20th-century surface
air temperature and precipitation series for the European Climate Assessment.
Int. J. of Climatol., 22, 1441-1453.
Data and metadata available at http://eca.knmi.nl

FILE FORMAT (MISSING VALUE CODE = -999999):

THIS FILE HOLDS DATA FOR STATION GERMANY                                  STRAUBING                                (STAID:    493)
LATITUDE: dd:mm:ss +48:49:42
LONGITUDE: ddd:mm:ss +012:33:37
ELEVATION: m  351

DATA IS FOR INDEX Mean of daily mean temperature (TG) with unit 0.01 Temperature (&#176;C)

01-06 SOUID: Source identifier
08-11 YEAR : YYYY
13-20 ANNUAL DATA VALUES
21-28 WINTER HALF YEAR DATA VALUES
29-36 SUMMER HALF YEAR DATA VALUES
37-44 WINTER (DJF) DATA VALUES
45-52 SPRING (MAM) DATA VALUES
53-60 SUMMER (JJA) DATA VALUES
61-68 AUTUMN (SON) DATA VALUES
69-76 JANUARY DATA VALUES
etc. 
157-164 DECEMBER DATA VALUES

493    1951 880     -999999 1501    -999999 809     1781    933     -178    124     291     835     1302    1645    1856    1837    1517    793     494     0       
493    1952 822     221     1532    -84     892     1896    650     -148    -104    277     1102    1304    1661    2078    1942    1082    716     149     -235    
493    1953 872     127     1519    -210    966     1749    882     -255    -133    495     1012    1392    1680    1871    1693    1452    1004    186     -6      
493    1954 780     151     1382    -284    820     1636    859     -443    -414    526     700     1232    1723    1522    1665    1442    874     262     192     
493    1955 759     148     1397    -99     642     1708    788     -276    -224    30      748     1152    1604    1821    1696    1344    768     254     129     
493    1956 693     36      1387    -367    777     1607    807     -103    -1180   276     700     1352    1437    1790    1589    1437    802     183     -57     
493    1957 840     250     1394    -60     862     1734    793     -338    244     663     854     1069    1788    1837    1579    1228    778     374     -23     
493    1958 817     130     1471    -118    723     1727    913     -298    -24     -33     633     1565    1592    1795    1790    1430    868     443     -6      
493    1959 856     239     1509    -176    991     1786    758     -222    -314    618     1002    1353    1673    1945    1736    1330    722     222     114     
493    1960 840     187     1436    -100    910     1679    903     -205    -217    462     864     1402    1727    1618    1694    1300    898     512     -15     
493    1961 874     316     1497    -49     977     1671    953     -362    258     604     1208    1127    1698    1631    1684    1638    952     269     -232    
493    1962 701     139     1376    -168    705     1645    742     -225    -33     90      942     1091    1524    1635    1774    1278    757     192     -647    
493    1963 708     -216    1514    -773    768     1771    982     -859    -819    33      974     1304    1692    1915    1705    1484    774     695     -481    
493    1964 812     60      1550    -433    867     1817    891     -784    -6      176     981     1449    1813    1948    1691    1403    762     511     -201    
493    1965 763     144     1362    -181    693     1632    732     10      -370    113     774     1196    1674    1662    1560    1295    738     162     258     
493    1966 887     246     1476    73      926     1662    923     -500    503     339     1096    1349    1756    1638    1596    1414    1184    162     99      
493    1967 892     348     1478    62      877     1790    894     -90     189     525     753     1348    1592    2018    1754    1379    1035    263     -111    
493    1968 833     253     1450    -89     903     1697    871     -258    117     463     961     1285    1719    1729    1643    1350    921     339     -285    
493    1969 798     153     1487    -220    860     1711    927     -177    -196    286     834     1459    1536    1906    1686    1480    845     461     -599    
493    1970 801     69      1425    -365    665     1782    920     -374    -98     178     653     1165    1837    1763    1747    1373    866     524     -74     
493    1971 845     174     1522    -170    888     1783    754     -429    10      143     1014    1513    1493    1926    1919    1239    724     301     225     
493    1972 804     291     1406    28      905     1730    668     -251    114     624     820     1267    1596    1865    1726    1144    575     288     -141    
493    1973 812     146     1475    -123    805     1778    771     -235    20      359     620     1430    1704    1750    1878    1449    662     207     -152    
493    1974 916     317     1428    92      962     1669    753     131     319     735     934     1215    1480    1633    1886    1407    536     323     351     
493    1975 -999999 325     -999999 214     890     -999999 -999999 191     88      437     800     1431    1576    -999999 -999999 -999999 -999999 -999999 -999999 
493    1976 -999999 -999999 -999999 -999999 -999999 -999999 -999999 -999999 -999999 -999999 -999999 -999999 -999999 -999999 -999999 -999999 -999999 -999999 -999999 
493    1977 -999999 -999999 -999999 -999999 -999999 -999999 -999999 -999999 -999999 -999999 -999999 -999999 -999999 -999999 -999999 -999999 -999999 -999999 -999999 
493    1978 -999999 -999999 -999999 -999999 -999999 -999999 -999999 -999999 -999999 -999999 -999999 -999999 -999999 -999999 -999999 -999999 -999999 -999999 -999999 
493    1979 -999999 -999999 -999999 -999999 -999999 -999999 -999999 -999999 -999999 -999999 -999999 -999999 -999999 -999999 -999999 -999999 -999999 -999999 -999999 
493    1980 -999999 -999999 -999999 -999999 -999999 -999999 -999999 -999999 -999999 -999999 -999999 -999999 -999999 -999999 -999999 -999999 -999999 -999999 -999999 
493    1981 -999999 -999999 -999999 -999999 -999999 -999999 -999999 -999999 -999999 -999999 -999999 -999999 -999999 -999999 -999999 -999999 -999999 -999999 -999999 
493    1982 -999999 -999999 -999999 -999999 -999999 -999999 -999999 -999999 -999999 -999999 -999999 -999999 -999999 -999999 -999999 -999999 -999999 -999999 -999999 
493    1983 -999999 -999999 -999999 -999999 -999999 -999999 -999999 -999999 -999999 -999999 -999999 -999999 -999999 -999999 -999999 -999999 -999999 -999999 -999999 
493    1984 -999999 -999999 -999999 -999999 -999999 -999999 -999999 -999999 -999999 -999999 -999999 -999999 -999999 -999999 -999999 -999999 -999999 -999999 -999999 
493    1985 -999999 -999999 -999999 -999999 -999999 -999999 -999999 -999999 -999999 -999999 -999999 -999999 -999999 -999999 -999999 -999999 -999999 -999999 -999999 
493    1986 -999999 -999999 -999999 -999999 -999999 -999999 -999999 -999999 -999999 -999999 -999999 -999999 -999999 -999999 -999999 -999999 -999999 -999999 -999999 
493    1987 -999999 -999999 -999999 -999999 -999999 -999999 -999999 -999999 -999999 -999999 -999999 -999999 -999999 -999999 -999999 -999999 -999999 -999999 -999999 
493    1988 -999999 -999999 -999999 -999999 -999999 -999999 -999999 -999999 -999999 -999999 -999999 -999999 -999999 -999999 -999999 -999999 -999999 -999999 -999999 
493    1989 -999999 -999999 -999999 -999999 -999999 -999999 -999999 -999999 -999999 -999999 -999999 -999999 -999999 -999999 -999999 -999999 -999999 -999999 -999999 
493    1990 -999999 -999999 -999999 -999999 -999999 -999999 -999999 -999999 -999999 -999999 -999999 -999999 -999999 -999999 -999999 -999999 -999999 -999999 -999999 
493    1991 -999999 -999999 -999999 -999999 -999999 -999999 -999999 -999999 -999999 -999999 -999999 -999999 -999999 -999999 -999999 -999999 -999999 -999999 -999999 
493    1992 -999999 -999999 -999999 -999999 -999999 -999999 -999999 -999999 -999999 -999999 -999999 -999999 -999999 -999999 -999999 -999999 -999999 -999999 -999999 
493    1993 -999999 -999999 -999999 -999999 -999999 -999999 -999999 -999999 -999999 -999999 -999999 -999999 -999999 -999999 -999999 -999999 -999999 -999999 -999999 
493    1994 -999999 -999999 -999999 -999999 -999999 1962    925     -999999 -999999 -999999 -999999 1373    1748    2200    1932    1397    673     713     219     
493    1995 872     356     1474    147     856     1769    819     -145    389     300     948     1323    1475    2055    1768    1249    1075    126     -141    
493    1996 715     74      1390    -291    749     1687    811     -386    -350    94      843     1314    1720    1647    1695    1103    886     442     -453    
493    1997 846     195     1436    -252    857     1743    811     -507    251     563     627     1374    1644    1705    1876    1369    706     361     149     
493    1998 894     318     1517    114     954     1789    788     41      157     482     922     1458    1738    1777    1851    1338    935     88      -110    
493    1999 908     226     1550    -84     977     1752    912     -29     -117    549     908     1471    1605    1890    1756    1652    853     233     47      
493    2000 953     291     1533    40      1031    1753    955     -228    320     519     1065    1509    1797    1582    1882    1352    1029    482     115     
493    2001 884     381     1453    54      971     1740    849     -96     153     587     737     1582    1493    1828    1889    1160    1142    236     -168    
493    2002 941     329     1521    16      946     1849    865     -203    463     517     852     1465    1850    1823    1874    1241    808     547     33      
493    2003 906     199     1679    -226    975     2076    791     -244    -494    487     871     1565    2058    1952    2217    1388    593     398     -19     
493    2004 862     197     1486    -43     837     1760    918     -211    111     313     993     1209    1603    1778    1895    1422    989     340     -122    
493    2005 831     180     1503    -152    828     1733    893     -30     -321    183     948     1358    1742    1825    1632    1502    953     222     -121    
493    2006 886     79      1568    -299    805     1834    1092    -540    -230    168     902     1348    1778    2178    1544    1648    1087    541     149     
493    2007 982     531     1555    313     1085    1810    747     383     417     601     1196    1463    1843    1847    1740    1228    797     214     15      
493    2008 942     313     1521    133     943     1822    840     109     285     450     862     1515    1827    1844    1794    1263    849     407     71      
493    2009 920     218     1611    -137    1054    1800    971     -436    -37     437     1264    1467    1614    1865    1915    1526    810     581     -16     
493    2010 807     223     1482    -165    853     1836    822     -346    -130    414     917     1230    1744    2048    1714    1222    739     507     -426    
493    2011 -999999 209     -999999 -178    -999999 -999999 -999999 -63     -29     515     1166    -999999 -999999 -999999 -999999 -999999 -999999 -999999 -999999 
