EUROPEAN CLIMATE ASSESSMENT & DATASET (ECA&D), file created on: 10-05-2011
THESE DATA CAN BE USED FREELY PROVIDED THAT THE FOLLOWING SOURCE IS ACKNOWLEDGED: 

Klein Tank, A.M.G. and Coauthors, 2002. Daily dataset of 20th-century surface
air temperature and precipitation series for the European Climate Assessment.
Int. J. of Climatol., 22, 1441-1453.
Data and metadata available at http://eca.knmi.nl

FILE FORMAT (MISSING VALUE CODE = -999999):

THIS FILE HOLDS DATA FOR STATION UNITED KINGDOM                           EASTBOURNE                               (STAID:   1864)
LATITUDE: dd:mm:ss +50:45:32
LONGITUDE: ddd:mm:ss +000:17:06
ELEVATION: m    7

DATA IS FOR INDEX Mean of daily mean temperature (TG) with unit 0.01 Temperature (&#176;C)

01-06 SOUID: Source identifier
08-11 YEAR : YYYY
13-20 ANNUAL DATA VALUES
21-28 WINTER HALF YEAR DATA VALUES
29-36 SUMMER HALF YEAR DATA VALUES
37-44 WINTER (DJF) DATA VALUES
45-52 SPRING (MAM) DATA VALUES
53-60 SUMMER (JJA) DATA VALUES
61-68 AUTUMN (SON) DATA VALUES
69-76 JANUARY DATA VALUES
etc. 
157-164 DECEMBER DATA VALUES

1864   1960 -999999 -999999 -999999 -999999 967     1592    -999999 460     521     685     932     1275    1545    1589    1638    1477    1201    933     515     
1864   1961 -999999 -999999 -999999 -999999 1014    1598    -999999 499     739     777     1077    1190    1500    1605    1687    1605    1267    -999999 -999999 
1864   1962 -999999 -999999 -999999 -999999 727     1472    -999999 526     -999999 358     797     1006    1304    1544    1563    1412    1195    709     340     
1864   1963 -999999 -999999 -999999 -999999 812     1524    1220    -125    15      543     799     1075    1449    1572    1548    1441    1201    1011    326     
1864   1964 -999999 -999999 -999999 -999999 -999999 1611    -999999 372     -999999 464     840     1260    1441    1694    1688    1559    1000    884     460     
1864   1965 -999999 -999999 -999999 -999999 -999999 1506    -999999 473     361     566     827     1130    1395    1505    1618    1360    1237    -999999 635     
1864   1966 -999999 -999999 -999999 -999999 -999999 1584    1164    428     713     726     882     1164    1549    1598    1603    1542    1252    686     666     
1864   1967 -999999 -999999 -999999 -999999 933     1614    -999999 549     644     815     827     1164    1432    1746    1659    1510    1277    702     428     
1864   1968 -999999 -999999 -999999 -999999 864     1559    1255    450     367     703     798     1070    1450    1562    1658    1532    1394    774     365     
1864   1969 -999999 -999999 -999999 -999999 826     1649    -999999 665     -999999 510     832     1137    1470    1766    1706    1585    1386    -999999 419     
1864   1970 -999999 -999999 -999999 -999999 813     1602    -999999 556     440     466     703     1258    1584    1545    1674    1534    1219    924     500     
1864   1971 -999999 -999999 -999999 -999999 864     1606    -999999 580     582     565     784     1206    1384    1723    1697    1514    1278    700     700     
1864   1972 -999999 -999999 -999999 -999999 935     1508    1114    488     591     757     906     1141    1268    1629    1624    1347    1190    774     748     
1864   1973 -999999 -999999 -999999 -999999 874     1672    -999999 553     520     679     798     1149    1543    1654    1815    1559    1081    -999999 624     
1864   1974 -999999 -999999 -999999 -999999 933     1580    1045    756     -999999 660     934     1188    1463    1610    1660    1404    843     870     845     
1864   1975 -999999 -999999 -999999 -999999 814     1710    -999999 809     579     570     812     1043    1512    1723    1874    1528    1155    777     506     
1864   1976 -999999 -999999 -999999 -999999 896     1831    -999999 632     477     549     841     1283    1706    1928    1847    1500    1308    841     409     
1864   1977 -999999 -999999 -999999 -999999 917     1557    1209    456     699     785     796     1160    1360    1668    1623    1435    1343    828     744     
1864   1978 -999999 -999999 -999999 -999999 872     1543    -999999 477     383     714     720     1189    1446    1579    1599    1556    1299    978     654     
1864   1979 -999999 -999999 -999999 -999999 846     1571    1215    180     272     588     841     1091    1431    1678    1599    1468    1307    831     742     
1864   1980 -999999 -999999 -999999 -999999 921     1541    1159    399     697     641     930     1183    1413    1514    1690    1620    1103    692     599     
1864   1981 -999999 -999999 -999999 -999999 -999999 1540    1184    521     349     861     803     1125    1309    1582    1736    1609    1019    889     368     
1864   1982 -999999 -999999 -999999 -999999 950     1714    -999999 484     -999999 697     916     1233    1630    1792    1720    1606    1178    989     586     
1864   1983 -999999 -999999 -999999 -999999 864     1760    -999999 758     331     681     793     1111    1540    1884    1856    1533    1232    -999999 714     
1864   1984 -999999 -999999 -999999 -999999 810     1620    -999999 614     520     566     839     1026    1444    1654    1757    1487    1261    1042    717     
1864   1985 -999999 -999999 -999999 -999999 -999999 1576    1139    172     -999999 521     902     1243    1403    1696    1615    1545    1263    573     849     
1864   1986 -999999 -999999 -999999 -999999 762     1584    -999999 492     -999999 486     694     1105    1520    1688    1542    1287    1274    934     708     
1864   1987 -999999 -999999 -999999 -999999 855     1583    1198    -999999 442     479     988     1099    1393    1678    1683    1548    1233    800     662     
1864   1988 -999999 -999999 -999999 -999999 -999999 1568    -999999 690     568     732     849     1293    1462    1589    1645    1511    1282    699     832     
1864   1989 -999999 -999999 -999999 -999999 1010    1744    -999999 747     705     858     788     1378    1549    1872    1812    1664    1390    838     715     
1864   1990 -999999 -999999 -999999 -999999 1080    -999999 -999999 805     892     917     929     1380    1423    1704    1846    1493    1365    862     589     
1864   1991 -999999 -999999 -999999 -999999 930     1584    -999999 602     253     823     868     1095    1283    1666    1801    1629    1163    786     634     
1864   1992 -999999 -999999 -999999 -999999 1067    1683    1167    502     616     822     955     1420    1598    1726    1723    1528    1000    966     552     
1864   1993 -999999 -999999 -999999 -999999 1001    1611    -999999 747     -999999 695     1048    1282    1563    1636    1629    1421    1067    -999999 722     
1864   1994 -999999 -999999 -999999 -999999 943     1723    -999999 682     527     840     848     1136    1479    1887    1785    1471    1184    1190    812     
1864   1995 -999999 -999999 -999999 -999999 -999999 1799    -999999 587     800     658     981     1280    1517    1881    1991    1519    1458    947     394     
1864   1996 -999999 -999999 -999999 -999999 801     1629    1170    588     394     518     893     996     1456    1677    1726    1461    1283    764     436     
1864   1997 -999999 -999999 -999999 465     1007    1726    1288    259     711     875     939     1210    1502    1718    1952    1586    1224    1027    731     
1864   1998 -999999 -999999 -999999 -999999 1094    1637    -999999 649     696     890     934     1445    1497    1647    1753    1619    1183    733     713     
1864   1999 -999999 -999999 -999999 -999999 1067    1717    -999999 714     589     807     1015    1376    1511    1866    1760    1721    1245    856     636     
1864   2000 -999999 -999999 -999999 -999999 978     1630    1254    539     726     790     842     1292    1511    1611    1770    1638    1229    884     750     
1864   2001 -999999 -999999 -999999 -999999 966     1701    -999999 528     571     666     904     1306    1504    1800    1794    1489    1508    840     455     
1864   2002 -999999 -999999 -999999 -999999 1050    1683    1313    711     806     867     1019    1266    1520    1699    1826    1617    1224    1087    800     
1864   2003 -999999 -999999 -999999 -999999 1048    1820    1228    530     470     834     983     1305    1672    1828    1954    1561    1097    1023    -999999 
1864   2004 -999999 -999999 -999999 -999999 1000    1726    -999999 673     617     738     984     1286    1615    1700    1859    1617    1284    -999999 635     
1864   2005 1173    -999999 1522    638     977     1739    1340    745     523     704     979     1249    1637    1800    1778    1679    1506    830     594     
1864   2006 1219    771     1589    560     944     1817    1469    568     514     590     962     1282    1621    2044    1779    1835    1514    1056    818     
1864   2007 1212    976     1538    810     1159    1680    1229    831     776     845     1278    1357    1628    1681    1730    1549    1228    909     700     
1864   2008 1170    849     1529    731     1085    1717    1197    821     667     756     987     1510    1612    1769    1766    1513    1158    922     536     
1864   2009 -999999 736     -999999 513     1083    -999999 -999999 419     591     779     1112    1360    1610    -999999 -999999 -999999 -999999 -999999 -999999 
1864   2010 -999999 -999999 -999999 -999999 -999999 -999999 1082    -999999 -999999 -999999 -999999 -999999 -999999 -999999 1633    1445    1150    647     88      
1864   2011 -999999 -999999 -999999 410     -999999 -999999 -999999 504     651     710     1293    -999999 -999999 -999999 -999999 -999999 -999999 -999999 -999999 
