EUROPEAN CLIMATE ASSESSMENT & DATASET (ECA&D), file created on: 10-05-2011
THESE DATA CAN BE USED FREELY PROVIDED THAT THE FOLLOWING SOURCE IS ACKNOWLEDGED: 

Klein Tank, A.M.G. and Coauthors, 2002. Daily dataset of 20th-century surface
air temperature and precipitation series for the European Climate Assessment.
Int. J. of Climatol., 22, 1441-1453.
Data and metadata available at http://eca.knmi.nl

FILE FORMAT (MISSING VALUE CODE = -999999):

THIS FILE HOLDS DATA FOR STATION RUSSIAN FEDERATION                       BUJ                                      (STAID:   1185)
LATITUDE: dd:mm:ss +58:30:00
LONGITUDE: ddd:mm:ss +041:30:00
ELEVATION: m  103

DATA IS FOR INDEX Mean of daily mean temperature (TG) with unit 0.01 Temperature (&#176;C)

01-06 SOUID: Source identifier
08-11 YEAR : YYYY
13-20 ANNUAL DATA VALUES
21-28 WINTER HALF YEAR DATA VALUES
29-36 SUMMER HALF YEAR DATA VALUES
37-44 WINTER (DJF) DATA VALUES
45-52 SPRING (MAM) DATA VALUES
53-60 SUMMER (JJA) DATA VALUES
61-68 AUTUMN (SON) DATA VALUES
69-76 JANUARY DATA VALUES
etc. 
157-164 DECEMBER DATA VALUES

1185   1995 -999999 -999999 -999999 -999999 655     -999999 -999999 -840    -999999 -79     769     1301    1948    1626    1616    1293    529     -999999 -1298   
1185   1996 -999999 -999999 -999999 -999999 293     1655    -999999 -1308   -1216   -397    282     1098    1576    1827    1553    820     394     156     -979    
1185   1997 -999999 -999999 -999999 -1016   -999999 -999999 -999999 -1327   -700    -304    356     953     1739    1732    1554    847     -999999 -999999 -1132   
1185   1998 -999999 -999999 -999999 -999999 -999999 -999999 -999999 -770    -999999 -999999 -999999 1277    1890    1858    1505    1019    487     -703    -718    
1185   1999 -999999 -999999 -999999 -999999 -999999 -999999 322     -987    -842    -431    718     707     1934    2032    1460    1034    722     -841    -407    
1185   2000 -999999 -999999 -999999 -999999 -999999 -999999 -999999 -926    -460    -256    823     865     1565    2047    1541    957     596     -258    -814    
1185   2001 -999999 -999999 -999999 -999999 -999999 -999999 -999999 -683    -1051   -444    888     1038    1602    2127    1484    1211    293     -216    -1351   
1185   2002 -999999 -999999 -999999 -999999 483     -999999 214     -829    -320    -16     462     1021    1560    2156    1509    996     82      -418    -1619   
1185   2003 -999999 -999999 -999999 -999999 -999999 -999999 -999999 -1275   -1114   -435    348     -999999 1188    1992    1676    1051    476     -25     -359    
1185   2004 -999999 -999999 -999999 -999999 442     1687    461     -1023   -954    -38     242     1109    1456    1925    1689    1204    447     -267    -542    
1185   2005 -999999 -999999 -999999 -999999 -999999 -999999 -999999 -508    -1039   -780    461     1370    1542    1871    1586    1113    565     160     -777    
1185   2006 -999999 -999999 -999999 -1200   334     1709    -999999 -1303   -1547   -616    469     1136    1857    1640    1626    1233    378     -158    -999999 
1185   2007 -999999 -999999 -999999 -999999 729     1738    406     -532    -1519   303     477     1382    1414    1855    1947    1060    556     -354    -395    
1185   2008 -999999 -999999 -999999 -556    528     1659    632     -883    -367    -63     650     982     1431    1874    1643    958     786     112     -252    
1185   2009 -999999 -999999 -999999 -576    383     1705    574     -796    -700    -328    222     1309    1683    1824    1607    1299    413     40      -955    
1185   2010 -999999 -999999 -999999 -999999 607     2005    -999999 -1543   -1148   -387    653     1588    1727    2391    1924    1051    305     -75     -1240   
1185   2011 -999999 -999999 -999999 -1241   -999999 -999999 -999999 -1084   -1410   -379    447     -999999 -999999 -999999 -999999 -999999 -999999 -999999 -999999 
