EUROPEAN CLIMATE ASSESSMENT & DATASET (ECA&D), file created on: 10-05-2011
THESE DATA CAN BE USED FREELY PROVIDED THAT THE FOLLOWING SOURCE IS ACKNOWLEDGED: 

Klein Tank, A.M.G. and Coauthors, 2002. Daily dataset of 20th-century surface
air temperature and precipitation series for the European Climate Assessment.
Int. J. of Climatol., 22, 1441-1453.
Data and metadata available at http://eca.knmi.nl

FILE FORMAT (MISSING VALUE CODE = -999999):

THIS FILE HOLDS DATA FOR STATION GREECE                                   CHANIA                                   (STAID:    754)
LATITUDE: dd:mm:ss +35:30:00
LONGITUDE: ddd:mm:ss +024:01:59
ELEVATION: m  151

DATA IS FOR INDEX Mean of daily mean temperature (TG) with unit 0.01 Temperature (&#176;C)

01-06 SOUID: Source identifier
08-11 YEAR : YYYY
13-20 ANNUAL DATA VALUES
21-28 WINTER HALF YEAR DATA VALUES
29-36 SUMMER HALF YEAR DATA VALUES
37-44 WINTER (DJF) DATA VALUES
45-52 SPRING (MAM) DATA VALUES
53-60 SUMMER (JJA) DATA VALUES
61-68 AUTUMN (SON) DATA VALUES
69-76 JANUARY DATA VALUES
etc. 
157-164 DECEMBER DATA VALUES

754    1958 -999999 -999999 -999999 -999999 -999999 -999999 1920    -999999 -999999 -999999 -999999 -999999 -999999 2656    2696    2204    1905    1650    1366    
754    1959 1763    1368    2225    1109    1620    2524    1795    1076    861     1307    1557    1993    2314    2634    2616    2215    1674    1500    1334    
754    1960 1907    1366    2289    1262    1611    2612    2092    1164    1288    1234    1537    2059    2429    2661    2741    2288    2194    1790    1470    
754    1961 1869    1532    2252    1264    1739    2489    1979    1221    1082    1400    1720    2095    2383    2548    2531    2220    1893    1827    1447    
754    1962 1914    1531    2300    1312    1756    2542    2069    1333    1139    1521    1659    2085    2406    2628    2587    2420    1963    1827    1346    
754    1963 1911    1536    2274    1356    1617    2576    2046    1334    1392    1352    1603    1895    2410    2646    2665    2409    2018    1713    1464    
754    1964 1807    1457    2176    1214    1596    2466    1984    1038    1135    1361    1538    1888    2373    2494    2527    2223    2091    1635    1357    
754    1965 1820    1464    2212    1233    1604    2493    1932    1196    1137    1342    1552    1916    2372    2659    2445    2312    1810    1678    1370    
754    1966 1897    1468    2255    1327    1645    2556    2075    1206    1415    1330    1745    1864    2354    2614    2694    2248    2198    1773    1294    
754    1967 1811    1460    2220    1170    1603    2467    1962    1138    1070    1261    1551    1993    2311    2500    2586    2362    1970    1555    1382    
754    1968 1839    1420    2302    1247    1704    2528    1910    1067    1295    1248    1662    2201    2384    2631    2565    2355    1846    1530    1263    
754    1969 1845    1403    2228    1228    1621    2485    1987    1077    1355    1345    1437    2076    2491    2424    2541    2384    1854    1728    1399    
754    1970 1875    1526    2246    1375    1695    2521    1930    1318    1411    1444    1774    1870    2383    2571    2604    2266    1895    1629    1313    
754    1971 1828    1461    2231    1267    1698    2485    1875    1305    1174    1428    1568    2094    2423    2484    2545    2259    1769    1602    1241    
754    1972 1830    1373    2276    1203    1635    2520    1967    1166    1201    1257    1723    1927    2426    2557    2575    2438    1885    1581    1206    
754    1973 1840    1388    2245    1197    1622    2499    1956    1116    1275    1258    1514    2091    2361    2692    2439    2354    2013    1498    1425    
754    1974 1825    1424    2203    1241    1613    2460    2029    1058    1241    1292    1567    1979    2390    2546    2443    2283    2163    1637    1258    
754    1975 1831    1468    2248    1165    1724    2458    1980    1112    1120    1489    1645    2034    2317    2556    2496    2425    1932    1585    1208    
754    1976 1712    1321    2103    1077    1531    2343    1857    1069    944     1171    1525    1896    2189    2445    2390    2160    1891    1518    1312    
754    1977 1832    1439    2245    1302    1650    2533    1887    1154    1456    1305    1565    2076    2384    2643    2567    2218    1724    1724    1145    
754    1978 1803    1397    2198    1195    1648    2454    1816    1113    1341    1342    1585    2014    2398    2537    2424    2220    1856    1371    1397    
754    1979 1852    1443    2214    1312    1652    2504    1959    1215    1324    1483    1548    1923    2413    2533    2563    2294    2005    1576    1313    
754    1980 1821    1403    2189    1170    1585    2480    2049    1119    1071    1318    1530    1905    2337    2567    2531    2246    2110    1788    1305    
754    1981 1845    1477    2229    1147    1681    2502    1979    981     1157    1502    1659    1883    2474    2535    2495    2321    2187    1423    1475    
754    1982 1791    1437    2188    1265    1547    2462    1952    1265    1034    1201    1624    1818    2331    2502    2549    2295    2030    1528    1257    
754    1983 1789    1409    2176    1186    1587    2456    1887    1186    1108    1316    1608    1836    2265    2600    2496    2235    1839    1588    1342    
754    1984 1842    1433    2214    1263    1653    2438    2035    1231    1212    1373    1500    2080    2312    2521    2476    2379    2098    1626    1267    
754    1985 1870    1467    2291    1245    1745    2511    1925    1281    1179    1327    1822    2089    2413    2531    2587    2293    1733    1754    1384    
754    1986 1848    1482    2275    1347    1670    2559    1871    1291    1368    1359    1749    1905    2402    2625    2647    2311    1860    1444    1189    
754    1987 1813    1324    2218    1231    1395    2532    2016    1302    1198    940     1440    1807    2376    2597    2618    2457    1970    1622    1390    
754    1988 1826    1427    2323    1237    1643    2628    1859    1224    1086    1257    1573    2095    2525    2754    2603    2375    1839    1364    1182    
754    1989 1783    1297    2224    1078    1660    2442    1897    938     1118    1326    1798    1862    2289    2500    2531    2357    1794    1543    1310    
754    1990 1837    1358    2243    1141    1673    2488    2034    972     1140    1373    1657    1986    2387    2606    2468    2341    1984    1778    1313    
754    1991 1768    1425    2185    1149    1549    2488    2001    1055    1073    1328    1497    1822    2392    2525    2545    2315    2125    1560    930     
754    1992 1775    1289    2178    951     1529    2484    2065    1040    878     1184    1582    1823    2392    2487    2569    2201    2329    1658    1118    
754    1993 1844    1388    2283    1038    1590    2576    2048    1072    914     1201    1595    1975    2459    2628    2636    2389    2158    1594    1440    
754    1994 1905    1494    2367    1298    1722    2588    2084    1254    1190    1301    1732    2134    2377    2609    2770    2564    2165    1520    1189    
754    1995 1841    1443    2295    1219    1590    2614    1880    1204    1269    1296    1487    1983    2594    2634    2614    2447    1790    1407    1335    
754    1996 1818    1322    2278    1202    1578    2556    1913    1124    1142    1124    1464    2143    2418    2614    2632    2381    1813    1548    1391    
754    1997 1791    1364    2203    1221    1502    2570    1872    1167    1093    1151    1330    2018    2500    2697    2510    2143    1866    1607    1361    
754    1998 1872    1385    2333    1247    1592    2642    2049    1155    1225    1091    1717    1972    2446    2754    2719    2377    2088    1681    1201    
754    1999 1937    1439    2370    1164    1730    2653    2105    1139    1151    1350    1668    2169    2553    2647    2757    2409    2184    1719    1444    
754    2000 1857    1437    2329    1157    1656    2595    2046    956     1065    1237    1697    2036    2402    2780    2596    2446    1929    1765    1349    
754    2001 1925    1527    2380    1262    1783    2696    2011    1264    1165    1660    1617    2066    2506    2826    2749    2500    2005    1529    1094    
754    2002 1884    -999999 2342    1113    1659    2684    2017    997     1260    1380    1578    2017    2502    2860    2686    2392    2004    1656    1239    
754    2003 1881    1369    2355    1151    1555    2725    2080    1323    863     1089    1440    2133    2589    2818    2763    2367    2222    1647    1235    
754    2004 1873    1436    2309    1130    1636    2648    2043    1025    1129    1345    1608    1954    2523    2705    2713    2336    2139    1652    1304    
754    2005 -999999 -999999 -999999 -999999 1676    2578    1899    1151    1041    1389    1595    2037    2334    2722    2663    2393    1853    1499    1385    
754    2006 -999999 1372    -999999 1170    1695    -999999 1900    960     1165    1373    1692    2044    2362    2478    2777    2319    1928    1453    1255    
754    2007 -999999 -999999 -999999 1216    1631    -999999 2019    1259    1127    1338    1546    2038    2613    2702    2717    2367    2004    1661    1234    
754    2008 -999999 -999999 -999999 -999999 -999999 2624    2056    -999999 1022    1557    1793    2054    2458    2702    2709    2370    2014    1776    1366    
754    2009 -999999 -999999 2280    1280    1637    2588    1998    1291    1160    1309    1608    1993    2481    2710    2570    2295    2044    1655    1489    
754    2010 -999999 -999999 2381    1383    1748    2684    2140    1262    1399    1462    1682    2099    2481    2729    2837    2455    2089    1886    1507    
754    2011 -999999 -999999 -999999 1312    -999999 -999999 -999999 1207    1206    1275    1501    -999999 -999999 -999999 -999999 -999999 -999999 -999999 -999999 
