EUROPEAN CLIMATE ASSESSMENT & DATASET (ECA&D), file created on: 10-05-2011
THESE DATA CAN BE USED FREELY PROVIDED THAT THE FOLLOWING SOURCE IS ACKNOWLEDGED: 

Klein Tank, A.M.G. and Coauthors, 2002. Daily dataset of 20th-century surface
air temperature and precipitation series for the European Climate Assessment.
Int. J. of Climatol., 22, 1441-1453.
Data and metadata available at http://eca.knmi.nl

FILE FORMAT (MISSING VALUE CODE = -999999):

THIS FILE HOLDS DATA FOR STATION FINLAND                                  HEINOLA PLAANI                           (STAID:    712)
LATITUDE: dd:mm:ss +61:12:00
LONGITUDE: ddd:mm:ss +026:01:48
ELEVATION: m  100

DATA IS FOR INDEX Mean of daily mean temperature (TG) with unit 0.01 Temperature (&#176;C)

01-06 SOUID: Source identifier
08-11 YEAR : YYYY
13-20 ANNUAL DATA VALUES
21-28 WINTER HALF YEAR DATA VALUES
29-36 SUMMER HALF YEAR DATA VALUES
37-44 WINTER (DJF) DATA VALUES
45-52 SPRING (MAM) DATA VALUES
53-60 SUMMER (JJA) DATA VALUES
61-68 AUTUMN (SON) DATA VALUES
69-76 JANUARY DATA VALUES
etc. 
157-164 DECEMBER DATA VALUES

712    1959 -999999 -999999 -999999 -999999 -999999 1643    424     -999999 -999999 -999999 -999999 918     1499    1764    1661    859     385     28      -745    
712    1960 390     -471    1219    -946    272     1684    349     -1083   -1015   -417    177     1054    1671    1835    1544    1009    234     -191    -198    
712    1961 539     -148    1141    -280    353     1574    638     -475    -155    -106    154     1005    1696    1604    1426    939     849     117     -629    
712    1962 329     -289    1023    -619    133     1312    555     -542    -692    -865    433     842     1202    1458    1273    912     643     108     -876    
712    1963 330     -582    1235    -1091   187     1522    578     -1167   -1244   -995    273     1286    1324    1644    1592    1265    533     -64     -593    
712    1964 385     -362    1094    -683    197     1469    471     -401    -1082   -604    282     915     1418    1587    1402    940     660     -193    -363    
712    1965 334     -288    1063    -588    138     1432    390     -513    -921    -457    251     623     1470    1413    1413    1200    489     -523    -518    
712    1966 248     -657    1075    -1195   195     1560    445     -1565   -1536   -369    12      937     1651    1690    1343    795     414     127     -644    
712    1967 413     -352    1182    -907    431     1546    725     -1308   -754    29      292     966     1339    1628    1663    1177    730     268     -1142   
712    1968 314     -468    1141    -1220   317     1588    278     -1793   -690    -169    366     755     1649    1489    1627    942     164     -267    -328    
712    1969 279     -568    1126    -876    152     1551    440     -1222   -1099   -696    318     839     1475    1625    1549    926     473     -79     -842    
712    1970 319     -534    1128    -1126   250     1597    373     -1129   -1437   -262    107     901     1622    1676    1494    945     344     -168    -398    
712    1971 373     -326    1101    -524    200     1523    306     -368    -836    -577    138     1038    1392    1631    1541    835     346     -264    -494    
712    1972 488     -408    1237    -731    250     1768    457     -1114   -575    -355    173     931     1652    1983    1666    987     423     -39     87      
712    1973 411     -97     1180    -263    385     1698    145     -344    -562    -192    309     1034    1663    1958    1471    614     209     -392    -914    
712    1974 537     -297    1092    -493    237     1502    590     -440    -84     -144    181     672     1421    1612    1471    1182    481     109     -52     
712    1975 553     -26     1198    -243    451     1519    549     -270    -425    -36     258     1125    1309    1718    1522    1232    415     6       -289    
712    1976 234     -450    1035    -838    198     1405    258     -1342   -887    -617    180     1031    1211    1543    1456    760     77      -58     -586    
712    1977 337     -441    1037    -797    277     1429    413     -788    -1039   -296    159     965     1388    1495    1404    786     401     51      -580    
712    1978 234     -441    1065    -927    275     1459    423     -854    -1391   -349    167     1004    1434    1592    1349    821     313     139     -1522   
712    1979 390     -555    1176    -1212   380     1582    452     -979    -1128   -188    163     1159    1598    1532    1616    964     331     66      -565    
712    1980 330     -469    1174    -861    181     1605    379     -1050   -976    -635    465     722     1688    1648    1482    1031    470     -367    -555    
712    1981 391     -394    1137    -596    202     1508    492     -515    -732    -697    158     1142    1374    1739    1406    975     569     -72     -739    
712    1982 422     -382    1105    -931    405     1462    533     -1305   -730    -41     271     980     1118    1697    1560    971     376     256     -168    
712    1983 479     -196    1267    -492    457     1574    459     -334    -1027   -347    523     1196    1427    1772    1519    1146    510     -280    -476    
712    1984 469     -342    1196    -588    426     1467    518     -625    -669    -532    492     1319    1366    1609    1424    941     618     -9      -352    
712    1985 191     -580    1083    -1301   245     1529    433     -1868   -1724   -235    75      890     1359    1600    1622    923     622     -253    -857    
712    1986 358     -468    1147    -1060   451     1594    471     -1044   -1303   -48     249     1145    1675    1748    1363    672     480     261     -1013   
712    1987 188     -647    1013    -1340   150     1369    419     -2095   -866    -640    225     868     1372    1521    1214    861     612     -222    -644    
712    1988 441     -274    1258    -569    311     1720    353     -489    -573    -347    116     1157    1697    2015    1447    1088    410     -441    -831    
712    1989 618     -158    1283    -353    588     1633    513     -136    -63     116     547     1101    1653    1756    1489    1136    445     -40     -631    
712    1990 529     -139    1156    -437    534     1520    341     -694    61      45      608     953     1370    1588    1597    800     466     -248    -226    
712    1991 484     -256    1135    -534    308     1580    562     -563    -841    -182    348     760     1324    1745    1664    944     519     226     -235    
712    1992 505     -24     1199    -309    433     1575    247     -340    -353    26      140     1125    1577    1667    1482    1182    -114    -314    -54     
712    1993 397     -230    1045    -276    475     1375    129     -341    -450    -129    257     1291    1179    1588    1350    569     277     -463    -451    
712    1994 403     -489    1181    -817    317     1583    425     -595    -1468   -328    507     777     1308    1895    1535    1039    428     -194    -215    
712    1995 485     -104    1187    -273    375     1642    459     -430    -162    -61     268     915     1779    1574    1577    994     722     -346    -1044   
712    1996 365     -499    1090    -1007   271     1512    545     -781    -1210   -375    286     902     1366    1456    1709    795     598     239     -661    
712    1997 448     -201    1186    -629    243     1729    370     -702    -512    -182    126     782     1620    1814    1749    1001    214     -99     -495    
712    1998 399     -339    1125    -523    188     1495    382     -325    -772    -592    221     937     1475    1629    1379    1088    476     -421    -394    
712    1999 498     -380    1254    -706    343     1698    613     -815    -932    -247    548     734     1861    1817    1423    1137    615     86      -334    
712    2000 607     -104    1200    -383    470     1559    667     -448    -368    -190    558     1044    1459    1692    1524    901     778     318     -23     
712    2001 -999999 -999999 -999999 -999999 -999999 -999999 -999999 -999999 -999999 -999999 -999999 -999999 -999999 -999999 -999999 -999999 -999999 -999999 -999999 
712    2002 -999999 -999999 -999999 -999999 -999999 -999999 -999999 -999999 -999999 -999999 -999999 -999999 -999999 -999999 -999999 -999999 -999999 -999999 -999999 
712    2003 -999999 -999999 -999999 -999999 -999999 -999999 -999999 -999999 -999999 -999999 -999999 -999999 -999999 -999999 -999999 -999999 -999999 -999999 -999999 
712    2004 -999999 -999999 -999999 -999999 -999999 -999999 -999999 -999999 -999999 -999999 -999999 -999999 -999999 -999999 -999999 -999999 -999999 -999999 -999999 
712    2005 -999999 -999999 -999999 -999999 -999999 -999999 -999999 -999999 -999999 -999999 -999999 -999999 -999999 -999999 -999999 -999999 -999999 -999999 -999999 
712    2006 -999999 -999999 -999999 -999999 -999999 -999999 -999999 -999999 -999999 -999999 -999999 -999999 -999999 -999999 -999999 -999999 -999999 -999999 -999999 
712    2007 -999999 -999999 -999999 -999999 -999999 -999999 -999999 -999999 -999999 -999999 -999999 -999999 -999999 -999999 -999999 -999999 -999999 -999999 -999999 
712    2008 -999999 -999999 1171    -999999 461     1512    578     -999999 -81     -187    548     1024    1422    1648    1464    878     713     158     -72     
712    2009 489     -97     1261    -411    440     1586    535     -528    -656    -243    409     1154    1409    1732    1605    1237    248     129     -751    
712    2010 -999999 -999999 1387    -1083   438     1842    471     -1433   -1039   -340    469     1185    1481    2268    1765    1122    442     -193    -1123   
712    2011 -999999 -999999 -999999 -986    -999999 -999999 -999999 -688    -1188   -242    560     -999999 -999999 -999999 -999999 -999999 -999999 -999999 -999999 
