EUROPEAN CLIMATE ASSESSMENT & DATASET (ECA&D), file created on: 10-05-2011
THESE DATA CAN BE USED FREELY PROVIDED THAT THE FOLLOWING SOURCE IS ACKNOWLEDGED: 

Klein Tank, A.M.G. and Coauthors, 2002. Daily dataset of 20th-century surface
air temperature and precipitation series for the European Climate Assessment.
Int. J. of Climatol., 22, 1441-1453.
Data and metadata available at http://eca.knmi.nl

FILE FORMAT (MISSING VALUE CODE = -999999):

THIS FILE HOLDS DATA FOR STATION FINLAND                                  KANKAANPAA NIINISALO                     (STAID:    713)
LATITUDE: dd:mm:ss +61:49:48
LONGITUDE: ddd:mm:ss +022:28:12
ELEVATION: m  124

DATA IS FOR INDEX Mean of daily mean temperature (TG) with unit 0.01 Temperature (&#176;C)

01-06 SOUID: Source identifier
08-11 YEAR : YYYY
13-20 ANNUAL DATA VALUES
21-28 WINTER HALF YEAR DATA VALUES
29-36 SUMMER HALF YEAR DATA VALUES
37-44 WINTER (DJF) DATA VALUES
45-52 SPRING (MAM) DATA VALUES
53-60 SUMMER (JJA) DATA VALUES
61-68 AUTUMN (SON) DATA VALUES
69-76 JANUARY DATA VALUES
etc. 
157-164 DECEMBER DATA VALUES

713    1959 462     -999999 1126    -999999 417     1578    393     -706    -274    33      353     863     1427    1741    1562    786     398     -6      -681    
713    1960 369     -430    1164    -859    287     1571    310     -985    -916    -411    221     1048    1502    1736    1473    976     167     -210    -223    
713    1961 495     -188    1093    -332    328     1498    619     -548    -214    -102    184     897     1621    1518    1357    961     801     89      -662    
713    1962 287     -297    956     -622    103     1234    469     -564    -640    -827    341     803     1089    1397    1212    877     542     -16     -829    
713    1963 333     -540    1180    -997    218     1479    495     -1002   -1177   -804    249     1210    1304    1564    1563    1164    464     -141    -507    
713    1964 373     -333    1035    -625    232     1390    445     -378    -1016   -456    260     892     1269    1528    1368    872     604     -148    -385    
713    1965 310     -270    1030    -550    153     1371    352     -456    -838    -447    319     594     1396    1386    1333    1146    480     -575    -696    
713    1966 232     -697    1042    -1218   114     1550    393     -1424   -1568   -480    -51     868     1615    1668    1368    760     368     53      -515    
713    1967 362     -320    1078    -791    340     1448    639     -1202   -641    -4      175     844     1259    1534    1545    1086    612     219     -1133   
713    1968 276     -463    1064    -1117   233     1489    205     -1515   -675    -280    328     654     1524    1458    1487    922     33      -335    -302    
713    1969 274     -550    1107    -793    129     1578    360     -1045   -1059   -636    250     777     1463    1606    1662    858     437     -218    -896    
713    1970 299     -564    1093    -1117   226     1555    321     -1094   -1389   -293    59      906     1618    1602    1445    904     329     -271    -358    
713    1971 348     -326    1037    -471    141     1459    243     -376    -702    -610    102     929     1327    1629    1416    790     327     -390    -356    
713    1972 481     -356    1183    -584    241     1701    412     -841    -554    -337    128     928     1610    1898    1592    914     370     -47     69      
713    1973 374     -65     1089    -212    322     1615    84      -279    -450    -89     153     896     1557    1928    1357    611     121     -481    -910    
713    1974 502     -332    1052    -494    236     1433    528     -379    -162    -172    182     695     1406    1473    1419    1124    407     58      -63     
713    1975 513     -48     1126    -229    412     1428    518     -284    -352    -79     267     1042    1190    1627    1460    1145    406     6       -337    
713    1976 243     -402    1009    -738    202     1382    210     -1180   -693    -621    128     1096    1213    1468    1459    658     74      -97     -621    
713    1977 321     -430    977     -755    170     1410    404     -689    -978    -310    -4      819     1401    1449    1381    792     411     10      -524    
713    1978 223     -409    1002    -826    199     1400    375     -705    -1296   -420    73      940     1389    1488    1322    775     269     85      -1344   
713    1979 340     -527    1089    -1116   319     1500    364     -964    -1033   -203    141     1013    1485    1495    1517    854     261     -19     -562    
713    1980 316     -477    1161    -833    177     1593    301     -958    -990    -615    418     737     1640    1716    1426    1015    359     -473    -525    
713    1981 310     -445    1051    -629    158     1404    410     -604    -772    -690    71      1089    1254    1643    1311    910     472     -155    -890    
713    1982 379     -434    1037    -952    288     1439    484     -1247   -695    -105    160     805     1088    1666    1551    921     311     225     -202    
713    1983 434     -187    1169    -443    410     1447    400     -304    -863    -340    491     1080    1301    1640    1396    1085    451     -338    -488    
713    1984 438     -352    1129    -577    383     1408    467     -717    -523    -508    406     1252    1324    1511    1385    873     569     -45     -303    
713    1985 173     -537    1010    -1169   170     1458    389     -1658   -1586   -285    -1      792     1358    1509    1503    872     576     -288    -845    
713    1986 286     -489    1020    -1055   347     1454    424     -1128   -1208   -107    118     1023    1580    1564    1223    585     452     235     -1003   
713    1987 169     -617    920     -1257   91      1262    421     -1856   -875    -652    194     734     1232    1443    1110    791     625     -159    -609    
713    1988 393     -258    1161    -546    221     1620    315     -475    -556    -391    26      1021    1617    1858    1384    1032    376     -465    -747    
713    1989 532     -168    1154    -326    492     1475    439     -134    -73     34      503     937     1457    1573    1394    1046    380     -107    -662    
713    1990 482     -166    1073    -420    430     1449    292     -566    9       -29     485     835     1338    1514    1490    755     437     -319    -204    
713    1991 449     -238    1050    -469    289     1481    489     -450    -784    -164    366     666     1181    1646    1605    812     478     178     -240    
713    1992 450     -32     1083    -286    368     1434    207     -271    -351    0       22      1071    1508    1454    1342    1081    -162    -286    -44     
713    1993 390     -212    1009    -246    489     1297    150     -323    -383    -93     291     1263    1079    1540    1266    579     261     -394    -486    
713    1994 377     -472    1112    -794    270     1516    366     -632    -1315   -345    443     715     1204    1852    1484    951     344     -196    -118    
713    1995 435     -118    1087    -267    315     1499    442     -456    -221    -75     216     802     1595    1466    1438    992     658     -330    -904    
713    1996 351     -440    1047    -859    221     1456    500     -567    -1124   -416    280     799     1270    1403    1689    813     596     87      -682    
713    1997 446     -209    1154    -611    199     1725    350     -608    -535    -136    30      697     1578    1823    1769    1000    169     -113    -398    
713    1998 372     -299    1038    -451    170     1386    365     -337    -637    -507    223     797     1322    1536    1298    1033    462     -403    -405    
713    1999 453     -339    1166    -650    316     1563    603     -751    -809    -175    472     655     1695    1648    1350    1170    540     101     -533    
713    2000 565     -166    1125    -448    377     1460    687     -403    -404    -305    437     1000    1345    1625    1407    917     787     353     -13     
713    2001 427     -92     1189    -395    239     1585    534     -281    -944    -524    471     779     1375    1834    1539    1117    637     -155    -819    
713    2002 455     -200    1291    -531    503     1714    169     -525    -218    -123    520     1112    1536    1804    1797    951     14      -451    -1001   
713    2003 427     -561    1156    -958    346     1593    445     -1164   -681    -90     179     943     1286    1989    1494    1013    201     129     -253    
713    2004 459     -230    1135    -517    405     1426    476     -763    -537    -166    478     904     1169    1556    1545    1140    453     -162    -148    
713    2005 -999999 -217    1178    -319    220     1556    653     -260    -572    -646    400     912     1320    1792    1548    1068    640     263     -462    
713    2006 -999999 -999999 -999999 -599    180     1680    605     -493    -859    -748    314     987     1448    1769    1815    1279    522     63      183     
713    2007 516     -93     1162    -446    512     1554    452     -473    -1113   165     409     959     1438    1599    1622    917     510     -75     72      
713    2008 561     8       -999999 -73     415     1423    508     -174    -116    -180    506     922     1336    1579    1352    827     625     98      -49     
713    2009 451     -119    1183    -390    387     1486    509     -544    -596    -285    410     1038    1313    1600    1539    1174    226     137     -662    
713    2010 321     -463    1249    -947    396     1647    346     -1222   -958    -327    399     1116    1267    2043    1619    1018    416     -398    -1209   
713    2011 -999999 -528    -999999 -1001   -999999 -999999 -999999 -657    -1150   -227    486     -999999 -999999 -999999 -999999 -999999 -999999 -999999 -999999 
