EUROPEAN CLIMATE ASSESSMENT & DATASET (ECA&D), file created on: 10-05-2011
THESE DATA CAN BE USED FREELY PROVIDED THAT THE FOLLOWING SOURCE IS ACKNOWLEDGED: 

Klein Tank, A.M.G. and Coauthors, 2002. Daily dataset of 20th-century surface
air temperature and precipitation series for the European Climate Assessment.
Int. J. of Climatol., 22, 1441-1453.
Data and metadata available at http://eca.knmi.nl

FILE FORMAT (MISSING VALUE CODE = -999999):

THIS FILE HOLDS DATA FOR STATION GERMANY                                  OSNABRUECK (AWST)                        (STAID:    810)
LATITUDE: dd:mm:ss +52:15:00
LONGITUDE: ddd:mm:ss +008:03:00
ELEVATION: m   95

DATA IS FOR INDEX Mean of daily mean temperature (TG) with unit 0.01 Temperature (&#176;C)

01-06 SOUID: Source identifier
08-11 YEAR : YYYY
13-20 ANNUAL DATA VALUES
21-28 WINTER HALF YEAR DATA VALUES
29-36 SUMMER HALF YEAR DATA VALUES
37-44 WINTER (DJF) DATA VALUES
45-52 SPRING (MAM) DATA VALUES
53-60 SUMMER (JJA) DATA VALUES
61-68 AUTUMN (SON) DATA VALUES
69-76 JANUARY DATA VALUES
etc. 
157-164 DECEMBER DATA VALUES

810    1958 901     -999999 1397    -999999 659     1637    1019    125     295     55      591     1331    1480    1687    1740    1534    1053    470     414     
810    1959 1017    478     1565    206     1022    1828    1019    112     80      702     1039    1326    1691    1961    1829    1530    1032    495     339     
810    1960 928     459     1377    244     887     1588    1025    174     216     482     853     1324    1637    1559    1570    1307    1048    718     231     
810    1961 962     561     1423    295     934     1569    1095    82      603     695     1043    1069    1622    1492    1595    1720    1129    433     54      
810    1962 773     371     1244    176     641     1465    882     303     171     118     830     980     1426    1456    1512    1256    1015    369     -192    
810    1963 773     92      1397    -437    843     1639    1021    -684    -434    435     913     1185    1618    1725    1574    1360    891     816     -188    
810    1964 891     301     1485    -27     850     1697    903     -80     203     174     934     1446    1656    1798    1637    1425    750     539     204     
810    1965 826     362     1300    164     774     1505    799     228     50      377     753     1191    1544    1457    1515    1332    932     128     342     
810    1966 915     345     1419    184     905     1628    934     -96     320     435     886     1394    1724    1563    1602    1336    1115    344     325     
810    1967 974     528     1415    353     870     1694    1010    304     438     630     675     1298    1548    1888    1641    1417    1140    467     203     
810    1968 896     419     1427    106     891     1675    1006    22      93      568     1000    1108    1646    1666    1711    1422    1112    480     -100    
810    1969 879     306     1455    55      713     1727    1077    342     -91     58      778     1306    1550    1882    1744    1453    1175    600     -316    
810    1970 867     262     1397    -150    693     1706    1036    -107    -14     216     572     1288    1790    1597    1735    1388    975     746     163     
810    1971 945     428     1439    203     838     1680    929     145     312     226     832     1457    1449    1810    1773    1292    1026    465     505     
810    1972 872     478     1319    248     859     1606    832     -88     333     616     765     1191    1436    1791    1587    1124    834     538     311     
810    1973 933     450     1440    254     783     1780    928     216     234     550     557     1234    1698    1782    1858    1490    834     464     225     
810    1974 969     507     1360    384     881     1582    870     505     426     580     905     1157    1478    1535    1730    1340    645     634     656     
810    1975 990     555     1482    536     772     1819    948     648     278     447     735     1132    1556    1853    2038    1558    819     472     285     
810    1976 948     376     1495    251     767     1832    1013    258     209     206     755     1338    1775    1984    1736    1364    1059    613     50      
810    1977 955     510     1322    225     846     1601    1010    188     461     688     623     1220    1507    1656    1635    1274    1148    604     414     
810    1978 863     501     1298    206     849     1526    965     215     -35     614     691     1237    1481    1567    1530    1267    1040    587     95      
810    1979 826     260     1345    -166    801     1575    939     -352    -248    398     753     1251    1590    1565    1571    1330    983     502     490     
810    1980 872     448     1365    263     776     1586    930     -81     388     405     747     1176    1501    1552    1702    1503    891     399     272     
810    1981 905     422     1442    144     1023    1625    953     90      61      785     869     1410    1500    1679    1693    1484    819     560     -149    
810    1982 1002    326     1516    13      851     1795    1179    -14     223     516     750     1283    1672    1935    1775    1669    1109    760     296     
810    1983 1005    545     1516    279     858     1877    986     549     -39     543     905     1127    1669    2068    1886    1424    1003    532     313     
810    1984 904     427     1334    228     745     1599    1036    239     126     335     795     1105    1375    1594    1820    1295    1107    705     318     
810    1985 827     329     1394    -84     881     1571    843     -458    -115    384     838     1420    1388    1726    1591    1378    980     165     549     
810    1986 885     289     1381    60      827     1676    1013    141     -572    381     648     1446    1650    1751    1627    1142    1109    783     394     
810    1987 830     331     1373    11      701     1567    1038    -493    145     44      1044    1025    1408    1705    1583    1465    1053    595     364     
810    1988 996     556     1431    425     922     1623    956     550     357     407     850     1505    1503    1670    1693    1344    1009    514     512     
810    1989 1061    631     1489    474     1007    1734    1051    418     494     823     723     1467    1644    1816    1740    1526    1173    451     408     
810    1990 1062    674     1450    536     1028    1724    984     486     732     793     839     1448    1563    1703    1902    1221    1181    544     295     
810    1991 935     513     1406    163     903     1682    977     291     -126    835     831     1040    1292    1931    1810    1516    927     490     295     
810    1992 1026    499     1559    319     1011    1841    929     197     474     608     861     1559    1779    1902    1840    1394    706     696     276     
810    1993 909     439     1423    238     1028    1567    737     367     53      509     1123    1455    1598    1595    1510    1246    856     107     417     
810    1994 1036    426     1509    296     947     1850    1012    418     28      681     871     1287    1557    2187    1797    1329    865     848     484     
810    1995 995     561     1525    411     874     1854    1049    199     566     414     899     1311    1487    2072    1992    1361    1275    503     -175    
810    1996 794     244     1377    -175    762     1662    902     -217    -129    193     982     1117    1556    1637    1790    1165    1017    520     -125    
810    1997 982     422     1479    84      914     1813    927     -158    584     712     737     1286    1641    1745    2048    1395    855     534     379     
810    1998 988     579     1442    476     1005    1622    859     433     630     649     914     1450    1581    1615    1668    1410    877     290     307     
810    1999 1073    477     1587    337     1015    1773    1127    461     232     663     984     1397    1550    1990    1770    1816    1000    570     386     
810    2000 1075    576     1505    413     1079    1644    1135    340     520     637     1076    1523    1684    1518    1732    1490    1138    776     450     
810    2001 -999999 -999999 -999999 -999999 -999999 -999999 -999999 -999999 -999999 -999999 -999999 -999999 -999999 -999999 -999999 -999999 -999999 -999999 -999999 
810    2002 -999999 -999999 -999999 -999999 -999999 -999999 -999999 -999999 -999999 -999999 -999999 -999999 -999999 -999999 -999999 -999999 -999999 -999999 -999999 
810    2003 -999999 -999999 -999999 -999999 -999999 -999999 -999999 -999999 -999999 -999999 -999999 -999999 -999999 -999999 -999999 -999999 -999999 -999999 -999999 
810    2004 1019    -999999 1515    -999999 944     1756    1073    218     404     546     1040    1249    1589    1717    1957    1523    1151    542     274     
810    2005 -999999 515     -999999 268     990     1719    1176    405     110     568     1068    1337    1662    1856    1617    1619    1283    622     285     
810    2006 1099    441     1645    138     882     1895    1350    -13     142     302     924     1422    1720    2271    1687    1829    1369    850     617     
810    2007 1109    788     1586    572     1161    1801    986     576     516     772     1278    1435    1838    1794    1772    1389    974     594     338     
810    2008 1046    592     1514    463     975     1799    1004    556     497     588     852     1481    1758    1820    1820    1357    1033    623     197     
810    2009 1053    455     1618    151     1114    1802    1140    -2      271     594     1339    1416    1575    1895    1928    1545    944     937     158     
810    2010 -999999 415     1520    1       898     1885    957     -224    78      579     1020    1098    1727    2190    1733    1340    988     543     -999999 
