EUROPEAN CLIMATE ASSESSMENT & DATASET (ECA&D), file created on: 10-05-2011
THESE DATA CAN BE USED FREELY PROVIDED THAT THE FOLLOWING SOURCE IS ACKNOWLEDGED: 

Klein Tank, A.M.G. and Coauthors, 2002. Daily dataset of 20th-century surface
air temperature and precipitation series for the European Climate Assessment.
Int. J. of Climatol., 22, 1441-1453.
Data and metadata available at http://eca.knmi.nl

FILE FORMAT (MISSING VALUE CODE = -999999):

THIS FILE HOLDS DATA FOR STATION FINLAND                                  LOHJA PORLA                              (STAID:    702)
LATITUDE: dd:mm:ss +60:15:00
LONGITUDE: ddd:mm:ss +024:03:00
ELEVATION: m   37

DATA IS FOR INDEX Mean of daily mean temperature (TG) with unit 0.01 Temperature (&#176;C)

01-06 SOUID: Source identifier
08-11 YEAR : YYYY
13-20 ANNUAL DATA VALUES
21-28 WINTER HALF YEAR DATA VALUES
29-36 SUMMER HALF YEAR DATA VALUES
37-44 WINTER (DJF) DATA VALUES
45-52 SPRING (MAM) DATA VALUES
53-60 SUMMER (JJA) DATA VALUES
61-68 AUTUMN (SON) DATA VALUES
69-76 JANUARY DATA VALUES
etc. 
157-164 DECEMBER DATA VALUES

702    1959 -999999 -999999 -999999 -999999 -999999 1675    540     -999999 -999999 -999999 -999999 980     1485    1765    1768    955     517     149     -486    
702    1960 457     -375    1244    -807    283     1651    511     -971    -975    -508    226     1130    1605    1780    1566    1129    408     0       32      
702    1961 622     22      1178    -116    449     1566    734     -353    -19     56      247     1037    1689    1584    1430    1064    894     239     -442    
702    1962 402     -175    1052    -453    138     1348    625     -383    -543    -839    404     856     1211    1496    1331    998     717     155     -628    
702    1963 400     -474    1271    -952    224     1578    637     -1055   -1197   -889    258     1305    1412    1677    1639    1306    591     16      -375    
702    1964 484     -245    1150    -525    258     1508    620     -274    -952    -514    310     978     1440    1615    1466    1070    757     30      -180    
702    1965 433     -140    1129    -425    236     1471    502     -326    -806    -375    373     715     1527    1448    1438    1264    644     -407    -389    
702    1966 365     -513    1149    -1032   235     1654    575     -1357   -1384   -263    16      945     1681    1800    1480    943     554     227     -382    
702    1967 497     -202    1219    -704    475     1562    830     -1189   -525    85      348     986     1392    1685    1604    1277    860     351     -966    
702    1968 420     -313    1186    -1002   360     1602    441     -1432   -580    -107    403     786     1640    1529    1639    1105    303     -80     -183    
702    1969 388     -412    1209    -663    183     1644    554     -888    -945    -719    357     916     1577    1684    1670    1030    598     32      -738    
702    1970 404     -428    1181    -1013   322     1622    478     -1029   -1301   -201    184     979     1642    1661    1565    1035    462     -61     -209    
702    1971 496     -175    1157    -322    273     1557    444     -265    -511    -497    255     1060    1394    1686    1586    934     511     -114    -167    
702    1972 575     -208    1259    -468    309     1762    559     -810    -423    -255    216     961     1635    1972    1675    1066    497     115     213     
702    1973 514     36      1221    -103    414     1731    291     -131    -421    -101    305     1036    1677    1988    1526    765     310     -202    -655    
702    1974 617     -156    1138    -321    310     1517    683     -250    -31     -98     266     760     1447    1581    1521    1239    561     255     111     
702    1975 662     98      1276    -78     517     1595    668     -88     -278    -5      378     1174    1354    1782    1641    1302    548     159     -94     
702    1976 366     -246    1106    -571    275     1485    382     -984    -639    -481    222     1081    1306    1606    1537    855     191     106     -439    
702    1977 434     -307    1078    -652    321     1466    542     -646    -895    -202    200     962     1449    1480    1468    886     566     171     -329    
702    1978 358     -238    1097    -643    323     1479    546     -536    -1108   -265    223     1007    1452    1573    1412    892     450     298     -1196   
702    1979 454     -407    1182    -1041   396     1583    563     -902    -1024   -107    208     1081    1625    1493    1632    1029    485     178     -350    
702    1980 426     -342    1227    -692    215     1639    502     -882    -854    -644    538     762     1698    1692    1530    1129    542     -167    -268    
702    1981 459     -242    1156    -418    246     1513    593     -411    -593    -585    178     1143    1358    1695    1479    1055    668     53      -603    
702    1982 530     -243    1156    -738    413     1528    681     -1027   -568    0       292     943     1203    1719    1651    1099    553     396     22      
702    1983 585     -33     1297    -293    493     1605    599     -97     -858    -278    567     1192    1403    1790    1616    1192    656     -51     -223    
702    1984 565     -172    1233    -405    454     1512    658     -446    -556    -434    481     1317    1429    1573    1533    1039    761     171     -129    
702    1985 308     -385    1136    -1033   290     1572    573     -1502   -1516   -189    108     944     1408    1640    1663    1026    772     -86     -707    
702    1986 462     -321    1180    -866    445     1621    604     -779    -1139   -59     292     1098    1694    1735    1437    798     609     406     -659    
702    1987 307     -449    1053    -1040   174     1390    589     -1735   -690    -620    270     874     1298    1569    1300    988     719     55      -391    
702    1988 566     -72     1316    -307    370     1761    514     -199    -332    -295    177     1223    1756    2005    1521    1186    568     -215    -640    
702    1989 699     -5      1308    -196    634     1639    637     16      60      180     608     1114    1629    1781    1507    1195    614     104     -458    
702    1990 657     41      1226    -226    628     1578    498     -316    130     186     664     1036    1491    1616    1625    902     605     -17     -75     
702    1991 605     -58     1190    -317    403     1613    686     -273    -634    -8      396     823     1300    1794    1734    1069    657     335     -32     
702    1992 632     128     1265    -117    512     1643    433     -134    -191    122     234     1170    1640    1735    1553    1238    130     -59     106     
702    1993 536     -40     1153    -86     584     1449    310     -126    -255    -58     421     1385    1265    1665    1411    736     437     -246    -273    
702    1994 525     -321    1253    -637    391     1645    575     -357    -1351   -235    540     874     1301    2007    1616    1154    546     25      24      
702    1995 594     49      1247    -111    446     1675    611     -301    -50     39      343     954     1770    1621    1637    1140    839     -154    -744    
702    1996 470     -331    1158    -774    305     1560    679     -576    -1019   -369    330     955     1378    1511    1785    961     718     358     -445    
702    1997 596     -23     1283    -401    358     1818    532     -432    -318    -32     224     879     1675    1887    1888    1115    397     88      -290    
702    1998 533     -109    1183    -271    355     1496    505     -141    -394    -336    341     1061    1443    1633    1411    1193    602     -283    -200    
702    1999 633     -188    1342    -465    452     1761    762     -541    -675    -78     597     843     1822    1897    1566    1320    694     274     -197    
702    2000 704     23      1259    -252    573     1570    793     -280    -281    -81     693     1112    1448    1688    1571    1025    885     466     161     
702    2001 531     44      1269    -246    381     1642    635     -164    -788    -361    573     936     1385    1954    1580    1165    766     -29     -739    
702    2002 536     -93     1339    -441    558     1751    271     -401    -155    -2      530     1144    1575    1845    1827    1085    29      -293    -799    
702    2003 -999999 -999999 -999999 -792    -999999 -999999 -999999 -971    -587    -999999 -999999 -999999 -999999 -999999 -999999 -999999 -999999 -999999 -999999 
702    2004 -999999 -999999 -999999 -999999 -999999 -999999 -999999 -999999 -999999 -999999 -999999 -999999 -999999 -999999 -999999 -999999 -999999 -999999 -999999 
702    2005 -999999 -999999 -999999 -999999 -999999 -999999 -999999 -999999 -999999 -999999 -999999 -999999 -999999 -999999 -999999 -999999 -999999 -999999 -999999 
702    2006 -999999 -999999 -999999 -999999 -999999 -999999 -999999 -999999 -999999 -999999 -999999 -999999 -999999 -999999 -999999 -999999 -999999 -999999 -999999 
702    2007 -999999 -999999 -999999 -999999 -999999 -999999 -999999 -999999 -999999 -999999 -999999 -999999 -999999 -999999 -999999 -999999 -999999 -999999 -999999 
702    2008 -999999 -999999 -999999 -999999 571     1577    690     -999999 62      -23     645     1095    1488    1718    1522    979     833     290     70      
702    2009 581     41      1286    -231    465     1587    663     -321    -465    -204    462     1137    1424    1703    1629    1337    394     266     -454    
702    2010 458     -350    1373    -831    456     1803    523     -1164   -881    -293    472     1189    1464    2187    1745    1149    529     -109    -881    
702    2011 -999999 -378    -999999 -848    -999999 -999999 -999999 -553    -1139   -178    547     -999999 -999999 -999999 -999999 -999999 -999999 -999999 -999999 
