EUROPEAN CLIMATE ASSESSMENT & DATASET (ECA&D), file created on: 10-05-2011
THESE DATA CAN BE USED FREELY PROVIDED THAT THE FOLLOWING SOURCE IS ACKNOWLEDGED: 

Klein Tank, A.M.G. and Coauthors, 2002. Daily dataset of 20th-century surface
air temperature and precipitation series for the European Climate Assessment.
Int. J. of Climatol., 22, 1441-1453.
Data and metadata available at http://eca.knmi.nl

FILE FORMAT (MISSING VALUE CODE = -999999):

THIS FILE HOLDS DATA FOR STATION UKRAINE                                  VLADIMIR-VOLYNSKIJ                       (STAID:   1451)
LATITUDE: dd:mm:ss +50:48:00
LONGITUDE: ddd:mm:ss +024:18:00
ELEVATION: m  193

DATA IS FOR INDEX Mean of daily mean temperature (TG) with unit 0.01 Temperature (&#176;C)

01-06 SOUID: Source identifier
08-11 YEAR : YYYY
13-20 ANNUAL DATA VALUES
21-28 WINTER HALF YEAR DATA VALUES
29-36 SUMMER HALF YEAR DATA VALUES
37-44 WINTER (DJF) DATA VALUES
45-52 SPRING (MAM) DATA VALUES
53-60 SUMMER (JJA) DATA VALUES
61-68 AUTUMN (SON) DATA VALUES
69-76 JANUARY DATA VALUES
etc. 
157-164 DECEMBER DATA VALUES

1451   1995 818     -999999 1508    -999999 810     1850    774     -250    295     322     793     1314    1782    1963    1803    1372    1000    -66     -551    
1451   1996 -999999 -999999 1465    -672    731     1732    898     -718    -764    -353    796     1683    1680    1696    1818    1097    938     648     -435    
1451   1997 -999999 -999999 -999999 -300    746     1778    793     -535    104     291     481     1415    1691    1816    1830    1330    689     326     -241    
1451   1998 -999999 -999999 -999999 -11     851     1786    630     -8      242     133     1012    1372    1823    1871    1660    1316    760     -257    -424    
1451   1999 -999999 -999999 -999999 -249    -999999 1919    845     -106    -203    443     1022    1198    1995    2037    1735    1509    883     165     -48     
1451   2000 -999999 -999999 -999999 -54     1014    1755    1002    -262    163     353     1192    1481    1706    1720    1837    1148    1106    739     221     
1451   2001 -999999 -999999 -999999 0       -999999 1828    845     -64     -180    301     949     1428    1525    2088    1879    1307    1088    123     -671    
1451   2002 -999999 -999999 -999999 -172    1030    1920    847     -152    399     534     893     1639    1713    2118    1916    1290    757     500     -774    
1451   2003 -999999 -999999 -999999 -999999 826     1850    819     -342    -771    139     690     1621    1696    1981    1867    1313    613     547     56      
1451   2004 -999999 -999999 -999999 -230    732     1748    893     -562    -172    234     815     1182    1574    1856    1808    1334    1009    364     124     
1451   2005 -999999 -999999 -999999 -111    753     1784    876     -46     -431    -71     917     1340    1605    1982    1765    1403    940     286     -61     
1451   2006 -999999 -999999 -999999 -472    719     1836    -999999 -808    -570    -164    948     1389    1667    2009    1832    1503    1098    565     298     
1451   2007 -999999 -999999 -999999 -999999 -999999 1911    759     259     -181    654     832     1568    1863    1938    1931    1325    864     110     -108    
1451   2008 -999999 -999999 1515    23      908     1825    939     -17     213     443     973     1312    1699    1851    1919    1298    1057    469     51      
1451   2009 -999999 -999999 1537    -999999 819     1816    932     -289    -121    180     996     1286    1702    1954    1786    1489    789     529     -143    
1451   2010 817     -999999 1625    -424    939     2006    831     -821    -286    317     947     1533    1861    2143    2010    1242    581     673     -440    
1451   2011 -999999 74      -999999 -346    -999999 -999999 -999999 -171    -435    225     980     -999999 -999999 -999999 -999999 -999999 -999999 -999999 -999999 
