EUROPEAN CLIMATE ASSESSMENT & DATASET (ECA&D), file created on: 10-05-2011
THESE DATA CAN BE USED FREELY PROVIDED THAT THE FOLLOWING SOURCE IS ACKNOWLEDGED: 

Klein Tank, A.M.G. and Coauthors, 2002. Daily dataset of 20th-century surface
air temperature and precipitation series for the European Climate Assessment.
Int. J. of Climatol., 22, 1441-1453.
Data and metadata available at http://eca.knmi.nl

FILE FORMAT (MISSING VALUE CODE = -999999):

THIS FILE HOLDS DATA FOR STATION NORWAY                                   FOKSTUA                                  (STAID:    330)
LATITUDE: dd:mm:ss +62:07:00
LONGITUDE: ddd:mm:ss +009:16:59
ELEVATION: m  952

DATA IS FOR INDEX Mean of daily mean temperature (TG) with unit 0.01 Temperature (&#176;C)

01-06 SOUID: Source identifier
08-11 YEAR : YYYY
13-20 ANNUAL DATA VALUES
21-28 WINTER HALF YEAR DATA VALUES
29-36 SUMMER HALF YEAR DATA VALUES
37-44 WINTER (DJF) DATA VALUES
45-52 SPRING (MAM) DATA VALUES
53-60 SUMMER (JJA) DATA VALUES
61-68 AUTUMN (SON) DATA VALUES
69-76 JANUARY DATA VALUES
etc. 
157-164 DECEMBER DATA VALUES

330    1937 26      -999999 797     -999999 -54     1156    97      -951    -1272   -929    82      690     816     1401    1240    524     328     -569    -1147   
330    1938 126     -465    626     -809    -8      980     219     -742    -508    -162    -174    305     678     1158    1095    672     187     -201    -841    
330    1939 -2      -491    628     -775    -200    1009    13      -1049   -400    -627    -284    310     767     1022    1230    700     -228    -426    -1049   
330    1940 -169    -900    516     -1276   -254    863     -52     -1314   -1478   -930    -346    512     903     955     734     318     -39     -436    -958    
330    1941 -153    -831    563     -1231   -330    994     -121    -1474   -1264   -843    -380    230     867     1305    806     530     -222    -667    -803    
330    1942 -159    -963    536     -1319   -242    830     25      -1884   -1265   -955    -51     286     638     907     937     478     -58     -341    -669    
330    1943 20      -545    576     -852    -31     893     48      -1347   -507    -335    -142    381     856     1073    750     520     210     -591    -659    
330    1944 -27     -549    503     -728    -348    934     -8      -708    -824    -744    -345    43      614     1132    1047    501     151     -682    -557    
330    1945 20      -574    650     -900    4       1046    12      -1342   -789    -251    -77     338     821     1200    1109    484     49      -500    -865    
330    1946 -12     -704    638     -1025   -76     927     48      -1035   -1193   -722    3       493     747     1125    904     539     -56     -336    -690    
330    1947 -94     -853    781     -1203   -214    1174    -60     -1097   -1888   -1134   -224    716     1059    1163    1297    645     -6      -822    -984    
330    1948 30      -695    618     -1070   95      917     -48     -1300   -917    -162    24      421     760     1161    825     498     -245    -389    -349    
330    1949 68      -475    644     -478    -129    865     168     -555    -537    -779    -58     452     771     998     823     869     89      -450    -840    
330    1950 -46     -597    575     -907    -112    921     -31     -1005   -873    -526    -148    337     771     958     1028    481     13      -588    -1064   
330    1951 -68     -808    503     -1090   -372    825     129     -1248   -943    -1025   -368    277     661     805     1003    620     185     -421    -425    
330    1952 -167    -597    475     -814    -161    742     -286    -1228   -786    -915    48      391     586     908     725     174     -180    -855    -896    
330    1953 114     -656    637     -902    -3      1034    197     -814    -1006   -227    -195    407     1238    1003    868     489     274     -174    -571    
330    1954 -90     -597    565     -1019   -109    876     -98     -1133   -1388   -650    -293    612     790     948     888     423     -125    -591    -658    
330    1955 -106    -738    550     -950    -420    1023    34      -842    -1393   -878    -413    31      600     1279    1177    600     -178    -312    -1042   
330    1956 -127    -766    480     -1149   -221    755     -21     -1148   -1266   -665    -395    393     633     988     642     602     -67     -597    -688    
330    1957 -18     -599    494     -784    -178    847     16      -665    -1024   -596    -177    238     587     1067    878     347     77      -378    -659    
330    1958 -138    -800    524     -1091   -491    868     285     -1222   -1424   -1238   -336    106     760     921     921     761     247     -152    -1070   
330    1959 70      -516    643     -962    0       989     120     -1133   -654    -334    -75     406     822     1134    1005    547     131     -317    -742    
330    1960 -102    -673    622     -1090   -97     955     -109    -1293   -1244   -597    -227    530     964     947     955     543     -274    -592    -970    
330    1961 27      -660    557     -933    -75     844     269     -1262   -529    -318    -267    352     861     930     741     712     408     -317    -1015   
330    1962 -148    -598    392     -858    -418    689     -21     -775    -777    -1123   -283    156     541     849     672     402     218     -691    -1002   
330    1963 -37     -782    652     -1169   -103    977     32      -1112   -1418   -743    -84     519     988     954     989     527     127     -563    -729    
330    1964 -29     -564    515     -726    -131    755     -1      -672    -781    -779    -96     484     678     799     785     420     64      -489    -791    
330    1965 -122    -619    516     -838    -253    799     14      -1033   -674    -793    -152    190     781     797     820     651     269     -887    -1460   
330    1966 -175    -954    489     -1509   -323    955     -43     -1539   -1531   -627    -655    304     1079    945     845     393     23      -547    -892    
330    1967 -49     -644    512     -968    -200    845     120     -1225   -766    -465    -368    227     683     931     916     662     -49     -247    -932    
330    1968 -78     -673    569     -1042   -233    948     -50     -1141   -1053   -630    -187    121     914     933     994     628     -117    -661    -769    
330    1969 -17     -749    693     -961    -186    1121    -22     -824    -1324   -852    -130    425     1083    990     1290    478     186     -736    -891    
330    1970 -56     -752    586     -1088   -228    1010    -48     -1110   -1282   -729    -422    461     1192    841     1002    424     72      -645    -569    
330    1971 48      -499    545     -570    -171    837     8       -573    -567    -726    -248    460     646     938     920     528     72      -579    -349    
330    1972 50      -547    591     -781    -71     976     40      -1095   -908    -450    -216    447     814     1254    854     364     157     -404    -267    
330    1973 44      -290    525     -448    -87     957     -135    -404    -696    -170    -429    328     886     1152    831     360     -103    -665    -635    
330    1974 94      -464    594     -523    32      814     -13     -425    -507    -461    64      494     801     764     877     551     -122    -466    -482    
330    1975 119     -436    585     -495    -191    987     163     -571    -426    -550    -377    347     672     1143    1136    558     132     -199    -486    
330    1976 -45     -506    558     -711    -223    961     -54     -942    -704    -841    -334    502     760     1043    1075    270     -14     -418    -959    
330    1977 -34     -672    474     -1075   -175    870     73      -1118   -1156   -403    -493    361     752     942     913     344     260     -391    -512    
330    1978 -59     -530    533     -806    -183    919     65      -774    -1165   -654    -352    452     920     960     878     320     177     -305    -1248   
330    1979 -92     -698    508     -1172   -191    878     -26     -1310   -934    -579    -179    185     999     840     800     395     42      -517    -892    
330    1980 -12     -671    698     -935    -98     1023    -125    -1059   -850    -755    -60     521     1040    1130    899     642     -221    -793    -660    
330    1981 -84     -692    573     -798    -153    817     16      -807    -943    -755    -255    548     639     976     830     677     -45     -582    -1350   
330    1982 50      -664    579     -1014   -57     926     58      -1092   -557    -347    -165    339     650     1121    997     506     84      -416    -569    
330    1983 64      -454    593     -627    -83     914     43      -541    -786    -526    -160    433     720     1083    933     523     40      -433    -587    
330    1984 49      -586    632     -782    -44     900     87      -1076   -676    -785    57      599     763     941     991     421     140     -300    -508    
330    1985 -89     -576    531     -884    -167    913     -73     -1121   -1038   -667    -342    502     839     1003    895     263     361     -859    -992    
330    1986 -44     -705    516     -1122   -103    922     57      -1244   -1132   -410    -415    505     1093    989     690     212     135     -178    -847    
330    1987 -57     -639    484     -976    -217    761     65      -1252   -812    -882    -6      244     619     943     715     376     231     -418    -488    
330    1988 69      -461    658     -604    -213    1058    45      -630    -699    -777    -400    532     1127    1127    922     620     -3      -479    -540    
330    1989 136     -327    558     -385    -56     864     169     -186    -434    -334    -168    331     821     1000    768     584     116     -190    -717    
330    1990 174     -296    616     -493    67      942     77      -498    -239    -239    -104    537     916     954     956     420     207     -401    -459    
330    1991 91      -395    576     -653    -39     947     75      -560    -972    -239    -100    220     538     1248    1041    479     33      -285    -408    
330    1992 95      -290    603     -384    -4      897     -110    -300    -449    -343    -301    622     1053    863     779     589     -404    -505    -479    
330    1993 -15     -482    511     -501    21      723     -152    -559    -460    -486    -55     601     576     900     690     330     -88     -700    -962    
330    1994 1       -743    587     -1026   -145    972     31      -880    -1258   -619    -90     275     605     1370    929     410     -72     -240    -513    
330    1995 24      -451    544     -606    -234    933     120     -673    -635    -582    -344    220     824     1006    965     573     298     -517    -897    
330    1996 -40     -600    564     -916    -171    935     -66     -816    -1044   -647    -10     148     762     850     1187    430     164     -799    -749    
330    1997 84      -507    642     -649    -230    1169    -17     -535    -663    -485    -385    174     882     1274    1340    536     -151    -431    -613    
330    1998 13      -468    540     -534    -154    784     -59     -567    -409    -629    -245    410     705     898     746     714     -113    -777    -606    
330    1999 89      -560    662     -664    -66     926     274     -729    -657    -492    47      251     832     1080    862     895     14      -78     -991    
330    2000 121     -463    596     -717    -21     820     264     -525    -629    -571    -70     577     611     994     847     594     348     -154    -597    
330    2001 4       -494    574     -778    -228    902     163     -624    -1150   -839    -248    402     716     1059    925     565     316     -398    -773    
330    2002 100     -407    816     -646    112     1142    -141    -561    -599    -446    162     623     963     1083    1373    672     -282    -808    -1029   
330    2003 138     -606    682     -765    7       1075    47      -665    -584    -276    -8      304     957     1305    959     558     -146    -263    -538    
330    2004 99      -493    663     -713    50      934     78      -1038   -551    -416    119     450     732     958     1105    597     50      -412    -424    
330    2005 112     -422    596     -529    -139    926     255     -446    -737    -597    -18     201     695     1192    882     608     289     -134    -656    
330    2006 149     -471    719     -666    -308    1135    241     -637    -710    -993    -266    337     912     1291    1194    820     121     -214    -133    
330    2007 75      -358    616     -597    2       1010    5       -664    -1036   -283    -31     317     1049    1039    943     362     164     -516    -529    
330    2008 76      -464    626     -568    -144    972     85      -677    -494    -735    -117    419     797     1221    892     523     39      -305    -672    
330    2009 82      -457    698     -684    103     958     15      -628    -759    -442    239     515     788     1103    978     550     -165    -335    -907    
330    2010 -97     -691    620     -1086   -75     999     -122    -1191   -1168   -417    -96     287     768     1188    1034    519     56      -948    -1285   
330    2011 -999999 -999999 -999999 -999999 -999999 -999999 -999999 -635    -999999 -532    310     -999999 -999999 -999999 -999999 -999999 -999999 -999999 -999999 
