EUROPEAN CLIMATE ASSESSMENT & DATASET (ECA&D), file created on: 10-05-2011
THESE DATA CAN BE USED FREELY PROVIDED THAT THE FOLLOWING SOURCE IS ACKNOWLEDGED: 

Klein Tank, A.M.G. and Coauthors, 2002. Daily dataset of 20th-century surface
air temperature and precipitation series for the European Climate Assessment.
Int. J. of Climatol., 22, 1441-1453.
Data and metadata available at http://eca.knmi.nl

FILE FORMAT (MISSING VALUE CODE = -999999):

THIS FILE HOLDS DATA FOR STATION SWEDEN                                   GOTSKA SANDON                            (STAID:    342)
LATITUDE: dd:mm:ss +58:24:00
LONGITUDE: ddd:mm:ss +019:12:00
ELEVATION: m   11

DATA IS FOR INDEX Mean of daily mean temperature (TG) with unit 0.01 Temperature (&#176;C)

01-06 SOUID: Source identifier
08-11 YEAR : YYYY
13-20 ANNUAL DATA VALUES
21-28 WINTER HALF YEAR DATA VALUES
29-36 SUMMER HALF YEAR DATA VALUES
37-44 WINTER (DJF) DATA VALUES
45-52 SPRING (MAM) DATA VALUES
53-60 SUMMER (JJA) DATA VALUES
61-68 AUTUMN (SON) DATA VALUES
69-76 JANUARY DATA VALUES
etc. 
157-164 DECEMBER DATA VALUES

342    1961 775     -999999 1169    -999999 526     1486    980     54      150     293     450     834     1473    1504    1482    1264    1155    517     81      
342    1962 613     275     1026    50      274     1348    786     100     -38     -189    377     637     1196    1442    1399    1090    870     396     30      
342    1963 613     33      1197    -241    276     1547    837     -313    -461    -357    212     972     1362    1612    1662    1340    761     413     83      
342    1964 663     158     1151    -38     381     1496    788     35      -244    -117    369     891     1374    1625    1486    1145    834     385     134     
342    1965 609     196     1070    -6      283     1394    804     34      -206    -35     301     584     1281    1452    1446    1352    905     169     -10     
342    1966 579     0       1109    -349    250     1562    793     -354    -720    -56     74      725     1484    1711    1489    1150    797     431     115     
342    1967 707     224     1157    -48     434     1512    976     -242    -14     243     326     729     1233    1665    1630    1341    1022    564     -61     
342    1968 693     218     1225    -144    440     1601    818     -235    -134    138     467     716     1524    1542    1734    1358    738     361     83      
342    1969 609     62      1175    -137    190     1628    811     -141    -376    -326    284     614     1365    1757    1753    1259    805     369     -124    
342    1970 552     -13     1086    -399    245     1477    782     -344    -764    -83     174     640     1357    1503    1566    1260    792     295     126     
342    1971 680     199     1130    69      353     1482    760     88      -16     -110    285     883     1214    1620    1604    1149    843     285     258     
342    1972 716     197     1189    -1      348     1653    805     -227    -36     48      310     685     1425    1874    1652    1166    757     494     418     
342    1973 734     374     1227    233     513     1671    641     160     109     283     354     897     1513    1899    1596    1079    599     247     22      
342    1974 740     203     1140    87      397     1458    893     106     137     105     379     705     1281    1515    1573    1372    765     547     352     
342    1975 834     376     1277    261     478     1622    974     295     124     155     378     898     1319    1710    1826    1509    889     528     321     
342    1976 607     240     1090    41      315     1446    730     -149    -54     -107    255     795     1160    1538    1632    1135    617     441     0       
342    1977 628     143     1023    -88     334     1378    815     -32     -247    54      234     710     1275    1355    1500    1045    854     544     179     
342    1978 614     227     1076    -14     303     1487    798     57      -307    -5      203     707     1347    1525    1585    1066    752     578     -209    
342    1979 606     70      1123    -296    331     1508    754     -319    -366    -40     183     845     1468    1493    1563    1170    690     404     116     
342    1980 620     90      1155    -115    250     1541    783     -151    -323    -213    310     656     1405    1643    1570    1336    779     234     165     
342    1981 634     174     1112    23      396     1421    787     -59     -44     -52     264     971     1173    1575    1508    1158    832     370     -140    
342    1982 705     136     1147    -176    407     1514    912     -203    -186    119     300     797     1200    1624    1707    1228    874     637     292     
342    1983 749     364     1208    182     458     1550    839     302     -74     122     391     861     1229    1699    1712    1335    859     322     161     
342    1984 735     216     1185    45      444     1515    904     43      -77     -28     427     931     1292    1541    1705    1189    1017    502     235     
342    1985 530     116     1055    -264    266     1447    743     -362    -707    -55     143     707     1176    1570    1586    1124    842     261     -22     
342    1986 633     96      1108    -196    385     1498    793     -125    -469    40      189     920     1378    1635    1477    1028    776     574     88      
342    1987 510     49      949     -224    142     1256    823     -580    -176    -395    249     575     1012    1426    1321    1096    917     453     182     
342    1988 702     296     1193    137     383     1541    776     149     75      -8      260     894     1283    1787    1545    1366    755     208     73      
342    1989 834     325     1252    226     586     1559    936     305     306     295     476     982     1391    1709    1570    1365    945     496     127     
342    1990 829     431     1221    249     628     1545    833     250     384     379     584     920     1391    1544    1696    1176    868     453     275     
342    1991 764     339     1163    159     441     1537    891     222     -40     220     421     682     1086    1725    1784    1259    877     537     319     
342    1992 804     417     1263    272     550     1635    755     293     201     268     361     1013    1551    1705    1645    1284    564     423     317     
342    1993 718     309     1156    217     613     1430    644     213     110     209     451     1175    1240    1567    1476    1000    734     193     194     
342    1994 732     155     1225    -29     418     1615    857     55      -371    77      468     711     1185    1899    1747    1320    762     493     346     
342    1995 736     355     1168    214     444     1544    872     80      216     221     378     730     1346    1566    1715    1257    1029    324     -70     
342    1996 632     124     1103    -179    288     1517    866     -101    -380    -84     371     581     1223    1459    1861    1106    933     558     20      
342    1997 780     306     1294    65      383     1784    820     58      123     136     277     731     1442    1838    2061    1391    683     390     182     
342    1998 692     282     1119    189     418     1388    765     199     186     46      394     815     1193    1501    1463    1336    786     172     176     
342    1999 810     228     1305    71      472     1680    1002    47      -19     183     485     747     1480    1867    1688    1552    928     530     173     
342    2000 841     361     1201    173     581     1481    1029    174     171     184     586     973     1288    1530    1619    1192    1134    758     453     
342    2001 763     416     1250    195     438     1634    915     200     -98     10      469     836     1299    1894    1699    1282    1015    444     39      
342    2002 809     346     1393    130     579     1798    766     130     230     213     483     1039    1564    1819    2002    1427    578     298     -116    
342    2003 752     95      1265    -136    405     1694    878     -88     -211    85      244     881     1390    1898    1784    1368    702     570     321     
342    2004 762     274     1256    83      506     1583    873     -91     14      119     474     924     1309    1607    1824    1378    875     367     315     
342    2005 782     273     1269    179     398     1620    971     232     -31     -148    443     902     1353    1834    1665    1399    974     541     161     
342    2006 844     215     1368    -20     370     1762    1117    -84     -151    -175    395     892     1443    1964    1870    1626    1159    566     544     
342    2007 810     460     1264    220     599     1616    850     244     -164    354     496     944     1467    1625    1751    1286    859     404     375     
342    2008 855     409     1284    317     586     1642    894     259     316     233     551     973     1496    1750    1675    1239    962     477     300     
342    2009 788     320     1319    114     572     1618    911     65      -38     124     611     981     1277    1781    1784    1461    712     567     75      
342    2010 679     135     1312    -165    421     1766    783     -305    -275    12      401     849     1359    2103    1822    1309    734     324     -231    
342    2011 -999999 86      -999999 -208    -999999 -999999 -999999 -56     -350    60      517     -999999 -999999 -999999 -999999 -999999 -999999 -999999 -999999 
