EUROPEAN CLIMATE ASSESSMENT & DATASET (ECA&D), file created on: 10-05-2011
THESE DATA CAN BE USED FREELY PROVIDED THAT THE FOLLOWING SOURCE IS ACKNOWLEDGED: 

Klein Tank, A.M.G. and Coauthors, 2002. Daily dataset of 20th-century surface
air temperature and precipitation series for the European Climate Assessment.
Int. J. of Climatol., 22, 1441-1453.
Data and metadata available at http://eca.knmi.nl

FILE FORMAT (MISSING VALUE CODE = -999999):

THIS FILE HOLDS DATA FOR STATION FINLAND                                  SODANKYLA                                (STAID:     30)
LATITUDE: dd:mm:ss +67:22:00
LONGITUDE: ddd:mm:ss +026:39:00
ELEVATION: m  179

DATA IS FOR INDEX Mean of daily mean temperature (TG) with unit 0.01 Temperature (&#176;C)

01-06 SOUID: Source identifier
08-11 YEAR : YYYY
13-20 ANNUAL DATA VALUES
21-28 WINTER HALF YEAR DATA VALUES
29-36 SUMMER HALF YEAR DATA VALUES
37-44 WINTER (DJF) DATA VALUES
45-52 SPRING (MAM) DATA VALUES
53-60 SUMMER (JJA) DATA VALUES
61-68 AUTUMN (SON) DATA VALUES
69-76 JANUARY DATA VALUES
etc. 
157-164 DECEMBER DATA VALUES

30     1908 -999999 -999999 -999999 -999999 -232    1145    -185    -1466   -1486   -928    -68     342     930     1333    1176    521     117     -1217   -794    
30     1909 -999999 -999999 629     -1010   -547    1183    -999999 -828    -1472   -1150   -597    81      885     1488    1166    682     178     -999999 -1203   
30     1910 -999999 -999999 -999999 -999999 -999999 -999999 -999999 -999999 -999999 -999999 -999999 -999999 -999999 -999999 -999999 -999999 -999999 -999999 -999999 
30     1911 -999999 -999999 -999999 -999999 -208    1130    -999999 -1080   -999999 -765    -367    449     854     1276    1254    639     -324    -999999 -675    
30     1912 -999999 -999999 571     -999999 -400    1113    -999999 -1982   -2371   -830    -620    243     1108    1138    1093    453     -360    -765    -1255   
30     1913 -999999 -999999 -999999 -1433   -345    1137    -142    -1721   -1286   -1070   -201    271     892     1441    1079    558     -456    -540    -1416   
30     1914 -137    -999999 710     -1527   -305    1184    -93     -1718   -1443   -1053   -153    295     1159    1420    973     549     -70     -760    -974    
30     1915 -405    -1042   602     -1320   -533    1112    -383    -1684   -1300   -1490   -276    174     743     1634    981     388     -191    -1354   -2435   
30     1916 -177    -1268   596     -1602   -522    1144    -158    -1191   -1149   -1280   -396    114     974     1576    877     403     -482    -386    -1210   
30     1917 -999999 -999999 -999999 -999999 -725    1281    -16     -1754   -999999 -1629   -541    26      1277    1130    1435    476     181     -783    -1505   
30     1918 -999999 -999999 -999999 -1731   -999999 1089    136     -2308   -1329   -999999 -999999 318     1049    1388    828     521     95      -207    -1004   
30     1919 -224    -887    749     -1381   -383    1294    -296    -1167   -2037   -1093   -557    495     1257    1572    1051    645     -306    -1227   -1469   
30     1920 74      -979    888     -1374   172     1240    68      -1560   -1073   -254    22      745     1098    1460    1157    824     -197    -413    -955    
30     1921 -140    -900    833     -1398   67      1184    -328    -1807   -1435   -627    159     671     1170    1171    1211    597     -360    -1221   -1295   
30     1922 -158    -1174   833     -1469   -251    1284    -105    -1525   -1599   -1085   -250    583     1317    1443    1093    794     -218    -886    -1646   
30     1923 -130    -961    556     -1333   -313    992     -45     -910    -1455   -699    -512    264     790     1320    858     591     36      -764    -1186   
30     1924 -99     -993    703     -1383   -399    1204    57      -1283   -1701   -1097   -449    348     756     1479    1363    684     303     -815    -844    
30     1925 -127    -737    788     -835    -362    1281    -359    -584    -1102   -1386   -127    434     1020    1681    1135    553     -338    -1294   -1585   
30     1926 -203    -999999 652     -1631   -304    1159    -151    -1684   -1625   -780    -505    352     1003    1264    1206    563     -415    -594    -1425   
30     1927 -200    -1016   722     -1390   -353    1323    -458    -1530   -1195   -944    -324    211     1140    1610    1213    456     -458    -1374   -1288   
30     1928 -144    -1008   659     -1195   -163    1078    -314    -1131   -1163   -638    -247    394     919     1169    1140    554     -374    -1118   -1273   
30     1929 -96     -1158   584     -1525   -406    1045    134     -1440   -1897   -915    -827    509     990     1107    1037    660     81      -339    -265    
30     1930 -20     -635    796     -835    -211    1316    -75     -902    -1393   -1058   -159    584     1135    1414    1393    377     5       -610    -1174   
30     1931 -56     -909    678     -1265   -251    1138    -12     -1454   -1154   -1092   -231    572     694     1531    1175    286     -101    -218    -759    
30     1932 8       -677    712     -943    -267    1208    -63     -823    -1269   -916    -128    249     950     1470    1196    513     -231    -473    -509    
30     1933 -142    -844    695     -1090   -450    1294    -126    -1006   -1826   -1083   -463    196     1216    1565    1098    528     -47     -863    -1152   
30     1934 78      -799    849     -1047   -172    1281    141     -600    -1427   -765    -436    677     959     1632    1242    989     68      -632    -902    
30     1935 -55     -830    632     -1186   -341    1148    111     -1292   -1381   -886    -297    163     1058    1375    1009    465     82      -214    -834    
30     1936 -58     -954    868     -1480   -253    1399    -20     -1540   -2106   -1163   -268    672     1478    1436    1285    578     -260    -370    -518    
30     1937 74      -777    982     -1024   -42     1496    94      -915    -1706   -973    151     704     1377    1611    1495    527     159     -406    -1265   
30     1938 233     -636    908     -1008   -65     1409    324     -1089   -635    -573    -124    499     1213    1718    1291    826     305     -157    -532    
30     1939 -88     -605    666     -977    -349    1238    -22     -1321   -1090   -869    -474    291     1012    1377    1317    437     -156    -343    -1305   
30     1940 -222    -1163   778     -1659   -394    1208    -43     -1860   -1822   -1509   -434    759     1170    1291    1163    691     25      -848    -1347   
30     1941 -346    -1184   655     -1659   -549    1250    -263    -2099   -1518   -1341   -552    245     888     1722    1126    464     -504    -739    -1908   
30     1942 -257    -1395   686     -1894   -511    1191    -81     -2139   -1605   -1473   -357    302     1025    1389    1155    574     -133    -681    -1213   
30     1943 74      -850    821     -1261   -64     1312    87      -1730   -794    -539    -193    536     1244    1536    1155    622     -18     -339    -646    
30     1944 -999999 -662    -999999 -940    -357    1130    -999999 -1191   -986    -802    -548    273     1007    1302    1076    -999999 -999999 -999999 -538    
30     1945 -164    -999999 771     -1005   -297    1282    -293    -1497   -978    -1121   -100    335     944     1524    1369    524     -519    -875    -1610   
30     1946 -40     -1144   799     -1455   -325    1283    -105    -1022   -1764   -1125   -253    406     1147    1542    1155    771     -215    -866    -395    
30     1947 -139    -1026   862     -1178   -443    1376    -24     -1107   -2123   -1549   -242    466     1420    1531    1178    801     30      -906    -1308   
30     1948 -3      -966    811     -1410   -16     1156    30      -1773   -1132   -715    22      646     1140    1388    940     712     -19     -603    -671    
30     1949 64      -661    770     -817    -141    1079    192     -1016   -757    -908    -147    630     956     1219    1058    884     -67     -232    -893    
30     1950 -29     -891    823     -1438   -92     1253    133     -2039   -1376   -764    73      419     1179    1267    1309    671     247     -523    -888    
30     1951 -119    -860    724     -1324   -277    1183    -20     -1822   -1254   -948    -47     171     841     1196    1502    656     321     -1049   -1079   
30     1952 -999999 -999999 690     -956    -302    1150    -186    -1015   -756    -1158   -125    291     1203    1364    885     509     -309    -754    -999999 
30     1953 52      -999999 849     -999999 -70     1381    55      -1425   -1756   -709    -23     525     1584    1325    1239    442     159     -440    -434    
30     1954 6       -711    831     -1108   -87     1278    -113    -1251   -1695   -688    -281    701     1069    1612    1145    709     -152    -893    -354    
30     1955 -360    -1003   648     -1262   -535    1179    -261    -1600   -1895   -1205   -628    224     811     1391    1324    732     -203    -1315   -2076   
30     1956 -287    -1315   608     -1855   -345    1135    -405    -1511   -1985   -845    -770    567     1250    1245    915     409     -283    -1376   -1185   
30     1957 -46     -980    770     -1058   -289    1262    -9      -1001   -980    -1080   -128    347     890     1640    1245    595     25      -650    -1512   
30     1958 -181    -1055   640     -1561   -453    1164    150     -1715   -1445   -1057   -504    201     1047    1185    1257    630     15      -191    -1667   
30     1959 4       -694    743     -1244   -44     1263    -104    -1393   -611    -292    -445    593     1178    1361    1246    492     -97     -706    -1325   
30     1960 -84     -1033   935     -1594   40      1377    -273    -1804   -1657   -640    -60     815     1211    1709    1206    697     -541    -967    -1044   
30     1961 70      -885    782     -1039   -281    1373    322     -1022   -1053   -701    -498    348     1402    1571    1148    696     576     -316    -1384   
30     1962 -188    -908    661     -1345   -452    989     136     -1495   -1137   -1695   -52     404     905     1114    946     631     46      -266    -1685   
30     1963 -112    -1120   867     -1692   -191    1132    111     -1663   -1731   -1452   -128    1008    888     1276    1224    901     85      -650    -1208   
30     1964 -41     -818    711     -1155   -226    1168    45      -755    -1527   -893    -334    545     988     1385    1125    526     336     -736    -1224   
30     1965 -183    -864    658     -1217   -418    1082    -95     -1220   -1205   -1164   -230    144     1063    1147    1034    780     -22     -1046   -1531   
30     1966 -313    -1454   672     -2023   -560    1231    -101    -2174   -2399   -1627   -458    410     1251    1407    1035    358     -278    -377    -1041   
30     1967 -59     -846    802     -1368   -33     1255    235     -2057   -967    -356    -148    400     1045    1346    1366    777     22      -87     -2075   
30     1968 -275    -1115   563     -1905   -379    1085    -379    -1959   -1665   -929    -316    111     1156    1078    1024    300     -674    -732    -713    
30     1969 -175    -1094   654     -1332   -480    1213    -10     -1475   -1859   -1172   -424    158     1016    1343    1273    528     100     -663    -1053   
30     1970 -147    -982    761     -1582   -277    1367    -104    -1663   -2078   -630    -588    377     1392    1508    1202    645     14      -973    -1121   
30     1971 -251    -1061   627     -1317   -561    1161    -346    -1253   -1605   -1477   -528    323     1036    1266    1178    459     -199    -1304   -1020   
30     1972 48      -936    840     -1139   -204    1429    -126    -1087   -1323   -717    -230    335     1338    1709    1236    626     -55     -953    -369    
30     1973 -133    -687    767     -823    -159    1351    -431    -913    -1224   -670    -203    393     1276    1710    1064    332     -507    -1114   -1814   
30     1974 144     -956    845     -1202   -139    1346    86      -982    -766    -539    -167    287     1265    1531    1239    900     3       -643    -458    
30     1975 -9      -598    719     -876    16      1062    54      -1247   -928    -347    -281    667     943     1250    989     722     -16     -542    -1374   
30     1976 -214    -1022   682     -1486   -241    1110    -309    -1905   -1157   -1130   -234    642     889     1284    1150    326     -289    -964    -1211   
30     1977 -163    -1037   624     -1349   -328    1100    -114    -1383   -1466   -952    -344    311     946     1341    1008    458     -243    -554    -1173   
30     1978 -256    -990    672     -1455   -243    1115    -149    -1593   -1615   -811    -375    452     1069    1289    986     590     -159    -878    -2112   
30     1979 -86     -1194   797     -1819   -182    1313    -70     -1828   -1486   -720    -424    589     1224    1453    1259    648     -299    -552    -996    
30     1980 -216    -1071   830     -1500   -246    1309    -259    -1797   -1721   -1086   -76     430     1500    1353    1080    678     -184    -1273   -1544   
30     1981 -255    -1236   678     -1476   -471    1102    3       -1328   -1567   -1556   -346    494     841     1407    1049    589     82      -665    -2137   
30     1982 -63     -1060   692     -1748   -102    1089    44      -2019   -1017   -588    -129    412     721     1466    1067    589     -75     -378    -865    
30     1983 -97     -728    830     -1061   -21     1163    -233    -1046   -1293   -757    51      646     1071    1412    1001    782     -9      -1480   -1629   
30     1984 -26     -1066   776     -1296   -110    1143    -139    -1493   -729    -1051   -120    839     1122    1296    1010    480     -36     -864    -789    
30     1985 -351    -1207   697     -1888   -316    1253    -36     -2420   -2514   -732    -481    260     1145    1384    1227    622     89      -824    -2118   
30     1986 -133    -1113   707     -1863   -48     1219    64      -1880   -1561   -419    -306    571     1402    1365    895     291     186     -290    -1934   
30     1987 -232    -1136   656     -1919   -294    1059    107     -2230   -1559   -1004   -297    417     1076    1197    906     621     562     -877    -1681   
30     1988 -104    -898    825     -1449   -240    1369    -120    -1324   -1334   -764    -459    496     1283    1644    1177    780     -7      -1137   -1658   
30     1989 124     -815    903     -1174   195     1282    39      -933    -904    -270    139     714     1312    1357    1178    700     -90     -488    -1284   
30     1990 24      -769    773     -1140   -51     1205    -167    -1734   -323    -644    -7      498     1005    1388    1215    514     31      -1054   -620    
30     1991 -48     -909    729     -1159   -270    1247    55      -1207   -1702   -984    -125    302     1015    1445    1273    436     84      -355    -884    
30     1992 28      -514    758     -819    -37     1143    -327    -883    -683    -370    -478    724     1322    1171    941     850     -835    -981    -469    
30     1993 -61     -829    661     -800    -164    1136    -236    -965    -984    -761    -288    552     806     1445    1146    265     -412    -556    -1058   
30     1994 -26     -975    811     -1378   -92     1258    -79     -1647   -1436   -773    146     358     1092    1452    1226    571     -48     -760    -593    
30     1995 -49     -595    748     -798    -75     1241    -229    -985    -819    -390    -190    351     1328    1225    1172    585     -6      -1273   -1646   
30     1996 -39     -997    701     -1357   -260    1254    92      -946    -1489   -662    -288    169     1034    1278    1442    546     203     -476    -1346   
30     1997 -38     -823    800     -1346   -314    1422    -49     -1400   -1286   -668    -635    350     1294    1616    1352    791     -158    -776    -1032   
30     1998 -999999 -1003   -999999 -1344   -404    -999999 -999999 -1191   -1858   -1075   -457    342     982     1437    1024    532     28      -1034   -1217   
30     1999 -41     -1034   847     -1494   -134    1293    235     -1852   -1403   -724    7       320     1462    1467    955     865     178     -337    -1493   
30     2000 126     -752    865     -1255   -2      1293    299     -1222   -1037   -606    -38     638     1136    1545    1193    686     440     -232    -1035   
30     2001 -45     -710    846     -1074   -340    1331    8       -680    -1553   -1268   -170    424     1348    1491    1154    812     12      -799    -1409   
30     2002 -44     -900    960     -1283   36      1430    -309    -1439   -970    -798    196     717     1384    1560    1345    532     -249    -1212   -1646   
30     2003 42      -1057   881     -1523   47      1367    78      -2089   -761    -364    -183    680     1067    1836    1188    660     -16     -407    -1157   
30     2004 47      -765    860     -1184   -43     1299    -30     -1127   -1274   -629    -46     545     1060    1624    1204    744     6       -840    -760    
30     2005 -999999 -740    944     -856    -174    1446    320     -813    -1009   -1055   40      501     1318    1620    1396    762     306     -93     -1079   
30     2006 76      -999999 966     -1241   -94     1420    -18     -1131   -1531   -1109   145     658     1348    1465    1446    712     -156    -607    -479    
30     2007 96      -770    845     -1224   96      1316    140     -1375   -1881   -225    -37     545     1178    1429    1335    594     399     -582    -396    
30     2008 -999999 -556    -999999 -750    -207    1169    -999999 -897    -983    -930    -146    457     1094    1358    1053    573     129     -999999 -408    
30     2009 57      -999999 906     -925    -27     1302    130     -1146   -1252   -711    -191    815     1119    1375    1407    882     -259    -218    -1222   
30     2010 -93     -989    926     -1475   -37     1292    -76     -1464   -1769   -1050   137     807     1089    1609    1171    714     202     -1154   -1532   
30     2011 -999999 -1050   -999999 -1592   -999999 -999999 -999999 -1394   -1878   -629    267     -999999 -999999 -999999 -999999 -999999 -999999 -999999 -999999 
