EUROPEAN CLIMATE ASSESSMENT & DATASET (ECA&D), file created on: 10-05-2011
THESE DATA CAN BE USED FREELY PROVIDED THAT THE FOLLOWING SOURCE IS ACKNOWLEDGED: 

Klein Tank, A.M.G. and Coauthors, 2002. Daily dataset of 20th-century surface
air temperature and precipitation series for the European Climate Assessment.
Int. J. of Climatol., 22, 1441-1453.
Data and metadata available at http://eca.knmi.nl

FILE FORMAT (MISSING VALUE CODE = -999999):

THIS FILE HOLDS DATA FOR STATION BELARUS                                  ORSA                                     (STAID:    629)
LATITUDE: dd:mm:ss +54:30:00
LONGITUDE: ddd:mm:ss +030:24:00
ELEVATION: m  192

DATA IS FOR INDEX Mean of daily mean temperature (TG) with unit 0.01 Temperature (&#176;C)

01-06 SOUID: Source identifier
08-11 YEAR : YYYY
13-20 ANNUAL DATA VALUES
21-28 WINTER HALF YEAR DATA VALUES
29-36 SUMMER HALF YEAR DATA VALUES
37-44 WINTER (DJF) DATA VALUES
45-52 SPRING (MAM) DATA VALUES
53-60 SUMMER (JJA) DATA VALUES
61-68 AUTUMN (SON) DATA VALUES
69-76 JANUARY DATA VALUES
etc. 
157-164 DECEMBER DATA VALUES

629    1995 -999999 -999999 -999999 -999999 721     1761    564     -552    -24     184     725     1254    1862    1727    1702    1189    722     -228    -920    
629    1996 -999999 -999999 -999999 -957    521     1660    706     -993    -955    -560    676     1523    1571    1642    1762    944     701     474     -716    
629    1997 -999999 -64     -999999 -525    490     1727    514     -586    -237    -27     371     1124    1650    1808    1716    974     454     116     -766    
629    1998 -999999 -999999 -999999 -999999 568     1665    373     -240    -279    -169    645     1231    1768    1731    1510    1168    549     -669    -627    
629    1999 -999999 -999999 -999999 -543    638     1914    592     -387    -615    -27     996     954     2102    2023    1609    1239    705     -196    -155    
629    2000 -999999 -999999 -999999 -295    691     -999999 690     -533    -193    -33     1010    1095    -999999 -999999 1620    992     784     290     -54     
629    2001 -999999 -18     1472    -328    632     1828    644     -330    -630    -217    963     1159    1532    2214    1740    1214    692     24      -975    
629    2002 661     -999999 -999999 -450    783     1863    493     -405    61      288     727     1330    1660    2091    1831    1116    340     28      -1045   
629    2003 588     -999999 1357    -857    616     1677    590     -672    -855    -180    458     1509    1423    1974    1627    1089    496     190     -169    
629    2004 599     -124    1324    -493    557     1668    638     -699    -618    35      596     1057    1428    1746    1814    1274    720     -83     -95     
629    2005 614     -176    1420    -382    484     1698    724     -237    -860    -565    711     1320    1509    1839    1739    1357    720     95      -365    
629    2006 606     -319    1399    -759    438     1746    775     -862    -1080   -481    620     1180    1628    1846    1760    1341    805     178     217     
629    2007 707     121     1430    -257    838     1774    574     -54     -1008   481     592     1433    1720    1676    1925    1209    664     -150    -151    
629    2008 744     25      1381    -192    732     1703    742     -362    -52     210     891     1105    1517    1789    1799    1165    883     173     -172    
629    2009 641     -6      1360    -352    606     1637    766     -463    -427    -67     695     1194    1589    1758    1567    1355    596     352     -480    
629    2010 656     -266    1639    -805    725     2092    677     -1342   -569    -162    811     1527    1831    2305    2133    1195    443     400     -762    
629    2011 -999999 -266    -999999 -767    -999999 -999999 -999999 -538    -1026   -165    743     -999999 -999999 -999999 -999999 -999999 -999999 -999999 -999999 
