EUROPEAN CLIMATE ASSESSMENT & DATASET (ECA&D), file created on: 10-05-2011
THESE DATA CAN BE USED FREELY PROVIDED THAT THE FOLLOWING SOURCE IS ACKNOWLEDGED: 

Klein Tank, A.M.G. and Coauthors, 2002. Daily dataset of 20th-century surface
air temperature and precipitation series for the European Climate Assessment.
Int. J. of Climatol., 22, 1441-1453.
Data and metadata available at http://eca.knmi.nl

FILE FORMAT (MISSING VALUE CODE = -999999):

THIS FILE HOLDS DATA FOR STATION CROATIA                                  ZAGREB-GRIC                              (STAID:     21)
LATITUDE: dd:mm:ss +45:49:00
LONGITUDE: ddd:mm:ss +015:58:41
ELEVATION: m  157

DATA IS FOR INDEX Mean of daily mean temperature (TG) with unit 0.01 Temperature (&#176;C)

01-06 SOUID: Source identifier
08-11 YEAR : YYYY
13-20 ANNUAL DATA VALUES
21-28 WINTER HALF YEAR DATA VALUES
29-36 SUMMER HALF YEAR DATA VALUES
37-44 WINTER (DJF) DATA VALUES
45-52 SPRING (MAM) DATA VALUES
53-60 SUMMER (JJA) DATA VALUES
61-68 AUTUMN (SON) DATA VALUES
69-76 JANUARY DATA VALUES
etc. 
157-164 DECEMBER DATA VALUES

21     1861 -999999 -999999 -999999 -999999 -999999 -999999 -999999 -999999 -999999 -999999 -999999 -999999 -999999 -999999 -999999 -999999 -999999 -999999 -88     
21     1862 1227    -999999 1977    -70     1441    2215    1260    -230    126     938     1490    1895    2076    2382    2184    1818    1420    537     17      
21     1863 1314    621     1981    288     1367    2247    1284    476     380     870     1302    1928    2110    2197    2430    1898    1351    602     158     
21     1864 976     381     1682    -179    1069    1999    1109    -714    32      841     858     1501    1973    2060    1963    1720    1090    516     -150    
21     1865 1155    253     1931    -94     1165    2136    1311    85      -230    168     1366    1966    1802    2426    2169    1829    1265    840     83      
21     1866 1208    630     1856    265     1211    2155    1156    144     602     851     1336    1450    2313    2196    1962    1876    1012    586     147     
21     1867 1181    520     1906    303     1211    2149    1131    212     575     593     1275    1768    2052    2142    2251    1935    1064    395     -123    
21     1868 1270    376     1955    59      1272    2170    1294    -103    426     598     1119    2095    2177    2183    2151    1985    1414    479     685     
21     1869 1181    637     1864    450     1283    2041    1078    -100    799     555     1381    1916    1767    2305    2041    1754    973     512     260     
21     1870 1039    315     1741    4       1067    2032    1159    15      -290    367     1041    1792    1929    2265    1898    1496    1110    871     -112    
21     1871 1002    437     1737    -33     1060    2043    1043    -159    194     707     1191    1285    1733    2286    2099    1812    866     457     -485    
21     1872 1251    328     1824    -58     1289    2021    1387    59      273     799     1296    1772    1863    2167    2027    1802    1439    920     566     
21     1873 1189    728     1760    324     1150    2159    1268    237     151     1004    1066    1377    1912    2320    2237    1629    1463    706     89      
21     1874 1092    521     1810    122     1037    2141    1056    34      255     562     1306    1253    2063    2419    1939    1878    1155    131     66      
21     1875 1014    211     1809    -59     954     2185    1053    50      -318    129     1003    1732    2203    2161    2190    1545    1100    512     -232    
21     1876 1069    320     1711    -169    1107    2051    1000    -425    172     789     1335    1205    2001    2069    2081    1570    1271    149     573     
21     1877 1147    570     1773    472     1028    2224    1032    427     409     562     1083    1440    2113    2190    2364    1427    928     745     35      
21     1878 1130    409     1812    59      1156    2054    1282    -109    272     583     1178    1707    1959    2077    2123    1816    1315    715     -124    
21     1879 1027    518     1776    129     1055    2110    1003    21      530     660     1115    1393    2126    2006    2198    1810    1003    198     -745    
21     1880 1078    64      1767    -488    1157    2012    1188    -521    -177    616     1390    1473    1845    2304    1881    1699    1241    622     518     
21     1881 998     456     1704    52      1038    2073    942     -356    -12     685     917     1507    1861    2257    2093    1567    789     475     119     
21     1882 1179    484     1692    186     1265    1918    1225    128     323     1051    1113    1627    1793    2098    1858    1648    1290    734     418     
21     1883 1039    482     1727    213     943     2028    1103    -80     309     210     974     1645    1927    2123    2031    1642    1135    530     -18     
21     1884 1095    481     1716    153     1202    1920    1001    125     366     744     1148    1712    1599    2198    1954    1661    1034    306     261     
21     1885 1164    462     1827    226     1187    2106    1223    -52     494     729     1322    1513    2019    2296    1999    1803    1149    719     -47     
21     1886 1147    375     1811    -2      1085    2023    1297    25      18      365     1262    1634    1841    2158    2062    1896    1282    713     429     
21     1887 1069    432     1831    46      1043    2139    1156    -156    -155    431     1182    1520    1906    2373    2131    1859    906     711     43      
21     1888 1007    303     1740    -153    1108    2004    1006    -397    -102    645     1068    1609    2021    1967    2025    1735    1023    259     194     
21     1889 1033    275     1756    -30     1118    2063    1071    -256    -29     428     1065    1861    2093    2079    2019    1400    1318    488     -138    
21     1890 1068    439     1781    15      1188    2097    1014    241     -65     745     1114    1702    1805    2133    2345    1557    979     508     -328    
21     1891 1025    138     1730    -426    1065    2013    1218    -652    -283    577     867     1744    1925    2101    2009    1712    1365    572     266     
21     1892 1076    484     1792    183     1053    2042    1152    7       282     403     1171    1588    1940    2025    2156    1856    1202    396     -132    
21     1893 1053    306     1712    -163    1132    1970    1131    -632    323     685     1147    1565    1814    2067    2023    1641    1307    438     209     
21     1894 1128    486     1773    119     1257    2037    1128    -198    371     773     1433    1570    1815    2288    2001    1514    1256    608     54      
21     1895 1048    335     1756    -111    1021    2028    1203    -33     -380    443     1094    1527    1938    2195    1950    1820    1095    697     140     
21     1896 1048    395     1674    -88     1079    1989    1175    -407    9       824     927     1482    1967    2147    1853    1656    1383    479     222     
21     1897 1117    590     1748    215     1179    2074    1024    -1      446     991     1159    1388    1979    2154    2086    1708    981     384     84      
21     1898 1178    427     1752    158     1188    1986    1300    134     268     693     1289    1586    1900    1942    2114    1666    1316    916     261     
21     1899 1114    663     1723    387     1085    2000    1157    437     471     564     1183    1513    1827    2112    2055    1635    1102    737     -295    
21     1900 1164    481     1741    197     978     2052    1275    285     643     438     1005    1492    1961    2233    1958    1779    1226    821     100     
21     1901 1077    364     1794    -176    1156    2091    1104    -396    -239    626     1180    1661    2015    2225    2031    1633    1249    424     414     
21     1902 1055    574     1655    357     1023    1959    1031    384     266     673     1184    1217    1771    2043    2055    1646    1152    291     -81     
21     1903 1147    460     1684    128     1118    1987    1221    -14     515     895     854     1595    1813    2062    2081    1678    1265    720     257     
21     1904 1180    580     1812    236     1224    2149    1070    -34     502     770     1258    1644    1990    2348    2105    1506    1204    495     340     
21     1905 1111    450     1820    49      1139    2152    1084    -309    124     813     1054    1547    1943    2315    2190    1851    676     739     332     
21     1906 1128    451     1750    189     1201    2019    1205    29      209     709     1241    1654    1869    2109    2073    1537    1170    910     -30     
21     1907 1145    414     1782    -33     1056    2077    1315    -52     -14     474     880     1808    2063    2014    2154    1751    1554    632     386     
21     1908 1053    562     1789    195     1176    2077    910     -104    310     581     999     1944    2162    2167    1905    1536    1075    115     -85     
21     1909 1117    266     1750    -91     1135    2002    1174    -155    -28     640     1248    1520    1875    2031    2097    1718    1340    457     573     
21     1910 1182    660     1686    446     1146    1989    1108    234     539     802     1089    1545    1945    1972    2049    1500    1205    615     647     
21     1911 1205    570     1810    269     1144    2132    1309    -48     202     762     1097    1572    1887    2262    2239    1782    1194    954     485     
21     1912 1090    714     1624    381     1178    1992    855     17      659     979     941     1607    1953    2129    1892    1195    998     366     315     
21     1913 1137    474     1673    156     1234    1890    1264    -38     194     979     1175    1545    1948    1840    1883    1642    1268    882     270     
21     1914 1066    465     1717    -63     1196    1975    1054    -416    -40     792     1300    1498    1828    2008    2085    1569    1101    490     498     
21     1915 1137    552     1717    363     1125    2009    945     233     357     611     1105    1659    2019    2090    1918    1492    886     458     760     
21     1916 1248    646     1782    493     1306    2085    1154    388     321     1036    1191    1688    1974    2216    2062    1539    1121    803     596     
21     1917 1123    473     1886    144     1057    2229    1254    111     -320    463     976     1730    2200    2219    2267    1906    1243    612     -33     
21     1918 1164    520     1773    166     1255    1937    1130    307     232     737     1339    1691    1695    2108    1999    1789    1118    483     402     
21     1919 1102    577     1655    354     1019    1933    1130    405     244     777     954     1322    1848    1877    2070    1847    987     560     275     
21     1920 1204    627     1852    409     1414    2011    975     433     526     971     1417    1854    1849    2235    1944    1794    936     195     258     
21     1921 1222    533     1857    369     1270    2168    1134    518     326     933     1082    1788    1850    2381    2263    1748    1332    316     51      
21     1922 1104    424     1780    -23     1210    2132    960     -84     -37     917     1026    1682    2046    2173    2174    1556    915     410     382     
21     1923 1196    492     1763    279     1204    2005    1342    230     218     770     1068    1769    1609    2227    2165    1709    1519    791     195     
21     1924 1078    481     1782    3       1154    1985    1174    -191    5       547     1149    1765    1988    2105    1862    1812    1171    540     154     
21     1925 1147    537     1751    312     1156    2024    1098    177     636     555     1236    1682    1862    2144    2061    1498    1189    605     89      
21     1926 1214    551     1731    287     1159    1903    1474    57      759     631     1302    1550    1769    1996    1940    1821    1325    1280    135     
21     1927 1214    706     1880    220     1251    2206    1248    289     237     945     1219    1589    2097    2330    2189    1838    1165    743     -137    
21     1928 1184    458     1829    102     1036    2220    1263    89      371     518     1263    1335    1907    2502    2241    1705    1226    860     167     
21     1929 1072    280     1815    -304    1038    2135    1313    -403    -718    472     889     1748    1970    2201    2229    1827    1289    824     401     
21     1930 1239    661     1829    285     1267    2103    1331    158     296     968     1292    1541    2195    2098    2019    1820    1159    1019    253     
21     1931 1119    542     1801    236     1050    2208    1025    258     194     352     984     1811    2171    2339    2115    1356    1101    614     66      
21     1932 1106    282     1878    -57     956     2148    1326    61      -316    136     1096    1639    1860    2240    2336    2080    1257    641     184     
21     1933 1041    486     1689    69      1092    1991    1146    -196    235     775     1039    1460    1698    2149    2115    1652    1174    612     -277    
21     1934 1263    464     1878    -5      1418    2044    1244    14      275     974     1472    1810    1854    2190    2081    1844    1116    776     680     
21     1935 1170    559     1809    280     1079    2158    1257    -170    335     599     1172    1469    2196    2190    2088    1726    1407    632     346     
21     1936 1218    752     1826    489     1310    2091    1035    668     450     984     1216    1729    1933    2273    2062    1725    784     605     156     
21     1937 1182    450     1821    147     1252    2094    1182    -98     409     848     1089    1815    2077    2162    2043    1718    1243    582     246     
21     1938 1185    593     1764    221     1128    2178    1256    160     261     1030    871     1475    2184    2271    2081    1684    1261    824     61      
21     1939 1211    585     1859    311     1144    2156    1192    439     445     475     1500    1467    1978    2287    2195    1711    1136    732     124     
21     1940 971     280     1703    -250    1073    1944    1249    -590    -286    541     1198    1483    1927    2073    1831    1694    1126    932     -302    
21     1941 1058    466     1670    -19     1063    2027    970     -76     356     762     1078    1349    1971    2134    1975    1495    1082    331     192     
21     1942 1087    199     1844    -223    1041    2080    1346    -646    -214    412     1016    1695    1960    2103    2173    2103    1376    557     427     
21     1943 1213    598     1852    253     1254    2107    1261    -167    524     863     1330    1571    1817    2170    2324    1886    1394    499     298     
21     1944 1124    488     1795    215     1044    2108    1172    297     41      373     1267    1500    1855    2109    2351    1669    1211    634     141     
21     1945 1218    489     1939    62      1353    2209    1165    -333    413     865     1271    1921    2171    2313    2143    1794    1173    530     302     
21     1946 1243    525     2037    188     1394    2294    1177    -187    476     853     1463    1869    2098    2380    2398    1994    918     628     -7      
21     1947 1209    303     1992    -208    1363    2202    1326    -481    -128    855     1467    1769    2122    2285    2198    2101    1088    795     365     
21     1948 1204    666     1804    414     1325    1980    1212    600     268     861     1329    1785    1877    1948    2111    1761    1272    600     -5      
21     1949 1237    525     1826    259     1171    2000    1347    368     431     476     1418    1626    1802    2163    2028    1907    1345    790     439     
21     1950 1269    622     1991    226     1328    2347    1195    -146    403     885     1211    1885    2244    2459    2335    1787    1047    756     309     
21     1951 1266    631     1847    430     1168    2113    1323    383     615     677     1207    1621    1995    2100    2240    1908    1084    984     351     
21     1952 1202    541     1944    194     1237    2312    1117    89      138     590     1521    1607    2089    2441    2397    1584    1187    578     162     
21     1953 1175    500     1832    152     1229    2080    1216    79      222     749     1329    1612    1987    2238    2013    1800    1354    490     167     
21     1954 1061    360     1723    -167    1077    2017    1184    -359    -323    768     956     1503    2082    1939    2032    1815    1146    594     489     
21     1955 1097    524     1685    339     950     1966    1139    166     364     375     996     1481    1853    2079    1963    1723    1165    529     416     
21     1956 1040    375     1788    60      1047    2032    1118    385     -668    364     1097    1682    1812    2204    2071    1841    1162    350     105     
21     1957 1182    511     1757    182     1163    2128    1183    -192    681     972     1151    1365    2194    2204    1989    1630    1160    760     260     
21     1958 1216    511     1865    255     1114    2138    1247    -47     583     368     967     2003    1900    2272    2233    1784    1262    696     520     
21     1959 1193    641     1763    284     1296    2031    1128    215     98      1002    1264    1622    1856    2221    2009    1587    1095    704     564     
21     1960 1194    585     1734    321     1142    2031    1287    74      324     738     1143    1545    2044    1949    2100    1613    1338    909     528     
21     1961 1240    735     1838    364     1345    2031    1341    47      534     1038    1504    1499    2021    1986    2086    1929    1355    740     114     
21     1962 1063    489     1735    152     1034    2003    1145    135     214     360     1244    1506    1756    1975    2271    1639    1260    533     -193    
21     1963 1104    251     1871    -294    1155    2169    1378    -474    -208    553     1305    1613    2055    2299    2149    1791    1150    1199    -247    
21     1964 1096    378     1805    -184    1117    2085    1223    -480    201     461     1281    1615    2138    2162    1956    1669    1141    862     141     
21     1965 1103    522     1699    120     1094    1977    1110    245     -42     741     1050    1490    1958    2091    1883    1707    1148    473     400     
21     1966 1204    562     1792    357     1223    1992    1265    -168    891     654     1396    1625    2045    1987    1946    1748    1553    484     280     
21     1967 1195    603     1818    223     1226    2101    1274    -19     430     868     1095    1710    1878    2307    2111    1785    1334    701     86      
21     1968 1155    560     1789    161     1303    2005    1200    -20     434     824     1425    1666    1954    2123    1936    1620    1275    703     -91     
21     1969 1093    406     1768    -25     1155    1968    1282    -91     121     502     1154    1809    1871    2113    1917    1727    1146    976     -176    
21     1970 1117    457     1736    16      1007    2078    1242    21      222     548     1066    1408    2071    2085    2078    1694    1090    947     133     
21     1971 1146    514     1808    216     1145    2099    1081    77      461     385     1298    1756    1869    2219    2202    1479    1140    620     197     
21     1972 1128    562     1704    208     1226    2032    1035    -60     505     970     1162    1543    1997    2115    1983    1407    1052    645     204     
21     1973 1127    496     1778    185     1137    2068    1078    28      337     696     957     1753    1974    2126    2100    1736    1017    484     256     
21     1974 1190    605     1739    390     1187    2039    1056    224     722     935     1127    1498    1801    2101    2208    1677    767     734     459     
21     1975 1204    617     1810    451     1263    1992    1181    560     320     840     1190    1756    1839    2127    2004    1932    1094    519     206     
21     1976 1107    444     1715    209     1078    1966    1178    246     171     411     1180    1646    1916    2208    1772    1551    1147    837     175     
21     1977 1198    701     1714    367     1261    2038    1138    317     634     1095    1040    1640    2027    2069    2017    1474    1251    686     85      
21     1978 1047    541     1629    143     1101    1909    971     144     207     843     1057    1400    1876    1955    1896    1579    1110    218     212     
21     1979 1181    457     1774    158     1249    2037    1146    -32     309     905     1091    1746    2155    1994    1966    1676    1062    702     537     
21     1980 1058    558     1655    293     993     1993    1103    -70     421     693     935     1348    1893    2017    2066    1653    1145    510     64      
21     1981 1182    484     1796    61      1287    2070    1238    -47     178     1028    1217    1615    1992    2128    2087    1722    1365    623     207     
21     1982 1182    484     1828    63      1115    2118    1306    -92     74      691     942     1705    2064    2219    2071    1954    1253    714     513     
21     1983 1223    651     1901    348     1352    2156    1111    430     74      869     1410    1779    1933    2384    2144    1733    1207    388     232     
21     1984 1096    459     1673    174     1063    1927    1222    154     133     618     1125    1449    1840    1945    1992    1677    1284    704     195     
21     1985 1104    393     1805    -93     1177    2039    1118    -344    -133    611     1168    1751    1755    2199    2154    1782    1150    422     636     
21     1986 1114    456     1817    229     1215    2024    1160    216     -208    453     1277    1918    1832    2049    2186    1615    1160    707     71      
21     1987 1135    388     1841    54      1000    2084    1314    -182    298     274     1256    1477    1951    2316    1981    2059    1277    606     274     
21     1988 1197    641     1832    423     1170    2140    1047    498     502     681     1152    1678    1881    2333    2199    1723    1154    260     262     
21     1989 1207    558     1765    264     1322    2010    1155    17      541     1102    1293    1569    1767    2179    2078    1685    1231    546     425     
21     1990 1255    717     1800    452     1350    2099    1170    112     859     1134    1123    1785    1915    2161    2216    1576    1248    683     224     
21     1991 1148    588     1775    177     1136    2142    1185    277     15      1026    1053    1327    1976    2299    2145    1835    1016    711     23      
21     1992 1299    573     1958    290     1278    2286    1262    288     578     826     1281    1726    2015    2253    2581    1869    1123    799     226     
21     1993 1216    571     1895    255     1315    2157    1081    307     229     715     1299    1930    2058    2172    2238    1651    1292    294     325     
21     1994 1337    673     1940    415     1366    2259    1279    517     401     1172    1227    1695    2040    2393    2337    1929    1022    896     344     
21     1995 1210    641     1799    416     1198    2096    1158    193     743     666     1313    1617    1862    2381    2039    1559    1331    579     205     
21     1996 1104    444     1764    92      1144    2071    1178    3       66      461     1211    1762    2107    2024    2083    1379    1259    893     -29     
21     1997 1201    585     1813    165     1184    2119    1166    -34     601     833     926     1784    2057    2135    2164    1792    1040    670     405     
21     1998 1241    671     1895    552     1239    2207    1135    506     766     650     1362    1709    2130    2240    2247    1667    1256    479     -150    
21     1999 1258    509     1923    107     1349    2157    1245    175     316     960     1347    1741    2066    2243    2158    1969    1303    461     287     
21     2000 1380    594     2000    296     1425    2272    1414    -24     649     887     1541    1851    2227    2145    2443    1775    1415    1051    585     
21     2001 1271    868     1856    543     1382    2188    1172    459     590     1090    1178    1872    1905    2289    2362    1497    1540    466     -67     
21     2002 1359    664     1927    303     1379    2256    1368    231     792     1025    1174    1930    2233    2308    2224    1692    1283    1131    314     
21     2003 1300    617     2057    124     1373    2464    1214    52      -7      885     1193    2035    2451    2360    2582    1696    1012    942     304     
21     2004 1203    569     1804    261     1157    2101    1291    85      405     669     1244    1560    1959    2168    2172    1705    1394    771     288     
21     2005 1172    561     1826    164     1231    2058    1222    196     -10     678     1267    1750    2046    2208    1920    1752    1310    602     263     
21     2006 1279    516     1903    172     1218    2171    1444    -13     276     637     1349    1672    2117    2464    1929    1876    1463    992     522     
21     2007 1363    928     1982    692     1494    2283    1094    751     814     1016    1589    1882    2267    2377    2205    1554    1121    605     138     
21     2008 1339    624     1914    393     1318    2230    1306    381     677     825     1304    1824    2164    2274    2251    1645    1396    875     429     
21     2009 1369    676     -999999 294     1473    2266    1426    22      447     871     1609    1957    2057    2338    2397    2010    1328    943     423     
21     2010 1253    664     1908    290     1274    2261    1248    78      376     818     1304    1716    2118    2434    2225    1625    1088    1036    145     
21     2011 -999999 -999999 -999999 264     -999999 -999999 -999999 342     309     885     1519    -999999 -999999 -999999 -999999 -999999 -999999 -999999 -999999 
