EUROPEAN CLIMATE ASSESSMENT & DATASET (ECA&D), file created on: 10-05-2011
THESE DATA CAN BE USED FREELY PROVIDED THAT THE FOLLOWING SOURCE IS ACKNOWLEDGED: 

Klein Tank, A.M.G. and Coauthors, 2002. Daily dataset of 20th-century surface
air temperature and precipitation series for the European Climate Assessment.
Int. J. of Climatol., 22, 1441-1453.
Data and metadata available at http://eca.knmi.nl

FILE FORMAT (MISSING VALUE CODE = -999999):

THIS FILE HOLDS DATA FOR STATION UNITED KINGDOM                           LOWESTOFT                                (STAID:   1843)
LATITUDE: dd:mm:ss +52:29:20
LONGITUDE: ddd:mm:ss +001:45:00
ELEVATION: m   25

DATA IS FOR INDEX Mean of daily mean temperature (TG) with unit 0.01 Temperature (&#176;C)

01-06 SOUID: Source identifier
08-11 YEAR : YYYY
13-20 ANNUAL DATA VALUES
21-28 WINTER HALF YEAR DATA VALUES
29-36 SUMMER HALF YEAR DATA VALUES
37-44 WINTER (DJF) DATA VALUES
45-52 SPRING (MAM) DATA VALUES
53-60 SUMMER (JJA) DATA VALUES
61-68 AUTUMN (SON) DATA VALUES
69-76 JANUARY DATA VALUES
etc. 
157-164 DECEMBER DATA VALUES

1843   1960 -999999 -999999 -999999 -999999 -999999 1523    -999999 351     442     -999999 849     1144    1474    1549    1541    1419    1123    797     448     
1843   1961 -999999 -999999 -999999 -999999 -999999 1535    -999999 376     622     774     971     1106    1480    1533    1592    1508    -999999 692     -999999 
1843   1962 -999999 -999999 -999999 -999999 -999999 1423    -999999 422     -999999 295     687     1003    1308    1437    1517    1322    1083    592     242     
1843   1963 -999999 -999999 -999999 -999999 -999999 -999999 -999999 -999999 -55     512     705     1004    1383    1516    1499    1360    1084    835     336     
1843   1964 -999999 -999999 -999999 -999999 820     1547    -999999 266     -999999 301     850     1275    1393    1631    1610    1505    972     786     319     
1843   1965 -999999 -999999 -999999 -999999 -999999 1448    -999999 275     342     456     746     1106    1366    1420    1548    1326    1191    -999999 366     
1843   1966 -999999 -999999 -999999 -999999 -999999 1515    -999999 285     529     618     725     1127    1522    1516    1508    1457    1185    589     453     
1843   1967 -999999 -999999 -999999 -999999 -999999 1605    -999999 379     516     754     671     1057    1393    1787    1620    1468    1155    -999999 333     
1843   1968 -999999 -999999 -999999 -999999 817     -999999 -999999 324     -999999 650     804     986     1428    1475    1534    1466    1290    728     -999999 
1843   1969 -999999 -999999 -999999 -999999 729     1558    -999999 514     -999999 328     706     1140    1335    1696    1645    1475    1343    593     307     
1843   1970 -999999 -999999 -999999 -999999 -999999 1569    -999999 316     285     377     586     1143    1509    1566    1629    1494    1146    790     492     
1843   1971 -999999 -999999 -999999 -999999 -999999 -999999 -999999 410     490     515     723     1135    1269    1607    1668    1477    1198    654     596     
1843   1972 -999999 -999999 -999999 -999999 842     1468    -999999 345     421     646     812     1067    1256    1565    1580    1304    1132    599     613     
1843   1973 -999999 -999999 -999999 -999999 787     1572    -999999 439     372     599     647     1103    1485    1557    1670    1506    975     -999999 418     
1843   1974 -999999 -999999 -999999 -999999 788     1512    -999999 563     523     551     747     1073    1342    1570    1621    1272    768     627     694     
1843   1975 -999999 -999999 -999999 -999999 -999999 1609    -999999 629     473     460     719     900     1307    1666    1826    1475    1078    634     435     
1843   1976 -999999 -999999 -999999 -999999 -999999 1725    -999999 512     415     464     723     1166    1643    1792    1730    1431    1159    690     242     
1843   1977 -999999 -999999 -999999 -999999 800     1441    1119    278     -999999 700     714     990     1259    1523    1540    1411    1239    699     629     
1843   1978 -999999 -999999 -999999 -999999 -999999 -999999 -999999 298     -999999 630     570     940     1359    1437    1514    1397    1180    792     498     
1843   1979 -999999 -999999 -999999 -999999 -999999 1520    -999999 -33     108     -999999 681     1042    1385    1599    1569    1444    1207    603     589     
1843   1980 -999999 -999999 -999999 -999999 770     1512    -999999 283     539     496     750     1027    1446    1460    1630    1560    932     630     423     
1843   1981 -999999 -999999 -999999 -999999 -999999 -999999 1059    386     -999999 694     687     1081    1369    1558    1589    1567    856     712     141     
1843   1982 -999999 -999999 -999999 -999999 817     1610    -999999 279     419     551     714     1168    1490    1651    1684    1509    1094    785     404     
1843   1983 -999999 -999999 -999999 -999999 770     -999999 -999999 564     -999999 596     702     1003    1400    1724    1713    1416    1104    -999999 542     
1843   1984 -999999 -999999 -999999 -999999 -999999 1550    -999999 332     -999999 457     693     913     1350    1572    1709    1377    1165    894     492     
1843   1985 -999999 -999999 -999999 -999999 745     1494    -999999 77      -999999 443     802     991     1274    1662    1547    1470    1215    381     629     
1843   1986 -999999 -999999 -999999 -999999 -999999 -999999 -999999 293     -999999 456     -999999 1157    1365    1659    1471    1231    1156    744     512     
1843   1987 -999999 -999999 -999999 -999999 -999999 1530    -999999 -999999 -999999 303     944     978     1374    1599    1623    1472    1114    708     580     
1843   1988 -999999 -999999 -999999 -999999 865     1543    -999999 506     472     614     780     1189    1361    1615    1651    1415    1121    562     618     
1843   1989 -999999 -999999 -999999 -999999 -999999 1664    -999999 506     537     760     686     1282    1445    1780    1770    -999999 1243    750     567     
1843   1990 -999999 -999999 -999999 -999999 998     1667    -999999 -999999 730     850     843     1291    1425    1685    1877    1363    1246    743     -999999 
1843   1991 -999999 -999999 -999999 -999999 -999999 1644    -999999 432     159     774     788     976     1311    1766    1845    1534    1084    608     429     
1843   1992 -999999 -999999 -999999 -999999 -999999 1679    -999999 417     457     692     880     1313    1551    1751    1723    1446    853     667     443     
1843   1993 -999999 -999999 -999999 -999999 -999999 1546    -999999 524     -999999 633     949     -999999 1462    1615    1555    1361    1021    615     505     
1843   1994 -999999 -999999 -999999 -999999 -999999 -999999 -999999 480     -999999 718     842     1080    1484    1842    1734    1416    1054    990     -999999 
1843   1995 -999999 -999999 -999999 -999999 -999999 1678    -999999 438     612     567     910     1159    1320    1852    1856    1470    1353    835     -999999 
1843   1996 -999999 -999999 -999999 -999999 -999999 -999999 -999999 394     -999999 346     814     961     1414    1639    1736    1435    1168    583     362     
1843   1997 -999999 -999999 -999999 -999999 -999999 1690    -999999 243     635     807     846     1147    1431    1659    1955    1568    1050    877     598     
1843   1998 -999999 -999999 -999999 -999999 -999999 1591    -999999 575     718     741     845     1254    1524    1618    1630    1526    1064    536     581     
1843   1999 -999999 -999999 -999999 -999999 1002    1646    -999999 517     -999999 734     932     1325    1441    1782    1718    1676    1146    -999999 414     
1843   2000 -999999 -999999 -999999 -999999 948     1594    -999999 477     578     753     875     1199    1520    1503    1745    1596    1100    740     -999999 
1843   2001 -999999 -999999 -999999 -999999 878     1667    -999999 391     428     545     813     1233    1416    1763    1805    1369    1400    725     422     
1843   2002 -999999 -999999 -999999 -999999 -999999 1694    -999999 532     -999999 -999999 -999999 -999999 1573    1680    1827    1546    1063    887     640     
1843   2003 -999999 -999999 -999999 -999999 971     -999999 -999999 442     -999999 668     941     1270    1680    1818    -999999 1417    1001    -999999 -999999 
1843   2004 -999999 -999999 -999999 -999999 -999999 1670    -999999 484     -999999 684     935     1191    1594    1635    1784    1510    1154    -999999 494     
1843   2005 1080    -999999 1429    515     933     1607    1271    607     433     685     928     1186    1524    1675    1618    1635    1451    721     452     
1843   2006 -999999 673     -999999 450     872     1718    1348    471     424     494     879     1242    1495    1984    1659    1771    1435    905     676     
1843   2007 -999999 867     -999999 685     1063    -999999 1129    740     635     787     1128    1276    1553    1685    -999999 1485    1154    748     576     
1843   2008 1068    730     1441    614     928     1676    1088    695     570     629     863     1292    1519    1728    1777    1454    1033    778     455     
1843   2009 -999999 627     -999999 416     995     -999999 -999999 341     456     686     1010    1289    1486    -999999 -999999 -999999 -999999 -999999 -999999 
