EUROPEAN CLIMATE ASSESSMENT & DATASET (ECA&D), file created on: 10-05-2011
THESE DATA CAN BE USED FREELY PROVIDED THAT THE FOLLOWING SOURCE IS ACKNOWLEDGED: 

Klein Tank, A.M.G. and Coauthors, 2002. Daily dataset of 20th-century surface
air temperature and precipitation series for the European Climate Assessment.
Int. J. of Climatol., 22, 1441-1453.
Data and metadata available at http://eca.knmi.nl

FILE FORMAT (MISSING VALUE CODE = -999999):

THIS FILE HOLDS DATA FOR STATION BELARUS                                  BOBRUJSK                                 (STAID:    649)
LATITUDE: dd:mm:ss +53:06:00
LONGITUDE: ddd:mm:ss +029:18:00
ELEVATION: m  165

DATA IS FOR INDEX Mean of daily mean temperature (TG) with unit 0.01 Temperature (&#176;C)

01-06 SOUID: Source identifier
08-11 YEAR : YYYY
13-20 ANNUAL DATA VALUES
21-28 WINTER HALF YEAR DATA VALUES
29-36 SUMMER HALF YEAR DATA VALUES
37-44 WINTER (DJF) DATA VALUES
45-52 SPRING (MAM) DATA VALUES
53-60 SUMMER (JJA) DATA VALUES
61-68 AUTUMN (SON) DATA VALUES
69-76 JANUARY DATA VALUES
etc. 
157-164 DECEMBER DATA VALUES

649    1995 -999999 -999999 -999999 -999999 750     1839    628     -475    84      288     730     1264    1904    1820    1792    1285    795     -179    -858    
649    1996 -999999 -999999 -999999 -913    634     1676    777     -1011   -867    -485    789     1613    1579    1665    1781    964     821     536     -742    
649    1997 -999999 -999999 -999999 -999999 571     1761    598     -589    -108    35      432     1247    1696    1855    1723    1044    549     201     -614    
649    1998 -999999 -999999 -999999 -307    674     1726    464     -173    -107    -45     767     1306    1845    1767    1575    1271    614     -530    -563    
649    1999 -999999 -999999 -999999 -410    715     -999999 648     -291    -371    152     1010    1003    2047    2018    1740    1314    740     -140    -124    
649    2000 -999999 -999999 -999999 -221    831     1703    773     -449    -77     166     1091    1247    1588    1788    1731    1046    915     373     33      
649    2001 -999999 -999999 -999999 -187    751     1886    743     -238    -999999 62      965     1232    1543    2276    1840    1237    851     119     -902    
649    2002 -999999 -999999 -999999 -359    837     1892    610     -321    200     347     767     1410    1674    2169    1835    1146    512     173     -967    
649    2003 -999999 -999999 1428    -766    687     1753    670     -583    -753    -57     520     1592    1517    2041    1691    1178    556     261     -171    
649    2004 674     -999999 1353    -420    644     1680    715     -633    -466    173     665     1095    1456    1744    1833    1304    802     11      -39     
649    2005 -999999 -999999 1460    -280    618     1724    761     -146    -693    -389    830     1356    1542    1883    1745    1401    754     129     -257    
649    2006 -999999 -999999 -999999 -629    547     1789    806     -796    -864    -352    746     1242    1659    1905    1802    1346    835     236     225     
649    2007 -999999 187     -999999 -173    880     1823    652     28      -836    561     606     1475    1783    1747    1939    1277    719     -39     -124    
649    2008 -999999 -999999 1434    -133    801     1737    791     -289    18      279     904     1220    1560    1809    1836    1247    916     189     -105    
649    2009 724     -999999 1442    -312    719     1728    815     -451    -386    76      827     1236    1690    1866    1625    1395    661     393     -366    
649    2010 -999999 -999999 1670    -699    802     2110    742     -1216   -501    -15     872     1550    1910    2259    2155    1237    441     543     -725    
649    2011 -999999 -999999 -999999 -635    -999999 -999999 -999999 -379    -818    -49     822     -999999 -999999 -999999 -999999 -999999 -999999 -999999 -999999 
