EUROPEAN CLIMATE ASSESSMENT & DATASET (ECA&D), file created on: 10-05-2011
THESE DATA CAN BE USED FREELY PROVIDED THAT THE FOLLOWING SOURCE IS ACKNOWLEDGED: 

Klein Tank, A.M.G. and Coauthors, 2002. Daily dataset of 20th-century surface
air temperature and precipitation series for the European Climate Assessment.
Int. J. of Climatol., 22, 1441-1453.
Data and metadata available at http://eca.knmi.nl

FILE FORMAT (MISSING VALUE CODE = -999999):

THIS FILE HOLDS DATA FOR STATION SPAIN                                    TORTOSA - OBSERVATORIO DEL EBRO          (STAID:    236)
LATITUDE: dd:mm:ss +40:49:14
LONGITUDE: ddd:mm:ss +000:29:29
ELEVATION: m   44

DATA IS FOR INDEX Mean of daily mean temperature (TG) with unit 0.01 Temperature (&#176;C)

01-06 SOUID: Source identifier
08-11 YEAR : YYYY
13-20 ANNUAL DATA VALUES
21-28 WINTER HALF YEAR DATA VALUES
29-36 SUMMER HALF YEAR DATA VALUES
37-44 WINTER (DJF) DATA VALUES
45-52 SPRING (MAM) DATA VALUES
53-60 SUMMER (JJA) DATA VALUES
61-68 AUTUMN (SON) DATA VALUES
69-76 JANUARY DATA VALUES
etc. 
157-164 DECEMBER DATA VALUES

236    1939 -999999 -999999 -999999 -999999 -999999 2271    1790    -999999 -999999 -999999 -999999 1670    2051    2353    2402    2281    1708    1384    1004    
236    1940 1671    1280    2123    1024    1664    2340    1703    847     1234    1504    1605    1880    2126    2389    2498    2228    1612    1273    839     
236    1941 1589    1145    2048    885     1442    2381    1680    726     1113    1311    1383    1631    2156    2543    2437    2120    1739    1179    705     
236    1942 1656    1107    2125    774     1591    2374    1809    759     867     1369    1497    1903    2226    2418    2476    2236    1993    1193    924     
236    1943 1715    1260    2214    1028    1642    2461    1747    1105    1059    1265    1639    2022    2371    2473    2536    2231    1767    1243    828     
236    1944 1672    1130    2194    852     1619    2436    1738    881     846     1203    1740    1918    2268    2501    2535    2189    1619    1410    927     
236    1945 1740    1185    2217    920     1659    2427    1870    662     1198    1303    1780    1898    2309    2538    2430    2338    1900    1372    1122    
236    1946 1636    1245    2080    999     1423    2354    1836    700     1194    1182    1387    1699    2085    2460    2508    2324    1929    1251    889     
236    1947 1744    1212    2209    883     1604    2522    1917    822     944     1414    1601    1797    2366    2600    2595    2282    1886    1586    985     
236    1948 1757    1364    2168    1083    1639    2433    1832    1160    1105    1452    1576    1887    2331    2404    2561    2235    1824    1437    1090    
236    1949 1757    1293    2223    1098    1523    2524    1892    1020    1193    1192    1627    1753    2317    2645    2603    2385    1912    1380    1024    
236    1950 1760    1290    2215    1034    1533    2556    1953    905     1189    1326    1472    1799    2344    2726    2591    2344    1941    1574    876     
236    1951 1647    1284    2074    972     1436    2380    1732    1001    1045    1254    1409    1645    2211    2505    2420    2246    1595    1358    1042    
236    1952 1728    1207    2180    941     1627    2503    1815    785     998     1456    1547    1875    2402    2607    2497    2141    1946    1353    1095    
236    1953 1666    1200    2133    903     1571    2334    1782    702     914     1170    1518    2024    2047    2416    2530    2247    1742    1360    1263    
236    1954 1646    1238    2030    1016    1469    2271    1869    825     953     1263    1426    1718    2127    2340    2342    2217    1861    1531    1109    
236    1955 1714    1340    2144    1162    1535    2393    1728    1266    1106    1154    1543    1907    2182    2498    2492    2225    1745    1214    1185    
236    1956 1578    1176    2057    938     1505    2289    1690    1070    534     1267    1401    1845    2032    2401    2427    2218    1718    1132    839     
236    1957 1645    1201    2063    960     1541    2314    1711    809     1259    1453    1432    1735    2027    2434    2472    2261    1691    1182    957     
236    1958 1737    1227    2154    1024    1589    2367    1875    969     1158    1399    1437    1926    2173    2423    2499    2450    1787    1391    1187    
236    1959 1709    1300    2142    1080    1583    2428    1739    1007    1044    1363    1585    1800    2235    2536    2507    2177    1761    1279    1162    
236    1960 1690    1281    2144    1077    1658    2375    1725    991     1079    1402    1610    1959    2245    2393    2483    2160    1640    1376    921     
236    1961 1768    1250    2220    1044    1698    2402    1823    967     1266    1333    1760    2004    2258    2517    2427    2347    1799    1325    1178    
236    1962 1701    1292    2152    1127    1518    2402    1829    1116    1082    1233    1522    1800    2138    2504    2554    2379    1925    1181    930     
236    1963 1672    1188    2119    887     1590    2376    1836    872     858     1329    1575    1865    2199    2519    2405    2139    1922    1443    877     
236    1964 1729    1242    2246    922     1643    2476    1844    756     1147    1309    1563    2056    2339    2551    2532    2423    1754    1358    942     
236    1965 1698    -999999 2135    928     1602    2413    1727    973     867     1281    1605    1920    2249    2511    2472    2035    1800    1344    1206    
236    1966 1777    1361    2205    1231    1623    2438    1793    1141    1360    1313    1687    1871    2312    2462    2537    2356    1788    1236    1225    
236    1967 1736    1305    2141    1107    1591    2408    1905    959     1146    1458    1478    1833    2133    2593    2490    2305    1993    1414    981     
236    1968 1744    1318    2125    1095    1513    2368    1929    1176    1130    1205    1520    1814    2129    2499    2472    2313    2042    1427    1197    
236    1969 1660    1332    2081    1064    1539    2369    1720    1054    928     1307    1481    1825    2090    2461    2546    2064    1837    1256    1002    
236    1970 1719    1267    2179    1107    1517    2430    1880    1094    1238    1173    1555    1823    2272    2531    2484    2410    1700    1529    823     
236    1971 1669    1192    2145    959     1444    2440    1766    904     1171    1049    1544    1741    2153    2525    2625    2266    1886    1141    1005    
236    1972 1616    1237    2000    1025    1538    2248    1649    950     1128    1302    1605    1709    1999    2420    2316    1934    1626    1388    996     
236    1973 1677    1203    2147    1010    1485    2425    1774    960     1083    1160    1408    1885    2205    2515    2548    2308    1707    1309    997     
236    1974 1684    1247    2107    1074    1493    2400    1703    1096    1136    1232    1392    1852    2184    2505    2505    2185    1545    1383    1148    
236    1975 1661    1245    2099    1127    1435    2438    1741    1118    1113    1153    1458    1695    2145    2555    2603    2119    1788    1313    831     
236    1976 1685    1202    2148    947     1500    2494    1697    927     1093    1255    1390    1852    2413    2618    2448    2151    1677    1264    1113    
236    1977 1675    1279    2007    1113    1532    2224    1808    947     1295    1381    1524    1691    2040    2291    2334    2151    1889    1379    1146    
236    1978 1720    1342    2123    1119    1553    2362    1833    955     1272    1404    1419    1830    2125    2459    2495    2394    1822    1284    1154    
236    1979 1738    1313    2170    1148    1563    2486    1756    1099    1194    1314    1523    1849    2306    2600    2547    2177    1822    1266    1115    
236    1980 1713    1305    2142    1122    1536    2400    1828    1000    1261    1363    1464    1777    2156    2376    2660    2404    1842    1239    993     
236    1981 1765    1282    2123    1019    1597    2385    1924    1107    950     1531    1507    1751    2273    2366    2513    2318    1971    1480    1350    
236    1982 1789    1422    2237    1256    1562    2569    1845    1268    1140    1298    1541    1847    2407    2751    2544    2320    1846    1368    1093    
236    1983 1775    1271    2221    1007    1604    2486    1988    994     926     1372    1565    1874    2271    2672    2509    2422    1969    1574    1099    
236    1984 1681    1328    2101    1098    1422    2408    1824    1112    1082    1124    1573    1575    2142    2608    2465    2231    1770    1475    1006    
236    1985 1717    1238    2212    965     1527    2512    1858    700     1211    1269    1632    1682    2319    2657    2554    2420    1933    1218    989     
236    1986 1748    1278    2191    1051    1567    2483    1862    1139    1024    1337    1338    2018    2304    2578    2562    2327    1877    1381    1037    
236    1987 1751    1263    2244    987     1609    2478    1895    859     1072    1336    1640    1851    2252    2538    2635    2536    1808    1344    1095    
236    1988 1755    1334    2168    1134    1615    2435    1855    1200    1106    1439    1519    1885    2150    2535    2612    2293    1935    1333    1021    
236    1989 1762    1279    2196    973     1587    2567    1850    781     1134    1458    1421    1877    2337    2670    2685    2166    1877    1506    1182    
236    1990 1775    1395    2237    1184    1630    2516    1863    958     1439    1415    1507    1963    2277    2607    2656    2392    1850    1348    872     
236    1991 1712    1225    2197    923     1507    2536    1803    924     980     1359    1404    1756    2255    2633    2711    2403    1686    1325    1055    
236    1992 1684    1176    2161    902     1645    2381    1796    671     987     1325    1631    1978    1986    2488    2656    2204    1693    1494    1075    
236    1993 1687    1220    2182    961     1549    2487    1682    853     956     1235    1527    1885    2355    2513    2590    2205    1614    1230    1234    
236    1994 1839    1330    2279    1198    1685    2640    1841    1147    1215    1526    1537    1987    2367    2736    2807    2217    1803    1504    1170    
236    1995 1823    1388    2218    1216    1629    2533    1907    1145    1345    1359    1579    1948    2246    2684    2659    2170    2016    1532    1154    
236    1996 1743    1375    2178    1126    1580    2493    1806    1175    1045    1309    1570    1861    2350    2560    2564    2150    1863    1403    1038    
236    1997 1823    1361    2224    1120    1721    2445    1961    1017    1323    1519    1691    1953    2279    2466    2583    2359    2080    1441    1130    
236    1998 1801    1407    2269    1146    1656    2574    1867    1141    1169    1462    1570    1935    2340    2686    2688    2379    1862    1360    979     
236    1999 1791    1295    2301    1051    1693    2589    1773    1028    1158    1370    1642    2065    2345    2667    2747    2319    1846    1152    1100    
236    2000 1816    1290    2295    1083    1723    2560    1866    809     1358    1477    1609    2078    2393    2593    2688    2394    1870    1333    1170    
236    2001 1815    1398    2287    1152    1796    2583    1846    1110    1180    1699    1723    1964    2464    2520    2762    2275    2027    1231    778     
236    2002 1807    1306    2204    1035    1634    2496    1897    1046    1308    1442    1605    1855    2363    2600    2520    2267    1911    1511    1230    
236    2003 1828    1348    2368    1095    1656    2766    1827    1049    997     1362    1608    1997    2670    2777    2848    2293    1761    1430    1091    
236    2004 1784    1301    2253    1136    1502    2597    1899    1287    1022    1199    1501    1805    2471    2593    2723    2415    2019    1259    1081    
236    2005 1750    1242    2310    953     1656    2628    1825    873     901     1284    1633    2049    2547    2735    2599    2279    1895    1300    849     
236    2006 1856    1240    2377    907     1791    2655    2012    868     1013    1494    1782    2097    2431    2857    2669    2409    2048    1579    969     
236    2007 1814    1404    2282    1117    1705    2550    1848    1081    1319    1423    1616    2074    2402    2595    2649    2342    1878    1323    1033    
236    2008 1770    1333    2242    1112    1678    2536    1772    1134    1174    1446    1727    1861    2321    2604    2674    2250    1812    1252    957     
236    2009 1854    1235    2361    987     1672    2712    2003    909     1108    1362    1531    2117    2556    2751    2824    2364    2071    1572    1029    
236    2010 -999999 -999999 -999999 -999999 1581    2636    1842    967     1005    1233    1655    1894    2367    2828    2708    2327    1837    1378    968     
236    2011 -999999 -999999 -999999 1079    -999999 -999999 -999999 1006    1295    1365    1813    -999999 -999999 -999999 -999999 -999999 -999999 -999999 -999999 
