EUROPEAN CLIMATE ASSESSMENT & DATASET (ECA&D), file created on: 10-05-2011
THESE DATA CAN BE USED FREELY PROVIDED THAT THE FOLLOWING SOURCE IS ACKNOWLEDGED: 

Klein Tank, A.M.G. and Coauthors, 2002. Daily dataset of 20th-century surface
air temperature and precipitation series for the European Climate Assessment.
Int. J. of Climatol., 22, 1441-1453.
Data and metadata available at http://eca.knmi.nl

FILE FORMAT (MISSING VALUE CODE = -999999):

THIS FILE HOLDS DATA FOR STATION GERMANY                                  HAMELN                                   (STAID:   2013)
LATITUDE: dd:mm:ss +52:06:00
LONGITUDE: ddd:mm:ss +009:21:00
ELEVATION: m   44

DATA IS FOR INDEX Mean of daily mean temperature (TG) with unit 0.01 Temperature (&#176;C)

01-06 SOUID: Source identifier
08-11 YEAR : YYYY
13-20 ANNUAL DATA VALUES
21-28 WINTER HALF YEAR DATA VALUES
29-36 SUMMER HALF YEAR DATA VALUES
37-44 WINTER (DJF) DATA VALUES
45-52 SPRING (MAM) DATA VALUES
53-60 SUMMER (JJA) DATA VALUES
61-68 AUTUMN (SON) DATA VALUES
69-76 JANUARY DATA VALUES
etc. 
157-164 DECEMBER DATA VALUES

2013   1955 823     -999999 1378    -999999 623     1672    946     -128    -160    70      770     1034    1461    1814    1735    1439    898     505     368     
2013   1956 768     241     1299    -124    748     1501    929     110     -900    401     551     1287    1324    1725    1450    1435    945     405     393     
2013   1957 939     530     1353    344     872     1676    950     159     495     772     827     1017    1662    1795    1571    1239    1058    549     95      
2013   1958 909     360     1417    164     673     1659    1037    99      314     48      623     1347    1468    1706    1795    1544    1088    476     356     
2013   1959 987     480     1527    188     1016    1807    941     68      133     727     1018    1303    1639    1959    1816    1412    963     448     289     
2013   1960 917     416     1385    194     888     1598    1016    134     156     489     872     1303    1618    1588    1590    1329    1014    705     187     
2013   1961 948     533     1424    256     939     1574    1072    5       610     690     1073    1058    1585    1531    1607    1695    1098    423     1       
2013   1962 773     347     1267    149     662     1475    879     286     162     96      884     1013    1381    1483    1557    1275    1010    348     -256    
2013   1963 763     47      1425    -493    843     1652    1035    -726    -496    358     932     1240    1600    1718    1635    1410    889     812     -279    
2013   1964 875     262     1474    -95     818     1698    915     -154    164     149     911     1396    1659    1783    1650    1432    767     549     183     
2013   1965 830     349     1321    147     770     1530    803     247     -3      321     790     1198    1531    1558    1502    1335    921     150     339     
2013   1966 928     347     1436    174     920     1643    966     -130    329     468     923     1368    1693    1603    1635    1384    1205    301     312     
2013   1967 971     535     1420    344     881     1688    1015    283     447     649     707     1283    1527    1847    1685    1453    1158    430     146     
2013   1968 931     423     1473    115     912     1727    1044    16      186     587     1019    1134    1680    1707    1792    1499    1141    488     -91     
2013   1969 896     309     1487    51      747     1764    1092    314     -82     54      816     1373    1574    1918    1795    1424    1213    634     -344    
2013   1970 881     271     1417    -182    736     1721    1062    -160    -28     294     646     1265    1752    1634    1777    1415    1032    739     155     
2013   1971 950     429     1460    185     863     1703    920     90      322     238     872     1481    1505    1775    1824    1279    1014    464     485     
2013   1972 882     465     1352    230     883     1636    838     -112    324     605     807     1234    1487    1798    1618    1149    800     568     292     
2013   1973 931     443     1441    245     800     1752    955     166     280     541     583     1270    1651    1782    1818    1523    853     492     167     
2013   1974 991     516     1380    363     894     1602    924     497     432     645     889     1146    1475    1580    1746    1433    688     658     661     
2013   1975 1017    580     1514    548     827     1818    993     662     296     489     793     1196    1526    1915    2003    1631    882     470     281     
2013   1976 935     387     1469    246     770     1777    1025    259     194     229     769     1312    1708    1954    1668    1384    1078    610     37      
2013   1977 967     511     1343    214     852     1644    1024    181     446     711     645     1195    1570    1669    1692    1268    1154    644     391     
2013   1978 885     506     1342    191     876     1586    965     205     -45     640     736     1249    1556    1587    1614    1294    1048    550     121     
2013   1979 842     254     1389    -177    818     1639    935     -402    -260    429     764     1259    1690    1600    1630    1381    957     466     515     
2013   1980 876     421     1387    235     746     1638    968     -144    340     391     725     1120    1542    1619    1750    1553    903     451     248     
2013   1981 913     422     1463    120     1026    1667    973     17      92      791     848     1432    1577    1689    1733    1486    892     544     -194    
2013   1982 989     298     1512    -58     827     1800    1187    -74     109     503     740     1236    1645    1906    1844    1686    1122    754     340     
2013   1983 1020    558     1554    295     915     1878    1013    546     -34     566     969     1211    1660    2038    1928    1504    1025    509     238     
2013   1984 921     420     1366    212     757     1630    1061    252     141     340     757     1173    1430    1603    1852    1361    1144    677     289     
2013   1985 857     319     1454    -109    918     1636    879     -465    -157    393     900     1461    1423    1778    1699    1444    1014    174     536     
2013   1986 899     289     1415    39      857     1703    1031    140     -625    399     682     1484    1630    1786    1690    1196    1118    775     384     
2013   1987 818     298     1386    -32     678     1587    1042    -541    72      -25     1018    1051    1470    1679    1609    1482    1038    606     332     
2013   1988 1016    546     1481    410     914     1697    986     521     374     394     833     1511    1535    1784    1765    1434    1049    474     486     
2013   1989 1068    621     1498    467     989     1739    1091    418     500     780     785     1395    1613    1809    1792    1578    1205    486     408     
2013   1990 1056    689     1433    534     984     1724    1018    468     744     819     817     1310    1528    1711    1928    1283    1173    593     263     
2013   1991 948     519     1423    166     891     1710    1014    347     -143    820     814     1035    1366    1941    1813    1554    983     506     251     
