EUROPEAN CLIMATE ASSESSMENT & DATASET (ECA&D), file created on: 10-05-2011
THESE DATA CAN BE USED FREELY PROVIDED THAT THE FOLLOWING SOURCE IS ACKNOWLEDGED: 

Klein Tank, A.M.G. and Coauthors, 2002. Daily dataset of 20th-century surface
air temperature and precipitation series for the European Climate Assessment.
Int. J. of Climatol., 22, 1441-1453.
Data and metadata available at http://eca.knmi.nl

FILE FORMAT (MISSING VALUE CODE = -999999):

THIS FILE HOLDS DATA FOR STATION FINLAND                                  TOHMAJARVI KEMIE                         (STAID:    716)
LATITUDE: dd:mm:ss +62:13:48
LONGITUDE: ddd:mm:ss +030:21:00
ELEVATION: m   90

DATA IS FOR INDEX Mean of daily mean temperature (TG) with unit 0.01 Temperature (&#176;C)

01-06 SOUID: Source identifier
08-11 YEAR : YYYY
13-20 ANNUAL DATA VALUES
21-28 WINTER HALF YEAR DATA VALUES
29-36 SUMMER HALF YEAR DATA VALUES
37-44 WINTER (DJF) DATA VALUES
45-52 SPRING (MAM) DATA VALUES
53-60 SUMMER (JJA) DATA VALUES
61-68 AUTUMN (SON) DATA VALUES
69-76 JANUARY DATA VALUES
etc. 
157-164 DECEMBER DATA VALUES

716    1959 -999999 -999999 -999999 -999999 -999999 1425    156     -999999 -999999 -999999 -999999 708     1357    1549    1367    636     153     -320    -1166   
716    1960 161     -782    1033    -1308   85      1522    89      -1388   -1373   -618    61      812     1453    1753    1359    733     -56     -404    -454    
716    1961 355     -372    969     -488    87      1493    450     -675    -316    -319    -213    783     1578    1572    1332    734     698     -91     -865    
716    1962 177     -504    908     -831    -32     1195    418     -740    -893    -1156   346     726     1065    1350    1166    779     445     29      -1044   
716    1963 95      -834    1052    -1368   -65     1335    449     -1567   -1506   -1394   91      1113    1105    1478    1413    1084    429     -166    -1034   
716    1964 203     -577    961     -973    54      1325    278     -670    -1232   -821    129     856     1250    1445    1277    784     535     -493    -693    
716    1965 152     -541    909     -877    -77     1307    217     -777    -1193   -686    5       454     1310    1327    1284    1062    270     -683    -649    
716    1966 8       -994    952     -1591   -56     1449    313     -2201   -1960   -825    -165    819     1468    1606    1273    681     260     0       -985    
716    1967 264     -548    1074    -1178   348     1452    566     -1557   -971    -60     246     856     1249    1517    1584    967     600     131     -1465   
716    1968 97      -712    954     -1583   161     1395    79      -2245   -1001   -283    104     660     1504    1276    1409    756     -56     -460    -521    
716    1969 64      -854    946     -1234   -56     1370    324     -1757   -1446   -927    126     638     1247    1504    1355    783     347     -160    -1030   
716    1970 146     -699    1001    -1335   145     1437    217     -1370   -1633   -424    83      774     1383    1583    1342    819     230     -398    -763    
716    1971 124     -580    875     -846    -73     1330    87      -571    -1241   -792    -113    687     1172    1432    1381    665     128     -535    -835    
716    1972 303     -691    1102    -1055   68      1660    250     -1412   -907    -595    80      720     1553    1845    1579    807     273     -330    -23     
716    1973 192     -342    1020    -513    209     1506    -55     -679    -870    -475    232     871     1520    1669    1329    470     -48     -589    -1196   
716    1974 353     -611    984     -882    -10     1467    463     -1184   -201    -410    -68     446     1359    1641    1398    1109    376     -94     -159    
716    1975 376     -205    1067    -470    380     1353    364     -510    -770    -124    270     990     1228    1554    1272    1069    231     -204    -575    
716    1976 10      -741    848     -1225   0       1215    45      -1731   -1378   -813    3       810     1054    1394    1193    608     -215    -250    -605    
716    1977 193     -595    948     -889    170     1335    243     -962    -1124   -455    131     834     1220    1516    1266    694     145     -107    -925    
716    1978 27      -707    892     -1285   103     1292    265     -1180   -1800   -461    -15     781     1258    1430    1185    690     162     -53     -1788   
716    1979 209     -762    994     -1452   176     1421    289     -1260   -1294   -370    -119    1008    1392    1477    1394    785     153     -67     -697    
716    1980 109     -668    975     -1061   -58     1431    146     -1260   -1238   -914    210     539     1575    1453    1271    792     304     -663    -803    
716    1981 203     -671    988     -872    -108    1443    368     -719    -1119   -1071   -74     822     1338    1710    1276    828     493     -220    -926    
716    1982 204     -622    929     -1256   209     1290    358     -1861   -952    -285    145     765     977     1547    1336    775     167     138     -374    
716    1983 270     -411    1086    -754    255     1407    261     -604    -1341   -523    278     1012    1254    1625    1338    983     376     -581    -709    
716    1984 280     -555    1046    -808    241     1333    364     -830    -890    -719    348     1097    1224    1538    1234    811     496     -219    -775    
716    1985 7       -833    952     -1633   50      1413    290     -2147   -2014   -435    -171    747     1239    1452    1543    873     439     -447    -1140   
716    1986 168     -681    979     -1314   246     1457    345     -1246   -1582   -190    80      842     1555    1607    1212    552     345     139     -1413   
716    1987 -8      -878    894     -1658   -25     1281    231     -2381   -1127   -820    2       745     1351    1399    1096    752     497     -565    -1096   
716    1988 239     -537    1078    -920    110     1585    172     -854    -801    -418    -152    892     1519    1841    1392    945     290     -722    -1106   
716    1989 441     -375    1128    -620    436     1488    361     -433    -288    3       352     951     1526    1549    1391    984     290     -189    -892    
716    1990 309     -362    971     -698    304     1338    124     -1075   -66     -208    404     720     1165    1495    1350    669     276     -578    -472    
716    1991 299     -549    1001    -849    134     1447    459     -994    -1105   -476    141     738     1297    1575    1464    765     474     138     -528    
716    1992 281     -227    988     -624    211     1353    57      -740    -602    -115    -109    846     1309    1437    1311    1113    -255    -676    -191    
716    1993 189     -464    880     -514    242     1253    -86     -705    -659    -324    43      1001    1001    1462    1288    451     107     -821    -659    
716    1994 216     -727    1027    -1063   152     1417    281     -891    -1700   -496    389     570     1210    1677    1357    945     281     -383    -510    
716    1995 317     -288    1035    -499    259     1451    304     -600    -375    -154    124     803     1594    1361    1402    914     583     -593    -1298   
716    1996 206     -703    938     -1204   58      1381    434     -935    -1391   -622    91      706     1275    1357    1509    664     419     218     -874    
716    1997 223     -404    1003    -895    59      1525    191     -1048   -750    -406    -65     646     1397    1665    1509    837     78      -340    -912    
716    1998 191     -652    983     -919    -80     1428    225     -565    -1318   -913    -163    833     1390    1624    1270    916     388     -634    -660    
716    1999 307     -606    1111    -987    152     1586    412     -1169   -1148   -465    437     494     1782    1716    1266    966     533     -266    -553    
716    2000 414     -320    1068    -645    321     1454    463     -715    -669    -271    400     837     1337    1665    1357    789     610     -17     -403    
716    2001 -999999 -999999 -999999 -999999 -999999 -999999 -999999 -999999 -999999 -999999 -999999 -999999 -999999 -999999 -999999 -999999 -999999 -999999 -999999 
716    2002 -999999 -999999 -999999 -999999 -999999 -999999 -999999 -999999 -999999 -999999 -999999 -999999 -999999 -999999 -999999 -999999 -999999 -999999 -999999 
716    2003 -999999 -999999 -999999 -999999 -999999 -999999 -999999 -999999 -999999 -999999 -999999 -999999 -999999 -999999 -999999 -999999 -999999 -999999 -999999 
716    2004 -999999 -999999 -999999 -999999 -999999 -999999 -999999 -999999 -999999 -999999 -999999 -999999 -999999 -999999 -999999 -999999 -999999 -999999 -999999 
716    2005 -999999 -999999 -999999 -999999 -999999 -999999 -999999 -999999 -999999 -999999 -999999 -999999 -999999 -999999 -999999 -999999 -999999 -999999 -999999 
716    2006 -999999 -999999 -999999 -999999 -999999 -999999 -999999 -999999 -999999 -999999 -999999 -999999 -999999 -999999 -999999 -999999 -999999 -999999 -999999 
716    2007 -999999 -999999 -999999 -999999 -999999 -999999 -999999 -999999 -999999 -999999 -999999 -999999 -999999 -999999 -999999 -999999 -999999 -999999 -999999 
716    2008 -999999 -999999 -999999 -999999 227     1358    454     -999999 -373    -379    340     725     1200    1568    1315    756     599     23      -218    
716    2009 304     -265    1102    -607    250     1429    385     -783    -851    -426    154     1015    1308    1551    1423    1107    95      -36     -1018   
716    2010 168     -763    1236    -1358   301     1627    258     -1749   -1300   -597    409     1098    1231    2075    1563    979     297     -502    -1576   
716    2011 -999999 -786    -999999 -1385   -999999 -999999 -999999 -1035   -1561   -406    401     -999999 -999999 -999999 -999999 -999999 -999999 -999999 -999999 
