EUROPEAN CLIMATE ASSESSMENT & DATASET (ECA&D), file created on: 10-05-2011
THESE DATA CAN BE USED FREELY PROVIDED THAT THE FOLLOWING SOURCE IS ACKNOWLEDGED: 

Klein Tank, A.M.G. and Coauthors, 2002. Daily dataset of 20th-century surface
air temperature and precipitation series for the European Climate Assessment.
Int. J. of Climatol., 22, 1441-1453.
Data and metadata available at http://eca.knmi.nl

FILE FORMAT (MISSING VALUE CODE = -999999):

THIS FILE HOLDS DATA FOR STATION RUSSIAN FEDERATION                       VJAZ-MA                                  (STAID:   1166)
LATITUDE: dd:mm:ss +55:12:00
LONGITUDE: ddd:mm:ss +034:24:00
ELEVATION: m  250

DATA IS FOR INDEX Mean of daily mean temperature (TG) with unit 0.01 Temperature (&#176;C)

01-06 SOUID: Source identifier
08-11 YEAR : YYYY
13-20 ANNUAL DATA VALUES
21-28 WINTER HALF YEAR DATA VALUES
29-36 SUMMER HALF YEAR DATA VALUES
37-44 WINTER (DJF) DATA VALUES
45-52 SPRING (MAM) DATA VALUES
53-60 SUMMER (JJA) DATA VALUES
61-68 AUTUMN (SON) DATA VALUES
69-76 JANUARY DATA VALUES
etc. 
157-164 DECEMBER DATA VALUES

1166   1995 -999999 -999999 -999999 -999999 -999999 1674    462     -688    -170    9       781     1312    1810    1617    1599    1152    633     -343    -1016   
1166   1996 -999999 -999999 -999999 -1048   -999999 1614    641     -1060   -1072   -476    594     1486    1508    1706    1628    947     544     413     -845    
1166   1997 -999999 -999999 -999999 -699    423     -999999 374     -767    -476    -147    343     1074    1674    1744    1663    814     358     -51     -847    
1166   1998 -999999 -999999 -999999 -999999 488     1661    226     -523    -670    -209    409     1212    1807    1740    1451    1066    487     -858    -774    
1166   1999 -999999 -999999 -999999 -666    516     1844    510     -506    -724    -121    838     833     1961    2001    1574    1109    673     -344    -260    
1166   2000 -999999 -999999 -999999 -461    571     1590    -999999 -727    -388    -209    1016    966     1390    1778    1590    898     665     142     -202    
1166   2001 -999999 -999999 -999999 -999999 532     -999999 -999999 -480    -828    -318    972     1000    1518    2203    1652    1067    602     -999999 -1201   
1166   2002 -999999 -999999 -999999 -665    665     1768    385     -572    -179    148     654     1191    1578    2047    1664    1158    266     -219    -1326   
1166   2003 -999999 -999999 -999999 -999999 -999999 1608    -999999 -999999 -1006   -409    327     1489    1275    1899    1605    1127    470     142     -320    
1166   2004 -999999 -999999 -999999 -999999 520     -999999 -999999 -753    -768    62      465     1030    1390    1709    1734    1165    608     -230    -270    
1166   2005 -999999 -999999 -999999 -999999 469     1669    -999999 -310    -955    -687    674     1388    1514    1805    1678    1298    676     12      -479    
1166   2006 -999999 -999999 -999999 -999999 -999999 1693    -999999 -1029   -999999 -549    541     1047    1700    1711    1669    1318    683     28      142     
1166   2007 -999999 -999999 -999999 -999999 786     1739    510     -217    -1229   422     480     1435    1613    1739    1852    1144    637     -238    -231    
1166   2008 -999999 -999999 -999999 -343    664     1652    686     -599    -186    105     844     1032    1439    1780    1726    1073    854     144     -274    
1166   2009 -999999 -999999 1312    -453    541     1599    701     -564    -523    -100    516     1205    1548    1742    1506    1335    506     262     -641    
1166   2010 -999999 -999999 -999999 -977    690     2082    570     -1492   -760    -276    734     1583    1827    2323    2071    1113    329     268     -833    
1166   2011 -999999 -999999 -999999 -913    -999999 -999999 -999999 -772    -1161   -245    590     -999999 -999999 -999999 -999999 -999999 -999999 -999999 -999999 
