EUROPEAN CLIMATE ASSESSMENT & DATASET (ECA&D), file created on: 10-05-2011
THESE DATA CAN BE USED FREELY PROVIDED THAT THE FOLLOWING SOURCE IS ACKNOWLEDGED: 

Klein Tank, A.M.G. and Coauthors, 2002. Daily dataset of 20th-century surface
air temperature and precipitation series for the European Climate Assessment.
Int. J. of Climatol., 22, 1441-1453.
Data and metadata available at http://eca.knmi.nl

FILE FORMAT (MISSING VALUE CODE = -999999):

THIS FILE HOLDS DATA FOR STATION FINLAND                                  TURKU AIRPORT                            (STAID:    706)
LATITUDE: dd:mm:ss +60:30:00
LONGITUDE: ddd:mm:ss +022:16:12
ELEVATION: m   47

DATA IS FOR INDEX Mean of daily mean temperature (TG) with unit 0.01 Temperature (&#176;C)

01-06 SOUID: Source identifier
08-11 YEAR : YYYY
13-20 ANNUAL DATA VALUES
21-28 WINTER HALF YEAR DATA VALUES
29-36 SUMMER HALF YEAR DATA VALUES
37-44 WINTER (DJF) DATA VALUES
45-52 SPRING (MAM) DATA VALUES
53-60 SUMMER (JJA) DATA VALUES
61-68 AUTUMN (SON) DATA VALUES
69-76 JANUARY DATA VALUES
etc. 
157-164 DECEMBER DATA VALUES

706    1959 567     -999999 1206    -999999 488     1628    540     -531    -234    69      472     923     1445    1759    1675    935     521     164     -445    
706    1960 457     -312    1200    -711    292     1602    484     -879    -816    -435    259     1050    1541    1735    1528    1063    383     10      -1      
706    1961 601     5       1152    -150    449     1526    733     -432    -1      69      295     978     1622    1533    1426    1040    929     223     -501    
706    1962 396     -161    1021    -462    158     1309    585     -406    -479    -749    408     825     1174    1452    1297    952     692     108     -572    
706    1963 419     -420    1257    -862    250     1578    611     -958    -1076   -763    276     1237    1391    1696    1641    1272    582     -20     -356    
706    1964 461     -234    1102    -496    227     1469    578     -258    -899    -488    279     894     1377    1562    1466    1017    714     1       -191    
706    1965 408     -139    1096    -394    212     1425    477     -320    -701    -386    374     654     1444    1415    1416    1266    601     -442    -496    
706    1966 364     -525    1126    -1016   219     1617    552     -1222   -1361   -307    27      931     1624    1773    1454    921     520     215     -328    
706    1967 495     -163    1178    -606    451     1521    800     -1043   -431    73      337     941     1331    1636    1590    1213    834     353     -948    
706    1968 421     -289    1170    -940    341     1586    418     -1288   -559    -124    431     718     1583    1557    1618    1101    261     -101    -164    
706    1969 388     -383    1194    -614    200     1642    509     -788    -919    -629    352     881     1552    1676    1695    987     586     -48     -768    
706    1970 398     -438    1155    -996    296     1589    475     -973    -1273   -220    150     955     1604    1632    1532    1033    472     -81     -178    
706    1971 491     -158    1141    -290    270     1536    426     -221    -489    -481    255     1035    1360    1684    1557    925     501     -149    -162    
706    1972 580     -186    1241    -414    320     1734    543     -715    -362    -239    251     946     1610    1941    1648    1023    513     94      215     
706    1973 499     64      1178    -83     420     1676    262     -115    -376    16      276     964     1600    1925    1500    777     275     -266    -654    
706    1974 613     -160    1135    -297    336     1486    653     -188    -25     -95     335     767     1410    1532    1515    1235    493     235     100     
706    1975 664     95      1264    -60     509     1579    677     -94     -200    9       377     1137    1329    1762    1639    1316    530     189     -95     
706    1976 380     -225    1110    -525    260     1503    403     -953    -529    -501    222     1059    1330    1606    1566    848     268     96      -481    
706    1977 451     -269    1073    -617    314     1469    551     -541    -851    -151    159     929     1471    1458    1480    918     575     158     -292    
706    1978 350     -224    1079    -595    289     1457    538     -477    -1060   -316    180     1001    1436    1532    1402    902     442     274     -1210   
706    1979 457     -387    1183    -989    403     1575    545     -860    -888    -106    250     1058    1608    1518    1600    1040    431     168     -432    
706    1980 447     -333    1254    -691    275     1659    482     -782    -872    -532    558     808     1748    1710    1523    1167    518     -241    -277    
706    1981 462     -247    1161    -416    280     1516    571     -421    -565    -529    219     1147    1380    1704    1460    1029    641     42      -634    
706    1982 530     -235    1144    -727    411     1526    672     -982    -549    53      293     882     1172    1699    1696    1095    523     403     -6      
706    1983 578     -17     1274    -274    488     1583    583     -112    -749    -217    561     1123    1397    1748    1598    1197    650     -100    -260    
706    1984 568     -175    1224    -403    469     1502    642     -487    -464    -402    505     1305    1419    1562    1523    1008    748     167     -110    
706    1985 305     -380    1123    -1011   266     1569    543     -1492   -1478   -203    103     892     1400    1633    1668    1014    741     -131    -621    
706    1986 448     -320    1154    -832    439     1579    604     -774    -1129   -79     288     1103    1661    1704    1375    768     630     414     -699    
706    1987 312     -431    1023    -1027   176     1357    588     -1681   -665    -581    321     792     1264    1554    1250    939     761     58      -319    
706    1988 574     -38     1304    -266    365     1749    510     -182    -297    -260    219     1130    1756    1968    1524    1204    556     -232    -532    
706    1989 694     22      1285    -133    618     1601    640     40      117     182     602     1071    1602    1695    1505    1221    600     100     -439    
706    1990 664     66      1226    -179    620     1593    475     -244    180     209     653     997     1497    1640    1638    909     572     -57     -55     
706    1991 599     -50     1170    -284    405     1590    660     -225    -603    16      419     782     1250    1754    1757    1036    623     321     -41     
706    1992 627     138     1249    -89     509     1620    413     -70     -161    141     210     1167    1652    1685    1524    1233    79      -61     86      
706    1993 548     -34     1153    -80     612     1446    315     -123    -218    11      436     1383    1206    1705    1418    734     447     -241    -254    
706    1994 530     -302    1242    -604    398     1631    559     -358    -1265   -230    573     856     1273    1973    1636    1116    549     12      82      
706    1995 608     59      1251    -86     452     1675    615     -280    -56     35      396     923     1748    1656    1623    1147    856     -167    -622    
706    1996 487     -280    1167    -694    333     1563    680     -523    -954    -310    377     935     1360    1513    1810    984     747     307     -461    
706    1997 605     -5      1286    -374    351     1842    506     -342    -313    14      226     810     1669    1927    1925    1134    342     47      -248    
706    1998 538     -94     1182    -231    379     1487    499     -135    -316    -269    406     1002    1415    1620    1425    1205    597     -309    -243    
706    1999 620     -196    1321    -469    449     1716    751     -541    -639    -86     595     844     1744    1857    1547    1332    693     229     -211    
706    2000 691     34      1218    -215    541     1524    790     -239    -192    -85     657     1055    1387    1649    1532    1012    896     460     133     
706    2001 554     49      1261    -255    367     1634    698     -170    -779    -312    552     868     1372    1914    1607    1231    835     24      -598    
706    2002 558     -28     1344    -359    567     1756    300     -333    -123    17      566     1117    1591    1834    1840    1094    73      -258    -761    
706    2003 567     -407    1281    -753    429     1714    617     -910    -573    -27     325     988     1399    2069    1664    1212    361     285     -74     
706    2004 599     -73     1264    -344    516     1564    621     -603    -354    -61     569     1043    1323    1652    1709    1267    602     -6      17      
706    2005 619     -66     1290    -159    317     1679    752     -96     -422    -522    506     972     1430    1918    1680    1205    739     327     -363    
706    2006 -999999 -999999 -999999 -466    -999999 1738    800     -379    -675    -521    -999999 1174    1576    1776    1842    1414    751     238     338     
706    2007 642     94      1254    -242    594     1635    622     -257    -848    263     472     1044    1531    1665    1706    1085    713     66      141     
706    2008 674     146     1186    48      496     1536    643     -34     35      -53     573     970     1434    1686    1485    949     773     204     35      
706    2009 531     -8      1214    -284    434     1502    633     -408    -500    -194    476     1019    1278    1645    1574    1272    342     295     -486    
706    2010 425     -335    1309    -806    434     1717    470     -1058   -881    -255    436     1123    1350    2077    1711    1123    501     -215    -905    
706    2011 -999999 -346    -999999 -763    -999999 -999999 -999999 -445    -956    -109    537     -999999 -999999 -999999 -999999 -999999 -999999 -999999 -999999 
