EUROPEAN CLIMATE ASSESSMENT & DATASET (ECA&D), file created on: 10-05-2011
THESE DATA CAN BE USED FREELY PROVIDED THAT THE FOLLOWING SOURCE IS ACKNOWLEDGED: 

Klein Tank, A.M.G. and Coauthors, 2002. Daily dataset of 20th-century surface
air temperature and precipitation series for the European Climate Assessment.
Int. J. of Climatol., 22, 1441-1453.
Data and metadata available at http://eca.knmi.nl

FILE FORMAT (MISSING VALUE CODE = -999999):

THIS FILE HOLDS DATA FOR STATION MOROCCO                                  OUJDA                                    (STAID:   2146)
LATITUDE: dd:mm:ss +34:46:48
LONGITUDE: ddd:mm:ss -001:55:48
ELEVATION: m  468

DATA IS FOR INDEX Mean of daily mean temperature (TG) with unit 0.01 Temperature (&#176;C)

01-06 SOUID: Source identifier
08-11 YEAR : YYYY
13-20 ANNUAL DATA VALUES
21-28 WINTER HALF YEAR DATA VALUES
29-36 SUMMER HALF YEAR DATA VALUES
37-44 WINTER (DJF) DATA VALUES
45-52 SPRING (MAM) DATA VALUES
53-60 SUMMER (JJA) DATA VALUES
61-68 AUTUMN (SON) DATA VALUES
69-76 JANUARY DATA VALUES
etc. 
157-164 DECEMBER DATA VALUES

2146   1965 -999999 -999999 -999999 -999999 -999999 -999999 -999999 -999999 -999999 -999999 1382    1842    2371    -999999 2501    1998    1875    -999999 1179    
2146   1966 -999999 -999999 -999999 1282    -999999 -999999 -999999 1244    1431    1152    1529    1852    2173    2408    -999999 -999999 -999999 -999999 -999999 
2146   1967 -999999 -999999 -999999 -999999 1412    -999999 1855    -999999 1108    1249    1253    1723    1935    2636    2588    2196    1888    1478    822     
2146   1968 -999999 -999999 -999999 -999999 -999999 -999999 -999999 -999999 -999999 -999999 -999999 -999999 -999999 -999999 -999999 -999999 -999999 -999999 -999999 
2146   1969 -999999 -999999 -999999 -999999 -999999 -999999 -999999 -999999 -999999 -999999 -999999 -999999 -999999 -999999 -999999 -999999 -999999 -999999 -999999 
2146   1970 -999999 -999999 -999999 -999999 -999999 -999999 -999999 -999999 -999999 -999999 -999999 -999999 -999999 -999999 -999999 -999999 -999999 -999999 -999999 
2146   1971 -999999 -999999 -999999 -999999 -999999 -999999 -999999 -999999 -999999 -999999 -999999 -999999 -999999 -999999 -999999 -999999 -999999 -999999 -999999 
2146   1972 -999999 -999999 -999999 -999999 -999999 -999999 -999999 -999999 -999999 -999999 -999999 -999999 -999999 -999999 -999999 -999999 -999999 -999999 -999999 
2146   1973 -999999 -999999 -999999 -999999 -999999 -999999 -999999 898     -999999 1050    1230    1644    2004    -999999 -999999 -999999 -999999 -999999 913     
2146   1974 -999999 -999999 -999999 -999999 -999999 -999999 -999999 1016    -999999 1100    1154    1719    -999999 2419    2456    -999999 1535    1270    927     
2146   1975 -999999 -999999 -999999 -999999 -999999 -999999 -999999 1008    1054    1163    1263    1392    1887    2588    2531    2008    1754    1192    -999999 
2146   1976 -999999 -999999 -999999 -999999 -999999 -999999 -999999 -999999 -999999 -999999 -999999 1595    2098    -999999 2563    -999999 1659    -999999 1274    
2146   1977 -999999 -999999 -999999 -999999 -999999 -999999 -999999 1054    -999999 1370    -999999 1640    -999999 2177    2214    2102    1766    -999999 -999999 
2146   1978 -999999 -999999 -999999 -999999 -999999 -999999 -999999 -999999 -999999 -999999 1365    1538    -999999 2494    2521    2194    1664    -999999 1382    
2146   1979 -999999 -999999 -999999 -999999 -999999 -999999 -999999 -999999 -999999 -999999 1337    -999999 -999999 2454    -999999 2116    1814    -999999 1066    
2146   1980 -999999 -999999 -999999 -999999 -999999 -999999 -999999 936     1120    1210    -999999 1648    2202    2426    -999999 2357    1856    1354    913     
2146   1981 -999999 -999999 -999999 -999999 -999999 -999999 -999999 -999999 -999999 -999999 1398    -999999 2104    2256    2434    -999999 -999999 -999999 -999999 
2146   1982 -999999 -999999 -999999 -999999 1493    2445    1735    -999999 1128    1303    1449    1723    2304    2561    2470    2215    1671    1284    885     
2146   1983 -999999 -999999 -999999 -999999 1570    2341    2012    991     -999999 1471    1515    1709    2283    2386    2350    2399    1978    1632    1125    
2146   1984 -999999 -999999 -999999 -999999 1396    2348    1837    923     1014    1119    1607    1463    2034    2626    2393    2336    1652    1516    1107    
2146   1985 -999999 -999999 -999999 -999999 1437    -999999 -999999 939     1469    1121    1574    1627    2176    2611    2598    2429    -999999 1480    -999999 
2146   1986 -999999 -999999 -999999 -999999 1444    2443    1823    966     -999999 1145    1233    1927    2090    2546    2647    2316    1884    1268    964     
2146   1987 -999999 -999999 -999999 998     -999999 -999999 -999999 950     1098    1262    -999999 1719    2143    2375    2561    2486    1939    -999999 1311    
2146   1988 -999999 -999999 -999999 -999999 -999999 -999999 1927    1175    1084    1360    1598    1754    2002    2552    -999999 2266    1975    1538    933     
2146   1989 -999999 -999999 -999999 -999999 1480    -999999 1990    928     1115    1328    1380    1734    -999999 2679    2779    2308    2032    1641    1473    
2146   1990 -999999 -999999 -999999 1246    1544    -999999 -999999 910     1359    1410    1418    1810    2294    -999999 2640    2636    1877    -999999 982     
2146   1991 -999999 -999999 -999999 -999999 1354    -999999 -999999 901     -999999 1215    1290    1553    2177    2588    2772    -999999 -999999 1341    1082    
2146   1992 -999999 -999999 -999999 1008    -999999 2347    1809    841     1102    1147    1563    1800    1873    2470    2683    2315    1701    1396    1141    
2146   1993 -999999 -999999 -999999 1002    1459    2408    1702    904     960     1303    1414    1655    2101    2487    2595    2034    1738    1294    1099    
2146   1994 -999999 -999999 -999999 -999999 1555    -999999 1888    965     1085    1319    1390    1910    2198    2840    2812    2157    1918    1591    1126    
2146   1995 1787    -999999 2125    1146    1590    2402    1911    1028    1298    1327    1495    1946    2101    2504    2590    2092    1990    1647    1387    
2146   1996 1734    1447    2110    1253    1518    2420    1769    1328    1028    1279    1517    1758    2260    2515    2480    2113    1723    1473    1302    
2146   1997 1776    1391    2119    1255    1621    2307    1952    1194    1269    1378    1627    1859    2154    2279    2482    2305    2003    1546    1186    
2146   1998 1731    1409    2149    1176    1483    2490    1825    1112    1236    1357    1414    1675    2259    2573    2631    2325    1770    1381    1005    
2146   1999 -999999 -999999 2201    983     1579    2495    1841    1050    881     1238    1500    1974    2251    2562    2665    2234    2065    1224    1016    
2146   2000 1746    1285    2198    1027    1561    2521    1777    847     1230    1318    1472    1889    2346    2560    2651    2255    1695    1385    1289    
2146   2001 -999999 -999999 -999999 1182    1583    2561    -999999 1160    1078    1582    1480    1689    2441    2583    2651    2316    2161    1293    1112    
2146   2002 -999999 -999999 2211    1138    1610    2507    1945    1071    1233    1406    1541    1879    2425    2544    2551    2317    1969    1550    1365    
2146   2003 -999999 1404    2313    1143    1629    2705    1918    1015    1040    1471    1534    1879    2555    2787    2766    2343    1967    1456    1165    
2146   2004 1816    -999999 2256    1199    1460    2652    1984    1145    1288    1271    1444    1665    2393    2744    2810    2466    2148    1332    1061    
2146   2005 1761    1255    2276    890     1645    2607    1887    761     843     1348    1515    2068    2412    2697    2705    2239    2017    1401    1058    
2146   2006 1882    1335    2349    1021    1796    2600    2082    940     1071    1501    1772    2125    2326    2807    2659    2380    2171    1691    1090    
2146   2007 1780    1457    2195    1187    1528    2516    1882    1136    1353    1297    1451    1833    2192    2634    2712    2329    1906    1409    1074    
2146   2008 1770    1342    2243    1131    1585    2551    1829    1110    1215    1330    1663    1766    2257    2678    2715    2381    1899    1183    1003    
2146   2009 1886    -999999 2287    1047    1615    2677    2054    1048    1092    1410    1442    1988    2480    2875    2671    2244    2111    1805    1400    
2146   2010 1890    1575    2303    1359    1650    2625    1923    1262    1423    1443    1652    1855    2251    2812    2800    2432    1889    1450    1339    
2146   2011 -999999 -999999 -999999 1179    -999999 -999999 -999999 1138    1058    1346    1806    -999999 -999999 -999999 -999999 -999999 -999999 -999999 -999999 
