EUROPEAN CLIMATE ASSESSMENT & DATASET (ECA&D), file created on: 10-05-2011
THESE DATA CAN BE USED FREELY PROVIDED THAT THE FOLLOWING SOURCE IS ACKNOWLEDGED: 

Klein Tank, A.M.G. and Coauthors, 2002. Daily dataset of 20th-century surface
air temperature and precipitation series for the European Climate Assessment.
Int. J. of Climatol., 22, 1441-1453.
Data and metadata available at http://eca.knmi.nl

FILE FORMAT (MISSING VALUE CODE = -999999):

THIS FILE HOLDS DATA FOR STATION ESTONIA                                  VAIKEMAARJA                              (STAID:    693)
LATITUDE: dd:mm:ss +59:06:00
LONGITUDE: ddd:mm:ss +026:12:00
ELEVATION: m  123

DATA IS FOR INDEX Mean of daily mean temperature (TG) with unit 0.01 Temperature (&#176;C)

01-06 SOUID: Source identifier
08-11 YEAR : YYYY
13-20 ANNUAL DATA VALUES
21-28 WINTER HALF YEAR DATA VALUES
29-36 SUMMER HALF YEAR DATA VALUES
37-44 WINTER (DJF) DATA VALUES
45-52 SPRING (MAM) DATA VALUES
53-60 SUMMER (JJA) DATA VALUES
61-68 AUTUMN (SON) DATA VALUES
69-76 JANUARY DATA VALUES
etc. 
157-164 DECEMBER DATA VALUES

693    1995 -999999 -999999 -999999 -999999 -999999 -999999 -999999 -999999 -999999 -999999 331     -999999 -999999 -999999 1464    -999999 -999999 -999999 -999999 
693    1996 -999999 -999999 -999999 -999999 -999999 1473    574     -999999 -999999 -999999 399     953     1292    1442    1668    847     621     290     -631    
693    1997 -999999 -999999 -999999 -999999 283     1697    -999999 -503    -358    -174    236     781     1537    1727    1807    1050    263     -58     -568    
693    1998 -999999 -999999 -999999 -999999 -999999 -999999 347     -196    -479    -434    372     -999999 -999999 -999999 1328    1055    509     -552    -415    
693    1999 -999999 -999999 -999999 -548    370     1697    634     -519    -721    -145    650     604     1794    1834    1454    1221    586     37      -219    
693    2000 -999999 -999999 -999999 -274    547     1479    660     -360    -246    -175    774     993     1364    1581    1484    928     769     288     -23     
693    2001 -999999 -999999 -999999 -293    371     1607    617     -241    -660    -434    642     931     1315    1968    1553    1157    756     -91     -881    
693    2002 -999999 -999999 -999999 -489    611     1713    284     -455    -92     114     563     1176    1516    1827    1792    1036    65      -224    -976    
693    2003 494     -999999 1189    -850    378     1568    577     -881    -682    -156    233     1053    1257    1933    1527    1149    381     206     -90     
693    2004 529     -156    1226    -484    481     1539    565     -844    -521    -79     552     973     1296    1633    1679    1206    559     -68     -79     
693    2005 520     -209    1241    -346    244     1577    721     -231    -769    -717    437     1019    1353    1770    1613    1264    663     221     -402    
693    2006 606     -284    1364    -652    313     1723    791     -595    -992    -637    513     1068    1585    1805    1773    1423    812     138     263     
693    2007 659     70      1334    -315    720     1700    574     -249    -1029   381     609     1166    1541    1729    1825    1110    669     -62     69      
693    2008 667     88      1219    -16     558     1519    666     -143    27      -40     691     1026    1394    1603    1557    1023    812     160     -126    
693    2009 542     -64     1277    -385    487     1554    624     -430    -623    -225    546     1141    1399    1678    1581    1295    401     183     -509    
693    2010 459     -406    1419    -925    533     1822    505     -1362   -900    -278    584     1295    1432    2185    1837    1143    394     -19     -891    
693    2011 -999999 -404    -999999 -861    -999999 -999999 -999999 -566    -1155   -248    543     -999999 -999999 -999999 -999999 -999999 -999999 -999999 -999999 
