EUROPEAN CLIMATE ASSESSMENT & DATASET (ECA&D), file created on: 10-05-2011
THESE DATA CAN BE USED FREELY PROVIDED THAT THE FOLLOWING SOURCE IS ACKNOWLEDGED: 

Klein Tank, A.M.G. and Coauthors, 2002. Daily dataset of 20th-century surface
air temperature and precipitation series for the European Climate Assessment.
Int. J. of Climatol., 22, 1441-1453.
Data and metadata available at http://eca.knmi.nl

FILE FORMAT (MISSING VALUE CODE = -999999):

THIS FILE HOLDS DATA FOR STATION NORWAY                                   ANDOYA                                   (STAID:   2215)
LATITUDE: dd:mm:ss +69:18:00
LONGITUDE: ddd:mm:ss +016:08:59
ELEVATION: m   14

DATA IS FOR INDEX Mean of daily mean temperature (TG) with unit 0.01 Temperature (&#176;C)

01-06 SOUID: Source identifier
08-11 YEAR : YYYY
13-20 ANNUAL DATA VALUES
21-28 WINTER HALF YEAR DATA VALUES
29-36 SUMMER HALF YEAR DATA VALUES
37-44 WINTER (DJF) DATA VALUES
45-52 SPRING (MAM) DATA VALUES
53-60 SUMMER (JJA) DATA VALUES
61-68 AUTUMN (SON) DATA VALUES
69-76 JANUARY DATA VALUES
etc. 
157-164 DECEMBER DATA VALUES

2215   1958 -999999 -999999 -999999 -999999 -999999 975     -999999 -999999 -999999 -999999 -999999 -999999 779     984     1155    835     641     -999999 -999999 
2215   1959 -999999 -999999 -999999 -999999 -999999 -999999 -999999 -999999 -999999 -999999 -999999 -999999 -999999 -999999 -999999 -999999 -999999 -999999 -999999 
2215   1960 -999999 -999999 -999999 -999999 -999999 -999999 -999999 -999999 -999999 -999999 -999999 -999999 827     1447    -999999 -999999 -999999 -999999 -999999 
2215   1961 -999999 -999999 -999999 -999999 -999999 -999999 -999999 -999999 -999999 -999999 -999999 -999999 -999999 -999999 -999999 -999999 -999999 -999999 -999999 
2215   1962 -999999 -999999 713     -999999 57      916     467     -999999 -999999 -530    219     486     750     947     1045    817     427     159     -217    
2215   1963 413     -87     863     -283    253     1052    533     -263    -378    -271    206     823     881     1042    1227    979     569     48      29      
2215   1964 438     114     734     -6      289     964     501     169     -229    75      154     633     710     1119    1055    710     675     114     31      
2215   1965 294     37      688     -106    73      886     461     -183    -171    -264    162     325     783     864     1009    979     482     -78     -400    
2215   1966 231     -246    635     -508    -70     1038    342     -419    -727    -373    -131    291     895     1169    1045    524     258     246     -75     
2215   1967 401     2       799     -184    258     1011    592     -357    -113    48      142     580     839     1065    1125    1032    361     391     -330    
2215   1968 279     -87     633     -344    63      882     343     -447    -249    -242    88      345     784     896     962     712     78      248     165     
2215   1969 403     -19     829     -104    159     1180    441     -215    -278    -128    126     479     942     1269    1322    820     503     -1      -63     
2215   1970 385     -43     801     -225    165     1132    429     -105    -535    -104    27      567     986     1204    1202    803     537     -57     14      
2215   1971 330     -48     730     -147    63      1028    338     -179    -290    -338    42      486     945     1012    1125    754     371     -112    97      
2215   1972 493     60      850     46      216     1223    412     94      -59     -43     143     547     1157    1352    1159    724     413     98      300     
2215   1973 330     101     734     50      177     1050    225     58      -235    -59     79      509     913     1252    981     650     151     -125    -258    
2215   1974 469     -46     869     -132    310     1140    447     9       -150    83      262     584     1047    1262    1108    937     333     74      34      
2215   1975 361     72      649     -24     234     842     474     -162    66      89      91      518     647     925     948     748     455     220     -230    
2215   1976 320     -22     706     -242    187     1005    324     -475    -6      -87     -10     652     846     1075    1090    561     351     59      -226    
2215   1977 301     -107    624     -294    22      944     448     -305    -359    -181    -97     340     673     1080    1070    660     448     236     -3      
2215   1978 283     -59     742     -248    46      1110    345     -349    -409    -298    20      415     1017    1191    1119    675     254     110     -391    
2215   1979 355     -127    766     -324    132     1094    381     -343    -230    -162    84      472     864     1244    1165    750     316     79      -21     
2215   1980 368     -48     862     -170    227     1148    347     -240    -255    -174    274     581     1074    1107    1260    863     288     -109    -274    
2215   1981 238     -208    665     -305    -18     902     396     -386    -250    -520    23      445     606     1052    1038    806     383     -1      -368    
2215   1982 359     -50     674     -229    196     917     430     -366    77      -10     124     473     562     1124    1055    684     465     140     -43     
2215   1983 365     44      778     -89     299     933     359     -130    -95     -85     284     698     812     1066    917     879     326     -128    -192    
2215   1984 423     -67     776     -141    285     952     446     -299    82      -183    302     735     885     912     1058    751     454     134     236     
2215   1985 319     24      731     -135    102     1101    404     -158    -519    -52     -73     426     755     1279    1258    714     469     25      -375    
2215   1986 330     -89     728     -358    247     1008    433     -443    -245    24      -2      710     954     1045    1024    617     490     191     -445    
2215   1987 292     -121    651     -417    136     846     523     -360    -450    -171    128     451     657     931     943     782     733     46      -240    
2215   1988 335     -22     744     -219    37      1070    419     -135    -287    -267    -119    490     861     1244    1099    868     376     15      -158    
2215   1989 453     51      817     -51     335     1047    479     82      -80     56      388     563     928     965     1246    804     384     253     -188    
2215   1990 514     94      870     -31     245     1182    522     -29     142     11      271     453     1002    1258    1280    946     596     21      193     
2215   1991 449     114     780     48      218     1090    445     49      -113    -84     277     463     1010    1092    1167    657     510     164     147     
2215   1992 444     168     802     82      251     1063    366     45      52      80      68      600     1012    1049    1125    944     110     52      175     
2215   1993 420     59      782     56      250     1084    409     21      -37     21      175     551     678     1332    1229    699     236     299     -198    
2215   1994 384     -40     767     -247    257     998     403     -376    -159    -45     308     509     791     1056    1140    784     324     104     134     
2215   1995 329     52      676     -31     170     924     361     -54     -187    -31     32      505     852     975     942     735     358     -9      -211    
2215   1996 354     -31     721     -171    137     1035    417     96      -413    -32     55      384     841     1014    1243    771     506     -30     -234    
2215   1997 394     -58     797     -228    68      1165    451     -219    -230    -156    -77     431     1018    1169    1302    923     341     92      81      
2215   1998 400     -12     822     -97     113     1171    429     -148    -236    -217    74      480     900     1356    1248    852     464     -30     -3      
2215   1999 427     -2      796     -125    231     1008    644     -143    -240    -86     182     596     993     1074    956     968     568     399     -185    
2215   2000 421     73      737     -125    169     953     642     -48     -143    -154    31      625     785     1006    1060    900     749     273     -65     
2215   2001 387     56      781     -117    66      1054    531     54      -362    -348    57      488     954     1089    1115    968     496     132     -55     
2215   2002 459     53      961     -95     412     1224    325     -89     -146    -36     476     796     997     1329    1338    809     235     -67     -178    
2215   2003 480     -32     886     -158    353     1175    501     -469    208     101     287     669     907     1370    1238    823     370     316     -73     
2215   2004 488     64      900     -146    416     1134    480     -227    -136    128     479     643     835     1343    1214    870     451     120     108     
2215   2005 479     101     834     37      260     1098    575     38      -44     -83     358     509     944     1217    1127    840     604     282     -75     
2215   2006 501     120     857     18      285     1050    538     175     -54     -225    328     754     912     1065    1171    909     405     304     245     
2215   2007 500     118     843     -65     361     1131    541     -93     -377    184     236     657     945     1296    1145    756     688     175     300     
2215   2008 448     179     765     132     193     991     528     32      60      -187    166     600     819     1072    1077    841     585     157     136     
2215   2009 456     104     879     -35     332     1115    507     -41     -219    -21     218     795     834     1193    1309    904     365     256     -175    
2215   2010 -999999 -54     781     -228    219     949     457     -110    -418    -266    203     720     727     1122    990     910     495     -52     -110    
2215   2011 -999999 -999999 -999999 -999999 -999999 -999999 -999999 -141    -197    -82     382     -999999 -999999 -999999 -999999 -999999 -999999 -999999 -999999 
