EUROPEAN CLIMATE ASSESSMENT & DATASET (ECA&D), file created on: 10-05-2011
THESE DATA CAN BE USED FREELY PROVIDED THAT THE FOLLOWING SOURCE IS ACKNOWLEDGED: 

Klein Tank, A.M.G. and Coauthors, 2002. Daily dataset of 20th-century surface
air temperature and precipitation series for the European Climate Assessment.
Int. J. of Climatol., 22, 1441-1453.
Data and metadata available at http://eca.knmi.nl

FILE FORMAT (MISSING VALUE CODE = -999999):

THIS FILE HOLDS DATA FOR STATION PORTUGAL                                 TAVIRA                                   (STAID:    216)
LATITUDE: dd:mm:ss +37:07:00
LONGITUDE: ddd:mm:ss -007:39:00
ELEVATION: m   25

DATA IS FOR INDEX Mean of daily mean temperature (TG) with unit 0.01 Temperature (&#176;C)

01-06 SOUID: Source identifier
08-11 YEAR : YYYY
13-20 ANNUAL DATA VALUES
21-28 WINTER HALF YEAR DATA VALUES
29-36 SUMMER HALF YEAR DATA VALUES
37-44 WINTER (DJF) DATA VALUES
45-52 SPRING (MAM) DATA VALUES
53-60 SUMMER (JJA) DATA VALUES
61-68 AUTUMN (SON) DATA VALUES
69-76 JANUARY DATA VALUES
etc. 
157-164 DECEMBER DATA VALUES

216    1941 -999999 -999999 -999999 -999999 1498    2281    1897    1021    1213    1328    1511    1656    2078    2301    2464    2316    1971    1415    1118    
216    1942 -999999 1332    2071    1065    1569    2297    1903    1047    1027    1387    1442    1867    2093    2422    2371    2222    1945    1527    1286    
216    1943 -999999 -999999 -999999 1246    1666    2443    1726    1226    1222    1378    1690    1924    2411    2365    2551    2089    1749    1337    1185    
216    1944 1710    1286    2120    1119    1605    2316    1813    1085    1083    1264    1678    1861    2177    2394    2372    2223    1747    1468    1133    
216    1945 1781    1301    2149    1062    1704    2320    1948    860     1209    1398    1859    1860    2266    2370    2322    2211    1931    1703    1338    
216    1946 -999999 -999999 2083    1232    1475    2394    1865    1071    1285    1289    1556    1584    2251    2471    2457    2185    1906    1489    1126    
216    1947 -999999 -999999 -999999 1141    1609    2350    1969    1032    1283    1419    1667    1750    2234    2414    2404    2260    1982    1652    1131    
216    1948 -999999 -999999 2074    1237    1587    2320    -999999 1289    1292    1499    1558    1700    2197    2356    2406    2228    -999999 1628    1392    
216    1949 -999999 -999999 -999999 1266    1665    2451    1918    1165    1239    1401    1746    1845    2245    2455    2640    2203    1959    1590    1213    
216    1950 -999999 -999999 -999999 1199    1581    2384    1880    1149    1243    1395    1610    1739    2162    2573    2429    2217    1875    1559    1052    
216    1951 1692    -999999 2020    1096    1489    2274    1805    1127    1110    1391    1523    1555    2217    2241    2362    2223    1726    1458    1314    
216    1952 1685    -999999 2010    1142    1566    2282    1782    963     1143    1467    1490    1739    2145    2330    2369    1983    1858    1502    1187    
216    1953 -999999 -999999 -999999 1114    1613    2354    1859    1073    1075    1288    1565    1985    2060    2481    2506    2175    1786    1628    1394    
216    1954 -999999 -999999 2038    1139    1519    2244    1927    989     1029    1264    1440    1841    2065    2357    2305    2207    1933    1631    1285    
216    1955 -999999 -999999 2168    1288    1661    2311    1947    1364    1208    1244    1660    2080    2245    2324    2361    2326    1922    1593    1406    
216    1956 1625    -999999 2002    1145    1485    2255    1735    1182    835     1233    1411    1809    2060    2318    2381    2016    1902    1282    996     
216    1957 1692    1303    2070    1066    1541    2289    1835    979     1239    1418    1443    1754    1976    2461    2419    2355    1750    1403    1066    
216    1958 1733    1325    2056    1172    1534    2263    1856    1133    1337    1267    1461    1869    2008    2431    2340    2194    1890    1484    1328    
216    1959 1693    1401    2024    1244    1517    2268    1767    1285    1106    1290    1537    1724    2138    2351    2310    2076    1821    1404    1215    
216    1960 1700    -999999 2086    1171    1609    2300    1749    1048    1261    1340    1587    1900    2264    2350    2282    2138    1641    1473    1118    
216    1961 1774    1336    2152    1161    1646    2389    1830    1069    1308    1402    1581    1952    2201    2501    2463    2211    1857    1434    1293    
216    1962 1744    -999999 2118    1225    1595    2316    1862    1200    1180    1335    1593    1848    2090    2346    2504    2314    2003    1265    1168    
216    1963 -999999 -999999 1992    1123    1553    2214    1802    1145    1053    1364    1502    1794    1977    2337    2305    2022    1881    1494    1176    
216    1964 1693    -999999 2081    1166    1556    2243    1841    1136    1188    1298    1442    1914    2054    2320    2350    2367    1748    1413    1041    
216    1965 -999999 -999999 2072    1052    1636    2279    1723    1079    1036    1315    1630    1952    2245    2220    2370    1976    1809    1371    1185    
216    1966 -999999 -999999 -999999 1243    1593    2178    1692    1295    1253    1336    1560    1890    2033    2160    2326    2178    1729    1199    1108    
216    1967 -999999 -999999 -999999 1100    1523    2303    1766    998     1203    1416    1407    1745    2117    2368    2420    2041    1849    1374    997     
216    1968 1683    -999999 2018    1080    1495    2236    1852    1069    1179    1245    1461    1775    2036    2354    2312    2146    1909    1509    1197    
216    1969 -999999 -999999 1968    1183    1488    2227    1717    1218    1131    1294    1490    1680    1979    2333    2362    1938    1826    1359    1068    
216    1970 -999999 -999999 -999999 1165    1502    2198    1847    1216    1221    1205    1555    1749    2006    2337    2259    2219    1812    1512    1010    
216    1971 -999999 1300    1908    1090    1371    2130    1836    1077    1192    1192    1352    1567    1904    2259    2214    2139    2046    1279    1127    
216    1972 -999999 -999999 -999999 1100    1494    2088    1699    1041    1138    1212    1580    1707    1863    2204    2185    1913    1696    1487    1205    
216    1973 -999999 1311    -999999 1142    1512    2242    1804    1063    1159    1260    1496    1779    2068    2286    2367    2106    1754    1562    1072    
216    1974 -999999 -999999 -999999 1151    1417    2321    1716    1240    1136    1238    1279    1730    2049    2492    2414    2039    1674    1438    1261    
216    1975 -999999 1333    -999999 1225    1422    2306    1797    1135    1281    1203    1445    1620    2000    2454    2458    2033    1848    1498    1131    
216    1976 1669    -999999 2035    1142    1435    2377    1650    1063    1241    1295    1313    1702    2246    2436    2446    2051    1690    1208    1316    
216    1977 -999999 -999999 1960    1238    1565    2086    1831    1168    1230    1359    1602    1739    1871    2176    2207    2157    1846    1465    1381    
216    1978 -999999 -999999 -999999 1283    1461    2214    1888    1172    1303    1355    1411    1621    1843    2474    2289    2296    1840    1501    1375    
216    1979 -999999 -999999 -999999 1298    1507    2251    1751    1257    1254    1245    1528    1749    2064    2296    2385    2153    1678    1437    1191    
216    1980 -999999 1355    -999999 1200    1591    2342    1892    1132    1284    1398    1589    1792    2170    2365    2482    2361    1853    1446    1137    
216    1981 1775    -999999 2063    1132    1536    2329    2006    1109    1154    1476    1399    1725    2269    2451    2265    2249    2025    1743    1384    
216    1982 -999999 -999999 -999999 1316    1633    2302    1815    1239    1324    1537    1514    1840    2244    2238    2426    2219    1795    1433    1120    
216    1983 -999999 1346    -999999 1124    1468    2145    2026    1166    1082    1456    1390    1556    2150    2064    2223    2297    2068    1720    1296    
216    1984 1681    1430    2010    1196    1456    2232    1827    1151    1136    1210    1646    1519    1968    2405    2318    2209    1801    1472    1319    
216    1985 1753    1389    2076    1239    1504    2307    1962    1026    1386    1330    1563    1624    2086    2361    2466    2339    2035    1520    1277    
216    1986 -999999 -999999 2057    1195    1521    2288    1936    1160    1144    1342    1263    1943    2104    2418    2340    2270    1990    1534    1176    
216    1987 -999999 -999999 -999999 -999999 1641    2331    1859    1100    1227    1477    1618    1844    2231    2354    2408    2393    1721    1503    1476    
216    1988 -999999 -999999 -999999 -999999 -999999 2316    1887    -999999 1269    1409    -999999 -999999 1964    2483    2455    2231    1857    1574    1198    
216    1989 -999999 -999999 -999999 1246    1572    2418    1908    1194    1367    1457    1447    1809    2275    2516    2450    2127    2003    1590    1474    
216    1990 1798    -999999 2160    1337    1708    2378    1846    1187    1360    1539    1596    1981    2104    2548    2473    2242    1833    1463    1162    
216    1991 -999999 -999999 -999999 1147    1492    2405    1845    1153    1124    1273    1398    1794    2287    2444    2484    2328    1753    1459    1282    
216    1992 -999999 -999999 -999999 1175    1702    2295    1790    1065    1178    1438    1719    1940    1962    2475    2455    2164    1704    1523    1283    
216    1993 -999999 -999999 -999999 1208    1472    2299    1699    1064    1288    1389    1459    1572    2053    2494    2334    2040    1656    1421    1288    
216    1994 -999999 -999999 -999999 1181    1608    2373    -999999 1119    1145    1527    1548    1752    2239    2507    2373    2110    1914    1587    1280    
