EUROPEAN CLIMATE ASSESSMENT & DATASET (ECA&D), file created on: 10-05-2011
THESE DATA CAN BE USED FREELY PROVIDED THAT THE FOLLOWING SOURCE IS ACKNOWLEDGED: 

Klein Tank, A.M.G. and Coauthors, 2002. Daily dataset of 20th-century surface
air temperature and precipitation series for the European Climate Assessment.
Int. J. of Climatol., 22, 1441-1453.
Data and metadata available at http://eca.knmi.nl

FILE FORMAT (MISSING VALUE CODE = -999999):

THIS FILE HOLDS DATA FOR STATION NORWAY                                   SIHCCAJAVRI                              (STAID:   1058)
LATITUDE: dd:mm:ss +68:45:19
LONGITUDE: ddd:mm:ss +023:32:18
ELEVATION: m  382

DATA IS FOR INDEX Mean of daily mean temperature (TG) with unit 0.01 Temperature (&#176;C)

01-06 SOUID: Source identifier
08-11 YEAR : YYYY
13-20 ANNUAL DATA VALUES
21-28 WINTER HALF YEAR DATA VALUES
29-36 SUMMER HALF YEAR DATA VALUES
37-44 WINTER (DJF) DATA VALUES
45-52 SPRING (MAM) DATA VALUES
53-60 SUMMER (JJA) DATA VALUES
61-68 AUTUMN (SON) DATA VALUES
69-76 JANUARY DATA VALUES
etc. 
157-164 DECEMBER DATA VALUES

1058   1954 -165    -999999 622     -999999 -308    1072    -234    -1334   -1689   -917    -499    485     823     1389    995     508     -371    -834    -664    
1058   1955 -477    -1061   438     -1275   -734    959     -423    -1425   -1786   -1347   -779    -78     508     1209    1144    590     -395    -1465   -2005   
1058   1956 -378    -1336   438     -1746   -541    987     -507    -1499   -1734   -949    -968    281     979     1166    816     321     -464    -1380   -1210   
1058   1957 -216    -1101   563     -1186   -506    1064    -182    -1083   -1275   -1226   -333    47      646     1445    1087    458     -322    -677    -1434   
1058   1958 -295    -1126   460     -1494   -664    980     6       -1650   -1388   -1295   -612    -84     748     1014    1170    500     -82     -396    -1520   
1058   1959 -74     -746    576     -1170   -284    1116    -123    -1421   -505    -515    -723    371     987     1230    1125    432     -143    -658    -1094   
1058   1960 -191    -1002   770     -1521   -112    1227    -312    -1794   -1686   -673    -218    550     984     1567    1123    586     -606    -906    -1278   
1058   1961 -164    -1051   561     -1278   -546    1164    116     -1317   -1235   -976    -820    151     1081    1336    1073    516     329     -503    -1679   
1058   1962 -391    -1130   460     -1563   -719    839     -114    -1645   -1343   -1938   -313    108     717     942     855     433     -176    -596    -1765   
1058   1963 -245    -1224   663     -1699   -382    965     -97     -1562   -1776   -1503   -433    788     747     1043    1099    704     -59     -937    -1169   
1058   1964 -194    -940    484     -1187   -474    960     -105    -732    -1693   -1097   -624    293     771     1196    907     329     146     -797    -1108   
1058   1965 -412    -1009   412     -1309   -703    835     -269    -1490   -1332   -1496   -439    -165    734     891     876     562     -200    -1173   -1763   
1058   1966 -482    -1551   439     -2066   -820    1051    -356    -1995   -2480   -1771   -758    71      1025    1254    874     137     -580    -618    -1081   
1058   1967 -263    -1032   573     -1451   -335    1035    -17     -1997   -1255   -668    -443    104     832     1145    1120    660     -320    -381    -1999   
1058   1968 -428    -1274   344     -1925   -646    850     -432    -2037   -1727   -1182   -497    -255    783     941     824     254     -885    -648    -737    
1058   1969 -344    -1156   499     -1369   -671    1106    -253    -1540   -1881   -1299   -673    -42     931     1221    1159    368     -53     -1081   -1357   
1058   1970 -281    -1187   595     -1701   -520    1237    -252    -1549   -2251   -930    -867    227     1223    1351    1136    471     -130    -1101   -1114   
1058   1971 -392    -1181   468     -1413   -734    997     -523    -1474   -1676   -1634   -652    87      896     1082    1008    358     -375    -1558   -875    
1058   1972 -101    -1010   666     -1107   -401    1297    -264    -1120   -1339   -834    -487    115     1228    1521    1141    452     -231    -1016   -701    
1058   1973 -333    -898    556     -1071   -453    1166    -610    -955    -1611   -946    -539    124     1012    1580    902     224     -738    -1311   -1840   
1058   1974 -72     -1127   648     -1316   -328    1128    -115    -1075   -1003   -791    -349    154     1063    1304    1013    687     -220    -809    -901    
1058   1975 -221    -823    453     -1103   -280    795     -121    -1403   -994    -628    -519    300     641     944     796     535     -189    -707    -1475   
1058   1976 -351    -1124   499     -1577   -407    969     -438    -2089   -1139   -1135   -513    425     758     1101    1040    149     -418    -1047   -1375   
1058   1977 -361    -1215   413     -1539   -633    942     -304    -1671   -1576   -1233   -735    65      693     1155    972     294     -492    -708    -1183   
1058   1978 -401    -1125   479     -1500   -519    997     -329    -1785   -1536   -1073   -669    182     940     1164    886     344     -378    -953    -1998   
1058   1979 -281    -1300   597     -1846   -422    1138    -330    -1873   -1647   -972    -505    206     1008    1329    1071    444     -584    -842    -1107   
1058   1980 -364    -1249   675     -1604   -438    1187    -426    -1904   -1814   -1265   -230    188     1242    1284    1037    515     -466    -1325   -1673   
1058   1981 -448    -1407   457     -1636   -705    876     -245    -1665   -1562   -1763   -572    226     536     1199    884     438     -151    -1026   -1983   
1058   1982 -262    -1153   459     -1629   -382    884     -247    -1825   -1021   -895    -413    162     470     1228    942     336     -239    -837    -1103   
1058   1983 -310    -983    592     -1260   -324    955     -399    -1289   -1401   -1066   -234    332     847     1185    831     575     -290    -1485   -1797   
1058   1984 -199    -1199   576     -1417   -307    954     -371    -1630   -782    -1193   -324    597     947     1017    897     296     -330    -1081   -815    
1058   1985 -499    -1276   458     -1774   -622    1055    -227    -2163   -2405   -968    -863    -43     790     1319    1048    466     -186    -963    -2161   
1058   1986 -316    -1240   518     -1884   -310    1050    -172    -1959   -1494   -693    -618    372     1186    1163    807     173     -26     -668    -2107   
1058   1987 -411    -1295   392     -1958   -597    810     -38     -2108   -1626   -1250   -633    91      727     1017    682     448     342     -916    -1785   
1058   1988 -326    -1083   582     -1598   -561    1134    -357    -1437   -1569   -1158   -762    230     1033    1393    972     599     -205    -1471   -1593   
1058   1989 -76     -984    673     -1213   -89     1058    -134    -932    -1104   -625    -56     416     1026    1075    1072    486     -278    -604    -1448   
1058   1990 -116    -915    604     -1228   -320    1052    -259    -1613   -558    -947    -257    248     928     1145    1079    458     -122    -1119   -668    
1058   1991 -218    -973    540     -1166   -438    1051    -250    -1232   -1644   -1123   -351    164     897     1161    1089    255     -179    -830    -932    
1058   1992 -168    -738    540     -902    -339    963     -487    -948    -820    -726    -699    397     1104    979     809     631     -1019   -1054   -688    
1058   1993 -263    -994    438     -963    -446    918     -392    -1055   -1164   -1001   -560    218     528     1246    968     191     -661    -696    -1235   
1058   1994 -254    -1167   574     -1574   -352    1050    -327    -2034   -1440   -947    -217    113     802     1238    1101    382     -283    -1080   -766    
1058   1995 -999999 -999999 -999999 -951    -999999 980     -378    -1068   -1026   -999999 -999999 -38     926     1060    954     431     -352    -1213   -1714   
1058   1996 -278    -1122   449     -1438   -565    1047    -235    -994    -1617   -879    -633    -184    760     1111    1260    353     -16     -1049   -1516   
1058   1997 -207    -1035   571     -1389   -595    1184    -208    -1347   -1296   -1013   -881    100     921     1430    1193    630     -216    -1037   -1057   
1058   1998 -382    -1170   467     -1474   -649    982     -318    -1375   -2046   -1370   -723    143     698     1310    929     413     -162    -1211   -1325   
1058   1999 -239    -1152   570     -1551   -447    1037    108     -1779   -1548   -928    -346    -65     1130    1222    762     709     22      -404    -1707   
1058   2000 -121    -917    571     -1408   -386    1042    140     -1315   -1188   -913    -485    237     811     1305    1002    526     255     -365    -1357   
1058   2001 -237    -944    612     -1291   -695    1110    -120    -889    -1662   -1698   -585    202     1114    1185    1031    706     -171    -892    -1275   
1058   2002 -221    -1019   756     -1360   -202    1245    -473    -1614   -1173   -999    -148    541     1184    1351    1198    381     -488    -1312   -1633   
1058   2003 -155    -1166   662     -1515   -223    1170    -156    -2071   -770    -689    -376    393     885     1587    1030    417     -201    -683    -1409   
1058   2004 -147    -984    658     -1406   -257    1108    -239    -1274   -1544   -817    -271    317     779     1458    1077    558     -145    -1131   -841    
1058   2005 -92     -888    629     -984    -447    1169    34      -953    -1175   -1117   -290    72      984     1401    1117    468     65      -465    -1310   
1058   2006 -999999 -999999 -999999 -999999 -343    1174    -198    -1185   -999999 -1277   -164    340     1032    1236    1249    501     -396    -694    -775    
1058   2007 -118    -953    617     -1402   -179    1121    -95     -1560   -1899   -473    -361    292     994     1268    1102    401     127     -821    -597    
1058   2008 -182    -772    506     -938    -486    978     -234    -1037   -1198   -1135   -515    193     856     1180    894     403     -177    -929    -762    
1058   2009 -138    -905    667     -1157   -259    1087    -51     -1239   -1504   -880    -423    521     871     1184    1203    636     -355    -435    -1291   
1058   2010 -289    -1123   644     -1538   -372    1017    -246    -1449   -1908   -1330   -219    438     800     1293    951     575     -15     -1342   -1424   
1058   2011 -999999 -1160   -999999 -1600   -999999 -999999 -999999 -1443   -1969   -855    -35     -999999 -999999 -999999 -999999 -999999 -999999 -999999 -999999 
