EUROPEAN CLIMATE ASSESSMENT & DATASET (ECA&D), file created on: 10-05-2011
THESE DATA CAN BE USED FREELY PROVIDED THAT THE FOLLOWING SOURCE IS ACKNOWLEDGED: 

Klein Tank, A.M.G. and Coauthors, 2002. Daily dataset of 20th-century surface
air temperature and precipitation series for the European Climate Assessment.
Int. J. of Climatol., 22, 1441-1453.
Data and metadata available at http://eca.knmi.nl

FILE FORMAT (MISSING VALUE CODE = -999999):

THIS FILE HOLDS DATA FOR STATION DENMARK                                  TRANEBJERG OST-1                         (STAID:    305)
LATITUDE: dd:mm:ss +55:49:59
LONGITUDE: ddd:mm:ss +010:37:00
ELEVATION: m   18

DATA IS FOR INDEX Mean of daily mean temperature (TG) with unit 0.01 Temperature (&#176;C)

01-06 SOUID: Source identifier
08-11 YEAR : YYYY
13-20 ANNUAL DATA VALUES
21-28 WINTER HALF YEAR DATA VALUES
29-36 SUMMER HALF YEAR DATA VALUES
37-44 WINTER (DJF) DATA VALUES
45-52 SPRING (MAM) DATA VALUES
53-60 SUMMER (JJA) DATA VALUES
61-68 AUTUMN (SON) DATA VALUES
69-76 JANUARY DATA VALUES
etc. 
157-164 DECEMBER DATA VALUES

305    1872 -999999 -999999 -999999 -999999 -999999 -999999 -999999 -999999 -999999 -999999 -999999 -999999 -999999 -999999 -999999 -999999 -999999 -999999 239     
305    1873 -999999 -999999 -999999 -999999 -999999 -999999 -999999 -999999 -999999 -999999 -999999 -999999 -999999 -999999 -999999 -999999 -999999 -999999 542     
305    1874 -999999 -999999 -999999 -999999 -999999 -999999 -999999 -999999 -999999 -999999 968     1163    1788    -999999 -999999 -999999 -999999 -999999 4       
305    1875 -999999 -999999 -999999 -999999 -999999 -999999 -999999 -999999 -999999 -999999 -999999 -999999 -999999 1983    -999999 1676    -999999 -999999 -999999 
305    1876 -999999 -999999 -999999 -999999 -999999 -999999 -999999 -999999 -999999 -999999 -999999 -999999 -999999 -999999 -999999 -999999 -999999 -999999 -999999 
305    1877 -999999 -999999 -999999 -999999 -999999 -999999 -999999 -999999 -999999 -999999 -999999 -999999 -999999 -999999 1634    -999999 -999999 -999999 208     
305    1878 -999999 -999999 -999999 -999999 -999999 -999999 -999999 -999999 -999999 -999999 -999999 -999999 -999999 -999999 -999999 1544    1114    492     -999999 
305    1879 -999999 -999999 -999999 -999999 -999999 -999999 -999999 -999999 -999999 -999999 -999999 -999999 -999999 -999999 -999999 -999999 -999999 -999999 -107    
305    1880 -999999 -999999 -999999 -999999 -999999 -999999 -999999 -999999 -999999 -999999 -999999 -999999 -999999 1882    -999999 -999999 -999999 -999999 227     
305    1881 -999999 -999999 -999999 -999999 -999999 -999999 -999999 -999999 -999999 -999999 -999999 -999999 -999999 -999999 -999999 -999999 732     -999999 -999999 
305    1882 -999999 -999999 -999999 -999999 -999999 -999999 -999999 -999999 -999999 -999999 -999999 -999999 -999999 -999999 -999999 1581    1045    -999999 -999999 
305    1883 -999999 -999999 -999999 -999999 -999999 -999999 -999999 -999999 -999999 -999999 -999999 -999999 -999999 1848    -999999 1451    -999999 -999999 256     
305    1884 -999999 -999999 -999999 -999999 -999999 -999999 -999999 -999999 -999999 -999999 -999999 -999999 1581    1880    -999999 -999999 -999999 -999999 -999999 
305    1885 -999999 -999999 -999999 -999999 -999999 -999999 -999999 -999999 -999999 -999999 -999999 -999999 -999999 1945    -999999 -999999 -999999 -999999 -999999 
305    1886 -999999 -999999 -999999 -999999 -999999 -999999 -999999 -999999 -999999 -999999 -999999 -999999 1656    -999999 -999999 -999999 -999999 -999999 -999999 
305    1887 -999999 -999999 -999999 -999999 -999999 -999999 -999999 -999999 -999999 -999999 -999999 -999999 -999999 -999999 -999999 -999999 -999999 -999999 -999999 
305    1888 -999999 -999999 -999999 -999999 -999999 -999999 -999999 -999999 -999999 -999999 -999999 -999999 -999999 -999999 -999999 -999999 -999999 -999999 -999999 
305    1889 -999999 -999999 -999999 -999999 -999999 -999999 -999999 -999999 -999999 -999999 -999999 1664    2168    -999999 -999999 1361    -999999 -999999 -999999 
305    1890 -999999 -999999 -999999 -999999 -999999 -999999 -999999 -999999 -999999 -999999 -999999 -999999 -999999 -999999 -999999 -999999 938     -999999 -999999 
305    1891 -999999 -999999 -999999 -999999 -999999 -999999 -999999 -999999 -999999 -999999 -999999 -999999 -999999 1884    -999999 -999999 -999999 -999999 -999999 
305    1892 -999999 -999999 -999999 -999999 -999999 -999999 -999999 8       -999999 -999999 -999999 -999999 1484    -999999 -999999 -999999 -999999 -999999 72      
305    1893 -999999 -999999 -999999 -999999 -999999 -999999 -999999 -999999 -999999 -999999 -999999 -999999 -999999 1952    1858    -999999 -999999 -999999 -999999 
305    1894 -999999 -999999 -999999 -999999 -999999 -999999 -999999 -999999 -999999 -999999 -999999 -999999 -999999 -999999 1691    -999999 -999999 -999999 -999999 
305    1895 -999999 -999999 -999999 -999999 -999999 -999999 -999999 -999999 -999999 -999999 -999999 -999999 -999999 -999999 -999999 -999999 -999999 -999999 -999999 
305    1896 -999999 -999999 -999999 -999999 -999999 -999999 -999999 -999999 -999999 -999999 -999999 -999999 -999999 -999999 -999999 -999999 -999999 -999999 -999999 
305    1897 -999999 -999999 -999999 -999999 -999999 -999999 -999999 -111    -999999 -999999 -999999 -999999 -999999 -999999 1900    -999999 -999999 -999999 -999999 
305    1898 -999999 -999999 -999999 -999999 -999999 -999999 -999999 -999999 -999999 -999999 -999999 -999999 -999999 -999999 -999999 -999999 -999999 -999999 -999999 
305    1899 -999999 -999999 -999999 -999999 -999999 -999999 -999999 -999999 -999999 -999999 -999999 -999999 -999999 -999999 -999999 -999999 -999999 -999999 -999999 
305    1900 -999999 -999999 -999999 -999999 -999999 -999999 -999999 -999999 -999999 -999999 -999999 -999999 1764    2042    1874    -999999 -999999 -999999 458     
305    1901 -999999 -999999 -999999 -999999 -999999 -999999 -999999 -999999 -999999 -999999 -999999 -999999 -999999 -999999 1957    -999999 -999999 -999999 -999999 
305    1902 -999999 -999999 -999999 -999999 -999999 -999999 -999999 -999999 -999999 -999999 -999999 -999999 -999999 -999999 -999999 -999999 -999999 -999999 -999999 
305    1903 -999999 -999999 -999999 -999999 -999999 -999999 -999999 -999999 -999999 -999999 -999999 -999999 1669    -999999 -999999 -999999 -999999 -999999 145     
305    1904 -999999 -999999 -999999 -999999 -999999 -999999 -999999 -999999 -999999 -999999 -999999 -999999 -999999 -999999 -999999 -999999 -999999 -999999 -999999 
305    1905 -999999 -999999 -999999 -999999 -999999 -999999 -999999 -999999 -999999 -999999 -999999 -999999 -999999 -999999 -999999 -999999 -999999 -999999 -999999 
305    1906 -999999 -999999 -999999 -999999 -999999 -999999 -999999 -999999 -999999 -999999 -999999 -999999 -999999 -999999 -999999 -999999 -999999 -999999 -999999 
305    1907 -999999 -999999 -999999 -999999 -999999 -999999 -999999 -999999 -999999 -999999 -999999 -999999 1513    -999999 -999999 -999999 -999999 -999999 -999999 
305    1908 -999999 -999999 -999999 -999999 -999999 -999999 -999999 -999999 -999999 -999999 -999999 -999999 -999999 2019    1712    -999999 -999999 -999999 -999999 
305    1909 -999999 -999999 -999999 -999999 -999999 -999999 -999999 -999999 -999999 -999999 -999999 -999999 -999999 -999999 -999999 -999999 -999999 -999999 229     
305    1910 -999999 -999999 -999999 -999999 -999999 -999999 -999999 -999999 -999999 -999999 -999999 -999999 -999999 -999999 -999999 -999999 -999999 -999999 -999999 
305    1911 -999999 -999999 -999999 -999999 -999999 -999999 -999999 -999999 -999999 -999999 -999999 -999999 -999999 -999999 -999999 -999999 -999999 -999999 425     
305    1912 -999999 -999999 -999999 -999999 -999999 -999999 -999999 -60     -999999 -999999 -999999 -999999 -999999 -999999 -999999 -999999 -999999 -999999 -999999 
305    1913 1075    -999999 1571    -999999 1017    1797    1169    121     318     594     980     1477    1695    1934    1758    1569    1087    854     465     
305    1914 1123    593     1698    364     1014    2015    1072    76      571     512     1164    1371    1846    2167    2027    1594    1045    579     488     
305    1915 929     448     1515    272     802     1781    948     113     210     226     902     1267    1809    1768    1766    1548    861     438     174     
305    1916 981     390     1489    271     857     1710    1036    460     171     223     956     1395    1454    1904    1764    1439    965     696     310     
305    1917 967     333     1605    115     700     1981    1096    -18     45      -1      614     1485    2031    1998    1913    1581    987     723     225     
305    1918 -999999 -999999 1495    178     918     1780    993     77      229     470     842     1443    1631    1883    1822    1329    1062    585     371     
305    1919 915     423     1529    201     875     1735    917     206     8       270     793     1560    1723    1778    1705    1601    915     213     120     
305    1920 1008    406     1538    212     975     1790    1019    145     380     648     892     1384    1759    1873    1738    1568    949     541     196     
305    1921 1110    519     1650    290     1150    1883    1040    372     303     727     1133    1588    1711    2084    1849    1514    1251    324     345     
305    1922 -999999 -999999 1426    70      826     1691    938     -30     -138    399     620     1451    1649    1700    1721    1403    913     499     453     
305    1923 907     460     1387    277     776     1667    1035    342     18      495     710     1121    1351    1996    1645    1480    1162    459     30      
305    1924 -999999 -999999 -999999 -999999 -999999 -999999 -999999 -999999 -999999 -999999 -999999 -999999 -999999 -999999 -999999 -999999 1133    -999999 433     
305    1925 -999999 -999999 -999999 -999999 -999999 -999999 -999999 -999999 -999999 -999999 -999999 -999999 -999999 2258    1944    1478    964     -999999 17      
305    1926 -999999 -999999 -999999 -999999 -999999 -999999 -999999 -999999 -999999 -999999 -999999 -999999 -999999 -999999 2003    -999999 902     651     -999999 
305    1927 -999999 -999999 -999999 -999999 -999999 -999999 -999999 288     -999999 -999999 -999999 1070    -999999 -999999 -999999 1503    1030    -999999 -176    
305    1928 -999999 -999999 -999999 -999999 -999999 -999999 -999999 101     -999999 -999999 -999999 -999999 -999999 -999999 1756    -999999 -999999 -999999 253     
305    1929 -999999 -999999 -999999 -999999 -999999 -999999 -999999 -999999 -999999 -999999 -999999 -999999 -999999 -999999 -999999 -999999 1096    -999999 -999999 
305    1930 -999999 -999999 -999999 -999999 -999999 -999999 -999999 335     -999999 -999999 -999999 -999999 -999999 -999999 1904    -999999 -999999 -999999 -999999 
305    1931 -999999 -999999 -999999 -999999 -999999 -999999 -999999 141     -999999 -999999 -999999 -999999 -999999 -999999 1767    -999999 -999999 -999999 -999999 
305    1932 -999999 -999999 -999999 -999999 -999999 -999999 -999999 -999999 -999999 -999999 -999999 -999999 -999999 -999999 -999999 -999999 -999999 -999999 -999999 
305    1933 -999999 -999999 -999999 -999999 -999999 -999999 -999999 -999999 -999999 -999999 -999999 -999999 -999999 -999999 -999999 -999999 -999999 -999999 -999999 
305    1934 -999999 -999999 -999999 -999999 -999999 -999999 -999999 -999999 -999999 -999999 -999999 -999999 -999999 -999999 -999999 1743    -999999 -999999 -999999 
305    1935 -999999 -999999 -999999 -999999 -999999 -999999 -999999 -999999 -999999 -999999 -999999 -999999 -999999 1980    -999999 -999999 1023    -999999 230     
305    1936 -999999 -999999 -999999 -999999 -999999 -999999 -999999 -999999 -999999 -999999 -999999 -999999 -999999 1900    1886    -999999 -999999 -999999 -999999 
305    1937 -999999 -999999 -999999 -999999 -999999 -999999 -999999 -2      -999999 -999999 -999999 -999999 -999999 -999999 2163    -999999 -999999 567     85      
305    1938 -999999 -999999 -999999 -999999 -999999 -999999 -999999 292     -999999 -999999 -999999 -999999 -999999 -999999 2106    -999999 -999999 -999999 173     
305    1939 -999999 -999999 -999999 -999999 -999999 -999999 -999999 -999999 -999999 -999999 -999999 -999999 -999999 -999999 -999999 -999999 -999999 -999999 149     
305    1940 -999999 -999999 -999999 -999999 -999999 -999999 -999999 -999999 -999999 -999999 -999999 -999999 -999999 -999999 1709    -999999 -999999 658     -999999 
305    1941 -999999 -999999 -999999 -999999 -999999 -999999 -999999 -999999 -999999 -999999 -999999 -999999 -999999 -999999 1723    -999999 -999999 -999999 303     
305    1942 -999999 -999999 -999999 -999999 -999999 -999999 -999999 -999999 -999999 -999999 -999999 -999999 -999999 -999999 -999999 -999999 -999999 -999999 -999999 
305    1943 -999999 -999999 -999999 -999999 -999999 -999999 -999999 -999999 -999999 -999999 -999999 -999999 -999999 -999999 -999999 -999999 -999999 -999999 -999999 
305    1944 -999999 -999999 -999999 -999999 -999999 -999999 -999999 -999999 -999999 -999999 -999999 -999999 -999999 -999999 -999999 -999999 -999999 -999999 -999999 
305    1945 -999999 -999999 -999999 -999999 -999999 -999999 -999999 -999999 -999999 -999999 -999999 -999999 -999999 -999999 -999999 -999999 -999999 -999999 -999999 
305    1946 -999999 -999999 -999999 -999999 -999999 -999999 -999999 -999999 -999999 -999999 -999999 -999999 -999999 -999999 1796    -999999 -999999 -999999 -999999 
305    1947 -999999 -999999 -999999 -999999 -999999 -999999 -999999 -999999 -999999 -999999 -999999 -999999 -999999 -999999 -999999 -999999 -999999 -999999 317     
305    1948 -999999 -999999 -999999 -999999 -999999 -999999 -999999 -999999 -999999 -999999 -999999 -999999 -999999 -999999 -999999 -999999 -999999 -999999 -999999 
305    1949 -999999 -999999 -999999 -999999 -999999 -999999 -999999 -999999 -999999 -999999 -999999 -999999 -999999 -999999 -999999 -999999 -999999 -999999 -999999 
305    1950 -999999 -999999 -999999 -999999 -999999 -999999 -999999 -999999 -999999 -999999 -999999 -999999 -999999 -999999 -999999 -999999 -999999 549     121     
305    1951 -999999 -999999 -999999 -999999 -999999 -999999 -999999 82      -999999 -999999 -999999 -999999 -999999 -999999 -999999 -999999 -999999 -999999 529     
305    1952 -999999 -999999 -999999 -999999 -999999 -999999 -999999 -999999 -999999 -999999 -999999 -999999 -999999 -999999 -999999 1354    -999999 -999999 152     
305    1953 1116    -999999 1643    -999999 1051    1947    1203    200     88      686     972     1492    1981    1970    1890    1540    1247    820     430     
305    1954 965     454     1531    120     893     1741    1075    83      -184    275     816     1584    1796    1708    1721    1545    1104    576     454     
305    1955 982     372     1615    130     685     2015    1134    1       -73     135     778     1145    1629    2230    2172    1711    1053    641     285     
305    1956 -999999 -999999 -999999 -999999 -999999 -999999 -999999 61      -999999 -999999 -999999 -999999 -999999 -999999 -999999 -999999 -999999 -999999 -999999 
305    1957 -999999 -999999 -999999 -999999 -999999 -999999 -999999 278     -999999 -999999 -999999 -999999 -999999 -999999 1782    -999999 -999999 -999999 244     
305    1958 -999999 -999999 -999999 -999999 -999999 -999999 -999999 -999999 -999999 -999999 -999999 -999999 -999999 -999999 -999999 -999999 1209    -999999 -999999 
305    1959 -999999 -999999 -999999 -999999 -999999 -999999 -999999 -999999 -999999 -999999 -999999 -999999 -999999 2135    -999999 -999999 1216    619     312     
305    1960 -999999 -999999 -999999 -999999 -999999 -999999 -999999 -999999 -999999 -999999 -999999 -999999 -999999 -999999 -999999 -999999 -999999 -999999 310     
305    1961 -999999 -999999 -999999 -999999 -999999 -999999 -999999 -999999 -999999 -999999 -999999 -999999 -999999 -999999 -999999 -999999 -999999 -999999 -999999 
305    1962 -999999 -999999 -999999 -999999 -999999 -999999 -999999 -999999 -999999 -999999 -999999 -999999 -999999 -999999 -999999 1466    -999999 -999999 -999999 
305    1963 -999999 -999999 -999999 -999999 -999999 -999999 -999999 -999999 -999999 -999999 -999999 -999999 -999999 -999999 -999999 -999999 -999999 -999999 -999999 
305    1964 -999999 -999999 -999999 -999999 -999999 -999999 -999999 -999999 -999999 -999999 -999999 -999999 -999999 -999999 -999999 -999999 -999999 -999999 337     
305    1965 -999999 -999999 -999999 -999999 -999999 -999999 -999999 -999999 -999999 -999999 -999999 -999999 -999999 1585    1692    -999999 -999999 -999999 125     
305    1966 -999999 -999999 -999999 -999999 -999999 -999999 -999999 -999999 -999999 -999999 -999999 -999999 -999999 -999999 -999999 1492    -999999 -999999 239     
305    1967 -999999 -999999 -999999 -999999 -999999 -999999 -999999 -999999 -999999 -999999 -999999 -999999 -999999 -999999 -999999 -999999 -999999 -999999 227     
305    1968 -999999 -999999 -999999 -999999 -999999 -999999 -999999 -999999 -999999 -999999 -999999 1177    -999999 -999999 -999999 -999999 -999999 -999999 80      
305    1969 -999999 -999999 -999999 -999999 -999999 -999999 -999999 16      -999999 -999999 -999999 -999999 -999999 -999999 -999999 -999999 -999999 -999999 -93     
305    1970 -999999 -999999 -999999 -999999 -999999 -999999 -999999 -999999 -999999 -999999 -999999 -999999 -999999 -999999 -999999 1497    1075    -999999 -999999 
305    1971 -999999 -999999 -999999 -999999 -999999 -999999 -999999 130     -999999 -999999 -999999 -999999 -999999 -999999 -999999 -999999 -999999 -999999 516     
305    1972 -999999 -999999 -999999 -999999 -999999 -999999 -999999 -999999 -999999 -999999 -999999 -999999 -999999 -999999 -999999 -999999 919     638     412     
305    1973 -999999 -999999 -999999 -999999 -999999 -999999 -999999 -999999 -999999 -999999 -999999 -999999 -999999 -999999 -999999 -999999 -999999 -999999 -999999 
305    1974 -999999 -999999 -999999 -999999 -999999 -999999 -999999 -999999 -999999 -999999 -999999 -999999 -999999 -999999 -999999 -999999 -999999 -999999 -999999 
305    1975 -999999 -999999 -999999 -999999 -999999 -999999 -999999 -999999 -999999 -999999 -999999 -999999 -999999 -999999 -999999 -999999 -999999 -999999 -999999 
305    1976 -999999 -999999 -999999 -999999 -999999 -999999 -999999 186     -999999 -999999 -999999 -999999 -999999 -999999 -999999 -999999 -999999 -999999 -999999 
305    1977 -999999 -999999 -999999 -999999 -999999 -999999 -999999 -11     -999999 407     -999999 -999999 -999999 -999999 -999999 -999999 -999999 700     327     
305    1978 -999999 -999999 -999999 -999999 -999999 -999999 -999999 184     -999999 -999999 -999999 -999999 -999999 -999999 -999999 -999999 -999999 -999999 20      
305    1979 -999999 -999999 -999999 -999999 -999999 -999999 -999999 -999999 -999999 -999999 -999999 -999999 -999999 -999999 -999999 -999999 -999999 -999999 326     
305    1980 -999999 -999999 -999999 -999999 -999999 -999999 -999999 -999999 -999999 -999999 -999999 -999999 -999999 -999999 -999999 -999999 -999999 -999999 -999999 
305    1981 -999999 -999999 -999999 -999999 -999999 -999999 -999999 -999999 -999999 -999999 -999999 -999999 -999999 -999999 -999999 -999999 -999999 -999999 -999999 
305    1982 -999999 -999999 -999999 -999999 -999999 -999999 -999999 -999999 -999999 -999999 -999999 -999999 -999999 -999999 -999999 -999999 -999999 -999999 351     
305    1983 -999999 -999999 -999999 -999999 -999999 -999999 -999999 -999999 -999999 -999999 -999999 -999999 -999999 -999999 -999999 -999999 -999999 -999999 -999999 
305    1984 -999999 -999999 -999999 -999999 -999999 -999999 -999999 -999999 -999999 -999999 -999999 -999999 -999999 -999999 -999999 1358    1198    -999999 309     
305    1985 -999999 -999999 -999999 -999999 -999999 -999999 -999999 -999999 -999999 -999999 -999999 -999999 -999999 -999999 -999999 -999999 -999999 -999999 -999999 
305    1986 -999999 -999999 1393    -999999 687     1729    1065    10      -323    215     530     1305    1681    1833    1671    1297    1070    820     359     
305    1987 -999999 -999999 -999999 -999999 -999999 -999999 -999999 -999999 -999999 -999999 -999999 -999999 -999999 -999999 -999999 -999999 -999999 -999999 -999999 
305    1988 -999999 -999999 -999999 -999999 -999999 -999999 -999999 415     -999999 -999999 -999999 -999999 -999999 1832    -999999 -999999 -999999 -999999 -999999 
305    1989 -999999 -999999 -999999 -999999 -999999 -999999 -999999 -999999 -999999 -999999 -999999 -999999 -999999 -999999 -999999 -999999 -999999 -999999 -999999 
305    1990 -999999 -999999 -999999 -999999 -999999 -999999 -999999 -999999 -999999 -999999 -999999 -999999 -999999 -999999 -999999 -999999 -999999 -999999 -999999 
305    1991 -999999 -999999 -999999 -999999 -999999 -999999 -999999 344     -999999 -999999 -999999 -999999 -999999 -999999 -999999 -999999 -999999 -999999 -999999 
305    1992 -999999 -999999 -999999 -999999 -999999 -999999 -999999 -999999 -999999 -999999 -999999 -999999 -999999 -999999 -999999 -999999 -999999 625     414     
305    1993 -999999 -999999 -999999 -999999 -999999 -999999 -999999 -999999 -999999 -999999 -999999 -999999 -999999 -999999 -999999 -999999 -999999 -999999 293     
305    1994 -999999 -999999 -999999 -999999 -999999 -999999 -999999 371     -999999 -999999 -999999 -999999 -999999 -999999 -999999 -999999 -999999 -999999 -999999 
305    1995 -999999 -999999 -999999 -999999 -999999 -999999 -999999 -999999 355     -999999 -999999 -999999 -999999 -999999 -999999 -999999 -999999 -999999 -999999 
305    1996 -999999 -999999 -999999 -999999 -999999 -999999 -999999 -999999 -999999 -999999 -999999 -999999 -999999 -999999 -999999 -999999 -999999 -999999 -999999 
305    1997 -999999 -999999 -999999 -999999 -999999 -999999 -999999 -999999 -999999 -999999 -999999 -999999 -999999 2053    -999999 -999999 -999999 -999999 -999999 
305    1998 -999999 -999999 -999999 -999999 -999999 -999999 -999999 384     -999999 -999999 -999999 -999999 -999999 -999999 -999999 -999999 -999999 319     198     
305    1999 -999999 -999999 -999999 -999999 -999999 -999999 -999999 -999999 -999999 -999999 -999999 -999999 -999999 -999999 -999999 -999999 -999999 -999999 312     
305    2000 -999999 -999999 -999999 -999999 -999999 -999999 -999999 -999999 -999999 -999999 -999999 -999999 -999999 -999999 -999999 -999999 1254    -999999 565     
305    2001 1094    -999999 1639    -999999 907     1977    1233    305     210     349     808     1559    1669    2179    2071    1516    1422    755     208     
305    2002 1171    673     1796    384     1086    2106    1119    363     602     686     1004    1566    1931    2045    2338    1873    935     555     118     
305    2003 -999999 412     -999999 106     970     -999999 994     172     19      641     810     1443    1938    2216    -999999 1489    792     708     447     
305    2004 906     422     1372    223     773     1595    1036    -28     250     364     780     1176    1394    1538    1848    1479    1033    597     420     
305    2005 -999999 -999999 1368    -999999 671     1601    1135    -999999 79      149     741     1126    1407    1755    1636    1528    1166    711     302     
305    2006 981     372     1472    110     593     1783    1278    -53     78      11      650     1121    1526    2005    1808    1704    1285    845     726     
305    2007 992     711     1426    504     912     1680    967     524     235     609     935     1193    1623    1658    1756    1380    962     561     410     
305    2008 -999999 -999999 -999999 -999999 -999999 -999999 -999999 -999999 -999999 -999999 -999999 -999999 -999999 -999999 -999999 -999999 -999999 -999999 -999999 
305    2009 -999999 -999999 -999999 -999999 -999999 -999999 -999999 -999999 -999999 -999999 -999999 -999999 -999999 -999999 -999999 -999999 -999999 -999999 -999999 
305    2010 -999999 -999999 -999999 -999999 690     -999999 -999999 -999999 -999999 298     761     1032    1509    2045    1795    1431    990     466     -185    
305    2011 -999999 -999999 -999999 -999999 -999999 -999999 -999999 54      23      303     978     -999999 -999999 -999999 -999999 -999999 -999999 -999999 -999999 
