EUROPEAN CLIMATE ASSESSMENT & DATASET (ECA&D), file created on: 10-05-2011
THESE DATA CAN BE USED FREELY PROVIDED THAT THE FOLLOWING SOURCE IS ACKNOWLEDGED: 

Klein Tank, A.M.G. and Coauthors, 2002. Daily dataset of 20th-century surface
air temperature and precipitation series for the European Climate Assessment.
Int. J. of Climatol., 22, 1441-1453.
Data and metadata available at http://eca.knmi.nl

FILE FORMAT (MISSING VALUE CODE = -999999):

THIS FILE HOLDS DATA FOR STATION SWITZERLAND                              PAYERNE                                  (STAID:   2180)
LATITUDE: dd:mm:ss +46:49:12
LONGITUDE: ddd:mm:ss +006:57:00
ELEVATION: m  490

DATA IS FOR INDEX Mean of daily mean temperature (TG) with unit 0.01 Temperature (&#176;C)

01-06 SOUID: Source identifier
08-11 YEAR : YYYY
13-20 ANNUAL DATA VALUES
21-28 WINTER HALF YEAR DATA VALUES
29-36 SUMMER HALF YEAR DATA VALUES
37-44 WINTER (DJF) DATA VALUES
45-52 SPRING (MAM) DATA VALUES
53-60 SUMMER (JJA) DATA VALUES
61-68 AUTUMN (SON) DATA VALUES
69-76 JANUARY DATA VALUES
etc. 
157-164 DECEMBER DATA VALUES

2180   1901 883     -999999 1558    -999999 902     1820    878     -112    -307    311     937     1460    1735    1969    1754    1478    915     240     127     
2180   1902 898     338     1464    100     871     1755    881     126     41      544     1126    950     1598    1955    1709    1443    893     308     32      
2180   1903 915     352     1428    87      853     1700    1023    -40     288     623     575     1352    1557    1774    1765    1524    1059    486     -24     
2180   1904 1006    360     1643    48      993     1998    893     -57     238     455     1073    1455    1780    2230    1977    1317    962     399     207     
2180   1905 914     350     1558    45      910     1914    801     -189    123     577     938     1215    1754    2172    1810    1444    550     418     105     
2180   1906 970     276     1571    94      865     1886    1087    143     28      391     871     1334    1673    1959    2020    1552    1127    581     -104    
2180   1907 901     309     1447    -90     802     1717    1019    -35     -135    387     729     1287    1587    1678    1882    1505    1000    551     301     
2180   1908 854     343     1482    50      849     1774    830     -226    78      346     716     1479    1840    1825    1660    1351    862     275     20      
2180   1909 835     168     1424    -115    835     1613    902     -224    -144    192     1010    1309    1453    1618    1762    1380    1021    302     273     
2180   1910 887     404     1362    197     820     1651    853     108     211     485     780     1193    1652    1589    1712    1234    981     339     305     
2180   1911 1011    336     1637    71      868     1996    1083    -237    155     459     788     1355    1596    2210    2168    1679    945     631     324     
2180   1912 870     521     1340    284     975     1599    658     133     403     685     828     1408    1634    1755    1411    987     753     233     188     
2180   1913 931     359     1384    176     919     1610    1010    189     146     622     843     1289    1621    1535    1673    1330    991     710     173     
2180   1914 875     375     1419    2       902     1643    874     -349    201     519     1074    1118    1525    1655    1745    1387    877     357     355     
2180   1915 900     358     1463    183     870     1741    736     76      112     346     753     1506    1838    1737    1651    1273    719     218     509     
2180   1916 911     406     1393    342     907     1618    869     309     200     465     880     1376    1393    1704    1751    1231    933     440     217     
2180   1917 826     248     1520    -39     795     1765    949     -146    -204    209     575     1593    1843    1826    1629    1637    781     434     -328    
2180   1918 916     241     1470    -74     910     1696    872     5       120     428     804     1494    1452    1829    1798    1421    792     406     383     
2180   1919 885     351     1489    155     784     1767    877     78      -12     428     560     1356    1719    1529    2050    1702    675     262     209     
2180   1920 969     402     1499    265     1038    1694    904     269     321     666     895     1547    1626    1824    1630    1452    921     337     112     
2180   1921 1028    436     1599    236     954     1917    978     388     204     629     816     1412    1726    2148    1869    1604    1192    132     138     
2180   1922 876     350     1446    82      919     1722    759     -7      120     496     632     1618    1724    1705    1737    1233    746     297     155     
2180   1923 974     354     1514    176     892     1821    1002    66      320     532     900     1244    1341    2163    1944    1465    1125    410     117     
2180   1924 866     320     1435    -24     896     1649    936     -75     -119    435     858     1394    1672    1822    1453    1399    944     465     112     
2180   1925 921     383     1469    211     818     1788    847     200     331     245     872     1338    1817    1815    1735    1222    1042    272     124     
2180   1926 964     416     1485    205     903     1670    1112    30      488     542     1020    1152    1408    1763    1831    1728    1014    596     -23     
2180   1927 930     400     1492    71      974     1709    933     130     110     554     929     1438    1628    1820    1678    1441    912     445     17      
2180   1928 1018    420     1575    194     855     1976    1005    244     331     564     865     1136    1654    2257    2005    1509    911     599     112     
2180   1929 910     206     1563    -249    822     1849    1106    -362    -524    440     654     1366    1758    1990    1795    1801    1043    475     384     
2180   1930 975     464     1505    226     892     1790    1038    194     88      565     969     1145    1917    1714    1743    1536    925     655     199     
2180   1931 859     345     1427    90      845     1722    825     71      -11     208     812     1515    1895    1719    1557    1050    859     565     8       
2180   1932 880     257     1489    -43     714     1773    1041    38      -186    237     709     1195    1550    1734    2026    1705    944     477     91      
2180   1933 874     323     1511    -7      887     1784    951     -221    120     511     995     1160    1414    1939    1986    1551    983     317     -319    
2180   1934 1007    252     1624    -86     1031    1826    970     3       74      441     1099    1554    1764    2013    1698    1603    950     358     464     
2180   1935 914     377     1506    186     785     1847    982     -102    196     378     773     1203    1836    2011    1695    1506    922     519     -8      
2180   1936 936     439     1459    186     946     1691    850     399     166     619     786     1427    1596    1696    1776    1452    659     445     180     
2180   1937 956     361     1542    234     892     1843    905     160     375     349     855     1471    1719    1941    1865    1381    938     394     -13     
2180   1938 928     381     1442    56      879     1756    1033    159     19      753     694     1185    1758    1749    1763    1489    962     651     -108    
2180   1939 875     348     1414    75      737     1707    933     198     142     233     974     1012    1651    1678    1789    1371    815     618     -21     
2180   1940 832     247     1462    -142    890     1691    980     -446    54      463     857     1349    1670    1702    1700    1482    890     571     -319    
2180   1941 852     266     1408    -146    743     1784    876     -219    127     545     728     956     1697    1993    1659    1405    852     371     63      
2180   1942 899     187     1551    -211    909     1806    1049    -409    -296    499     919     1310    1716    1824    1875    1653    1175    315     130     
2180   1943 1032    443     1604    147     1067    1854    1035    38      287     697     1055    1450    1607    1918    2029    1544    1177    377     147     
2180   1944 932     339     1593    61      927     1879    893     162     -138    278     1124    1385    1582    1853    2192    1398    852     430     26      
2180   1945 1007    317     1677    -31     1123    1927    952     -438    356     684     1149    1538    1930    2082    1770    1582    947     325     132     
2180   1946 961     383     1568    117     1084    1768    919     -141    387     644     1205    1407    1555    1946    1797    1486    837     436     -51     
2180   1947 1070    233     1785    -131    1067    2069    1167    -245    -94     491     1185    1529    1890    2106    2205    1781    1027    699     194     
2180   1948 995     569     1476    255     1133    1648    972     352     218     907     1002    1484    1631    1576    1735    1418    1028    468     92      
2180   1949 1049    365     1666    116     886     1943    1142    81      180     324     1211    1135    1722    2126    1973    1820    1182    424     354     
2180   1950 997     491     1595    226     960     1961    969     -5      340     637     756     1480    1920    2124    1839    1427    944     536     -82     
2180   1951 951     365     1486    97      846     1738    1024    146     240     398     892     1249    1592    1884    1735    1549    911     615     161     
2180   1952 979     374     1638    42      1052    2015    811     -38     0       581     1096    1479    1884    2229    1928    1187    886     357     120     
2180   1953 950     293     1557    -42     1035    1751    1005    -200    -46     609     991     1504    1513    1856    1876    1584    1072    355     215     
2180   1954 911     348     1434    6       878     1688    1019    -148    -57     611     747     1271    1739    1684    1642    1509    980     568     324     
2180   1955 918     401     1475    180     838     1740    864     73      138     304     978     1237    1624    1823    1768    1409    856     325     428     
2180   1956 803     274     1399    4       862     1569    861     264     -727    435     727     1420    1445    1726    1533    1526    777     283     153     
2180   1957 940     392     1437    136     960     1733    927     -135    418     856     950     1072    1650    1838    1707    1396    918     467     112     
2180   1958 950     353     1525    175     796     1761    992     45      388     194     667     1524    1558    1867    1851    1662    879     438     296     
2180   1959 1036    437     1631    180     1056    1888    993     59      185     740     990     1435    1713    2113    1834    1687    954     340     321     
2180   1960 949     426     1469    204     1025    1692    933     33      263     634     937     1502    1768    1627    1682    1284    870     648     121     
2180   1961 1048    495     1572    224     1045    1744    1125    90      487     757     1150    1231    1721    1738    1772    1817    1091    469     227     
2180   1962 898     388     1516    177     750     1837    963     188     110     217     891     1146    1657    1801    2048    1537    1046    304     -219    
2180   1963 832     96      1501    -368    848     1737    1082    -532    -352    294     968     1284    1592    1954    1661    1534    977     738     -197    
2180   1964 937     319     1599    -52     946     1878    916     -222    285     341     1002    1495    1787    2118    1727    1444    802     506     -56     
2180   1965 811     236     1323    -91     748     1618    831     16      -248    357     704     1181    1615    1636    1603    1182    881     428     300     
2180   1966 913     372     1455    179     876     1648    967     -228    495     369     961     1301    1716    1636    1595    1514    1173    208     195     
2180   1967 895     401     1406    133     827     1727    973     -20     235     592     718     1167    1483    1952    1738    1357    1139    417     -92     
2180   1968 860     346     1365    5       851     1603    940     -60     179     486     921     1146    1552    1713    1543    1303    1142    369     3       
2180   1969 827     309     1408    -33     834     1637    957     -1      -108    412     784     1305    1367    1858    1676    1439    950     482     -309    
2180   1970 828     216     1397    -111    644     1720    945     -151    151     177     614     1139    1686    1737    1735    1456    824     560     -30     
2180   1971 831     189     1488    -104    814     1738    837     -321    55      46      1039    1365    1449    1906    1851    1298    939     270     25      
2180   1972 810     338     1309    77      832     1613    744     -18     232     569     769     1156    1450    1735    1647    1075    693     466     -72     
2180   1973 831     214     1442    -68     741     1749    860     -95     -33     310     574     1334    1623    1738    1883    1476    763     345     -9      
2180   1974 907     396     1388    192     876     1668    749     267     331     669     817     1140    1456    1722    1818    1356    500     401     366     
2180   1975 886     339     1447    258     798     1689    927     266     130     353     814     1229    1452    1810    1799    1562    731     496     -52     
2180   1976 885     280     1470    34      826     1805    888     79      78      340     788     1349    1846    1951    1621    1250    977     434     -124    
2180   1977 894     412     1320    108     840     1609    924     3       483     705     694     1115    1474    1732    1615    1272    1017    479     114     
2180   1978 805     372     1305    80      761     1568    776     29      100     474     692     1115    1482    1668    1552    1311    756     261     171     
2180   1979 852     285     1341    55      765     1641    883     -250    266     502     632     1156    1566    1770    1584    1325    973     349     305     
2180   1980 786     392     1295    180     718     1552    824     -75     318     475     616     1060    1382    1520    1750    1425    805     244     -95     
2180   1981 866     230     1423    -139    959     1645    915     -187    -135    716     965     1197    1541    1628    1763    1433    944     367     85      
2180   1982 936     339     1478    93      812     1751    1005    132     58      419     751     1264    1653    1895    1701    1591    961     464     275     
2180   1983 907     380     1497    107     778     1895    904     157     -134    508     812     1014    1688    2169    1822    1462    931     318     60      
2180   1984 841     281     1343    64      646     1675    937     109     19      233     732     975     1517    1794    1708    1317    962     532     167     
2180   1985 816     236     1453    -142    797     1703    891     -487    -103    322     850     1220    1450    1927    1723    1529    969     171     155     
2180   1986 865     226     1447    -45     799     1727    962     96      -421    321     618     1454    1624    1817    1736    1409    1074    399     144     
2180   1987 876     270     1447    -30     709     1689    1099    -357    140     208     930     996     1448    1837    1775    1684    1078    536     203     
2180   1988 970     466     1500    242     930     1742    942     336     184     441     948     1400    1577    1806    1836    1415    1060    347     250     
2180   1989 962     456     1489    181     979     1771    910     61      236     754     738     1438    1567    1916    1823    1431    1015    280     221     
2180   1990 988     468     1489    260     975     1771    990     5       585     707     744     1468    1547    1860    1899    1389    1109    468     44      
2180   1991 911     399     1481    30      817     1827    976     157     -126    692     755     1001    1527    1971    1973    1640    843     449     -26     
2180   1992 949     316     1537    -5      978     1821    959     -142    166     603     871     1457    1534    1864    2055    1414    812     656     73      
2180   1993 931     367     1505    94      952     1755    793     268     -75     436     994     1428    1677    1761    1825    1326    828     225     395     
2180   1994 1059    483     1526    303     984     1911    1028    263     245     913     700     1331    1673    2091    1962    1371    957     757     377     
2180   1995 945     497     1466    285     858     1799    939     6       493     400     905     1272    1502    2079    1806    1208    1211    387     39      
2180   1996 849     336     1399    21      835     1701    832     25      -4      335     911     1263    1712    1715    1677    1100    930     462     27      
2180   1997 950     398     1479    82      968     1733    934     -168    419     722     827     1352    1578    1675    1939    1487    898     418     216     
2180   1998 952     426     1528    214     941     1845    868     152     279     576     814     1429    1699    1943    1888    1371    1020    207     -8      
2180   1999 959     328     1559    46      986     1769    939     133     10      570     851     1532    1549    1918    1833    1650    928     239     220     
2180   2000 1018    397     1546    195     1017    1774    1033    1       374     615     927     1506    1791    1644    1887    1506    1033    560     356     
2180   2001 987     534     1489    281     1008    1811    940     168     321     744     731     1540    1587    1903    1935    1206    1292    311     32      
2180   2002 1023    478     1497    189     933     1836    992     16      555     663     897     1239    1908    1848    1754    1322    1005    648     397     
2180   2003 1024    456     1733    114     1042    2175    842     33      -109    714     945     1464    2238    2038    2249    1443    681     408     102     
2180   2004 943     319     1494    138     842     1774    1021    123     194     400     912     1216    1661    1811    1845    1505    1147    408     69      
2180   2005 923     341     1542    -25     929     1814    994     -30     -123    531     892     1363    1855    1907    1682    1543    1060    377     -53     
2180   2006 989     275     1586    -66     868     1866    1182    -151    14      382     892     1332    1795    2249    1551    1684    1239    621     201     
2180   2007 1006    584     1549    363     1079    1751    851     429     468     537     1284    1423    1725    1785    1744    1325    931     293     95      
2180   2008 951     397     1484    218     911     1800    894     258     306     490     793     1446    1736    1859    1801    1245    978     457     11      
2180   2009 988     287     1631    -77     1043    1864    1059    -246    14      486     1095    1548    1686    1898    2003    1537    944     702     134     
2180   2010 927     360     1554    14      890     1901    954     -153    67      449     1000    1224    1732    2143    1822    1388    909     566     -69     
2180   2011 -999999 -999999 -999999 -999999 -999999 -999999 -999999 128     323     754     1189    -999999 -999999 -999999 -999999 -999999 -999999 -999999 -999999 
