EUROPEAN CLIMATE ASSESSMENT & DATASET (ECA&D), file created on: 10-05-2011
THESE DATA CAN BE USED FREELY PROVIDED THAT THE FOLLOWING SOURCE IS ACKNOWLEDGED: 

Klein Tank, A.M.G. and Coauthors, 2002. Daily dataset of 20th-century surface
air temperature and precipitation series for the European Climate Assessment.
Int. J. of Climatol., 22, 1441-1453.
Data and metadata available at http://eca.knmi.nl

FILE FORMAT (MISSING VALUE CODE = -999999):

THIS FILE HOLDS DATA FOR STATION POLAND                                   ZAKOPANE                                 (STAID:   1383)
LATITUDE: dd:mm:ss +49:18:00
LONGITUDE: ddd:mm:ss +019:57:00
ELEVATION: m  857

DATA IS FOR INDEX Mean of daily mean temperature (TG) with unit 0.01 Temperature (&#176;C)

01-06 SOUID: Source identifier
08-11 YEAR : YYYY
13-20 ANNUAL DATA VALUES
21-28 WINTER HALF YEAR DATA VALUES
29-36 SUMMER HALF YEAR DATA VALUES
37-44 WINTER (DJF) DATA VALUES
45-52 SPRING (MAM) DATA VALUES
53-60 SUMMER (JJA) DATA VALUES
61-68 AUTUMN (SON) DATA VALUES
69-76 JANUARY DATA VALUES
etc. 
157-164 DECEMBER DATA VALUES

1383   1951 617     -999999 1154    -999999 452     1432    666     -137    -45     -75     478     952     1319    1422    1551    1184    335     491     -100    
1383   1952 442     -99     1112    -276    279     1433    426     -317    -421    -585    654     779     1245    1495    1552    930     442     -95     -397    
1383   1953 538     -178    1139    -424    419     1420    647     -451    -424    -166    546     881     1388    1579    1292    1136    723     81      -193    
1383   1954 441     -202    1083    -745    437     1400    576     -1083   -984    178     160     965     1443    1343    1414    1159    550     21      21      
1383   1955 418     -122    989     -345    200     1321    538     -540    -535    -285    109     773     1181    1459    1317    1073    574     -33     -152    
1383   1956 359     -260    1061    -604    327     1355    378     -371    -1337   -301    380     902     1260    1455    1345    1008    522     -401    -244    
1383   1957 553     -63     1070    -197    385     1469    552     -348    23      70      461     627     1521    1560    1326    911     565     178     -279    
1383   1958 544     -76     1116    -256    356     1394    592     -420    -49     -439    143     1359    1204    1534    1438    988     625     163     -59     
1383   1959 542     6       1089    -332    574     1409    458     -487    -463    215     552     955     1217    1632    1373    778     472     123     52      
1383   1960 544     -68     1056    -375    459     1350    710     -598    -591    105     358     910     1295    1328    1426    1000    836     290     123     
1383   1961 507     171     953     -118    535     1111    623     -391    -83     230     708     672     1151    1067    1115    1002    688     177     -355    
1383   1962 -999999 -999999 841     -999999 351     1023    509     -168    -348    -192    550     650     827     1020    1215    773     528     225     -403    
1383   1963 -999999 -999999 858     -999999 166     1193    635     -999999 -606    -98     -269    850     1084    1270    1221    966     474     470     -489    
1383   1964 -999999 -999999 908     -999999 348     1139    484     -524    -376    -219    473     759     1251    1155    1015    790     508     154     -210    
1383   1965 -999999 -999999 840     -999999 313     1040    454     -243    -999999 -13     319     633     1048    1085    987     960     423     -73     -131    
1383   1966 586     -999999 1134    -247    551     1365    727     -789    229     -18     691     986     1309    1423    1360    1024    1068    79      -341    
1383   1967 581     17      1177    -405    556     1415    771     -604    -256    132     465     1067    1244    1592    1404    1274    848     188     -432    
1383   1968 531     -27     1161    -420    595     1379    652     -640    -171    41      698     1051    1440    1358    1340    1070    610     277     -697    
1383   1969 478     -188    1126    -563    444     1330    709     -615    -356    -349    407     1273    1219    1449    1320    1067    658     403     -784    
1383   1970 471     -151    1048    -614    369     1372    561     -481    -574    -153    454     810     1321    1412    1382    892     489     305     -268    
1383   1971 540     -46     1108    -272    495     1359    473     -296    -249    -263    559     1192    1160    1414    1496    800     514     102     -12     
1383   1972 539     42      1108    -220    621     1418    422     -605    -32     279     543     1038    1384    1553    1317    795     301     174     -286    
1383   1973 503     -65     1089    -271    442     1341    477     -336    -183    -63     366     1021    1224    1402    1393    1113    471     -154    -261    
1383   1974 556     27      1054    -162    526     1324    464     -248    41      307     421     845     1085    1322    1558    1073    280     44      -90     
1383   1975 589     9       1151    -175    583     1374    608     -38     -421    237     448     1059    1238    1479    1401    1264    605     -44     -237    
1383   1976 474     -158    1031    -366    327     1271    703     -465    -398    -418    464     939     1197    1476    1137    958     846     298     -373    
1383   1977 552     124     1021    -241    548     1314    600     -224    -114    291     356     992     1289    1326    1325    819     740     236     -464    
1383   1978 452     -23     938     -419    408     1208    532     -346    -448    109     318     795     1163    1254    1204    882     620     92      -289    
1383   1979 546     -60     1097    -437    549     1332    574     -651    -363    207     361     1074    1449    1230    1319    1135    450     139     140     
1383   1980 396     -61     943     -266    237     1276    493     -713    -222    -167    241     639     1178    1329    1318    939     618     -83     -342    
1383   1981 530     -75     1115    -449    586     1380    607     -665    -327    328     383     1040    1392    1434    1315    1114    700     2       -418    
1383   1982 577     -123    1152    -517    449     1434    797     -647    -484    76      177     1084    1342    1466    1489    1333    751     308     -53     
1383   1983 626     107     1254    -194    732     1433    561     -68     -488    142     788     1269    1276    1593    1426    1156    600     -75     -195    
1383   1984 500     -99     1052    -302    417     1250    697     -283    -437    -225    460     1017    1124    1245    1377    1072    803     213     -396    
1383   1985 437     -182    1088    -743    560     1302    452     -922    -930    79      506     1092    1027    1428    1443    1011    524     -180    55      
1383   1986 526     -139    1166    -421    667     1349    596     -455    -908    55      766     1182    1246    1366    1432    985     597     205     -268    
1383   1987 454     -223    1115    -512    221     1395    710     -1004   -236    -620    473     818     1362    1610    1212    1206    745     179     -319    
1383   1988 537     42      1131    -157    426     1410    415     -38     -113    -208    405     1081    1222    1564    1439    1053    569     -383    -187    
1383   1989 624     17      1128    -138    677     1308    599     -187    -28     302     804     930     1115    1397    1406    1104    711     -22     -88     
1383   1990 624     187     1057    11      607     1353    583     -68     207     375     429     1013    1262    1367    1425    821     642     285     -298    
1383   1991 501     20      1064    -377    421     1429    581     -238    -617    295     320     645     1297    1566    1418    1126    457     164     -496    
1383   1992 584     -52     1224    -326    507     1623    502     -274    -201    35      523     962     1404    1574    1885    971     419     118     -440    
1383   1993 576     -97     1147    -332    540     1366    545     -164    -398    -140    496     1263    1274    1380    1441    1006    773     -152    49      
1383   1994 671     119     1250    -66     609     1541    640     61      -334    265     569     993     1314    1731    1572    1306    459     161     -117    
1383   1995 541     32      1122    -143    455     1454    497     -362    71      -10     452     922     1306    1672    1379    981     759     -258    -455    
1383   1996 447     -253    1090    -558    439     1380    606     -604    -620    -364    479     1204    1389    1326    1426    691     659     467     -714    
1383   1997 522     -29     1075    -441    393     1411    518     -464    -113    -1      104     1065    1398    1386    1448    1023    355     181     -166    
1383   1998 591     24      1215    -89     524     1505    512     -195    113     -131    719     990     1490    1519    1504    1058    680     -206    -473    
1383   1999 674     -20     1287    -285    673     1520    686     -30     -359    229     749     1042    1484    1649    1426    1362    679     17      -224    
1383   2000 740     -6      1250    -259    703     1473    941     -473    -68     31      842     1240    1424    1387    1605    983     1173    658     50      
1383   2001 605     279     1198    -130    645     1495    629     -270    -175    204     533     1195    1204    1619    1652    956     965     -46     -648    
1383   2002 695     81      1285    -238    729     1601    615     -238    217     244     558     1381    1496    1692    1612    942     490     417     -499    
1383   2003 621     -100    1293    -527    589     1628    638     -449    -645    51      370     1338    1587    1597    1698    1145    351     426     -100    
1383   2004 596     -11     1170    -295    531     1459    697     -585    -195    38      655     904     1349    1495    1528    1072    846     168     -146    
1383   2005 575     -10     1211    -291    504     1442    692     -290    -454    -222    627     1109    1293    1604    1424    1192    769     112     -331    
1383   2006 649     -113    1273    -469    505     1535    850     -615    -460    -180    663     1037    1375    1783    1442    1323    877     350     126     
1383   2007 718     310     1307    83      790     1616    478     129     -16     363     706     1299    1565    1696    1584    972     549     -89     -203    
1383   2008 733     68      1236    -67     619     1558    749     -7      13      134     643     1080    1514    1566    1593    1004    828     414     -5      
1383   2009 655     85      1312    -241    648     1527    735     -397    -330    -27     901     1077    1326    1676    1573    1304    549     357     -207    
1383   2010 582     -28     1229    -376    564     1571    646     -609    -304    35      606     1052    1399    1698    1610    989     442     514     -499    
1383   2011 -999999 18      -999999 -366    -999999 -999999 -999999 -269    -327    232     751     -999999 -999999 -999999 -999999 -999999 -999999 -999999 -999999 
