EUROPEAN CLIMATE ASSESSMENT & DATASET (ECA&D), file created on: 10-05-2011
THESE DATA CAN BE USED FREELY PROVIDED THAT THE FOLLOWING SOURCE IS ACKNOWLEDGED: 

Klein Tank, A.M.G. and Coauthors, 2002. Daily dataset of 20th-century surface
air temperature and precipitation series for the European Climate Assessment.
Int. J. of Climatol., 22, 1441-1453.
Data and metadata available at http://eca.knmi.nl

FILE FORMAT (MISSING VALUE CODE = -999999):

THIS FILE HOLDS DATA FOR STATION GERMANY                                  GREIFSWALD                               (STAID:    473)
LATITUDE: dd:mm:ss +54:05:52
LONGITUDE: ddd:mm:ss +013:24:27
ELEVATION: m    2

DATA IS FOR INDEX Mean of daily mean temperature (TG) with unit 0.01 Temperature (&#176;C)

01-06 SOUID: Source identifier
08-11 YEAR : YYYY
13-20 ANNUAL DATA VALUES
21-28 WINTER HALF YEAR DATA VALUES
29-36 SUMMER HALF YEAR DATA VALUES
37-44 WINTER (DJF) DATA VALUES
45-52 SPRING (MAM) DATA VALUES
53-60 SUMMER (JJA) DATA VALUES
61-68 AUTUMN (SON) DATA VALUES
69-76 JANUARY DATA VALUES
etc. 
157-164 DECEMBER DATA VALUES

473    1947 780     -999999 1502    -999999 687     1769    976     -491    -777    12      804     1249    1730    1790    1785    1640    775     520     219     
473    1948 905     367     1425    148     841     1667    957     171     46      455     899     1171    1564    1722    1712    1471    908     492     219     
473    1949 953     391     1456    236     814     1632    1068    186     308     225     943     1279    1446    1805    1637    1614    1113    477     367     
473    1950 867     423     1419    148     830     1728    870     -145    229     481     687     1319    1689    1692    1804    1305    861     444     -4      
473    1951 -999999 -999999 -999999 -999999 -999999 -999999 -999999 -999999 -999999 -999999 -999999 -999999 -999999 -999999 -999999 -999999 -999999 -999999 -999999 
473    1952 -999999 -999999 -999999 -999999 -999999 -999999 -999999 -999999 -999999 -999999 -999999 -999999 -999999 -999999 -999999 -999999 -999999 -999999 -999999 
473    1953 -999999 -999999 -999999 -999999 -999999 -999999 -999999 -999999 -999999 -999999 -999999 -999999 -999999 -999999 -999999 -999999 -999999 -999999 -999999 
473    1954 -999999 -999999 -999999 -999999 -999999 -999999 -999999 -999999 -999999 -999999 -999999 -999999 -999999 -999999 -999999 -999999 -999999 -999999 -999999 
473    1955 -999999 -999999 -999999 -999999 -999999 -999999 -999999 -999999 -999999 -999999 -999999 -999999 -999999 -999999 -999999 -999999 -999999 -999999 -999999 
473    1956 -999999 -999999 -999999 -999999 -999999 -999999 -999999 -999999 -999999 -999999 -999999 -999999 -999999 -999999 -999999 -999999 -999999 -999999 -999999 
473    1957 -999999 -999999 -999999 -999999 -999999 -999999 -999999 -999999 -999999 -999999 -999999 -999999 -999999 -999999 -999999 -999999 -999999 -999999 -999999 
473    1958 -999999 -999999 -999999 -999999 -999999 -999999 -999999 -999999 -999999 -999999 -999999 -999999 -999999 -999999 -999999 -999999 -999999 -999999 -999999 
473    1959 -999999 -999999 -999999 -999999 -999999 -999999 -999999 -999999 -999999 -999999 -999999 -999999 -999999 -999999 -999999 -999999 -999999 -999999 -999999 
473    1960 -999999 -999999 -999999 -999999 -999999 -999999 -999999 -999999 -999999 -999999 -999999 -999999 -999999 -999999 -999999 -999999 -999999 -999999 -999999 
473    1961 -999999 -999999 -999999 -999999 -999999 -999999 -999999 -999999 -999999 -999999 -999999 -999999 -999999 -999999 -999999 -999999 -999999 -999999 -999999 
473    1962 -999999 -999999 -999999 -999999 -999999 -999999 -999999 -999999 -999999 -999999 -999999 -999999 -999999 -999999 -999999 -999999 -999999 -999999 -999999 
473    1963 -999999 -999999 -999999 -999999 -999999 -999999 -999999 -999999 -999999 -999999 -999999 -999999 -999999 -999999 -999999 -999999 -999999 -999999 -999999 
473    1964 -999999 -999999 -999999 -999999 -999999 -999999 -999999 -999999 -999999 -999999 -999999 -999999 -999999 -999999 -999999 -999999 -999999 -999999 -999999 
473    1965 -999999 -999999 -999999 -999999 -999999 -999999 -999999 -999999 -999999 -999999 -999999 -999999 -999999 -999999 -999999 -999999 -999999 -999999 -999999 
473    1966 -999999 -999999 -999999 -999999 -999999 -999999 -999999 -999999 -999999 -999999 -999999 -999999 -999999 -999999 -999999 -999999 -999999 -999999 -999999 
473    1967 -999999 -999999 -999999 -999999 -999999 -999999 -999999 -999999 -999999 -999999 -999999 -999999 -999999 -999999 -999999 -999999 -999999 -999999 -999999 
473    1968 -999999 -999999 -999999 -999999 -999999 -999999 -999999 -999999 -999999 -999999 -999999 -999999 -999999 -999999 -999999 -999999 -999999 -999999 -999999 
473    1969 -999999 -999999 -999999 -999999 -999999 -999999 -999999 -999999 -999999 -999999 -999999 -999999 -999999 -999999 -999999 -999999 -999999 -999999 -999999 
473    1970 -999999 -999999 -999999 -999999 -999999 -999999 -999999 -999999 -999999 -999999 -999999 -999999 -999999 -999999 -999999 -999999 -999999 -999999 -999999 
473    1971 -999999 -999999 -999999 -999999 -999999 -999999 -999999 -999999 -999999 -999999 -999999 -999999 -999999 -999999 -999999 -999999 -999999 -999999 -999999 
473    1972 -999999 -999999 -999999 -999999 -999999 -999999 -999999 -999999 -999999 -999999 -999999 -999999 -999999 -999999 -999999 -999999 -999999 -999999 -999999 
473    1973 -999999 -999999 -999999 -999999 -999999 -999999 -999999 -999999 -999999 -999999 -999999 -999999 -999999 -999999 -999999 -999999 -999999 -999999 -999999 
473    1974 -999999 -999999 -999999 -999999 -999999 -999999 -999999 -999999 -999999 -999999 -999999 -999999 -999999 -999999 -999999 -999999 -999999 -999999 -999999 
473    1975 -999999 -999999 -999999 -999999 -999999 -999999 -999999 -999999 -999999 -999999 -999999 -999999 -999999 -999999 -999999 -999999 -999999 -999999 -999999 
473    1976 -999999 -999999 -999999 -999999 -999999 -999999 -999999 -999999 -999999 -999999 -999999 -999999 -999999 -999999 -999999 -999999 -999999 -999999 -999999 
473    1977 -999999 -999999 -999999 -999999 -999999 -999999 -999999 -999999 -999999 -999999 -999999 -999999 -999999 -999999 -999999 -999999 -999999 -999999 -999999 
473    1978 775     -999999 1229    -999999 623     1553    952     102     -170    350     473     1039    1523    1533    1601    1190    986     678     -70     
473    1979 735     168     1315    -297    701     1560    828     -446    -384    210     592     1297    1596    1457    1627    1303    762     422     308     
473    1980 724     185     1266    -64     537     1574    879     -454    -45     110     558     945     1503    1621    1596    1359    861     417     194     
473    1981 805     332     1349    70      812     1587    895     -63     79      483     651     1298    1511    1644    1604    1370    806     512     -282    
473    1982 870     173     1419    -243    761     1708    1057    -372    -56     421     669     1189    1517    1800    1802    1520    1020    633     235     
473    1983 908     465     1429    221     803     1731    925     500     -104    457     755     1196    1568    1839    1780    1417    942     417     52      
473    1984 815     281     1311    58      655     1587    945     138     -19     143     670     1153    1367    1602    1784    1269    1115    445     75      
473    1985 747     159     1343    -306    711     1623    835     -561    -444    275     702     1157    1425    1740    1699    1315    1017    169     372     
473    1986 802     215     1327    -42     705     1637    940     4       -551    206     508     1395    1534    1753    1620    1127    972     720     224     
473    1987 713     185     1278    -158    546     1523    926     -607    -84     -124    779     991     1394    1631    1540    1322    916     539     221     
473    1988 892     421     1377    276     739     1635    865     335     271     239     689     1287    1534    1749    1620    1366    914     314     352     
473    1989 993     526     1438    420     911     1676    993     432     481     654     778     1296    1579    1773    1674    1515    1109    351     233     
473    1990 983     584     1391    428     946     1675    901     419     653     741     802     1290    1577    1652    1792    1214    1013    471     140     
473    1991 848     375     1332    77      727     1631    925     217     -148    508     710     962     1341    1816    1726    1420    869     488     186     
473    1992 929     425     1481    231     857     1815    818     160     355     490     778     1302    1755    1892    1797    1345    639     475     141     
473    1993 816     320     1320    141     848     1516    695     168     109     373     792     1377    1452    1583    1512    1185    800     95      289     
473    1994 915     315     1417    171     796     1739    914     328     -135    464     805     1118    1451    2006    1751    1351    763     632     367     
473    1995 857     428     1387    275     716     1724    934     29      445     341     679     1128    1457    1864    1843    1326    1194    273     -330    
473    1996 684     68      1290    -333    546     1621    851     -297    -374    -79     711     1012    1493    1563    1803    1140    915     497     -208    
473    1997 877     305     1421    -21     733     1798    839     -193    375     460     616     1121    1556    1776    2053    1380    802     336     204     
473    1998 889     434     1389    354     838     1596    804     323     555     390     847     1277    1595    1619    1574    1414    871     126     56      
473    1999 958     319     1491    145     832     1747    1023    278     97      458     820     1219    1578    1920    1737    1661    919     493     262     
473    2000 974     460     1407    288     925     1597    1052    201     408     475     978     1325    1598    1557    1635    1340    1150    663     343     
473    2001 892     442     1407    198     739     1715    1005    111     134     228     706     1281    1418    1880    1838    1293    1244    470     43      
473    2002 952     505     1521    259     863     1842    899     259     496     513     734     1338    1673    1839    2010    1513    792     396     -165    
473    2003 904     191     1520    -136    814     1843    912     -5      -249    342     707     1391    1749    1905    1873    1477    647     621     314     
473    2004 893     348     1393    122     827     1638    965     -146    202     448     851     1184    1455    1620    1834    1402    1021    469     349     
473    2005 908     392     1434    232     736     1668    1047    326     -4      157     804     1249    1526    1838    1636    1539    1110    489     163     
473    2006 977     258     1540    -52     674     1861    1245    -315    0       86      750     1190    1671    2160    1746    1707    1251    777     639     
473    2007 1007    690     1487    476     994     1746    905     527     241     664     940     1377    1711    1757    1768    1354    898     464     321     
473    2008 969     497     1424    387     820     1719    977     365     483     449     750     1259    1588    1782    1783    1363    960     607     220     
473    2009 896     370     1472    63      881     1709    991     -52     16      441     981     1223    1400    1848    1870    1494    772     715     -4      
473    2010 777     224     1425    -184    718     1815    878     -453    -85     382     783     990     1524    2114    1796    1324    811     502     -418    
473    2011 -999999 226     -999999 -116    -999999 -999999 -999999 102     -22     364     1076    -999999 -999999 -999999 -999999 -999999 -999999 -999999 -999999 
