EUROPEAN CLIMATE ASSESSMENT & DATASET (ECA&D), file created on: 10-05-2011
THESE DATA CAN BE USED FREELY PROVIDED THAT THE FOLLOWING SOURCE IS ACKNOWLEDGED: 

Klein Tank, A.M.G. and Coauthors, 2002. Daily dataset of 20th-century surface
air temperature and precipitation series for the European Climate Assessment.
Int. J. of Climatol., 22, 1441-1453.
Data and metadata available at http://eca.knmi.nl

FILE FORMAT (MISSING VALUE CODE = -999999):

THIS FILE HOLDS DATA FOR STATION RUSSIAN FEDERATION                       SOJNA                                    (STAID:   1079)
LATITUDE: dd:mm:ss +67:54:00
LONGITUDE: ddd:mm:ss +044:06:00
ELEVATION: m   18

DATA IS FOR INDEX Mean of daily mean temperature (TG) with unit 0.01 Temperature (&#176;C)

01-06 SOUID: Source identifier
08-11 YEAR : YYYY
13-20 ANNUAL DATA VALUES
21-28 WINTER HALF YEAR DATA VALUES
29-36 SUMMER HALF YEAR DATA VALUES
37-44 WINTER (DJF) DATA VALUES
45-52 SPRING (MAM) DATA VALUES
53-60 SUMMER (JJA) DATA VALUES
61-68 AUTUMN (SON) DATA VALUES
69-76 JANUARY DATA VALUES
etc. 
157-164 DECEMBER DATA VALUES

1079   1995 -999999 -999999 -999999 -999999 -999999 919     -999999 -473    -655    -655    -141    289     736     1033    984     -999999 146     -778    -999999 
1079   1996 -999999 -999999 -999999 -999999 -999999 -999999 -999999 -443    -1068   -758    -606    -5      580     -999999 885     -999999 208     -11     -594    
1079   1997 -999999 -999999 -999999 -999999 -999999 -999999 -999999 -1224   -999999 -948    -999999 -999999 615     713     955     823     35      -536    -1131   
1079   1998 -999999 -999999 -999999 -999999 -730    956     -999999 -1272   -2111   -1081   -984    -159    559     1384    927     470     -999999 -989    -1143   
1079   1999 -999999 -999999 -999999 -999999 -999999 -999999 -999999 -1952   -1539   -1012   -661    -466    665     1051    -999999 -999999 -999999 -518    -624    
1079   2000 -999999 -999999 -999999 -999999 -999999 -999999 -999999 -1461   -976    -807    -999999 -999999 -999999 -999999 -999999 -999999 484     -88     -1033   
1079   2001 -999999 -999999 -999999 -999999 -999999 -999999 -999999 -754    -1734   -999999 -999999 -999999 -999999 1124    1162    -999999 -999999 -999999 -1137   
1079   2002 -999999 -999999 -999999 -999999 -999999 -999999 -999999 -1533   -999999 -998    -999999 -999999 619     -999999 -999999 -999999 -999999 -999999 -825    
1079   2003 -999999 -999999 -999999 -999999 -999999 -999999 -999999 -999999 -999999 -999999 -999999 -999999 -999999 -999999 -999999 -999999 -999999 -999999 -512    
1079   2004 -999999 -999999 -999999 -999999 -999999 -999999 -999999 -716    -999999 -999999 -999999 168     787     -999999 -999999 -999999 146     -999999 -999999 
1079   2005 -999999 -999999 -999999 -999999 -999999 -999999 -999999 -999999 -999999 -999999 -999999 -999999 -999999 1126    -999999 -999999 -999999 -999999 -999999 
1079   2006 -999999 -999999 -999999 -999999 -999999 1011    -999999 -999999 -999999 -999999 -410    210     962     1027    1043    714     20      -999999 -999999 
1079   2007 -999999 -999999 -999999 -999999 -999999 1083    -999999 -999999 -999999 -999999 -292    46      679     1348    1227    -999999 540     -279    -999999 
1079   2008 -999999 -999999 -999999 -999999 -999999 979     250     -999999 -999999 -999999 -999999 -106    798     1155    965     621     395     -223    -228    
1079   2009 -999999 -999999 -999999 -827    -448    965     276     -1071   -1195   -807    -462    -61     731     1126    1028    880     209     -254    -1157   
1079   2010 -999999 -999999 -999999 -1335   -324    949     162     -1265   -1620   -1108   -207    345     667     1166    1013    672     314     -527    -967    
1079   2011 -999999 -999999 -999999 -1338   -999999 -999999 -999999 -1315   -1777   -620    -197    -999999 -999999 -999999 -999999 -999999 -999999 -999999 -999999 
