EUROPEAN CLIMATE ASSESSMENT & DATASET (ECA&D), file created on: 10-05-2011
THESE DATA CAN BE USED FREELY PROVIDED THAT THE FOLLOWING SOURCE IS ACKNOWLEDGED: 

Klein Tank, A.M.G. and Coauthors, 2002. Daily dataset of 20th-century surface
air temperature and precipitation series for the European Climate Assessment.
Int. J. of Climatol., 22, 1441-1453.
Data and metadata available at http://eca.knmi.nl

FILE FORMAT (MISSING VALUE CODE = -999999):

THIS FILE HOLDS DATA FOR STATION UNITED KINGDOM                           ARMAGH                                   (STAID:    271)
LATITUDE: dd:mm:ss +54:21:00
LONGITUDE: ddd:mm:ss -006:39:00
ELEVATION: m   62

DATA IS FOR INDEX Mean of daily mean temperature (TG) with unit 0.01 Temperature (&#176;C)

01-06 SOUID: Source identifier
08-11 YEAR : YYYY
13-20 ANNUAL DATA VALUES
21-28 WINTER HALF YEAR DATA VALUES
29-36 SUMMER HALF YEAR DATA VALUES
37-44 WINTER (DJF) DATA VALUES
45-52 SPRING (MAM) DATA VALUES
53-60 SUMMER (JJA) DATA VALUES
61-68 AUTUMN (SON) DATA VALUES
69-76 JANUARY DATA VALUES
etc. 
157-164 DECEMBER DATA VALUES

271    1844 919     -999999 1290    -999999 914     1402    1004    477     287     560     998     1186    1400    1447    1359    1354    937     723     309     
271    1845 903     545     1223    394     799     1383    977     422     455     418     932     1053    1378    1367    1405    1198    1008    715     461     
271    1846 1041    714     1401    634     867     1639    1097    737     709     651     803     1153    1747    1553    1621    1514    995     784     212     
271    1847 -999999 580     -999999 356     853     1541    1006    515     340     615     763     1180    1388    1723    1497    1186    1031    800     495     
271    1848 923     626     1267    429     916     1386    929     190     608     618     754     1372    1367    1491    1300    1306    880     592     535     
271    1849 944     -999999 1244    565     840     1440    991     503     667     723     642     1148    1303    1492    1519    1343    873     753     336     
271    1850 -999999 -999999 1281    440     877     1483    962     292     729     606     947     1061    1463    1550    1438    1226    876     786     667     
271    1851 956     681     1257    598     822     1447    973     536     589     624     789     1053    1376    1408    1554    1361    1049    506     610     
271    1852 -999999 -999999 1314    535     877     1522    922     466     526     582     905     1134    1264    1717    1576    1273    862     632     597     
271    1853 878     -999999 1260    414     802     1462    933     443     185     467     803     1136    1445    1456    1485    1223    925     652     268     
271    1854 944     594     1261    394     927     1389    956     393     535     788     976     1027    1266    1409    1490    1379    915     575     560     
271    1855 876     476     1294    313     748     1529    952     342     6       415     881     952     1349    1692    1541    1337    929     592     410     
271    1856 946     574     1248    462     779     1483    1022    357     631     532     832     974     1309    1471    1665    1227    1144    690     506     
271    1857 1026    639     1351    479     812     1585    1111    387     550     550     758     1127    1558    1528    1667    1465    1098    769     839     
271    1858 961     741     1296    652     858     1478    920     635     463     618     839     1116    1533    1393    1509    1381    865     515     632     
271    1859 969     660     1329    605     903     1587    920     571     611     754     742     1208    1507    1714    1538    1256    884     620     209     
271    1860 809     495     1146    303     795     1310    827     369     333     550     690     1138    1228    1401    1300    1091    901     488     192     
271    1861 939     -999999 1305    347     830     1512    932     437     428     491     822     1178    1517    1451    1568    1285    1065    442     509     
271    1862 880     597     1171    516     745     1328    870     524     514     513     708     1012    1257    1298    1428    1301    950     356     658     
271    1863 -999999 627     -999999 577     863     1348    910     489     584     710     849     1030    1271    1381    1390    1105    886     771     617     
271    1864 870     566     1238    415     875     1357    895     388     228     489     947     1190    1242    1462    1362    1215    890     580     426     
271    1865 -999999 491     -999999 342     844     1583    1090    229     373     440     993     1153    1612    1619    1520    1600    1018    619     720     
271    1866 -999999 -999999 -999999 -999999 771     1480    -999999 532     416     433     816     1035    1424    1596    1413    1134    1004    715     613     
271    1867 -999999 -999999 -999999 -999999 799     1515    -999999 41      -999999 342     931     1120    1459    1495    1587    1339    967     602     490     
271    1868 -999999 -999999 -999999 -999999 -999999 1616    -999999 388     650     706     960     1239    1529    1783    1532    1255    815     499     631     
271    1869 -999999 -999999 -999999 -999999 -999999 1521    -999999 622     -999999 451     950     871     1322    1744    1477    1329    1051    657     246     
271    1870 -999999 -999999 1400    -999999 918     1614    967     344     322     555     976     1167    1503    1713    1619    1424    940     506     134     
271    1871 -999999 -999999 1328    -999999 956     1536    921     233     739     682     924     1218    1415    1547    1638    1213    1020    511     413     
271    1872 -999999 -999999 -999999 524     862     1542    -999999 464     699     669     877     1017    1367    1666    1588    -999999 782     558     448     
271    1873 -999999 -999999 1300    -999999 823     1555    -999999 -999999 288     550     871     1048    1522    1640    1501    1198    754     604     678     
271    1874 -999999 -999999 -999999 -999999 942     1566    951     554     565     772     971     1085    1471    1691    1533    1277    875     706     130     
271    1875 -999999 -999999 -999999 -999999 953     1513    -999999 666     -999999 607     960     1281    1402    1464    1669    1463    934     504     402     
271    1876 -999999 -999999 -999999 449     762     1549    1044    484     468     382     788     1091    1415    1655    1572    1269    1133    681     575     
271    1877 -999999 -999999 -999999 -999999 747     1462    -999999 495     595     520     716     981     1450    1469    1466    1179    957     651     496     
271    1878 -999999 -999999 1392    556     928     1605    930     520     656     630     947     1198    1494    1671    1645    1376    1045    330     -76     
271    1879 -999999 -999999 -999999 -999999 -999999 1409    -999999 66      369     466     663     956     1377    1414    1435    1195    851     -999999 157     
271    1880 -999999 -999999 -999999 -999999 882     1444    -999999 -999999 620     720     827     1105    1344    1395    1603    1332    632     532     426     
271    1881 -999999 -999999 -999999 -999999 -999999 -999999 -999999 -76     373     486     672     1145    1209    1429    1248    1161    770     852     363     
271    1882 -999999 -999999 -999999 -999999 846     1371    -999999 585     697     700     733     1079    1250    1421    1443    1076    923     443     239     
271    1883 -999999 -999999 -999999 -999999 698     1329    -999999 -999999 -999999 283     774     1001    1252    1310    1429    -999999 866     501     482     
271    1884 -999999 -999999 -999999 -999999 -999999 -999999 -999999 579     472     -999999 719     1001    1314    1490    1492    1295    -999999 585     372     
271    1885 -999999 -999999 -999999 -999999 657     -999999 -999999 -999999 485     420     721     826     1202    1473    1334    1118    669     582     376     
271    1886 -999999 -999999 -999999 -999999 -999999 1372    -999999 175     -999999 389     676     908     1279    1418    1423    1163    974     -999999 246     
271    1887 -999999 -999999 -999999 -999999 -999999 1520    -999999 -999999 491     422     544     975     1590    1573    1393    1098    694     -999999 -999999 
271    1888 -999999 -999999 -999999 -999999 -999999 1277    -999999 -999999 261     276     642     989     1196    1298    1328    1088    830     734     511     
271    1889 -999999 -999999 -999999 -999999 -999999 1363    -999999 440     -999999 526     653     1135    1391    1347    1350    1188    794     686     509     
271    1890 -999999 -999999 -999999 -999999 808     1307    -999999 550     404     630     728     1090    1315    1344    1258    1403    967     597     214     
271    1891 -999999 -999999 -999999 -999999 603     1413    -999999 280     582     390     574     846     1420    1444    1377    1293    852     -999999 479     
271    1892 -999999 -999999 -999999 -999999 -999999 -999999 -999999 220     -999999 258     704     1066    1188    1331    1371    1102    609     -999999 232     
271    1893 -999999 -999999 -999999 -999999 975     -999999 -999999 362     -999999 736     944     1218    1410    1501    1548    1158    846     -999999 -999999 
271    1894 -999999 -999999 -999999 -999999 774     1335    -999999 264     552     647     888     806     1225    1451    1327    1040    835     646     512     
271    1895 -999999 -999999 -999999 -999999 826     -999999 -999999 -7      -83     558     761     1138    1366    1348    1403    1432    620     624     342     
271    1896 -999999 -999999 -999999 -999999 918     1372    -999999 521     -999999 596     912     1215    1446    1405    1261    1158    552     509     312     
271    1897 -999999 -999999 -999999 -999999 704     1425    -999999 154     608     578     607     928     1316    1522    1419    1093    946     728     493     
271    1898 -999999 -999999 -999999 -999999 -999999 1378    -999999 662     -999999 448     824     891     1271    1389    1470    -999999 988     -999999 -999999 
271    1899 -999999 -999999 -999999 -999999 -999999 -999999 -999999 346     509     562     687     941     1458    1531    1637    1169    867     892     395     
271    1900 -999999 -999999 -999999 -999999 -999999 -999999 -999999 442     149     389     826     1007    1395    1571    1351    1278    848     557     648     
271    1901 -999999 -999999 -999999 -999999 778     -999999 -999999 436     295     424     798     1112    1270    1608    1425    1245    866     -999999 312     
271    1902 -999999 -999999 -999999 -999999 769     -999999 -999999 434     -999999 708     750     851     1218    1334    1343    1256    918     724     492     
271    1903 -999999 -999999 -999999 -999999 762     1328    -999999 378     -999999 600     653     1030    1244    1411    1330    1239    896     -999999 355     
271    1904 -999999 -999999 -999999 -999999 782     1399    -999999 -999999 -999999 461     831     1014    1298    1515    1367    1200    903     587     -999999 
271    1905 -999999 -999999 -999999 -999999 -999999 1456    -999999 509     -999999 610     653     1080    1445    1562    1367    1146    721     -999999 684     
271    1906 -999999 -999999 -999999 -999999 -999999 -999999 -999999 479     314     500     683     894     1350    1435    1574    1257    -999999 721     -999999 
271    1907 -999999 -999999 -999999 -999999 -999999 1300    -999999 432     331     689     666     934     1151    1441    1313    -999999 848     572     422     
271    1908 -999999 -999999 -999999 -999999 742     -999999 -999999 337     595     494     604     1155    1346    1493    1396    1196    1159    727     522     
271    1909 -999999 -999999 -999999 -999999 728     -999999 -999999 467     479     364     831     1005    1175    1380    1429    1127    838     387     306     
271    1910 -999999 -999999 -999999 -999999 -999999 1403    -999999 355     -999999 618     639     1030    1342    1404    1457    1236    972     359     563     
271    1911 -999999 -999999 -999999 -999999 817     1509    -999999 427     478     472     737     1188    1303    1600    1613    1226    840     482     491     
271    1912 -999999 -999999 -999999 -999999 -999999 1271    -999999 -999999 472     673     874     1046    1302    1361    1152    1095    807     618     578     
271    1913 -999999 -999999 -999999 -999999 773     -999999 -999999 445     -999999 540     738     1024    1229    1375    1440    1302    1014    759     467     
271    1914 -999999 -999999 -999999 -999999 -999999 -999999 -999999 412     643     548     914     987     1324    1479    1525    1256    1002    -999999 253     
271    1915 -999999 -999999 -999999 -999999 -999999 1381    -999999 327     338     524     840     946     1347    1383    1416    1283    850     335     409     
271    1916 -999999 -999999 -999999 -999999 -999999 1414    -999999 704     320     331     793     962     1155    1486    1598    -999999 -999999 670     278     
271    1917 -999999 -999999 -999999 -999999 -999999 1446    -999999 228     307     422     545     1104    1303    1525    1506    1323    670     814     332     
271    1918 -999999 -999999 -999999 -999999 -999999 1422    -999999 410     -999999 544     686     1145    1316    1438    1511    1004    826     563     -999999 
271    1919 -999999 -999999 -999999 -999999 -999999 1384    -999999 333     308     309     768     1213    1270    1387    1495    1135    832     233     482     
271    1920 -999999 -999999 -999999 -999999 795     1331    -999999 476     621     627     723     1037    1358    1335    1298    1244    1018    790     386     
271    1921 -999999 -999999 -999999 -999999 -999999 -999999 -999999 711     580     636     756     964     1403    1708    1346    1250    1183    667     700     
271    1922 -999999 -999999 -999999 -999999 684     1251    -999999 409     -999999 496     494     1104    1225    1269    1257    1148    -999999 673     -999999 
271    1923 -999999 -999999 -999999 -999999 -999999 -999999 -999999 584     580     665     683     809     1251    1559    1376    1109    894     288     474     
271    1924 -999999 -999999 -999999 -999999 -999999 1354    -999999 529     -999999 411     615     998     1297    1391    1370    1145    873     724     680     
271    1925 -999999 -999999 -999999 -999999 732     1458    -999999 530     -999999 531     666     982     1398    1513    1468    1127    -999999 427     331     
271    1926 -999999 -999999 -999999 -999999 815     1455    -999999 537     656     592     918     932     1264    1580    1510    -999999 618     526     443     
271    1927 -999999 -999999 -999999 -999999 -999999 1359    -999999 466     -999999 624     740     1033    1084    1506    1482    1126    998     569     -999999 
271    1928 -999999 -999999 -999999 -999999 -999999 -999999 -999999 480     592     -999999 750     1086    1132    1400    1402    1168    940     682     -999999 
271    1929 -999999 -999999 -999999 -999999 791     1377    -999999 -999999 -999999 664     631     1057    1243    1484    1391    1358    812     621     477     
271    1930 -999999 -999999 -999999 -999999 791     -999999 -999999 -999999 188     505     779     1068    1331    1445    1380    1250    896     546     -999999 
271    1931 -999999 -999999 -999999 -999999 -999999 -999999 929     349     419     -999999 732     1052    1320    1443    1346    1162    880     723     623     
271    1932 -999999 -999999 -999999 -999999 720     1464    -999999 685     -999999 495     640     1011    1436    1493    1465    1135    833     635     564     
271    1933 -999999 -999999 -999999 -999999 -999999 -999999 -999999 294     -999999 713     887     1093    1429    1644    1579    1372    970     556     378     
271    1934 -999999 -999999 -999999 -999999 713     -999999 -999999 527     541     484     660     1016    1413    1677    1378    1278    955     594     761     
271    1935 -999999 -999999 -999999 -999999 -999999 1454    -999999 525     -999999 641     795     1048    1349    1514    1500    1224    876     -999999 -999999 
271    1936 -999999 -999999 -999999 -999999 -999999 1466    -999999 272     368     661     634     1049    1376    1442    1572    1303    951     466     523     
271    1937 -999999 -999999 -999999 -999999 804     1450    -999999 511     468     329     904     1163    1338    1479    1541    1223    846     610     284     
271    1938 -999999 -999999 -999999 -999999 -999999 1388    -999999 501     524     924     783     950     1302    1402    1457    1326    992     -999999 405     
271    1939 -999999 -999999 -999999 -999999 864     1444    -999999 272     -999999 620     817     1126    1357    1457    1518    1280    801     809     350     
271    1940 -999999 -999999 -999999 -999999 -999999 1476    -999999 83      435     604     864     1178    1529    1385    1522    1188    932     647     369     
271    1941 -999999 -999999 -999999 -999999 -999999 -999999 -999999 65      -999999 647     664     930     1398    1491    1393    1457    1048    642     620     
271    1942 -999999 -999999 -999999 -999999 -999999 -999999 -999999 395     -999999 556     883     1042    1315    1456    1478    1259    926     548     689     
271    1943 -999999 -999999 -999999 -999999 916     1444    -999999 539     693     721     994     1053    1375    1523    1433    1211    1035    -999999 467     
271    1944 -999999 -999999 -999999 -999999 -999999 -999999 -999999 637     450     565     1016    1079    1252    1535    1544    1169    878     -999999 408     
271    1945 -999999 -999999 -999999 -999999 971     1491    -999999 70      -999999 878     982     1061    1360    1550    1553    1380    1106    758     618     
271    1946 -999999 -999999 -999999 -999999 825     -999999 -999999 -999999 -999999 547     883     1004    1270    1434    1328    1277    960     674     370     
271    1947 -999999 -999999 -999999 -999999 760     -999999 -999999 324     -20     291     811     1161    1352    1449    1743    1342    1075    -999999 485     
271    1948 -999999 -999999 -999999 -999999 -999999 -999999 -999999 -999999 468     858     882     1001    1224    1427    1410    1294    -999999 801     526     
271    1949 -999999 -999999 -999999 -999999 -999999 1516    -999999 570     632     607     936     1033    1460    1539    1549    1458    1080    654     -999999 
271    1950 -999999 -999999 -999999 -999999 -999999 1469    -999999 571     430     786     708     1094    1482    1487    1440    1190    -999999 459     -999999 
271    1951 -999999 -999999 -999999 -999999 681     1405    -999999 369     296     452     681     918     1309    1502    1402    1335    1041    -999999 494     
271    1952 -999999 -999999 -999999 -999999 -999999 -999999 -999999 178     397     -999999 897     1185    1298    1526    1444    993     886     -999999 331     
271    1953 -999999 -999999 -999999 -999999 -999999 1436    -999999 470     548     567     650     -999999 1357    1462    1486    1343    963     794     -999999 
271    1954 -999999 -999999 -999999 -999999 825     1315    -999999 -999999 -999999 584     788     1076    1264    1340    1341    1149    1061    601     654     
271    1955 -999999 -999999 -999999 -999999 -999999 -999999 -999999 229     128     388     954     898     1254    1646    1650    1391    874     -999999 557     
271    1956 -999999 -999999 -999999 -999999 -999999 -999999 -999999 359     190     715     771     1124    1237    1468    1278    1278    947     701     607     
271    1957 -999999 -999999 -999999 -999999 944     -999999 -999999 506     511     931     857     1046    1375    1483    1436    1158    1000    -999999 -999999 
271    1958 -999999 -999999 -999999 -999999 -999999 1423    -999999 399     490     370     769     944     1314    1506    1456    1446    1064    760     408     
271    1959 -999999 -999999 -999999 -999999 946     -999999 -999999 198     570     781     864     1195    1450    1568    1584    1369    1194    638     541     
271    1960 -999999 -999999 -999999 -999999 969     1444    970     392     310     656     941     1277    1465    1451    1417    1252    982     654     223     
271    1961 -999999 -999999 -999999 -999999 -999999 1381    -999999 345     723     872     905     1048    1334    1383    1424    1321    994     619     233     
271    1962 -999999 -999999 -999999 -999999 728     1343    -999999 422     -999999 344     791     1040    1266    1394    1366    1162    1036    -999999 408     
271    1963 -999999 -999999 -999999 -999999 813     1392    -999999 -47     118     631     792     990     1385    1423    1365    1222    1081    652     346     
271    1964 -999999 -999999 -999999 -999999 -999999 1422    -999999 534     -999999 526     883     1199    1329    1512    1421    1299    861     675     389     
271    1965 -999999 -999999 -999999 -999999 -999999 1370    -999999 -999999 376     540     812     1091    1387    1322    1397    1151    1048    428     401     
271    1966 -999999 -999999 -999999 -999999 -999999 1440    -999999 391     547     770     654     1098    1500    1448    1370    1389    909     448     523     
271    1967 -999999 -999999 -999999 -999999 -999999 1445    -999999 507     534     614     824     942     1367    1523    1446    1291    911     544     405     
271    1968 -999999 -999999 -999999 -999999 771     1451    -999999 -999999 216     609     787     913     1414    1441    1499    1270    1187    644     -999999 
271    1969 -999999 -999999 -999999 -999999 730     1476    -999999 434     -999999 378     748     1053    1328    1564    1535    1309    1242    -999999 389     
271    1970 -999999 -999999 -999999 -999999 792     1490    -999999 309     268     447     654     1256    1571    1401    1505    1303    1014    -999999 -999999 
271    1971 -999999 -999999 -999999 -999999 815     1405    -999999 460     537     549     770     1095    1195    1571    1437    1356    1084    613     650     
271    1972 -999999 -999999 -999999 -999999 798     1308    -999999 347     399     550     836     998     1114    1473    1348    1135    1007    518     534     
271    1973 -999999 -999999 -999999 -999999 798     -999999 -999999 517     -999999 609     697     1063    1413    1494    1470    1285    829     575     478     
271    1974 -999999 -999999 -999999 -999999 805     1354    -999999 598     498     549     817     1034    1239    1384    1438    1077    747     500     676     
271    1975 -999999 -999999 -999999 -999999 764     -999999 -999999 566     490     501     819     990     1340    1618    1631    1165    1015    620     542     
271    1976 -999999 -999999 -999999 -999999 -999999 1603    -999999 540     452     517     859     1043    1569    1613    1627    -999999 861     554     144     
271    1977 -999999 -999999 -999999 -999999 798     -999999 -999999 193     398     663     725     992     1221    1570    1406    1219    1149    -999999 594     
271    1978 -999999 -999999 -999999 -999999 -999999 -999999 -999999 308     300     581     657     1152    -999999 1416    1439    1305    1158    -999999 410     
271    1979 -999999 -999999 -999999 -999999 -999999 1392    -999999 42      226     383     694     806     1322    1485    1371    1180    998     -999999 -999999 
271    1980 -999999 -999999 -999999 -999999 841     1367    -999999 234     492     446     899     1128    1240    1365    1486    1377    810     662     516     
271    1981 -999999 -999999 -999999 -999999 -999999 1428    -999999 524     402     735     797     1058    1255    1451    1556    1345    687     -999999 109     
271    1982 -999999 -999999 -999999 -999999 857     1493    -999999 328     504     595     889     1085    1425    1581    1465    1258    929     585     355     
271    1983 -999999 -999999 -999999 -999999 -999999 -999999 -999999 550     276     689     618     968     1338    1732    1696    1285    920     667     643     
271    1984 -999999 -999999 -999999 -999999 783     -999999 -999999 233     -999999 455     855     995     1411    1592    1626    1203    922     558     507     
271    1985 -999999 -999999 -999999 -999999 788     -999999 -999999 45      352     489     853     1030    1228    1440    1306    1350    -999999 364     553     
271    1986 -999999 -999999 -999999 -999999 705     -999999 -999999 339     84      552     572     1003    -999999 1445    1216    1124    -999999 685     514     
271    1987 -999999 -999999 -999999 -999999 -999999 1412    -999999 277     -999999 -999999 850     1029    1169    1559    1484    1214    800     -999999 497     
271    1988 -999999 -999999 -999999 -999999 -999999 1421    -999999 414     440     638     827     1048    1461    1389    1412    1195    929     548     765     
271    1989 -999999 -999999 -999999 -999999 811     -999999 -999999 674     535     628     631     1168    1378    1793    1449    -999999 1094    640     326     
271    1990 -999999 -999999 -999999 -999999 -999999 -999999 -999999 588     -999999 779     773     1182    1293    1575    -999999 1199    1057    618     399     
271    1991 -999999 -999999 -999999 -999999 878     1468    -999999 326     287     704     790     1124    1186    1610    1604    1336    922     621     610     
271    1992 -999999 -999999 -999999 -999999 -999999 1452    -999999 -999999 561     730     789     1212    1473    1508    1376    1145    728     680     368     
271    1993 -999999 -999999 -999999 -999999 -999999 -999999 -999999 543     -999999 637     900     1019    1367    1411    1378    1185    716     495     454     
271    1994 -999999 -999999 -999999 -999999 -999999 -999999 -999999 479     288     652     757     951     1270    1556    1389    1177    990     923     -999999 
271    1995 -999999 -999999 -999999 -999999 -999999 -999999 -999999 452     -999999 512     862     1006    1370    1672    1797    1312    -999999 780     326     
271    1996 -999999 -999999 -999999 -999999 -999999 1435    -999999 603     304     528     830     883     1353    1520    1426    1333    1068    537     360     
271    1997 -999999 -999999 -999999 -999999 939     1511    -999999 399     590     805     926     1098    1257    1558    1699    1293    1034    -999999 611     
271    1998 -999999 -999999 -999999 -999999 -999999 1423    -999999 469     -999999 775     731     1194    1300    1451    1509    1358    988     638     632     
271    1999 -999999 -999999 -999999 -999999 -999999 -999999 -999999 491     561     706     954     1181    1276    1637    1498    -999999 1054    -999999 419     
271    2000 -999999 -999999 -999999 -999999 -999999 1500    -999999 514     574     760     695     1117    1359    1541    1588    1399    -999999 623     461     
271    2001 -999999 -999999 -999999 -999999 -999999 1469    -999999 262     434     450     775     1204    1324    1531    1551    1334    1247    801     408     
271    2002 -999999 -999999 -999999 -999999 924     1441    1045    657     624     762     874     1131    1353    1426    1554    1373    903     856     514     
271    2003 -999999 -999999 -999999 -999999 931     -999999 -999999 427     471     722     968     1105    1409    1622    1625    1329    900     756     -999999 
271    2004 -999999 -999999 -999999 -999999 926     1532    -999999 509     455     682     916     1172    1480    1476    1636    1403    904     829     610     
271    2005 1028    -999999 1329    -999999 894     1540    1090    635     515     782     843     1056    1480    1589    1550    1447    1179    640     578     
271    2006 1045    663     1394    522     846     1630    1153    507     476     577     832     1128    1535    1801    1551    1504    1209    745     635     
271    2007 1061    752     1353    622     989     1486    1139    650     578     682     1125    1166    1449    1484    1524    1364    1174    878     631     
271    2008 977     750     1323    608     926     1502    950     595     597     620     838     1317    1375    1576    1550    1265    900     685     394     
271    2009 -999999 602     -999999 438     922     -999999 -999999 395     534     700     945     1122    1447    -999999 -999999 -999999 -999999 -999999 -999999 
