EUROPEAN CLIMATE ASSESSMENT & DATASET (ECA&D), file created on: 10-05-2011
THESE DATA CAN BE USED FREELY PROVIDED THAT THE FOLLOWING SOURCE IS ACKNOWLEDGED: 

Klein Tank, A.M.G. and Coauthors, 2002. Daily dataset of 20th-century surface
air temperature and precipitation series for the European Climate Assessment.
Int. J. of Climatol., 22, 1441-1453.
Data and metadata available at http://eca.knmi.nl

FILE FORMAT (MISSING VALUE CODE = -999999):

THIS FILE HOLDS DATA FOR STATION FINLAND                                  PORVOO JARNBOLE                          (STAID:    703)
LATITUDE: dd:mm:ss +60:25:48
LONGITUDE: ddd:mm:ss +025:40:12
ELEVATION: m   17

DATA IS FOR INDEX Mean of daily mean temperature (TG) with unit 0.01 Temperature (&#176;C)

01-06 SOUID: Source identifier
08-11 YEAR : YYYY
13-20 ANNUAL DATA VALUES
21-28 WINTER HALF YEAR DATA VALUES
29-36 SUMMER HALF YEAR DATA VALUES
37-44 WINTER (DJF) DATA VALUES
45-52 SPRING (MAM) DATA VALUES
53-60 SUMMER (JJA) DATA VALUES
61-68 AUTUMN (SON) DATA VALUES
69-76 JANUARY DATA VALUES
etc. 
157-164 DECEMBER DATA VALUES

703    1959 -999999 -999999 -999999 -999999 -999999 1565    464     -999999 -999999 -999999 -999999 905     1425    1664    1602    808     433     151     -563    
703    1960 375     -442    1169    -885    176     1631    385     -1051   -1051   -590    142     976     1598    1764    1530    977     291     -109    -34     
703    1961 536     -63     1086    -194    359     1506    642     -429    -113    9       161     900     1588    1544    1388    917     845     159     -575    
703    1962 326     -266    991     -538    59      1280    571     -435    -612    -995    363     818     1099    1436    1298    913     636     161     -820    
703    1963 311     -580    1200    -1073   108     1514    573     -1139   -1279   -1082   198     1211    1286    1639    1609    1226    514     -20     -538    
703    1964 401     -345    1085    -653    171     1470    520     -335    -1116   -613    282     848     1413    1535    1462    952     698     -95     -281    
703    1965 347     -235    1042    -520    120     1396    415     -390    -927    -475    276     564     1443    1356    1391    1214    492     -466    -406    
703    1966 262     -628    1055    -1166   160     1544    501     -1600   -1526   -345    -72     890     1545    1720    1368    855     468     180     -470    
703    1967 407     -312    1161    -867    432     1497    787     -1416   -698    40      306     945     1288    1567    1630    1209    838     313     -1196   
703    1968 344     -428    1127    -1199   327     1532    380     -1700   -667    -148    390     743     1565    1449    1583    1020    245     -121    -246    
703    1969 284     -509    1098    -770    88      1492    466     -1070   -1019   -883    315     841     1488    1527    1461    941     483     -27     -719    
703    1970 306     -515    1095    -1092   232     1534    395     -1187   -1400   -312    120     883     1490    1652    1460    942     371     -128    -347    
703    1971 402     -282    1081    -463    204     1472    367     -338    -731    -557    175     992     1305    1566    1538    878     385     -162    -314    
703    1972 487     -346    1197    -646    241     1695    487     -1052   -566    -376    203     893     1532    1901    1647    977     432     54      156     
703    1973 414     -56     1153    -197    354     1639    143     -231    -550    -243    332     973     1581    1891    1442    668     189     -429    -733    
703    1974 569     -252    1074    -374    219     1469    673     -329    -25     -170    189     639     1343    1613    1446    1199    591     232     68      
703    1975 584     54      1216    -166    482     1505    604     -162    -429    -19     337     1123    1253    1691    1564    1306    452     59      -242    
703    1976 274     -387    1033    -743    186     1404    321     -1128   -866    -613    184     988     1253    1529    1425    791     111     69      -493    
703    1977 375     -400    1052    -768    295     1430    500     -792    -1045   -297    201     978     1389    1481    1419    820     516     162     -433    
703    1978 273     -325    1063    -793    302     1429    470     -708    -1285   -281    223     962     1387    1520    1377    885     345     184     -1434   
703    1979 380     -531    1136    -1206   366     1532    464     -984    -1199   -140    166     1066    1497    1505    1594    960     333     104     -460    
703    1980 329     -451    1147    -814    144     1558    396     -1053   -937    -704    479     668     1591    1615    1467    1049    510     -374    -404    
703    1981 -999999 -374    -999999 -552    141     -999999 543     -504    -770    -739    141     1020    -999999 1662    1419    1012    628     -12     -687    
703    1982 418     -359    1065    -905    362     1401    584     -1268   -745    -93     259     917     1074    1600    1519    993     439     325     -84     
703    1983 487     -143    1222    -427    438     1498    498     -234    -1019   -354    524     1146    1309    1685    1495    1151    537     -195    -325    
703    1984 475     -300    1156    -523    352     1422    600     -513    -746    -585    432     1210    1330    1503    1431    1005    682     110     -212    
703    1985 217     -500    1079    -1175   221     1517    478     -1707   -1652   -313    92      878     1326    1565    1655    932     666     -170    -810    
703    1986 386     -434    1128    -1005   401     1565    541     -889    -1349   -130    285     1043    1586    1698    1411    719     569     335     -767    
703    1987 219     -568    1014    -1201   108     1353    515     -1984   -815    -744    207     865     1304    1485    1268    936     696     -94     -550    
703    1988 493     -157    1258    -412    326     1702    398     -265    -422    -321    174     1121    1683    1953    1469    1125    475     -408    -711    
703    1989 631     -89     1241    -268    589     1566    558     -75     10      171     563     1033    1564    1698    1436    1135    516     23      -537    
703    1990 584     -47     1167    -321    561     1513    424     -491    108     118     601     967     1374    1596    1563    877     523     -131    -130    
703    1991 535     -137    1127    -382    341     1554    621     -369    -675    -91     341     773     1300    1700    1655    968     591     305     -170    
703    1992 548     55      1187    -223    450     1544    352     -245    -256    94      210     1037    1491    1640    1501    1220    10      -162    -3      
703    1993 460     -122    1065    -167    507     1379    221     -208    -303    -83     352     1245    1191    1578    1361    630     355     -327    -348    
703    1994 448     -385    1189    -696    335     1579    475     -455    -1348   -275    527     760     1272    1893    1563    1095    466     -137    -123    
703    1995 529     -33     1205    -186    431     1618    518     -355    -70     15      345     929     1747    1558    1552    1084    766     -304    -953    
703    1996 413     -431    1103    -890    262     1503    629     -647    -1081   -405    292     900     1351    1476    1677    894     665     328     -553    
703    1997 513     -96     1216    -503    300     1750    435     -571    -372    -85     183     797     1596    1835    1814    1046    263     1       -408    
703    1998 468     -230    1149    -386    258     1491    437     -202    -567    -491    282     983     1474    1617    1381    1138    531     -362    -252    
703    1999 557     -281    1274    -566    370     1704    694     -664    -805    -190    583     725     1802    1833    1481    1210    661     212     -245    
703    2000 655     -19     1202    -302    506     1555    734     -357    -303    -91     618     995     1419    1702    1540    916     852     431     105     
703    2001 -999999 -999999 -999999 -999999 -999999 -999999 -999999 -999999 -999999 -999999 -999999 -999999 -999999 -999999 -999999 -999999 -999999 -999999 -999999 
703    2002 -999999 -999999 -999999 -999999 -999999 -999999 -999999 -999999 -999999 -999999 -999999 -999999 -999999 -999999 -999999 -999999 -999999 -999999 -999999 
703    2003 -999999 -999999 -999999 -999999 -999999 -999999 -999999 -999999 -999999 -999999 -999999 -999999 -999999 -999999 -999999 -999999 -999999 -999999 -999999 
703    2004 -999999 -999999 -999999 -999999 -999999 -999999 -999999 -999999 -999999 -999999 -999999 -999999 -999999 -999999 -999999 -999999 -999999 -999999 -999999 
703    2005 -999999 -999999 -999999 -999999 -999999 -999999 -999999 -999999 -999999 -999999 -999999 -999999 -999999 -999999 -999999 -999999 -999999 -999999 -999999 
703    2006 -999999 -999999 -999999 -999999 -999999 -999999 -999999 -999999 -999999 -999999 -999999 -999999 -999999 -999999 -999999 -999999 -999999 -999999 -999999 
703    2007 -999999 -999999 -999999 -999999 -999999 -999999 -999999 -999999 -999999 -999999 -999999 -999999 -999999 -999999 -999999 -999999 -999999 -999999 -999999 
703    2008 -999999 -999999 -999999 -999999 527     1549    683     -999999 22      -47     605     1024    1436    1694    1512    993     833     261     40      
703    2009 545     14      1267    -287    462     1575    619     -386    -538    -169    431     1125    1409    1706    1604    1309    335     223     -576    
703    2010 436     -413    1378    -929    457     1816    507     -1279   -933    -276    466     1181    1454    2209    1761    1166    501     -145    -935    
703    2011 -999999 -396    -999999 -874    -999999 -999999 -999999 -566    -1149   -149    547     -999999 -999999 -999999 -999999 -999999 -999999 -999999 -999999 
