EUROPEAN CLIMATE ASSESSMENT & DATASET (ECA&D), file created on: 10-05-2011
THESE DATA CAN BE USED FREELY PROVIDED THAT THE FOLLOWING SOURCE IS ACKNOWLEDGED: 

Klein Tank, A.M.G. and Coauthors, 2002. Daily dataset of 20th-century surface
air temperature and precipitation series for the European Climate Assessment.
Int. J. of Climatol., 22, 1441-1453.
Data and metadata available at http://eca.knmi.nl

FILE FORMAT (MISSING VALUE CODE = -999999):

THIS FILE HOLDS DATA FOR STATION FRANCE                                   ANGERS                                   (STAID:    743)
LATITUDE: dd:mm:ss +47:30:00
LONGITUDE: ddd:mm:ss -000:33:36
ELEVATION: m   58

DATA IS FOR INDEX Mean of daily mean temperature (TG) with unit 0.01 Temperature (&#176;C)

01-06 SOUID: Source identifier
08-11 YEAR : YYYY
13-20 ANNUAL DATA VALUES
21-28 WINTER HALF YEAR DATA VALUES
29-36 SUMMER HALF YEAR DATA VALUES
37-44 WINTER (DJF) DATA VALUES
45-52 SPRING (MAM) DATA VALUES
53-60 SUMMER (JJA) DATA VALUES
61-68 AUTUMN (SON) DATA VALUES
69-76 JANUARY DATA VALUES
etc. 
157-164 DECEMBER DATA VALUES

743    1958 1128    -999999 1524    -999999 968     1700    1211    521     760     603     904     1394    1544    1774    1778    1738    1191    705     604     
743    1959 1246    752     1675    546     1168    1890    1324    461     574     960     1090    1450    1684    2033    1946    1834    1325    811     735     
743    1960 1161    818     1547    602     1166    1749    1218    487     582     953     1036    1506    1808    1684    1758    1479    1214    961     446     
743    1961 1223    815     1635    600     1148    1780    1320    517     863     898     1247    1303    1648    1858    1830    1923    1297    740     543     
743    1962 1075    697     1515    551     891     1770    1179    600     507     479     1004    1194    1624    1813    1868    1578    1261    696     242     
743    1963 1012    497     1491    50      1038    1702    1250    -131    39      835     1018    1260    1631    1830    1642    1555    1189    1009    209     
743    1964 1110    639     1622    315     1061    1816    1183    164     589     683     1001    1496    1633    1917    1892    1780    1057    717     383     
743    1965 1090    630     1449    386     1044    1660    1137    500     263     825     949     1356    1639    1678    1662    1397    1277    732     732     
743    1966 1173    804     1562    691     1063    1727    1202    416     949     728     1166    1298    1737    1688    1755    1725    1299    579     728     
743    1967 1146    775     1539    644     1016    1812    1205    546     659     820     964     1262    1610    1995    1824    1561    1349    699     425     
743    1968 1128    719     1521    484     1017    1767    1240    546     480     800     1047    1205    1661    1818    1820    1565    1413    737     413     
743    1969 1182    738     1616    490     1069    1857    1320    674     371     785     1050    1372    1603    2013    1948    1694    1435    827     344     
743    1970 1154    721     1604    484     954     1871    1315    528     591     593     867     1401    1871    1837    1906    1732    1193    1025    279     
743    1971 1134    669     1612    427     1037    1810    1180    512     498     505     1155    1454    1538    2041    1842    1624    1255    657     481     
743    1972 1104    742     1444    531     1046    1690    1101    450     671     929     983     1225    1429    1873    1759    1378    1128    797     609     
743    1973 1130    672     1624    468     981     1902    1199    382     408     686     859     1393    1759    1880    2062    1773    1093    734     480     
743    1974 1185    763     1557    636     1050    1834    1087    764     669     831     1020    1298    1696    1869    1932    1512    856     901     834     
743    1975 1160    789     1606    775     960     1913    1164    750     738     656     989     1237    1677    1944    2110    1661    1083    750     294     
743    1976 1224    662     1746    480     1055    2129    1198    543     610     693     985     1485    2149    2132    2106    1603    1288    700     371     
743    1977 1161    756     1483    539     1042    1717    1237    453     821     906     916     1299    1544    1860    1740    1525    1381    799     657     
743    1978 1129    794     1482    561     1043    1673    1236    445     582     880     862     1381    1558    1757    1699    1620    1304    782     640     
743    1979 1111    695     1512    437     985     1740    1234    133     549     754     933     1266    1626    1868    1722    1647    1292    762     746     
743    1980 1085    753     1512    584     979     1709    1154    278     737     699     986     1252    1558    1684    1881    1699    1161    602     472     
743    1981 1172    711     1565    470     1140    1768    1257    555     376     1067    1044    1306    1596    1767    1936    1730    1217    826     586     
743    1982 1237    792     1655    638     1069    1894    1320    672     657     784     995     1426    1846    2026    1809    1818    1225    921     625     
743    1983 1197    784     1645    577     1002    2000    1227    692     397     812     953     1241    1823    2237    1935    1666    1219    796     529     
743    1984 1154    715     1549    542     934     1846    1283    607     486     639     1077    1091    1704    1914    1917    1582    1263    1006    543     
743    1985 1094    664     1582    346     1026    1763    1200    60      445     658     1096    1325    1585    1965    1732    1779    1273    546     615     
743    1986 1103    610     1494    376     939     1796    1263    584     -120    690     750     1370    1793    1870    1725    1443    1443    895     685     
743    1987 1121    666     1628    343     1023    1814    1310    -135    492     604     1235    1238    1600    1924    1910    1853    1292    784     627     
743    1988 1236    836     1617    699     1164    1797    1238    833     634     832     1163    1497    1735    1761    1893    1642    1372    696     744     
743    1989 1303    856     1728    656     1235    1989    1357    525     705     1076    902     1717    1827    2119    2015    1766    1491    811     624     
743    1990 1316    939     1717    780     1233    1958    1340    686     1059    974     1025    1693    1617    2062    2183    1695    1471    851     450     
743    1991 1175    762     1650    400     1130    1887    1275    513     220     1019    1040    1329    1533    1968    2148    1868    1172    789     422     
743    1992 1232    714     1684    469     1190    1949    1245    385     610     901     1029    1634    1775    2000    2066    1576    1061    1104    624     
743    1993 1182    822     1609    637     1156    1830    1032    822     446     849     1171    1449    1817    1792    1882    1534    1061    500     795     
743    1994 1316    810     1662    754     1152    1995    1335    723     742     1022    998     1431    1783    2171    2025    1544    1305    1156    846     
743    1995 1287    947     1698    806     1104    2036    1315    641     944     795     1061    1454    1710    2201    2188    1550    1599    788     479     
743    1996 1158    790     1598    519     1050    1889    1225    629     444     779     1121    1253    1827    1918    1919    1540    1337    795     307     
743    1997 1272    745     1697    432     1195    1955    1352    204     822     1015    1069    1498    1668    1947    2241    1740    1315    1002    714     
743    1998 1222    876     1639    668     1175    1838    1218    626     665     916     999     1603    1726    1822    1963    1707    1300    644     648     
743    1999 1289    825     1727    683     1226    1932    1288    759     637     939     1156    1582    1701    2110    1977    1819    1310    736     691     
743    2000 1272    816     1667    676     1139    1883    1319    515     832     813     1036    1564    1846    1799    2002    1743    1259    956     887     
743    2001 1251    915     1652    742     1208    1929    1290    643     692     1032    1011    1574    1774    1979    2030    1526    1606    727     368     
743    2002 1294    883     1617    666     1157    1856    1323    772     881     940     1122    1407    1790    1889    1886    1597    1344    1027    847     
743    2003 -999999 -999999 1826    -999999 1263    2175    1263    413     -999999 1097    1209    1481    2130    2054    2341    1728    1084    983     630     
743    2004 1243    788     1693    641     1081    1951    1353    664     628     738     1083    1422    1889    1917    2052    1812    1367    881     496     
743    2005 1267    788     1726    533     1146    1998    1405    667     425     862     1114    1460    1998    2063    1932    1780    1648    780     412     
743    2006 1309    753     1803    420     1137    2085    1513    438     407     799     1115    1497    1999    2394    1858    1952    1576    1010    622     
743    2007 1263    969     1667    790     1284    1820    1180    821     940     843     1475    1540    1814    1846    1800    1518    1236    784     524     
743    2008 1225    824     1626    687     1178    1861    1184    765     779     850     1047    1634    1750    1929    1900    1478    1179    894     477     
743    2009 1267    718     1730    452     1194    1967    1419    336     554     857     1155    1567    1834    1984    2077    1749    1379    1142    544     
743    2010 1189    792     1710    456     1144    2004    1241    291     543     839     1207    1387    1885    2173    1950    1646    1258    820     233     
743    2011 -999999 -999999 -999999 518     -999999 -999999 -999999 558     788     -999999 1453    -999999 -999999 -999999 -999999 -999999 -999999 -999999 -999999 
