EUROPEAN CLIMATE ASSESSMENT & DATASET (ECA&D), file created on: 10-05-2011
THESE DATA CAN BE USED FREELY PROVIDED THAT THE FOLLOWING SOURCE IS ACKNOWLEDGED: 

Klein Tank, A.M.G. and Coauthors, 2002. Daily dataset of 20th-century surface
air temperature and precipitation series for the European Climate Assessment.
Int. J. of Climatol., 22, 1441-1453.
Data and metadata available at http://eca.knmi.nl

FILE FORMAT (MISSING VALUE CODE = -999999):

THIS FILE HOLDS DATA FOR STATION ITALY                                    BOBBIO                                   (STAID:    855)
LATITUDE: dd:mm:ss +44:45:18
LONGITUDE: ddd:mm:ss +009:23:03
ELEVATION: m  270

DATA IS FOR INDEX Mean of daily mean temperature (TG) with unit 0.01 Temperature (&#176;C)

01-06 SOUID: Source identifier
08-11 YEAR : YYYY
13-20 ANNUAL DATA VALUES
21-28 WINTER HALF YEAR DATA VALUES
29-36 SUMMER HALF YEAR DATA VALUES
37-44 WINTER (DJF) DATA VALUES
45-52 SPRING (MAM) DATA VALUES
53-60 SUMMER (JJA) DATA VALUES
61-68 AUTUMN (SON) DATA VALUES
69-76 JANUARY DATA VALUES
etc. 
157-164 DECEMBER DATA VALUES

855    1961 1288    -999999 1890    -999999 1315    2109    1373    36      750     1029    1385    1534    1992    2111    2221    2094    1362    663     257     
855    1962 1117    551     1759    281     1022    2121    1100    260     331     414     1127    1527    1894    2110    2350    1524    1195    577     39      
855    1963 1114    360     1789    -86     1083    2091    1347    -230    -66     611     1169    1475    1903    2235    2128    1788    1276    979     29      
855    1964 1214    551     1892    133     1191    2185    1254    -23     411     641     1232    1701    2095    2276    2181    1853    1180    728     275     
855    1965 1166    522     1826    183     1217    2109    1141    129     143     666     1238    1747    2003    2189    2131    1628    1195    598     256     
855    1966 1209    582     1824    306     1194    2075    1254    -28     730     753     1259    1573    2017    2057    2149    1880    1424    453     225     
855    1967 1183    572     1774    175     1187    2108    1274    83      224     985     1007    1577    1806    2366    2143    1713    1424    681     123     
855    1968 989     516     1516    102     991     1743    1125    -24     214     667     1108    1203    1551    1925    1746    1554    1101    720     85      
855    1969 1157    458     1810    80      1148    2027    1383    93      60      660     1041    1740    1782    2119    2171    1988    1375    786     -9      
855    1970 1221    -999999 1837    174     1089    2154    1368    159     401     730     1095    1442    2039    2235    2185    2015    1204    890     151     
855    1971 1242    547     1879    222     1129    2212    1251    86      445     492     1321    1579    1905    2321    2399    1729    1322    700     516     
855    1972 1169    701     1694    415     1202    2034    1105    218     519     917     1145    1541    1914    2153    2032    1356    1192    762     221     
855    1973 1216    599     1825    306     1099    2157    1276    240     472     689     989     1615    2022    2207    2237    1860    1206    764     238     
855    1974 1264    700     1839    462     1159    2193    1084    496     671     820     1074    1581    1918    2321    2331    1782    873     604     648     
855    1975 1222    627     1797    522     1171    2034    1233    514     392     706     1260    1550    1844    2192    2061    1863    1190    649     386     
855    1976 1210    620     1794    425     1128    2122    1197    437     453     593     1165    1627    2128    2301    1938    1591    1265    732     270     
855    1977 1233    701     1735    360     1278    2022    1244    181     659     1098    1206    1528    1898    2182    1982    1598    1393    736     296     
855    1978 1136    648     1709    266     1120    1989    1166    286     211     925     954     1475    1876    2045    2042    1847    1100    554     250     
855    1979 1185    541     1783    223     1160    2129    1145    32      405     890     974     1610    2069    2220    2097    1708    1127    599     430     
855    1980 1088    550     1692    304     957     2020    1168    34      458     651     935     1283    1805    2048    2200    1865    1173    466     125     
855    1981 1152    497     1748    113     1181    2028    1242    36      185     964     1148    1431    1935    2009    2138    1816    1225    686     184     
855    1982 1229    539     1872    216     1094    2210    1298    201     268     646     1059    1575    2101    2357    2168    1957    1194    745     415     
855    1983 1227    652     1845    371     1184    2165    1237    530     147     832     1196    1525    1916    2454    2118    1843    1272    596     214     
855    1984 1127    515     1675    211     925     2046    1262    214     205     574     993     1211    1784    2264    2089    1713    1302    768     385     
855    1985 1210    520     1932    109     1190    2214    1271    -271    233     680     1306    1587    1927    2398    2308    2049    1376    386     467     
855    1986 1211    538     1854    246     1230    2110    1274    198     53      694     1132    1860    1957    2125    2243    1785    1325    711     365     
855    1987 1232    564     1899    270     1077    2174    1396    95      358     516     1252    1468    1903    2354    2256    2152    1270    770     349     
855    1988 1263    685     1864    404     1214    2170    1246    371     498     840     1182    1620    1898    2353    2250    1859    1474    399     369     
855    1989 1235    692     1796    415     1258    2103    1169    265     633     998     1112    1659    1882    2215    2207    1681    1250    573     295     
855    1990 1272    711     1849    450     1269    2166    1285    276     813     1064    1061    1675    1977    2307    2208    1842    1333    679     -2      
855    1991 1204    549     1872    91      1109    2276    1257    193     83      968     1024    1332    2001    2450    2369    2035    1128    610     176     
855    1992 1261    610     1847    328     1253    2138    1265    276     545     918     1165    1674    1836    2171    2399    1813    1124    863     326     
855    1993 1245    656     1845    384     1196    2185    1157    415     413     779     1130    1677    2091    2137    2325    1691    1241    536     444     
855    1994 1343    718     1913    422     1347    2305    1273    509     300     1229    1114    1691    1997    2433    2475    1738    1158    927     452     
855    1995 1221    680     1791    420     1177    2091    1220    173     656     721     1236    1577    1804    2370    2089    1645    1368    642     326     
855    1996 1169    570     1783    258     1167    2100    1171    222     224     618     1235    1650    2091    2127    2081    1495    1222    795     244     
855    1997 1298    727     1860    417     1284    2148    1317    332     703     1065    1105    1676    1971    2227    2242    1921    1315    715     262     
855    1998 1274    693     1898    418     1237    2265    1184    289     733     851     1232    1629    2091    2378    2324    1728    1295    526     216     
855    1999 1283    639     1912    349     1321    2188    1255    429     406     935     1235    1791    2008    2308    2242    1868    1304    592     210     
855    2000 1322    664     1904    357     1349    2165    1311    235     645     992     1249    1803    2102    2121    2270    1861    1317    755     494     
