EUROPEAN CLIMATE ASSESSMENT & DATASET (ECA&D), file created on: 10-05-2011
THESE DATA CAN BE USED FREELY PROVIDED THAT THE FOLLOWING SOURCE IS ACKNOWLEDGED: 

Klein Tank, A.M.G. and Coauthors, 2002. Daily dataset of 20th-century surface
air temperature and precipitation series for the European Climate Assessment.
Int. J. of Climatol., 22, 1441-1453.
Data and metadata available at http://eca.knmi.nl

FILE FORMAT (MISSING VALUE CODE = -999999):

THIS FILE HOLDS DATA FOR STATION RUSSIAN FEDERATION                       KOCUBEJ                                  (STAID:   1371)
LATITUDE: dd:mm:ss +44:24:00
LONGITUDE: ddd:mm:ss +046:36:00
ELEVATION: m  -21

DATA IS FOR INDEX Mean of daily mean temperature (TG) with unit 0.01 Temperature (&#176;C)

01-06 SOUID: Source identifier
08-11 YEAR : YYYY
13-20 ANNUAL DATA VALUES
21-28 WINTER HALF YEAR DATA VALUES
29-36 SUMMER HALF YEAR DATA VALUES
37-44 WINTER (DJF) DATA VALUES
45-52 SPRING (MAM) DATA VALUES
53-60 SUMMER (JJA) DATA VALUES
61-68 AUTUMN (SON) DATA VALUES
69-76 JANUARY DATA VALUES
etc. 
157-164 DECEMBER DATA VALUES

1371   1995 -999999 -999999 -999999 -999999 -999999 -999999 -999999 -999999 -999999 -999999 -999999 -999999 -999999 -999999 -999999 -999999 -999999 -999999 -68     
1371   1996 -999999 -999999 -999999 -999999 -999999 -999999 -999999 -999999 -999999 -999999 -999999 -999999 -999999 -999999 -999999 -999999 -999999 -999999 -999999 
1371   1997 -999999 -999999 -999999 -999999 -999999 -999999 -999999 -999999 -999999 -999999 -999999 -999999 -999999 -999999 -999999 -999999 -999999 -999999 -999999 
1371   1998 -999999 -999999 -999999 -999999 -999999 -999999 -999999 -999999 -999999 -999999 -999999 1894    -999999 2699    2650    1909    1300    -999999 278     
1371   1999 -999999 -999999 -999999 -999999 -999999 -999999 -999999 176     -999999 -999999 -999999 1555    2289    -999999 -999999 1949    -999999 -999999 410     
1371   2000 -999999 -999999 -999999 -999999 -999999 -999999 -999999 78      330     -999999 -999999 1640    2256    2761    2564    -999999 -999999 546     -999999 
1371   2001 -999999 -999999 -999999 -999999 -999999 2514    -999999 36      -999999 751     -999999 1809    2323    2683    2543    2016    1242    911     126     
1371   2002 -999999 -999999 -999999 -999999 -999999 -999999 -999999 -70     532     847     1045    1634    2149    2673    2460    2254    1480    863     -779    
1371   2003 -999999 -999999 -999999 -999999 995     2393    1367    51      -999999 209     940     1924    2182    2454    2523    1950    1465    635     225     
1371   2004 -999999 -999999 -999999 -999999 -999999 -999999 1405    246     353     667     1117    1789    2294    2479    2586    2032    1378    785     172     
1371   2005 -999999 -999999 -999999 -999999 1172    -999999 -999999 350     -135    380     1144    1964    2215    2716    2535    2103    1321    790     539     
1371   2006 -999999 -999999 -999999 -999999 1154    -999999 -999999 -548    -62     521     1174    1748    2529    2517    2797    2116    1462    642     220     
1371   2007 -999999 -999999 -999999 -999999 1145    2605    1383    362     51      508     1037    1913    2417    2605    2788    2175    1580    481     222     
1371   2008 -999999 -999999 -999999 -999999 -999999 2540    1396    -460    -64     933     1459    1779    2289    2629    2699    1990    1391    808     67      
1371   2009 -999999 -999999 -999999 48      1092    2467    1464    -153    258     559     878     1796    2469    2625    2301    1939    1626    793     412     
1371   2010 -999999 -999999 2260    -999999 1188    2743    -999999 -141    55      453     1122    1963    2598    2880    2747    2226    1219    -999999 648     
1371   2011 -999999 -999999 -999999 178     -999999 -999999 -999999 -4      -147    403     970     -999999 -999999 -999999 -999999 -999999 -999999 -999999 -999999 
