EUROPEAN CLIMATE ASSESSMENT & DATASET (ECA&D), file created on: 10-05-2011
THESE DATA CAN BE USED FREELY PROVIDED THAT THE FOLLOWING SOURCE IS ACKNOWLEDGED: 

Klein Tank, A.M.G. and Coauthors, 2002. Daily dataset of 20th-century surface
air temperature and precipitation series for the European Climate Assessment.
Int. J. of Climatol., 22, 1441-1453.
Data and metadata available at http://eca.knmi.nl

FILE FORMAT (MISSING VALUE CODE = -999999):

THIS FILE HOLDS DATA FOR STATION NORWAY                                   TAKLE                                    (STAID:   1049)
LATITUDE: dd:mm:ss +61:01:36
LONGITUDE: ddd:mm:ss +005:23:06
ELEVATION: m   38

DATA IS FOR INDEX Mean of daily mean temperature (TG) with unit 0.01 Temperature (&#176;C)

01-06 SOUID: Source identifier
08-11 YEAR : YYYY
13-20 ANNUAL DATA VALUES
21-28 WINTER HALF YEAR DATA VALUES
29-36 SUMMER HALF YEAR DATA VALUES
37-44 WINTER (DJF) DATA VALUES
45-52 SPRING (MAM) DATA VALUES
53-60 SUMMER (JJA) DATA VALUES
61-68 AUTUMN (SON) DATA VALUES
69-76 JANUARY DATA VALUES
etc. 
157-164 DECEMBER DATA VALUES

1049   1956 669     -999999 1048    -999999 527     1280    783     51      -123    278     421     878     1076    1493    1271    1148    697     508     323     
1049   1957 728     403     1044    272     596     1291    751     354     125     388     576     823     1083    1425    1359    983     792     477     303     
1049   1958 677     234     1084    78      335     1358    972     69      -162    -103    414     697     1271    1404    1396    1315    931     670     174     
1049   1959 774     405     1139    107     697     1377    848     -75     236     486     671     934     1196    1479    1451    1089    788     671     334     
1049   1960 731     367     1166    123     656     1403    787     2       26      371     574     1020    1268    1424    1511    1184    699     482     188     
1049   1961 763     372     1086    199     637     1276    950     45      382     442     556     910     1187    1348    1290    1215    1067    563     126     
1049   1962 639     359     990     189     424     1195    745     287     149     -52     482     843     1017    1347    1214    1024    880     325     118     
1049   1963 663     186     1118    -118    569     1382    783     -211    -275    237     569     902     1429    1287    1432    1082    806     459     182     
1049   1964 668     358     988     196     598     1157    711     255     148     288     579     928     1070    1192    1206    939     709     485     201     
1049   1965 649     286     1081    128     533     1265    740     55      129     131     583     886     1224    1322    1248    1212    885     117     -45     
1049   1966 613     151     1021    -117    450     1333    698     -102    -213    229     289     827     1434    1259    1310    994     742     356     168     
1049   1967 697     316     1031    152     535     1230    853     25      275     325     417     858     1069    1289    1327    1213    731     620     195     
1049   1968 663     294     1100    61      509     1344    733     26      -44     226     492     808     1287    1380    1363    1259    709     231     187     
1049   1969 671     189     1153    69      500     1449    692     252     -265    -22     555     969     1333    1322    1687    1032    870     170     77      
1049   1970 635     173     1055    -23     422     1363    707     3       -163    49      255     955     1413    1240    1438    1014    750     355     245     
1049   1971 709     339     1054    269     523     1271    681     256     310     113     495     959     1153    1327    1331    1043    715     282     489     
1049   1972 713     331     1063    220     634     1305    674     46      118     320     535     1045    1190    1475    1245    870     785     364     526     
1049   1973 676     458     1016    379     556     1288    597     417     174     450     346     865     1131    1522    1207    1008    530     254     156     
1049   1974 766     347     1094    324     658     1271    722     497     319     321     634     1017    1298    1203    1314    1089    610     470     385     
1049   1975 734     384     1049    331     483     1342    781     365     234     227     384     835     1094    1373    1551    1037    774     534     358     
1049   1976 649     305     1066    145     515     1355    702     -55     130     86      426     1030    1217    1488    1355    857     778     468     -21     
1049   1977 657     258     976     -30     513     1250    733     21      -95     369     306     858     1082    1317    1345    928     904     362     413     
1049   1978 651     329     1061    155     531     1352    748     199     -180    229     401     959     1317    1363    1374    936     789     517     -151    
1049   1979 566     168     959     -163    444     1217    658     -234    -98     169     473     692     1204    1195    1251    928     677     369     129     
1049   1980 681     213     1176    43      516     1479    639     -41     41      98      501     947     1435    1584    1416    1159    545     217     242     
1049   1981 611     208     1064    99      551     1232    734     39      8       180     399     1068    1129    1315    1246    1208    614     383     -290    
1049   1982 736     217     1087    -36     583     1379    811     -77     290     394     465     885     1326    1418    1392    1024    885     521     278     
1049   1983 708     398     1051    225     595     1255    728     344     33      296     532     955     1144    1357    1260    1045    702     437     340     
1049   1984 718     275     1089    137     569     1312    816     -58     129     97      556     1053    1251    1325    1359    975     822     651     433     
1049   1985 616     327     1047    85      561     1311    617     -142    -48     219     431     1030    1189    1401    1338    869     891     81      66      
1049   1986 624     156     988     -147    544     1293    725     -201    -323    372     355     899     1338    1272    1270    777     794     601     257     
1049   1987 656     263     1026    36      494     1259    789     -231    89      62      614     809     1080    1410    1282    948     958     455     353     
1049   1988 749     411     1134    314     510     1404    771     343     242     108     360     1057    1331    1492    1387    1162    751     401     332     
1049   1989 779     477     1071    429     631     1287    786     565     386     415     608     868     1258    1354    1248    1083    762     514     263     
1049   1990 813     497     1109    403     685     1367    757     428     530     488     546     1016    1377    1345    1381    976     849     441     357     
1049   1991 753     408     1092    225     623     1367    769     286     10      465     612     792     1036    1611    1444    1041    743     526     408     
1049   1992 763     462     1131    388     632     1363    674     430     323     334     490     1066    1493    1346    1254    1124    499     404     376     
1049   1993 670     354     1021    311     655     1167    637     291     261     286     616     1062    1108    1192    1198    941     690     279     88      
1049   1994 689     209     1071    19      544     1317    765     126     -177    212     536     884     970     1564    1406    1042    658     598     374     
1049   1995 702     389     1070    271     498     1339    824     228     203     260     406     826     1246    1388    1381    1158    959     350     -14     
1049   1996 648     262     1066    28      499     1331    693     130     -37     165     572     761     1140    1193    1654    1061    882     130     88      
1049   1997 776     325     1190    199     528     1589    702     232     284     326     394     859     1437    1654    1673    1104    543     465     305     
1049   1998 711     353     1077    314     537     1250    717     277     365     166     537     907     1175    1303    1270    1262    619     272     355     
1049   1999 773     333     1161    241     621     1349    950     206     154     374     618     870     1252    1373    1419    1431    789     636     122     
1049   2000 796     388     1112    221     624     1282    965     310     232     236     612     1025    1117    1426    1299    1180    1036    677     376     
1049   2001 693     396     1090    185     500     1336    836     242     -91     95      469     936     1160    1470    1371    1115    954     435     101     
1049   2002 801     395     1305    225     710     1581    677     325     251     289     720     1121    1467    1466    1807    1231    527     278     86      
1049   2003 795     279     1217    147     656     1528    752     207     148     416     681     873     1367    1685    1526    1154    485     627     333     
1049   2004 782     361     1171    220     690     1395    793     131     193     398     724     951     1213    1360    1606    1162    800     416     409     
1049   2005 761     395     1104    302     564     1339    875     313     170     240     653     803     1125    1563    1322    1146    951     528     283     
1049   2006 842     367     1240    256     474     1529    985     265     217     -33     472     984     1230    1664    1685    1384    930     642     614     
1049   2007 762     528     1121    356     663     1433    695     291     143     516     599     873     1510    1467    1325    940     807     334     287     
1049   2008 809     397     1223    332     653     1476    771     322     391     241     620     1096    1293    1664    1465    1184    718     414     284     
1049   2009 783     356     1218    208     712     1458    795     283     41      370     778     989     1290    1622    1456    1162    644     586     122     
1049   2010 585     197     1103    -109    530     1389    631     -247    -213    266     539     786     1190    1501    1469    1115    741     32      -224    
1049   2011 -999999 169     -999999 -12     -999999 -999999 -999999 179     13      255     771     -999999 -999999 -999999 -999999 -999999 -999999 -999999 -999999 
