EUROPEAN CLIMATE ASSESSMENT & DATASET (ECA&D), file created on: 10-05-2011
THESE DATA CAN BE USED FREELY PROVIDED THAT THE FOLLOWING SOURCE IS ACKNOWLEDGED: 

Klein Tank, A.M.G. and Coauthors, 2002. Daily dataset of 20th-century surface
air temperature and precipitation series for the European Climate Assessment.
Int. J. of Climatol., 22, 1441-1453.
Data and metadata available at http://eca.knmi.nl

FILE FORMAT (MISSING VALUE CODE = -999999):

THIS FILE HOLDS DATA FOR STATION ESTONIA                                  TARTU                                    (STAID:    321)
LATITUDE: dd:mm:ss +58:18:00
LONGITUDE: ddd:mm:ss +026:43:59
ELEVATION: m   59

DATA IS FOR INDEX Mean of daily mean temperature (TG) with unit 0.01 Temperature (&#176;C)

01-06 SOUID: Source identifier
08-11 YEAR : YYYY
13-20 ANNUAL DATA VALUES
21-28 WINTER HALF YEAR DATA VALUES
29-36 SUMMER HALF YEAR DATA VALUES
37-44 WINTER (DJF) DATA VALUES
45-52 SPRING (MAM) DATA VALUES
53-60 SUMMER (JJA) DATA VALUES
61-68 AUTUMN (SON) DATA VALUES
69-76 JANUARY DATA VALUES
etc. 
157-164 DECEMBER DATA VALUES

321    1901 531     -999999 1373    -999999 342     1834    613     -442    -913    -440    419     1049    1792    1955    1756    1246    807     -222    -738    
321    1902 317     -277    1025    -652    184     1416    355     -548    -671    -325    -14     909     1386    1485    1375    982     343     -259    -914    
321    1903 618     -204    1297    -523    660     1586    529     -456    -150    215     626     1139    1678    1641    1443    1245    248     105     -376    
321    1904 407     -250    1065    -447    232     1363    493     -345    -632    -511    415     798     1232    1437    1417    1074    564     -161    -436    
321    1905 534     -217    1253    -561    469     1661    500     -869    -358    -52     273     1181    1739    1701    1546    1053    393     58      -311    
321    1906 601     -150    1350    -349    663     1605    528     -397    -338    -315    655     1648    1548    1842    1424    954     489     144     -501    
321    1907 389     -279    1144    -717    340     1539    605     -999    -646    -183    311     889     1532    1738    1346    1031    916     -141    -1190   
321    1908 446     -297    1163    -740    319     1548    384     -585    -424    -358    462     857     1398    1690    1550    1004    520     -378    -411    
321    1909 451     -347    1115    -648    157     1540    655     -512    -1061   -308    124     654     1529    1562    1529    1279    919     -243    -177    
321    1910 615     7       1284    -251    671     1532    478     -386    -184    88      676     1250    1518    1688    1390    1165    459     -191    -148    
321    1911 465     -262    1170    -544    409     1479    565     -506    -1025   -233    323     1135    1290    1482    1660    1104    438     157     -358    
321    1912 419     -305    1174    -839    376     1685    326     -1136   -1037   74      194     855     1611    1723    1720    914     166     -95     -20     
321    1913 573     -186    1286    -409    540     1647    617     -731    -487    17      726     883     1356    1847    1729    1156    462     239     -423    
321    1914 557     -146    1274    -480    483     1674    389     -845    -137    -155    476     1126    1557    2093    1369    996     296     -122    -21     
321    1915 315     -332    1145    -462    153     1514    363     -749    -632    -787    375     876     1263    1770    1501    1059    296     -264    -984    
321    1916 500     -358    1170    -617    395     1532    474     -415    -442    -344    619     916     1383    1858    1350    873     313     242     -373    
321    1917 376     -524    1247    -878    11      1727    671     -1014   -1287   -1077   306     813     1830    1546    1810    1163    727     120     -518    
321    1918 516     -205    1189    -603    414     1492    709     -760    -524    -293    717     829     1251    1781    1435    1105    836     181     -432    
321    1919 427     -177    1248    -532    299     1602    421     -507    -673    -506    348     1056    1518    1866    1420    1261    543     -579    -734    
321    1920 640     -270    1434    -614    817     1701    565     -829    -258    214     891     1348    1418    1948    1726    1251    361     89      -506    
321    1921 514     -191    1301    -632    834     1514    332     -575    -834    265     883     1356    1460    1503    1577    1006    453     -467    -568    
321    1922 428     -433    1224    -757    354     1601    441     -962    -738    -344    301     1104    1491    1749    1559    1116    298     -85     -431    
321    1923 457     -306    1094    -600    278     1408    722     -264    -1159   -272    160     943     1138    1706    1372    1220    683     248     -419    
321    1924 516     -290    1261    -753    289     1643    781     -1039   -805    -403    126     1138    1515    1708    1702    1354    777     212     -146    
321    1925 584     82      1309    -46     525     1600    407     7       5       -365    683     1261    1326    1928    1535    1096    379     -254    -638    
321    1926 435     -432    1230    -804    383     1603    552     -1056   -709    -336    307     1177    1596    1746    1467    1063    258     345     -696    
321    1927 466     -225    1254    -689    382     1766    433     -782    -580    86      334     723     1391    2095    1800    1152    387     -238    -855    
321    1928 498     -357    1124    -664    388     1374    713     -574    -557    -316    403     1077    1133    1468    1514    1126    603     414     -350    
321    1929 455     -336    1162    -918    321     1525    713     -946    -1515   -314    -46     1310    1328    1631    1611    1103    734     302     103     
321    1930 619     78      1296    -178    621     1645    586     -62     -618    -52     669     1245    1520    1743    1668    902     662     191     -529    
321    1931 434     -305    1222    -696    334     1598    453     -679    -898    -617    296     1322    1288    1845    1650    890     492     -24     -466    
321    1932 601     -281    1357    -520    384     1711    624     -150    -972    -599    477     1278    1364    2013    1744    1236    547     90      113     
321    1933 444     -129    1218    -434    380     1620    478     -807    -625    -134    371     901     1536    1835    1486    1162    566     -295    -735    
321    1934 713     -182    1419    -439    643     1666    892     -262    -308    -73     693     1310    1432    1870    1689    1510    844     323     -500    
321    1935 555     -106    1211    -583    394     1621    672     -875    -351    -86     477     795     1636    1562    1664    1121    851     39      -224    
321    1936 649     -57     1376    -445    583     1831    529     -246    -895    82      482     1182    1860    2001    1632    1075    295     224     35      
321    1937 632     -154    1491    -441    655     1816    746     -816    -553    -136    743     1362    1800    1768    1879    1376    685     179     -769    
321    1938 705     -50     1389    -465    556     1792    865     -394    -206    200     395     1067    1445    2001    1920    1480    742     377     -631    
321    1939 587     -45     1320    -415    392     1848    447     -548    -27     -168    380     965     1592    1870    2073    1009    224     116     -476    
321    1940 356     -610    1254    -1103   275     1632    598     -1403   -1453   -697    260     1261    1535    1828    1528    1085    505     206     -447    
321    1941 254     -399    1137    -891    108     1688    231     -1380   -842    -461    57      728     1280    2105    1667    950     182     -438    -879    
321    1942 312     -824    1195    -1242   103     1552    602     -1624   -1220   -991    339     967     1300    1625    1722    1193    755     -146    -283    
321    1943 661     -89     1307    -442    621     1629    723     -927    -80     148     652     1065    1598    1667    1620    1224    849     90      -20     
321    1944 -999999 17      -999999 -221    350     -999999 -999999 -222    -434    -190    254     982     1372    1847    -999999 -999999 644     99      -239    
321    1945 497     -999999 1270    -407    358     1739    440     -649    -327    -342    497     901     1458    1959    1792    987     391     -56     -727    
321    1946 517     -323    1335    -656    430     1702    466     -502    -748    -327    566     1056    1600    1853    1650    1267    287     -151    -433    
321    1947 469     -495    1365    -872    357     1736    591     -890    -1338   -517    465     1126    1716    1782    1710    1373    479     -75     -330    
321    1948 616     -224    1369    -557    641     1657    630     -543    -814    -95     655     1364    1654    1704    1613    1203    580     108     -92     
321    1949 713     22      1344    -143    597     1548    799     -176    -161    -144    561     1371    1432    1700    1507    1471    743     186     2       
321    1950 497     -178    1260    -636    580     1484    615     -1460   -431    -123    804     1066    1411    1533    1507    1230    586     29      -228    
321    1951 -999999 -296    -999999 -608    -999999 1563    535     -914    -690    -589    596     -999999 1423    1572    1689    1191    514     -100    -9      
321    1952 -999999 -999999 1147    -999999 136     1487    407     -237    -999999 -1042   631     834     1347    1590    1521    943     381     -103    -375    
321    1953 524     -325    1280    -696    490     1642    633     -745    -998    -169    624     1019    1632    1740    1553    1097    768     29      -369    
321    1954 473     -310    1246    -888    465     1610    586     -964    -1378   -39     248     1180    1545    1708    1575    1194    615     -51     -105    
321    1955 384     -234    1126    -470    45      1544    685     -578    -755    -576    -72     780     1225    1682    1716    1399    727     -72     -944    
321    1956 317     -501    1072    -1033   117     1510    399     -732    -1439   -600    13      935     1711    1496    1330    931     528     -264    -217    
321    1957 549     -168    1176    -238    297     1522    601     -236    -264    -568    420     1042    1328    1707    1524    1013    653     135     -225    
321    1958 398     -288    1108    -573    131     1451    672     -730    -786    -810    152     1052    1320    1577    1451    1069    714     232     -543    
321    1959 565     -21     1247    -403    531     1700    457     -382    -272    111     549     935     1536    1845    1715    880     486     3       -682    
321    1960 443     -437    1211    -850    261     1633    438     -961    -910    -576    283     1078    1587    1785    1527    984     317     16      130     
321    1961 628     46      1212    -69     553     1567    650     -308    -26     139     493     1026    1656    1585    1463    1036    785     123     -472    
321    1962 449     -202    1119    -433    237     1364    632     -288    -550    -833    604     953     1184    1505    1397    1055    687     151     -540    
321    1963 367     -523    1309    -1020   252     1613    646     -1333   -1205   -941    294     1403    1330    1770    1731    1295    671     -28     -685    
321    1964 478     -328    1208    -670    280     1555    603     -373    -972    -612    429     1029    1600    1599    1466    1112    702     -8      -288    
321    1965 397     -211    1127    -545    243     1446    438     -484    -898    -349    388     695     1447    1413    1478    1334    533     -554    -335    
321    1966 394     -466    1191    -912    440     1591    538     -1344   -1074   -85     209     1188    1627    1702    1446    950     640     21      -662    
321    1967 512     -278    1246    -839    598     1512    820     -1290   -534    143     427     1218    1334    1633    1563    1277    926     254     -871    
321    1968 425     -299    1207    -976    450     1568    454     -1433   -601    -68     514     905     1565    1449    1690    1103    323     -58     -310    
321    1969 329     -495    1188    -833    212     1540    568     -1269   -929    -756    440     959     1440    1683    1495    1093    566     45      -885    
321    1970 387     -469    1209    -1087   431     1560    487     -1272   -1106   -210    432     1070    1493    1665    1519    1057    416     -10     -513    
321    1971 529     -212    1223    -411    359     1588    457     -215    -515    -456    402     1133    1427    1646    1685    1017    506     -152    -216    
321    1972 548     -275    1295    -615    403     1781    505     -1229   -385    -174    353     1028    1647    1947    1743    1023    434     61      94      
321    1973 492     -49     1206    -258    484     1641    301     -469    -415    -30     455     1026    1597    1829    1496    807     283     -188    -556    
321    1974 609     -153    1146    -345    350     1520    705     -424    -25     3       296     749     1425    1620    1513    1255    648     215     -10     
321    1975 663     100     1320    -142    649     1575    597     -82     -355    146     533     1265    1374    1722    1623    1381    549     -137    -142    
321    1976 349     -305    1104    -619    316     1448    342     -874    -857    -402    340     1010    1248    1631    1460    912     45      79      -446    
321    1977 473     -327    1171    -650    473     1498    588     -728    -791    -154    420     1150    1495    1546    1454    937     557     272     -561    
321    1978 360     -240    1108    -751    412     1478    566     -663    -1058   -51     305     979     1404    1517    1509    910     429     364     -1413   
321    1979 482     -442    1237    -1136   502     1588    557     -996    -983    -79     324     1255    1642    1485    1640    1053    503     118     -278    
321    1980 410     -363    1202    -705    204     1590    527     -937    -915    -690    554     761     1650    1619    1504    1116    613     -151    -244    
321    1981 516     -200    1234    -412    341     1599    635     -438    -567    -446    247     1218    1536    1732    1527    1119    739     42      -591    
321    1982 558     -214    1206    -702    517     1520    692     -877    -630    0       444     1103    1242    1692    1617    1113    593     373     -62     
321    1983 628     -35     1361    -304    587     1614    662     -84     -815    -278    702     1342    1435    1730    1670    1265    718     2       -263    
321    1984 569     -157    1306    -440    576     1552    619     -367    -706    -358    711     1381    1426    1614    1611    1071    832     -54     -389    
321    1985 374     -430    1207    -1075   412     1586    585     -1286   -1601   -185    303     1115    1407    1589    1755    1045    825     -123    -509    
321    1986 508     -244    1249    -746    590     1639    589     -562    -1214   27      511     1228    1657    1743    1516    812     621     333     -701    
321    1987 338     -444    1121    -983    222     1446    525     -1702   -498    -699    328     1040    1428    1541    1367    1004    595     -26     -354    
321    1988 572     -123    1362    -391    519     1752    455     -428    -389    -151    361     1341    1752    1968    1536    1187    549     -374    -529    
321    1989 726     19      1349    -125    739     1628    603     52      125     286     731     1200    1619    1736    1528    1264    578     -31     -417    
321    1990 655     56      1204    -157    676     1499    526     -253    235     236     761     1034    1373    1549    1571    916     598     60      -243    
321    1991 633     -58     1236    -343    482     1613    714     -262    -544    -3      550     899     1395    1725    1713    1112    684     347     -105    
321    1992 645     144     1308    -136    596     1671    422     -138    -169    229     383     1170    1541    1763    1704    1264    195     -187    -54     
321    1993 505     -90     1166    -155    616     1453    152     -153    -270    -94     562     1379    1261    1626    1465    672     436     -660    -249    
321    1994 540     -353    1297    -580    481     1637    583     -296    -1262   -185    720     915     1374    1910    1618    1224    529     -4      -205    
321    1995 636     6       1318    -205    582     1707    618     -435    49      107     534     1105    1852    1651    1625    1126    839     -116    -731    
321    1996 447     -400    1223    -900    408     1574    651     -811    -1176   -447    528     1146    1432    1541    1745    920     691     340     -605    
321    1997 583     -32     1256    -411    399     1738    529     -397    -211    -14     324     883     1573    1810    1825    1094    415     83      -443    
321    1998 548     -109    1270    -311    510     1560    388     -119    -379    -235    601     1166    1624    1628    1431    1154    598     -596    -370    
321    1999 672     -227    1398    -478    560     1797    704     -438    -643    35      860     796     1916    1914    1565    1333    677     103     -131    
321    2000 720     43      1295    -174    684     1569    741     -307    -76     -10     951     1120    1445    1669    1588    981     868     371     19      
321    2001 618     60      1396    -219    553     1749    670     -181    -524    -239    810     1095    1440    2108    1688    1212    810     -17     -864    
321    2002 636     -28     1434    -399    728     1811    397     -297    1       201     650     1330    1619    1958    1848    1169    134     -102    -920    
321    2003 594     -370    1296    -751    530     1640    627     -723    -596    -24     381     1228    1340    1987    1584    1224    424     240     -22     
321    2004 615     -87     1320    -406    573     1643    634     -779    -419    25      629     1066    1411    1729    1783    1284    646     -30     1       
321    2005 -999999 -132    1337    -283    363     1674    823     -155    -738    -586    544     1107    1469    1845    1705    1344    816     289     -379    
321    2006 -999999 -999999 -999999 -630    443     1799    910     -628    -911    -408    632     1140    1701    1915    1776    1520    902     287     350     
321    2007 -999999 -999999 -999999 -999999 832     1769    700     -161    -962    521     667     1283    1649    1766    1893    1223    775     39      77      
321    2008 -999999 -999999 -999999 -999999 -999999 1632    743     -103    114     116     778     1094    1498    1692    1708    1052    901     280     -76     
321    2009 -999999 -999999 -999999 -281    617     1646    721     -346    -446    -79     689     1225    1494    1797    1637    1404    492     273     -455    
321    2010 571     -301    1524    -853    682     1934    610     -1373   -716    -50     729     1369    1554    2298    1937    1222    512     98      -806    
321    2011 -999999 -278    -999999 -749    -999999 -999999 -999999 -454    -1014   -62     733     -999999 -999999 -999999 -999999 -999999 -999999 -999999 -999999 
