EUROPEAN CLIMATE ASSESSMENT & DATASET (ECA&D), file created on: 10-05-2011
THESE DATA CAN BE USED FREELY PROVIDED THAT THE FOLLOWING SOURCE IS ACKNOWLEDGED: 

Klein Tank, A.M.G. and Coauthors, 2002. Daily dataset of 20th-century surface
air temperature and precipitation series for the European Climate Assessment.
Int. J. of Climatol., 22, 1441-1453.
Data and metadata available at http://eca.knmi.nl

FILE FORMAT (MISSING VALUE CODE = -999999):

THIS FILE HOLDS DATA FOR STATION UKRAINE                                  SUMY;AMSG                                (STAID:   1464)
LATITUDE: dd:mm:ss +50:52:48
LONGITUDE: ddd:mm:ss +034:46:48
ELEVATION: m  177

DATA IS FOR INDEX Mean of daily mean temperature (TG) with unit 0.01 Temperature (&#176;C)

01-06 SOUID: Source identifier
08-11 YEAR : YYYY
13-20 ANNUAL DATA VALUES
21-28 WINTER HALF YEAR DATA VALUES
29-36 SUMMER HALF YEAR DATA VALUES
37-44 WINTER (DJF) DATA VALUES
45-52 SPRING (MAM) DATA VALUES
53-60 SUMMER (JJA) DATA VALUES
61-68 AUTUMN (SON) DATA VALUES
69-76 JANUARY DATA VALUES
etc. 
157-164 DECEMBER DATA VALUES

1464   1995 -999999 -999999 -999999 -999999 874     1955    678     -557    -18     267     885     1472    2004    2006    1860    1382    783     -107    -739    
1464   1996 -999999 -999999 -999999 -999999 749     1863    786     -1037   -873    -404    799     1771    1797    1933    1859    1146    723     481     -565    
1464   1997 -999999 -999999 -999999 -575    652     1877    -999999 -726    -425    19      501     1453    1861    1929    1838    1064    599     221     -644    
1464   1998 -999999 -999999 -999999 -457    781     1977    560     -415    -296    -35     852     1475    2060    2073    1800    1358    742     -461    -748    
1464   1999 -999999 -999999 -999999 -999999 822     2104    660     -321    -360    241     1135    1100    2145    2311    1862    1402    816     -232    -147    
1464   2000 -999999 -999999 -999999 -348    877     1858    -999999 -664    -213    48      1290    1322    1676    1925    1966    1200    890     156     -4      
1464   2001 -999999 -999999 -999999 -180    803     2032    750     -188    -368    126     1042    1270    1640    2408    2036    1345    738     147     -908    
1464   2002 -999999 -999999 1649    -430    934     2018    756     -488    179     452     912     1455    1793    2301    1963    1461    620     173     -1061   
1464   2003 -999999 -999999 -999999 -864    681     1864    727     -603    -951    -316    568     1784    1683    2048    1851    1295    680     205     -265    
1464   2004 -999999 -999999 -999999 -369    768     1871    772     -404    -442    291     781     1232    1641    1943    2024    1398    801     117     -156    
1464   2005 805     -999999 1670    -311    734     1917    860     -139    -673    -433    978     1730    1722    1997    2024    1549    819     214     -208    
1464   2006 716     -202    1579    -704    673     1939    828     -930    -985    -185    817     1392    1880    1930    2002    1442    881     159     61      
1464   2007 -999999 -999999 -999999 -168    970     2083    761     -6      -595    469     721     1737    1947    2068    2234    1412    905     -40     -166    
1464   2008 866     84      1598    -278    953     1946    858     -511    -144    432     1097    1335    1743    2045    2043    1303    1002    264     -255    
1464   2009 817     48      1633    -363    788     1950    943     -528    -300    80      877     1414    2021    2087    1745    1616    825     392     -481    
1464   2010 878     -156    1881    -691    853     2376    890     -1115   -454    -117    950     1728    2170    2510    2441    1451    543     686     -364    
1464   2011 -999999 -145    -999999 -653    -999999 -999999 -999999 -685    -927    -179    830     -999999 -999999 -999999 -999999 -999999 -999999 -999999 -999999 
