EUROPEAN CLIMATE ASSESSMENT & DATASET (ECA&D), file created on: 10-05-2011
THESE DATA CAN BE USED FREELY PROVIDED THAT THE FOLLOWING SOURCE IS ACKNOWLEDGED: 

Klein Tank, A.M.G. and Coauthors, 2002. Daily dataset of 20th-century surface
air temperature and precipitation series for the European Climate Assessment.
Int. J. of Climatol., 22, 1441-1453.
Data and metadata available at http://eca.knmi.nl

FILE FORMAT (MISSING VALUE CODE = -999999):

THIS FILE HOLDS DATA FOR STATION RUSSIAN FEDERATION                       TIKHORETSK                               (STAID:   1339)
LATITUDE: dd:mm:ss +45:51:00
LONGITUDE: ddd:mm:ss +040:04:48
ELEVATION: m   77

DATA IS FOR INDEX Mean of daily mean temperature (TG) with unit 0.01 Temperature (&#176;C)

01-06 SOUID: Source identifier
08-11 YEAR : YYYY
13-20 ANNUAL DATA VALUES
21-28 WINTER HALF YEAR DATA VALUES
29-36 SUMMER HALF YEAR DATA VALUES
37-44 WINTER (DJF) DATA VALUES
45-52 SPRING (MAM) DATA VALUES
53-60 SUMMER (JJA) DATA VALUES
61-68 AUTUMN (SON) DATA VALUES
69-76 JANUARY DATA VALUES
etc. 
157-164 DECEMBER DATA VALUES

1339   1995 -999999 -999999 -999999 -999999 -999999 -999999 -999999 -104    427     675     1212    -999999 2271    2305    2205    1818    1104    -999999 -999999 
1339   1996 -999999 -999999 -999999 -999999 -999999 -999999 -999999 -999999 -12     188     1038    1993    -999999 2614    2217    1640    -999999 850     200     
1339   1997 -999999 -999999 -999999 -999999 -999999 -999999 -999999 -999999 -999999 313     -999999 1926    2175    2275    -999999 -999999 1172    -999999 -999999 
1339   1998 -999999 -999999 -999999 -999999 -999999 -999999 -999999 -999999 -999999 471     1374    1803    -999999 2533    -999999 1912    1291    -999999 -999999 
1339   1999 -999999 -999999 -999999 -999999 1156    -999999 -999999 75      352     802     1268    1382    2396    2616    2370    1817    1220    134     435     
1339   2000 -999999 -999999 -999999 -999999 -999999 2288    -999999 -171    -999999 463     -999999 1539    2003    2506    2332    1751    1041    -999999 149     
1339   2001 -999999 -999999 -999999 -999999 -999999 -999999 -999999 73      91      723     1274    1495    -999999 2727    2464    1916    982     650     -250    
1339   2002 -999999 -999999 -999999 -999999 -999999 -999999 -999999 -403    559     -999999 1098    1640    2055    2650    2159    2018    1202    690     -525    
1339   2003 -999999 -999999 -999999 -999999 1103    2183    -999999 54      -402    272     934     2015    1963    2258    2315    1671    1228    521     176     
1339   2004 -999999 -999999 -999999 -999999 -999999 -999999 -999999 314     237     669     1064    1674    1866    2189    2328    1895    1238    709     158     
1339   2005 -999999 -999999 -999999 -999999 1071    -999999 1244    321     -74     146     1184    1923    2020    2420    2487    2021    1187    554     449     
1339   2006 -999999 -999999 -999999 -999999 -999999 -999999 -999999 -794    -311    619     1206    1626    2272    2232    2810    1928    1385    639     159     
1339   2007 -999999 -999999 -999999 -999999 1190    2536    -999999 484     8       549     1013    1970    2308    2593    2699    2063    1464    383     11      
1339   2008 -999999 -999999 -999999 -999999 1322    2323    1274    -487    64      959     1369    1620    1994    2426    2556    1808    1276    738     -48     
1339   2009 -999999 -999999 -999999 -999999 -999999 2358    1347    -238    415     544     931     1551    2374    2583    2131    1850    1511    695     254     
1339   2010 -999999 -999999 -999999 -999999 -999999 2646    -999999 -240    112     481     1150    1828    2462    2702    2777    -999999 1046    1105    552     
1339   2011 -999999 -999999 -999999 -999999 -999999 -999999 -999999 -237    -410    257     936     -999999 -999999 -999999 -999999 -999999 -999999 -999999 -999999 
