EUROPEAN CLIMATE ASSESSMENT & DATASET (ECA&D), file created on: 10-05-2011
THESE DATA CAN BE USED FREELY PROVIDED THAT THE FOLLOWING SOURCE IS ACKNOWLEDGED: 

Klein Tank, A.M.G. and Coauthors, 2002. Daily dataset of 20th-century surface
air temperature and precipitation series for the European Climate Assessment.
Int. J. of Climatol., 22, 1441-1453.
Data and metadata available at http://eca.knmi.nl

FILE FORMAT (MISSING VALUE CODE = -999999):

THIS FILE HOLDS DATA FOR STATION FRANCE                                   MARIGNANE AEROPORT MARSEILLE MARIGNANE   (STAID:     39)
LATITUDE: dd:mm:ss +43:26:30
LONGITUDE: ddd:mm:ss +005:13:36
ELEVATION: m    5

DATA IS FOR INDEX Mean of daily mean temperature (TG) with unit 0.01 Temperature (&#176;C)

01-06 SOUID: Source identifier
08-11 YEAR : YYYY
13-20 ANNUAL DATA VALUES
21-28 WINTER HALF YEAR DATA VALUES
29-36 SUMMER HALF YEAR DATA VALUES
37-44 WINTER (DJF) DATA VALUES
45-52 SPRING (MAM) DATA VALUES
53-60 SUMMER (JJA) DATA VALUES
61-68 AUTUMN (SON) DATA VALUES
69-76 JANUARY DATA VALUES
etc. 
157-164 DECEMBER DATA VALUES

39     1961 -999999 -999999 2051    -999999 1456    2255    1658    606     1029    1107    1577    1697    2153    2335    2274    2232    1656    1067    852     
39     1962 -999999 -999999 1960    804     1245    2269    1531    868     685     797     1332    1610    2065    2344    2393    1998    1655    895     491     
39     1963 -999999 -999999 1956    -999999 1364    2238    1616    393     405     1027    1377    1689    2071    2469    2168    1948    1545    1358    703     
39     1964 1502    -999999 2056    713     1433    2318    1525    579     866     1021    1388    1889    2214    2447    2289    2096    1382    1056    716     
39     1965 1449    -999999 1918    602     1373    2194    1575    673     401     1024    1334    1760    2115    2251    2215    1816    1775    1126    818     
39     1966 1497    1066    1975    824     1396    2184    1568    605     1064    994     1436    1760    2165    2189    2197    2093    1772    806     782     
39     1967 -999999 -999999 2001    760     1426    2305    1694    649     855     1183    1347    1745    1998    2516    2392    1987    1795    1284    472     
39     1968 -999999 -999999 1945    650     1407    2189    1610    556     932     1089    1437    1694    2049    2316    2198    1963    1730    1116    754     
39     1969 1439    -999999 1938    682     1385    2174    1605    710     579     1061    1362    1732    1885    2319    2308    2003    1705    1104    343     
39     1970 1497    -999999 1990    656     1235    2308    1650    842     776     841     1214    1649    2235    2335    2350    2144    1571    1239    644     
39     1971 -999999 -999999 2059    647     1314    2349    1536    580     721     700     1468    1780    2036    2448    2555    2048    1674    882     851     
39     1972 1476    -999999 1853    869     1355    2130    1534    754     1009    1157    1281    1623    1948    2316    2122    1811    1571    1218    867     
39     1973 -999999 -999999 2037    722     1274    2382    1552    672     617     883     1109    1813    2191    2408    2540    2143    1472    1064    677     
39     1974 1479    -999999 1953    829     1372    2264    1351    931     885     1130    1260    1723    2062    2314    2408    1932    1070    1061    886     
39     1975 1490    948     1996    871     1304    2296    1536    851     875     939     1290    1681    2042    2410    2420    2116    1431    1065    720     
39     1976 1484    960     1989    750     1350    2326    1435    651     894     998     1260    1790    2271    2421    2284    1889    1503    910     851     
39     1977 1500    -999999 1864    885     1364    2129    1595    802     1010    1200    1272    1618    1997    2233    2154    1894    1773    1096    856     
39     1978 1439    -999999 1881    755     1280    2171    1508    645     769     1091    1150    1595    1982    2270    2254    2015    1459    1050    897     
39     1979 1500    -999999 1991    769     1362    2326    1546    607     816     1112    1222    1748    2235    2448    2291    1983    1701    949     813     
39     1980 -999999 -999999 1918    834     1263    2193    1590    673     1012    1029    1188    1570    1984    2153    2436    2165    1533    1036    497     
39     1981 1496    -999999 2035    546     1457    2290    1575    543     604     1199    1464    1708    2169    2265    2432    2163    1560    1004    784     
39     1982 1568    -999999 2076    873     1333    2403    1647    960     877     961     1295    1742    2274    2608    2322    2199    1532    1213    767     
39     1983 1496    966     2026    679     1316    2368    1617    731     524     995     1336    1619    2074    2669    2350    2091    1556    1206    729     
39     1984 1402    936     1849    658     1178    2196    1566    658     583     871     1234    1432    1993    2348    2240    1829    1529    1340    740     
39     1985 1428    933     1963    616     1263    2236    1543    237     898     862     1374    1557    2000    2461    2238    2137    1724    763     848     
39     1986 -999999 912     -999999 646     1369    2242    1664    607     466     1015    1203    1883    2071    2349    2313    2091    1743    1155    758     
39     1987 1445    919     1974    589     1227    2262    1655    290     732     825     1332    1526    2041    2406    2333    2196    1733    1034    847     
39     1988 1486    1049    1942    852     1327    2211    1600    955     748     954     1315    1713    1994    2291    2342    1980    1785    1029    688     
39     1989 1594    1074    2069    773     1505    2387    1571    725     920     1280    1324    1905    2185    2567    2403    2010    1552    1150    1054    
39     1990 1544    1164    2016    1009    1505    2280    1572    759     1235    1238    1340    1933    2116    2363    2357    1967    1735    1008    455     
39     1991 1507    970     2021    564     1373    2365    1608    611     636     1333    1252    1530    2044    2510    2532    2244    1500    1085    710     
39     1992 1536    990     2042    728     1482    2298    1532    639     840     1145    1393    1905    1955    2379    2547    2049    1434    1115    962     
39     1993 1538    1027    2056    854     1431    2347    1544    809     782     1033    1429    1833    2220    2315    2502    2020    1617    992     821     
39     1994 1625    1068    2102    820     1463    2505    1653    762     882     1315    1218    1848    2196    2667    2642    2011    1590    1362    918     
39     1995 1564    1099    2014    877     1358    2370    1637    672     1061    991     1387    1698    2048    2605    2446    1876    1877    1149    899     
39     1996 1530    1126    1982    900     1389    2305    1478    1103    683     1008    1385    1774    2246    2370    2296    1803    1540    1089    1005    
39     1997 1626    1131    2081    951     1528    2325    1743    873     980     1278    1423    1880    2124    2345    2499    2197    1771    1259    836     
39     1998 1537    1124    2086    864     1433    2428    1458    827     937     1102    1334    1860    2250    2556    2474    2021    1560    788     686     
39     1999 1576    955     2129    729     1504    2396    1653    792     707     1166    1375    1966    2160    2512    2508    2231    1702    1004    702     
39     2000 1614    1032    2112    765     1525    2380    1642    638     967     1173    1438    1961    2272    2343    2522    2121    1635    1170    1109    
39     2001 1591    1197    2063    998     1534    2408    1622    970     906     1363    1347    1885    2209    2471    2540    1901    1967    986     482     
39     2002 1604    1080    2038    731     1505    2347    1659    718     1020    1297    1488    1729    2286    2406    2345    1960    1676    1342    945     
39     2003 1641    1068    2254    740     1508    2695    1617    591     677     1146    1434    1941    2608    2655    2821    2047    1554    1254    896     
39     2004 1555    1027    2083    779     1371    2405    1673    685     756     1005    1409    1701    2282    2459    2470    2162    1843    1008    849     
39     2005 1532    993     2120    697     1432    2441    1667    665     564     989     1399    1907    2411    2512    2400    2075    1825    1096    475     
39     2006 1678    988     2212    623     1539    2504    1875    695     706     1110    1547    1960    2330    2810    2366    2240    1935    1447    928     
39     2007 1619    1241    2149    957     1622    2384    1557    935     1015    1171    1716    1982    2311    2452    2387    2031    1620    1018    750     
39     2008 1597    1072    2104    893     1488    2403    1597    946     990     1102    1442    1919    2280    2467    2459    2042    1666    1081    743     
39     2009 1641    1002    2221    710     1566    2512    1728    577     823     1108    1521    2066    2335    2605    2589    2187    1669    1331    831     
39     2010 1516    1026    2087    703     1412    2439    1546    541     741     1028    1454    1756    2201    2665    2443    1982    1590    1064    672     
39     2011 -999999 999     -999999 739     -999999 -999999 -999999 707     850     1101    1585    -999999 -999999 -999999 -999999 -999999 -999999 -999999 -999999 
