EUROPEAN CLIMATE ASSESSMENT & DATASET (ECA&D), file created on: 10-05-2011
THESE DATA CAN BE USED FREELY PROVIDED THAT THE FOLLOWING SOURCE IS ACKNOWLEDGED: 

Klein Tank, A.M.G. and Coauthors, 2002. Daily dataset of 20th-century surface
air temperature and precipitation series for the European Climate Assessment.
Int. J. of Climatol., 22, 1441-1453.
Data and metadata available at http://eca.knmi.nl

FILE FORMAT (MISSING VALUE CODE = -999999):

THIS FILE HOLDS DATA FOR STATION UNITED KINGDOM                           PLYMOUTH: MOUNTBATTEN                    (STAID:   1814)
LATITUDE: dd:mm:ss +50:21:14
LONGITUDE: ddd:mm:ss -004:07:15
ELEVATION: m   50

DATA IS FOR INDEX Mean of daily mean temperature (TG) with unit 0.01 Temperature (&#176;C)

01-06 SOUID: Source identifier
08-11 YEAR : YYYY
13-20 ANNUAL DATA VALUES
21-28 WINTER HALF YEAR DATA VALUES
29-36 SUMMER HALF YEAR DATA VALUES
37-44 WINTER (DJF) DATA VALUES
45-52 SPRING (MAM) DATA VALUES
53-60 SUMMER (JJA) DATA VALUES
61-68 AUTUMN (SON) DATA VALUES
69-76 JANUARY DATA VALUES
etc. 
157-164 DECEMBER DATA VALUES

1814   1960 -999999 -999999 -999999 -999999 1034    1527    -999999 571     514     817     970     1294    1554    1517    1512    1386    1138    925     504     
1814   1961 -999999 -999999 1390    -999999 1018    1523    1161    586     -999999 803     1092    1154    1428    1565    1572    1531    1172    766     542     
1814   1962 -999999 -999999 -999999 -999999 761     1444    1075    650     -999999 384     858     1032    1338    1524    1465    1332    1170    700     558     
1814   1963 -999999 -999999 -999999 -999999 896     1453    -999999 -46     214     709     893     1081    1413    1469    1473    1390    1200    1019    431     
1814   1964 -999999 -999999 -999999 -999999 906     1524    -999999 526     543     558     875     1252    1416    1587    1571    1519    1058    930     570     
1814   1965 -999999 -999999 -999999 -999999 860     1425    -999999 516     398     622     866     1117    1331    1447    1489    1243    1246    641     716     
1814   1966 -999999 -999999 -999999 -999999 931     1535    1141    558     807     760     910     1129    1497    1573    1535    1535    1174    683     769     
1814   1967 -999999 -999999 -999999 -999999 -999999 1515    -999999 594     670     766     -999999 1086    1421    1580    1540    1410    1148    712     646     
1814   1968 -999999 -999999 -999999 -999999 843     1542    1246    636     365     689     802     1027    1446    1535    1647    1463    1352    878     633     
1814   1969 -999999 -999999 -999999 -999999 866     1551    -999999 739     330     584     884     1113    1419    1613    1611    1487    1361    736     534     
1814   1970 -999999 -999999 -999999 -999999 832     1567    -999999 637     524     534     737     1196    1615    1507    1584    1498    1156    985     587     
1814   1971 -999999 -999999 1398    -999999 889     1601    -999999 691     597     599     856     1193    1346    1785    1663    1542    1291    749     795     
1814   1972 -999999 -999999 -999999 -999999 934     1420    1080    568     640     806     936     1062    1143    1559    1545    1286    1190    742     794     
1814   1973 -999999 -999999 -999999 -999999 874     1555    -999999 633     557     689     809     1129    1456    1520    1677    1480    1093    893     664     
1814   1974 -999999 -999999 -999999 -999999 900     -999999 1019    815     693     652     944     1080    1394    1477    1474    1256    906     896     913     
1814   1975 -999999 -999999 -999999 -999999 870     1670    1129    806     700     634     857     1127    1549    1701    1764    1367    1148    833     644     
1814   1976 -999999 -999999 -999999 636     883     1741    1112    711     547     626     857     1176    1634    1760    1823    1374    1139    814     454     
1814   1977 -999999 -999999 -999999 -999999 -999999 1496    1178    481     726     792     765     1143    1270    1652    1556    1376    1319    816     783     
1814   1978 -999999 -999999 -999999 -999999 -999999 1468    1249    569     477     736     737     1195    1393    1466    1541    1441    1322    991     700     
1814   1979 -999999 -999999 -999999 -999999 801     1500    1177    290     343     596     870     936     1349    1628    1514    1370    1296    857     755     
1814   1980 -999999 -999999 -999999 -999999 922     1476    1117    413     802     628     959     1170    1371    1462    1589    1519    1051    740     729     
1814   1981 -999999 -999999 -999999 619     963     1544    1156    660     452     875     908     1108    1344    1591    1682    1524    1005    912     491     
1814   1982 -999999 -999999 -999999 -999999 937     1574    1203    638     694     720     947     1144    1484    1680    1553    1494    1143    960     640     
1814   1983 -999999 -999999 -999999 -999999 854     -999999 -999999 773     413     730     784     1059    1451    1966    1799    1454    1148    976     796     
1814   1984 -999999 -999999 -999999 661     871     1634    1178    599     574     590     940     1090    1502    1657    1736    1451    1205    887     745     
1814   1985 -999999 -999999 -999999 537     912     -999999 -999999 322     530     615     914     1196    1349    1590    1476    1486    1168    612     862     
1814   1986 -999999 -999999 -999999 -999999 780     -999999 1111    608     80      606     644     1085    1422    1545    1370    1202    1231    903     792     
1814   1987 -999999 -999999 -999999 -999999 903     1529    1142    241     540     580     1011    1100    1256    1657    1638    1462    1128    845     759     
1814   1988 -999999 -999999 -999999 -999999 -999999 1493    -999999 762     590     780     879     1217    1510    1461    1511    1402    1205    820     935     
1814   1989 -999999 -999999 -999999 -999999 1007    1711    -999999 768     740     860     741     1410    1538    1897    1704    1504    1304    949     768     
1814   1990 -999999 -999999 -999999 -999999 1074    1626    1204    831     -999999 899     913     1400    1391    1722    1766    1419    1334    881     647     
1814   1991 -999999 -999999 -999999 510     -999999 -999999 1165    541     325     858     857     1231    1267    1573    1650    1585    1105    808     698     
1814   1992 -999999 -999999 -999999 609     994     1595    1073    512     618     796     901     1296    1576    1642    1565    1371    933     924     597     
1814   1993 -999999 -999999 -999999 -999999 977     1519    1014    764     658     734     1034    1171    1471    1558    1527    1342    954     733     720     
1814   1994 -999999 -999999 1348    -999999 943     1578    -999999 719     594     844     852     1127    1397    1691    1643    1377    1187    1138    856     
1814   1995 -999999 -999999 -999999 -999999 928     1770    1264    686     821     680     935     1169    1527    1803    1981    1448    1420    926     549     
1814   1996 -999999 -999999 -999999 -999999 -999999 1555    1160    684     468     630     889     945     1428    1624    1608    1455    1245    784     447     
1814   1997 -999999 -999999 -999999 -999999 1026    1614    -999999 389     774     871     993     1209    1403    1627    1811    1500    1255    1023    767     
1814   1998 -999999 -999999 -999999 -999999 1039    -999999 -999999 665     731     864     837     1414    -999999 1543    1604    1557    1193    797     733     
1814   1999 -999999 -999999 -999999 -999999 -999999 -999999 -999999 742     662     769     999     -999999 -999999 -999999 1690    1582    1185    888     670     
1814   2000 -999999 -999999 -999999 -999999 970     1587    -999999 585     770     823     847     1240    1410    1616    1724    1552    1145    -999999 -999999 
1814   2001 -999999 -999999 -999999 -999999 940     1611    -999999 594     632     702     871     1240    1455    1660    1714    1473    1410    862     589     
1814   2002 -999999 -999999 -999999 -999999 997     1521    1281    783     -999999 880     982     1135    1346    1562    1658    1543    1217    1082    768     
1814   2003 -999999 -999999 -999999 -999999 -999999 1710    -999999 614     612     -999999 1073    1156    1528    1704    1893    1517    1046    968     727     
1814   2004 -999999 -999999 -999999 -999999 993     1609    -999999 705     610     738     968     1265    1546    1546    1732    1547    1151    947     743     
1814   2005 1130    -999999 1425    691     953     1638    1264    756     565     784     940     1136    1545    1718    1648    1557    1399    831     642     
1814   2006 1158    762     1497    571     915     1723    1348    595     467     613     953     1180    1558    1892    1714    1678    1395    970     837     
1814   2007 1168    951     1432    830     1108    1548    1204    825     829     839     1204    1285    1528    1518    1597    1456    1255    898     759     
1814   2008 1091    856     1390    751     1010    1540    1123    782     708     723     879     1424    1426    1581    1608    1406    1091    872     576     
1814   2009 -999999 735     -999999 544     994     1603    -999999 500     557     800     974     1208    1528    1639    1640    1480    1321    1084    600     
1814   2010 -999999 -999999 -999999 506     929     1615    1151    370     544     697     956     1149    1558    1696    1589    1458    1240    754     266     
1814   2011 -999999 -999999 -999999 561     -999999 -999999 -999999 582     833     859     1269    -999999 -999999 -999999 -999999 -999999 -999999 -999999 -999999 
