EUROPEAN CLIMATE ASSESSMENT & DATASET (ECA&D), file created on: 10-05-2011
THESE DATA CAN BE USED FREELY PROVIDED THAT THE FOLLOWING SOURCE IS ACKNOWLEDGED: 

Klein Tank, A.M.G. and Coauthors, 2002. Daily dataset of 20th-century surface
air temperature and precipitation series for the European Climate Assessment.
Int. J. of Climatol., 22, 1441-1453.
Data and metadata available at http://eca.knmi.nl

FILE FORMAT (MISSING VALUE CODE = -999999):

THIS FILE HOLDS DATA FOR STATION SWEDEN                                   SAVE                                     (STAID:   1415)
LATITUDE: dd:mm:ss +57:46:48
LONGITUDE: ddd:mm:ss +011:52:48
ELEVATION: m   20

DATA IS FOR INDEX Mean of daily mean temperature (TG) with unit 0.01 Temperature (&#176;C)

01-06 SOUID: Source identifier
08-11 YEAR : YYYY
13-20 ANNUAL DATA VALUES
21-28 WINTER HALF YEAR DATA VALUES
29-36 SUMMER HALF YEAR DATA VALUES
37-44 WINTER (DJF) DATA VALUES
45-52 SPRING (MAM) DATA VALUES
53-60 SUMMER (JJA) DATA VALUES
61-68 AUTUMN (SON) DATA VALUES
69-76 JANUARY DATA VALUES
etc. 
157-164 DECEMBER DATA VALUES

1415   1961 826     -999999 1309    -999999 768     1533    1007    -132    176     455     733     1115    1569    1567    1465    1396    1152    469     -88     
1415   1962 664     249     1154    8       452     1412    802     67      50      -170    621     911     1360    1477    1399    1148    966     286     -184    
1415   1963 641     -58     1306    -504    545     1588    904     -752    -584    -120    541     1214    1581    1589    1594    1305    913     496     -160    
1415   1964 740     200     1270    -88     658     1494    817     1       -106    45      740     1191    1445    1488    1548    1197    760     495     49      
1415   1965 652     191     1213    -42     505     1467    759     -14     -173    6       562     950     1490    1453    1458    1355    933     -16     -230    
1415   1966 640     -42     1247    -442    512     1613    779     -510    -601    120     285     1124    1681    1651    1510    1212    792     331     -1      
1415   1967 772     216     1279    -90     673     1574    953     -291    35      418     504     1092    1382    1689    1645    1341    995     522     -113    
1415   1968 726     192     1345    -201    642     1663    773     -306    -183    220     741     967     1656    1582    1751    1366    779     174     -62     
1415   1969 700     20      1363    -226    465     1733    887     -154    -489    -169    545     1022    1655    1723    1817    1398    943     319     -289    
1415   1970 627     -40     1250    -485    439     1631    781     -485    -703    -77     272     1117    1754    1510    1635    1193    851     295     72      
1415   1971 792     213     1294    47      565     1616    817     -22     95      -25     503     1214    1462    1732    1649    1182    909     358     394     
1415   1972 776     259     1290    1       668     1625    799     -383    -8      268     589     1145    1486    1805    1578    1114    812     471     399     
1415   1973 790     403     1330    207     705     1702    666     51      169     498     505     1105    1567    1907    1628    1245    598     156     6       
1415   1974 833     259     1307    136     750     1538    785     194     216     374     758     1119    1490    1548    1575    1342    597     424     320     
1415   1975 891     337     1395    256     650     1745    884     338     95      227     518     1200    1498    1796    1934    1399    856     398     366     
1415   1976 719     217     1332    52      521     1713    781     -161    -56     -111    523     1152    1498    1840    1794    1160    727     457     -217    
1415   1977 736     127     1242    -232    586     1598    844     -211    -271    249     352     1150    1604    1598    1591    1136    968     424     160     
1415   1978 705     226     1252    -47     583     1587    905     30      -363    86      501     1158    1577    1592    1593    1073    954     687     -494    
1415   1979 596     -11     1222    -599    530     1512    766     -642    -668    53      506     1032    1566    1477    1495    1244    671     386     -45     
1415   1980 634     22      1260    -299    504     1567    706     -363    -503    -38     509     1041    1541    1645    1513    1294    676     149     101     
1415   1981 657     119     1269    -63     600     1509    832     -197    -96     63      453     1280    1394    1603    1528    1337    780     382     -685    
1415   1982 761     0       1300    -506    635     1613    974     -619    -182    318     557     1029    1358    1770    1702    1364    944     616     213     
1415   1983 803     366     1320    123     696     1585    833     389     -271    251     713     1126    1424    1716    1609    1317    878     303     89      
1415   1984 779     202     1264    -4      612     1563    895     -82     -21     34      566     1233    1435    1594    1655    1078    1043    558     224     
1415   1985 574     82      1199    -415    556     1511    712     -752    -750    105     376     1180    1348    1605    1573    1088    982     56      -36     
1415   1986 663     37      1184    -346    583     1521    830     -405    -625    187     376     1179    1499    1618    1445    961     875     655     88      
1415   1987 594     70      1138    -301    433     1378    819     -859    -114    -221    608     916     1189    1550    1390    1157    947     349     182     
1415   1988 796     326     1354    205     599     1654    743     289     140     33      466     1292    1695    1670    1600    1387    702     141     116     
1415   1989 864     402     1256    347     733     1527    842     485     450     512     615     1069    1442    1671    1465    1262    900     361     102     
1415   1990 875     459     1288    321     797     1572    779     373     505     516     749     1125    1502    1567    1645    1126    889     319     154     
1415   1991 793     288     1256    30      654     1562    869     137     -225    408     619     935     1198    1779    1696    1289    832     486     276     
1415   1992 838     406     1362    237     729     1701    708     202     233     396     512     1271    1765    1751    1588    1269    475     387     185     
1415   1993 725     248     1217    129     789     1385    612     149     45      233     770     1364    1329    1434    1389    1001    657     176     97      
1415   1994 787     133     1343    -83     662     1677    797     76      -458    195     692     1101    1308    1955    1758    1221    699     475     317     
1415   1995 759     307     1289    144     592     1628    864     -112    236     228     567     981     1425    1716    1738    1288    1078    218     -289    
1415   1996 611     56      1170    -333    486     1529    767     -275    -442    18      583     860     1329    1455    1796    973     905     420     -335    
1415   1997 733     176     1302    -170    520     1729    699     -254    107     217     450     890     1535    1730    1917    1272    556     275     65      
1415   1998 718     250     1217    161     637     1411    684     104     331     175     590     1144    1322    1483    1424    1324    741     -14     -30     
1415   1999 774     143     1296    -39     625     1538    935     -28     -61     225     733     920     1372    1664    1572    1507    825     478     28      
1415   2000 853     314     1271    120     733     1479    994     143     193     216     802     1184    1376    1555    1502    1191    1077    710     263     
1415   2001 808     358     1344    96      613     1656    971     147     -144    50      579     1209    1397    1841    1720    1290    1176    441     -105    
1415   2002 906     425     1538    164     856     1855    759     232     386     417     772     1394    1657    1845    2058    1475    557     251     -192    
1415   2003 866     105     1467    -161    727     1809    880     -114    -181    283     709     1190    1674    1937    1810    1462    600     587     359     
1415   2004 867     290     1415    84      812     1648    896     -202    95      301     852     1285    1439    1613    1884    1397    891     400     419     
1415   2005 893     346     1423    234     669     1702    1039    287     -29     72      796     1145    1487    1918    1695    1481    1035    601     167     
1415   2006 959     -999999 1530    -30     567     1860    1229    -193    -75     -197    611     1263    1656    2099    1819    1714    1209    765     691     
1415   2007 950     633     1434    394     911     1714    869     394     66      624     913     1197    1754    1632    1759    1338    852     417     392     
1415   2008 969     465     1462    406     829     1746    945     372     458     297     845     1346    1617    1925    1694    1325    1030    475     229     
1415   2009 896     358     1499    87      882     1744    940     73      -56     358     1039    1254    1552    1856    1817    1464    694     671     -27     
1415   2010 688     112     1420    -309    698     1769    774     -553    -351    209     737     1150    1552    1992    1756    1309    820     190     -621    
1415   2011 -999999 87      -999999 -273    -999999 -999999 -999999 -68     -115    301     1044    -999999 -999999 -999999 -999999 -999999 -999999 -999999 -999999 
