EUROPEAN CLIMATE ASSESSMENT & DATASET (ECA&D), file created on: 10-05-2011
THESE DATA CAN BE USED FREELY PROVIDED THAT THE FOLLOWING SOURCE IS ACKNOWLEDGED: 

Klein Tank, A.M.G. and Coauthors, 2002. Daily dataset of 20th-century surface
air temperature and precipitation series for the European Climate Assessment.
Int. J. of Climatol., 22, 1441-1453.
Data and metadata available at http://eca.knmi.nl

FILE FORMAT (MISSING VALUE CODE = -999999):

THIS FILE HOLDS DATA FOR STATION FRANCE                                   REIMS                                    (STAID:    739)
LATITUDE: dd:mm:ss +49:18:00
LONGITUDE: ddd:mm:ss +004:01:48
ELEVATION: m   99

DATA IS FOR INDEX Mean of daily mean temperature (TG) with unit 0.01 Temperature (&#176;C)

01-06 SOUID: Source identifier
08-11 YEAR : YYYY
13-20 ANNUAL DATA VALUES
21-28 WINTER HALF YEAR DATA VALUES
29-36 SUMMER HALF YEAR DATA VALUES
37-44 WINTER (DJF) DATA VALUES
45-52 SPRING (MAM) DATA VALUES
53-60 SUMMER (JJA) DATA VALUES
61-68 AUTUMN (SON) DATA VALUES
69-76 JANUARY DATA VALUES
etc. 
157-164 DECEMBER DATA VALUES

739    1958 1015    -999999 1488    -999999 828     1705    1108    282     501     350     762     1370    1518    1782    1809    1671    1125    530     446     
739    1959 1105    570     1608    306     1088    1865    1112    211     258     821     1037    1406    1701    2020    1869    1600    1137    597     538     
739    1960 1039    627     1468    405     1066    1672    1097    258     422     794     972     1428    1701    1626    1691    1379    1113    799     272     
739    1961 1095    659     1546    419     1056    1672    1201    255     761     765     1215    1194    1608    1653    1754    1855    1205    542     331     
739    1962 901     508     1391    341     768     1622    976     407     279     261     937     1113    1492    1633    1736    1424    1084    417     -14     
739    1963 875     257     1446    -209    933     1666    1144    -372    -244    629     1000    1171    1614    1761    1622    1500    1014    921     -174    
739    1964 1004    455     1557    104     961     1776    1042    -23     537     475     949     1458    1628    1903    1791    1600    843     691     199     
739    1965 957     468     1386    204     928     1609    955     330     70      646     876     1260    1600    1568    1660    1338    1058    464     540     
739    1966 1039    574     1484    439     987     1671    1074    23      789     585     1058    1321    1725    1636    1654    1506    1248    461     459     
739    1967 1035    620     1478    419     941     1750    1107    268     541     731     802     1285    1515    1966    1763    1516    1276    522     196     
739    1968 972     538     1437    247     929     1673    1076    208     343     668     982     1138    1544    1728    1742    1476    1247    500     66      
739    1969 987     500     1490    211     930     1730    1109    468     88      591     873     1323    1499    1927    1756    1540    1145    640     -70     
739    1970 988     447     1474    166     804     1749    1144    279     300     378     727     1303    1798    1677    1774    1555    1101    777     155     
739    1971 979     479     1502    226     915     1719    960     192     341     301     981     1465    1463    1889    1797    1392    1042    442     394     
739    1972 961     554     1369    352     944     1641    915     199     471     765     852     1212    1436    1817    1664    1212    934     599     349     
739    1973 1004    488     1534    272     873     1839    1041    192     274     563     726     1325    1715    1807    1990    1622    963     541     283     
739    1974 1061    608     1447    472     968     1692    959     636     500     709     978     1218    1581    1664    1826    1400    765     719     697     
739    1975 1028    628     1508    588     857     1805    1025    636     415     520     871     1182    1538    1873    1995    1576    921     580     184     
739    1976 1089    494     1618    328     913     1982    1134    403     401     472     858     1407    1945    2118    1881    1479    1253    665     154     
739    1977 1051    638     1402    356     950     1672    1099    331     609     817     765     1262    1535    1778    1697    1357    1249    685     494     
739    1978 950     611     1363    329     906     1590    993     279     203     722     761     1232    1516    1656    1596    1404    1066    507     404     
739    1979 953     411     1430    91      900     1665    1073    -305    185     592     863     1244    1618    1716    1660    1465    1173    577     595     
739    1980 957     596     1420    414     862     1640    1018    53      606     574     834     1178    1499    1617    1800    1582    977     497     266     
739    1981 1025    535     1478    243     1079    1685    1082    275     181     979     950     1303    1527    1763    1760    1555    1025    670     247     
739    1982 1053    517     1537    254     914     1801    1180    130     398     624     810     1305    1741    1920    1739    1696    1078    767     389     
739    1983 1045    599     1535    363     881     1912    1020    538     141     641     879     1124    1697    2154    1878    1461    1057    540     356     
739    1984 980     506     1380    336     753     1678    1148    389     259     421     804     1036    1489    1727    1811    1397    1126    923     354     
739    1985 902     433     1462    28      897     1649    962     -372    111     441     933     1318    1453    1818    1670    1567    1033    284     515     
739    1986 965     390     1419    167     848     1742    1095    303     -369    497     689     1353    1718    1802    1706    1229    1287    763     493     
739    1987 969     487     1500    154     865     1693    1182    -241    217     386     1123    1094    1508    1788    1776    1707    1208    629     392     
739    1988 1079    663     1484    492     1011    1688    1029    649     431     651     971     1410    1576    1693    1789    1449    1171    461     656     
739    1989 1078    670     1512    482     1058    1756    1099    334     455     918     778     1470    1540    1891    1828    1545    1270    476     368     
739    1990 1094    698     1473    535     1017    1753    1089    428     838     813     829     1402    1536    1771    1945    1334    1282    645     283     
739    1991 985     577     1457    194     937     1735    1074    302     -24     916     815     1077    1398    1893    1905    1635    1034    555     238     
739    1992 1046    530     1531    277     1021    1807    1027    215     387     744     873     1441    1588    1906    1920    1438    830     820     360     
739    1993 1010    560     1498    366     1049    1678    858     549     171     602     1120    1429    1671    1713    1650    1395    951     224     572     
739    1994 1138    583     1538    483     1018    1864    1171    515     348     855     882     1314    1607    2136    1839    1427    1050    1040    574     
739    1995 1107    732     1547    569     942     1865    1172    423     726     587     925     1314    1525    2083    1975    1435    1389    685     182     
739    1996 930     522     1413    189     855     1709    979     202     183     475     924     1168    1635    1720    1769    1249    1074    610     121     
739    1997 1073    535     1533    203     1011    1850    1079    -114    645     888     808     1331    1637    1760    2145    1494    1015    732     507     
739    1998 1064    655     1530    460     1059    1735    1005    420     452     790     933     1451    1684    1719    1801    1577    1085    351     456     
739    1999 1132    596     1634    445     1114    1826    1121    511     360     780     1015    1542    1598    1992    1882    1757    1092    516     471     
739    2000 1147    629     1567    467     1092    1739    1219    335     606     748     996     1527    1669    1665    1883    1649    1201    809     661     
739    2001 1109    741     1542    526     1077    1836    1126    400     515     843     873     1522    1580    1935    1989    1337    1486    544     257     
739    2002 1150    707     1548    459     1048    1834    1141    366     787     801     964     1376    1766    1849    1885    1430    1133    859     563     
739    2003 1136    647     1697    327     1129    2055    1052    172     239     882     1051    1451    1960    2005    2196    1498    868     795     450     
739    2004 1088    597     1572    425     956     1848    1189    331     496     635     1007    1226    1694    1835    2009    1648    1244    674     215     
739    2005 1124    586     1622    290     1063    1859    1249    447     200     704     1085    1402    1834    1994    1747    1669    1485    593     292     
739    2006 -999999 -999999 -999999 233     996     1901    1380    120     292     536     976     1475    1724    2269    1724    1788    1466    883     494     
739    2007 -999999 -999999 -999999 645     -999999 1803    1014    721     729     737     1333    1540    1831    1834    1747    1438    1027    576     310     
739    2008 -999999 616     1563    470     1069    1829    -999999 566     539     675     943     1572    1707    1898    1879    1369    1075    -999999 -999999 
739    2009 -999999 -999999 -999999 -999999 1119    1864    1226    62      360     674     1237    1450    1626    1962    2021    1591    1110    982     308     
739    2010 -999999 569     -999999 205     959     1898    1060    -19     339     684     1001    1209    1741    2116    1825    1443    1052    684     -81     
739    2011 -999999 -999999 -999999 279     -999999 -999999 -999999 428     520     785     1315    -999999 -999999 -999999 -999999 -999999 -999999 -999999 -999999 
