EUROPEAN CLIMATE ASSESSMENT & DATASET (ECA&D), file created on: 10-05-2011
THESE DATA CAN BE USED FREELY PROVIDED THAT THE FOLLOWING SOURCE IS ACKNOWLEDGED: 

Klein Tank, A.M.G. and Coauthors, 2002. Daily dataset of 20th-century surface
air temperature and precipitation series for the European Climate Assessment.
Int. J. of Climatol., 22, 1441-1453.
Data and metadata available at http://eca.knmi.nl

FILE FORMAT (MISSING VALUE CODE = -999999):

THIS FILE HOLDS DATA FOR STATION UNITED KINGDOM                           BUXTON                                   (STAID:   1849)
LATITUDE: dd:mm:ss +53:15:24
LONGITUDE: ddd:mm:ss -001:54:47
ELEVATION: m  307

DATA IS FOR INDEX Mean of daily mean temperature (TG) with unit 0.01 Temperature (&#176;C)

01-06 SOUID: Source identifier
08-11 YEAR : YYYY
13-20 ANNUAL DATA VALUES
21-28 WINTER HALF YEAR DATA VALUES
29-36 SUMMER HALF YEAR DATA VALUES
37-44 WINTER (DJF) DATA VALUES
45-52 SPRING (MAM) DATA VALUES
53-60 SUMMER (JJA) DATA VALUES
61-68 AUTUMN (SON) DATA VALUES
69-76 JANUARY DATA VALUES
etc. 
157-164 DECEMBER DATA VALUES

1849   1960 -999999 -999999 -999999 -999999 -999999 1340    -999999 -999999 141     -999999 712     1112    1408    1327    1287    1103    779     527     -999999 
1849   1961 -999999 -999999 -999999 -999999 -999999 -999999 -999999 161     508     691     785     851     1208    1245    1325    1250    865     -999999 -999999 
1849   1962 -999999 -999999 -999999 -999999 490     -999999 -999999 240     -999999 49      588     803     1155    1244    1218    1121    825     -999999 39      
1849   1963 -999999 -999999 -999999 -999999 -999999 1298    -999999 -315    -273    391     630     885     1290    1352    1250    1128    902     611     128     
1849   1964 -999999 -999999 -999999 -999999 -999999 -999999 -999999 -999999 -999999 156     698     1127    1204    1348    1315    1186    658     554     -999999 
1849   1965 -999999 -999999 -999999 -999999 -999999 1245    -999999 -999999 147     318     597     931     1282    1151    1294    -999999 930     -999999 -999999 
1849   1966 -999999 -999999 -999999 -999999 -999999 1303    -999999 -999999 312     470     527     900     1364    1282    1264    1181    797     -999999 -999999 
1849   1967 -999999 -999999 -999999 -999999 -999999 1367    -999999 314     -999999 513     570     841     1278    1474    1347    1148    856     354     -999999 
1849   1968 -999999 -999999 -999999 -999999 -999999 -999999 -999999 -999999 16      464     638     806     1312    1256    1383    1156    1021    -999999 -999999 
1849   1969 -999999 -999999 -999999 -999999 -999999 -999999 -999999 -999999 -999999 55      497     912     1206    1449    1410    1180    1084    -999999 -999999 
1849   1970 -999999 -999999 -999999 -999999 -999999 -999999 -999999 196     -999999 60      426     1125    1411    1293    1377    -999999 -999999 -999999 -999999 
1849   1971 -999999 -999999 -999999 -999999 -999999 -999999 -999999 270     -999999 326     558     969     1040    1524    1349    1354    973     -999999 -999999 
1849   1972 -999999 -999999 -999999 -999999 641     1224    -999999 245     223     453     637     833     991     1350    1324    939     827     -999999 409     
1849   1973 -999999 -999999 -999999 -999999 651     -999999 -999999 360     -999999 487     510     955     1375    1414    1474    1230    712     434     -999999 
1849   1974 -999999 -999999 -999999 -999999 670     -999999 -999999 414     -999999 422     640     947     1179    1291    1296    1016    555     490     -999999 
1849   1975 -999999 -999999 -999999 -999999 -999999 -999999 -999999 491     -999999 285     646     773     1269    1526    1688    1108    785     -999999 444     
1849   1976 -999999 -999999 -999999 -999999 -999999 1555    -999999 378     285     259     600     951     1511    1619    1530    1119    813     -999999 -999999 
1849   1977 -999999 -999999 -999999 -999999 -999999 -999999 -999999 -999999 -999999 443     514     830     -999999 -999999 1345    1094    950     444     -999999 
1849   1978 -999999 -999999 -999999 -999999 -999999 -999999 -999999 185     -999999 441     -999999 1053    1146    1286    1342    1154    990     -999999 -999999 
1849   1979 -999999 -999999 -999999 -999999 -999999 -999999 -999999 -201    -69     268     567     761     1319    1424    1327    1074    899     -999999 -999999 
1849   1980 -999999 -999999 -999999 -999999 680     -999999 -999999 -999999 -999999 306     747     983     1206    1302    1377    1261    615     409     -999999 
1849   1981 -999999 -999999 -999999 -999999 -999999 -999999 -999999 -999999 61      -999999 546     990     1127    1342    1427    1271    545     -999999 -184    
1849   1982 -999999 -999999 -999999 -999999 687     -999999 -999999 30      279     398     655     1001    1339    1439    1333    1229    802     -999999 -999999 
1849   1983 -999999 -999999 -999999 -999999 -999999 -999999 -999999 -999999 -60     418     460     844     1223    1772    1517    1134    -999999 -999999 432     
1849   1984 -999999 -999999 -999999 -999999 -999999 1447    -999999 -999999 -999999 275     634     824     1259    1515    1551    -999999 -999999 -999999 340     
1849   1985 -999999 -999999 -999999 -999999 -999999 -999999 -999999 -8      -999999 306     605     910     1056    1428    1255    1287    867     200     -999999 
1849   1986 -999999 -999999 -999999 -999999 552     1274    -999999 -999999 -999999 301     404     952     1313    1354    1165    945     851     616     -999999 
1849   1987 -999999 -999999 -999999 -999999 -999999 -999999 -999999 -999999 -999999 -999999 851     830     1069    1387    1397    1146    720     -999999 -999999 
1849   1988 -999999 -999999 -999999 -999999 697     -999999 -999999 331     -999999 404     650     1032    1335    1286    1348    1109    801     -999999 593     
1849   1989 -999999 -999999 -999999 -999999 -999999 1458    -999999 476     -999999 525     472     1112    1314    1584    1486    1261    957     -999999 308     
1849   1990 -999999 -999999 -999999 -999999 809     -999999 -999999 478     -999999 660     634     1110    1195    1509    1563    1081    -999999 502     285     
1849   1991 -999999 -999999 -999999 -999999 -999999 -999999 -999999 112     30      597     606     915     1050    1600    1538    1293    817     -999999 357     
1849   1992 -999999 -999999 -999999 -999999 -999999 -999999 -999999 -999999 436     546     657     1224    1448    1462    1345    1130    573     522     -999999 
1849   1993 -999999 -999999 -999999 -999999 -999999 -999999 -999999 -999999 -999999 459     800     934     1334    1282    1250    -999999 578     -999999 -999999 
1849   1994 -999999 -999999 -999999 -999999 -999999 1400    -999999 332     -999999 504     612     852     1242    1592    1359    1045    764     -999999 -999999 
1849   1995 -999999 -999999 -999999 -999999 -999999 1521    -999999 258     -999999 352     684     978     1210    1708    1644    1153    1075    -999999 -999999 
1849   1996 -999999 -999999 -999999 -999999 -999999 1402    -999999 -999999 -999999 196     -999999 732     1270    1421    1504    1130    948     -999999 -999999 
1849   1997 -999999 -999999 -999999 -999999 -999999 -999999 -999999 96      -999999 644     720     966     1221    1512    1664    1181    727     -999999 -999999 
1849   1998 -999999 -999999 -999999 -999999 -999999 1315    -999999 333     -999999 598     598     1119    1199    1343    1391    1248    793     -999999 -999999 
1849   1999 -999999 -999999 -999999 -999999 -999999 1415    -999999 -999999 -999999 552     761     1143    1217    1614    1408    1388    859     612     -999999 
1849   2000 -999999 -999999 -999999 -999999 -999999 -999999 -999999 340     417     492     665     1011    1276    1369    1481    1234    814     515     -999999 
1849   2001 -999999 -999999 -999999 -999999 -999999 1427    -999999 133     -999999 277     527     1055    1254    1542    1486    1113    1127    -999999 -999999 
1849   2002 -999999 -999999 -999999 -999999 810     -999999 -999999 400     497     612     738     1053    1287    1403    1547    1246    792     667     -999999 
1849   2003 -999999 -999999 -999999 -999999 813     1525    -999999 288     195     548     798     1076    1422    1576    1574    1234    701     608     -999999 
1849   2004 -999999 -999999 -999999 -999999 -999999 1441    -999999 -999999 -999999 486     -999999 1059    1345    1396    1577    1229    853     -999999 403     
1849   2005 878     -999999 1221    -999999 751     1444    964     445     247     570     700     983     1383    1476    1471    1304    1114    468     328     
1849   2006 912     455     1312    284     657     1565    1068    285     233     283     652     1037    1471    1804    1418    1482    1074    649     511     
1849   2007 892     626     1207    484     845     1355    925     510     426     569     967     1004    1331    1343    1389    1203    945     624     368     
1849   2008 863     552     1222    439     752     1425    870     534     413     424     645     1183    1263    1513    1495    1218    831     563     250     
1849   2009 871     450     1245    246     826     1422    997     213     277     553     878     1049    1330    1417    1520    1275    1025    690     212     
1849   2010 -999999 -999999 1226    128     766     1439    861     20      148     521     799     980     1436    1524    1357    1269    912     384     -36     
1849   2011 -999999 -999999 -999999 243     -999999 -999999 -999999 264     529     607     1100    -999999 -999999 -999999 -999999 -999999 -999999 -999999 -999999 
