EUROPEAN CLIMATE ASSESSMENT & DATASET (ECA&D), file created on: 10-05-2011
THESE DATA CAN BE USED FREELY PROVIDED THAT THE FOLLOWING SOURCE IS ACKNOWLEDGED: 

Klein Tank, A.M.G. and Coauthors, 2002. Daily dataset of 20th-century surface
air temperature and precipitation series for the European Climate Assessment.
Int. J. of Climatol., 22, 1441-1453.
Data and metadata available at http://eca.knmi.nl

FILE FORMAT (MISSING VALUE CODE = -999999):

THIS FILE HOLDS DATA FOR STATION ROMANIA                                  CLUJ NAPOCA                              (STAID:    222)
LATITUDE: dd:mm:ss +46:46:59
LONGITUDE: ddd:mm:ss +023:34:00
ELEVATION: m  410

DATA IS FOR INDEX Mean of daily mean temperature (TG) with unit 0.01 Temperature (&#176;C)

01-06 SOUID: Source identifier
08-11 YEAR : YYYY
13-20 ANNUAL DATA VALUES
21-28 WINTER HALF YEAR DATA VALUES
29-36 SUMMER HALF YEAR DATA VALUES
37-44 WINTER (DJF) DATA VALUES
45-52 SPRING (MAM) DATA VALUES
53-60 SUMMER (JJA) DATA VALUES
61-68 AUTUMN (SON) DATA VALUES
69-76 JANUARY DATA VALUES
etc. 
157-164 DECEMBER DATA VALUES

222    1921 -999999 -999999 1622    -999999 1047    1917    844     -999999 -999999 512     953     1622    1696    2000    2050    1397    898     215     -98     
222    1922 822     -999999 1612    -368    1001    1948    809     -553    -454    564     902     1491    1803    2097    1939    1415    898     111     -469    
222    1923 919     114     1503    -298    962     1730    1098    -265    -145    528     776     1574    1578    1853    1754    1464    1105    726     5       
222    1924 789     126     1658    -434    932     1902    844     -995    -304    208     836     1748    1996    1835    1878    1637    896     -4      -297    
222    1925 874     159     1493    -123    936     1746    972     -334    303     396     939     1473    1589    1853    1790    1293    965     656     -460    
222    1926 943     252     1505    -139    912     1715    1158    -160    240     281     1108    1353    1649    1872    1621    1419    1085    972     -145    
222    1927 941     376     1643    -212    1024    1960    1099    -132    -374    796     941     1333    1890    1979    2010    1692    1057    548     -534    
222    1928 814     4       1604    -522    731     1919    1041    -606    -419    -32     1003    1230    1633    2174    1942    1627    871     632     -312    
222    1929 837     11      1555    -515    767     1897    1070    -529    -726    76      572     1647    1695    1870    2120    1394    1186    625     -2      
222    1930 944     328     1584    -176    982     1845    1094    -446    -70     645     987     1315    1769    1923    1841    1655    1028    602     18      
222    1931 852     295     1563    -6      794     1967    792     -138    114     136     673     1570    1902    2097    1900    1208    922     242     -447    
222    1932 -999999 -999999 -999999 -999999 -999999 -999999 -999999 -999999 -999999 -999999 -999999 -999999 -999999 -999999 -999999 -999999 1258    -999999 -999999 
222    1933 -999999 -999999 1368    -999999 753     1712    910     -999999 -999999 431     550     1272    1511    1865    1754    1234    975     518     -719    
222    1934 -999999 66      -999999 -633    1217    -999999 1058    -591    -583    746     1272    1634    -999999 1921    1875    1621    907     652     303     
222    1935 865     183     1597    -295    867     1924    1045    -684    -526    391     940     1273    1924    1899    1948    1585    1340    199     -8      
222    1936 -999999 450     -999999 107     -999999 1915    872     253     73      812     -999999 -999999 1720    2252    1767    1430    730     462     -158    
222    1937 997     203     1680    -288    1142    1922    1084    -584    -104    850     903     1665    1885    1986    1892    1735    995     525     138     
222    1938 924     277     1574    -132    849     1968    1066    -398    -137    506     685     1352    1860    2078    1961    1487    1127    581     -89     
222    1939 970     320     1654    -7      921     1959    956     -76     160     207     1126    1436    1865    2077    1934    1468    1003    395     4       
222    1940 -999999 -21     -999999 -540    750     -999999 -999999 -1124   -498    75      918     1264    1748    -999999 -999999 -999999 -999999 -999999 -999999 
222    1941 -999999 -999999 -999999 -999999 -999999 -999999 -999999 -999999 -999999 -999999 -999999 -999999 -999999 -999999 -999999 -999999 -999999 -999999 -999999 
222    1942 -999999 -999999 -999999 -999999 -999999 -999999 -999999 -999999 -999999 -999999 -999999 -999999 -999999 -999999 -999999 -999999 -999999 -999999 -999999 
222    1943 -999999 -999999 -999999 -999999 -999999 -999999 -999999 -999999 -999999 -999999 -999999 -999999 -999999 -999999 -999999 -999999 -999999 -999999 -999999 
222    1944 -999999 -999999 -999999 -999999 -999999 -999999 -999999 -999999 -999999 -999999 -999999 -999999 -999999 -999999 -999999 -999999 -999999 -999999 -999999 
222    1945 -999999 -999999 -999999 -999999 -999999 1836    -999999 -999999 -999999 -999999 -999999 1602    1773    1902    1832    1551    -999999 -999999 -999999 
222    1946 -999999 -999999 -999999 -999999 -999999 -999999 -999999 -999999 -999999 -999999 -999999 1794    -999999 -999999 -999999 -999999 -999999 592     -57     
222    1947 -999999 -999999 -999999 -999999 -999999 -999999 -999999 -999999 -999999 -999999 -999999 -999999 -999999 -999999 -999999 -999999 -999999 -999999 -999999 
222    1948 915     -999999 1626    -999999 1101    1813    885     308     19      535     1243    1529    1729    1799    1909    1532    1024    95      -772    
222    1949 885     -20     1556    -473    911     1732    1068    -295    -340    141     930     1663    1511    1821    1857    1530    920     759     48      
222    1950 956     205     1714    -350    1095    1967    985     -906    -176    569     1167    1553    1795    2173    1928    1650    855     456     338     
222    1951 1001    434     1687    194     1038    1987    967     -48     302     692     1025    1395    1890    1976    2092    1732    722     455     -251    
222    1952 929     90      1663    -196    783     2015    983     -170    -165    -55     1162    1255    1727    2099    2210    1505    1024    420     97      
222    1953 901     229     1668    -137    876     2021    949     -318    -196    313     1008    1310    2009    2163    1891    1618    1114    111     -283    
222    1954 839     -43     1619    -739    933     1951    1048    -1020   -933    674     680     1437    1964    1945    1945    1727    970     450     109     
222    1955 901     295     1498    23      735     1842    983     -121    88      262     611     1328    1697    2003    1823    1507    1090    348     94      
222    1956 695     111     1394    -304    736     1762    638     -36     -1003   107     711     1389    1787    1912    1589    953     887     66      -108    
222    1957 918     174     1625    -148    925     1982    957     -481    175     503     930     1343    1910    2089    1944    1516    940     416     -308    
222    1958 949     184     1615    -152    866     1913    1013    -241    119     180     711     1702    1742    2029    1961    1518    1012    509     92      
222    1959 884     217     1573    -306    1020    1921    816     -457    -581    658     977     1425    1743    2139    1875    1252    776     422     267     
222    1960 953     246     1521    -100    960     1838    1056    -362    -212    562     963     1356    1747    1905    1861    1274    1129    761     404     
222    1961 918     388     1593    -37     979     1877    1016    -500    -14     521     1189    1235    1900    1892    1840    1496    1009    544     -143    
222    1962 827     194     1523    -157    838     1780    933     -148    -181    57      1037    1427    1616    1738    1980    1323    794     688     -465    
222    1963 818     -64     1691    -648    866     1991    1031    -1050   -406    44      997     1561    1825    2088    2055    1600    858     640     -462    
222    1964 794     -89     1595    -710    786     1952    970     -1082   -577    80      968     1316    2157    1958    1748    1416    1014    479     25      
222    1965 792     174     1505    -281    828     1790    820     -258    -646    363     762     1357    1779    1917    1674    1524    727     212     -8      
222    1966 946     187     1579    -82     989     1839    1040    -536    340     405     1118    1449    1680    1951    1881    1375    1242    496     -76     
222    1967 873     183     1628    -376    957     1908    1016    -716    -332    448     909     1512    1719    2099    1901    1606    1011    433     -191    
222    1968 912     205     1646    -209    1088    1834    963     -511    93      395     1209    1663    1923    1860    1722    1489    777     628     -302    
222    1969 804     23      1546    -517    909     1789    919     -1058   -156    248     829     1648    1690    1841    1832    1413    774     574     -39     
222    1970 840     221     1464    -122    823     1776    842     -213    -113    325     951     1196    1660    1902    1763    1299    748     483     19      
222    1971 853     240     1492    0       885     1762    731     -14     -6      195     920     1542    1599    1788    1893    1187    695     311     57      
222    1972 868     254     1543    -14     1024    1847    700     -292    208     544     1115    1416    1800    1961    1778    1170    619     313     -235    
222    1973 798     115     1533    -163    853     1756    804     -287    54      229     895     1436    1661    1823    1782    1588    824     0       -470    
222    1974 857     148     1446    -203    869     1726    849     -354    260     636     752     1215    1519    1753    1899    1519    814     215     20      
222    1975 867     235     1553    -109    1031    1775    830     -130    -229    675     890     1523    1726    1835    1763    1569    855     64      -212    
222    1976 758     -13     1433    -358    781     1651    916     -371    -501    60      955     1335    1584    1876    1490    1344    942     462     -115    
222    1977 868     353     1449    5       963     1742    857     -188    353     667     784     1432    1679    1806    1738    1233    925     412     -448    
222    1978 735     126     1354    -361    830     1629    692     -465    -149    464     838     1190    1603    1657    1627    1197    815     60      -74     
222    1979 878     152     1502    -189    952     1742    914     -476    1       565     787     1497    1957    1601    1676    1487    706     556     130     
222    1980 741     156     1372    -229    755     1669    856     -740    -64     346     738     1181    1578    1720    1705    1295    998     270     -154    
222    1981 838     164     1510    -304    914     1802    901     -523    -227    586     785     1367    1852    1799    1756    1491    1053    154     -115    
222    1982 809     16      1557    -480    826     1814    946     -765    -569    287     637     1547    1765    1803    1874    1698    989     149     196     
222    1983 882     292     1606    22      1067    1824    734     45      -195    515     1106    1582    1686    1968    1815    1460    759     -19     -219    
222    1984 792     43      1454    -230    834     1630    949     -186    -288    190     874     1440    1532    1641    1713    1509    1024    312     -295    
222    1985 713     -64     1491    -691    927     1715    777     -867    -936    304     946     1531    1464    1812    1861    1309    709     316     -17     
222    1986 851     172     1605    -145    1046    1805    809     -119    -315    412     1129    1598    1727    1758    1929    1474    772     182     -408    
222    1987 805     -49     1539    -385    677     1820    969     -514    -215    -119    862     1295    1766    2107    1585    1609    851     452     -67     
222    1988 846     278     1541    19      847     1849    679     44      86      295     792     1451    1593    2048    1898    1441    781     -190    -131    
222    1989 869     140     1526    -122    1031    1758    810     -312    97      582     1200    1315    1568    1870    1831    1360    897     171     -195    
222    1990 908     252     1489    -113    1023    1800    876     -330    219     744     917     1404    1643    1867    1884    1196    891     542     -126    
222    1991 815     240     1477    -208    849     1823    894     -222    -285    602     826     1118    1710    1999    1756    1439    835     409     -479    
222    1992 852     65      1599    -413    907     1960    895     -495    -255    366     1005    1354    1740    1918    2215    1338    932     414     -347    
222    1993 806     50      1532    -405    865     1816    758     -327    -554    135     828     1631    1764    1794    1889    1261    1069    -68     133     
222    1994 1000    312     1692    75      1022    1947    1007    -20     115     612     1044    1412    1758    2088    1989    1850    826     352     -77     
222    1995 861     243     1540    -57     874     1903    743     -357    296     425     836     1361    1741    2140    1823    1316    949     -43     -200    
222    1996 808     -18     1527    -310    816     1816    878     -313    -423    -101    961     1592    1875    1730    1845    1141    948     544     -146    
222    1997 800     221     1428    -139    738     1767    750     -171    -97     229     491     1487    1745    1783    1773    1262    564     429     45      
222    1998 838     199     1551    40      828     1848    834     -69     154     76      1079    1336    1790    1905    1846    1338    965     194     -593    
222    1999 884     107     1602    -330    910     1909    890     -221    -159    435     988     1309    1858    2027    1841    1579    897     193     -207    
222    2000 934     84      1648    -312    1038    1910    1002    -640    -72     328     1210    1582    1831    1889    2006    1355    1028    623     43      
222    2001 895     392     1586    -13     1076    1879    866     -87     7       711     972     1541    1653    1968    2009    1349    1091    152     -691    
222    2002 978     184     1661    -259    1074    1976    959     -304    270     593     967     1658    1900    2145    1880    1395    966     514     -289    
222    2003 881     98      1702    -380    957     2040    859     -305    -562    214     797     1855    2038    1991    2092    1414    712     456     -236    
222    2004 891     138     1564    -267    935     1889    925     -441    -112    443     1035    1332    1803    1976    1885    1338    1002    432     -25     
222    2005 848     153     1580    -228    874     1818    908     -226    -455    136     942     1545    1674    1927    1850    1524    905     296     -39     
222    2006 875     129     1589    -262    918     1861    940     -499    -246    328     1033    1397    1709    2074    1796    1506    957     357     12      
222    2007 1016    428     1688    173     1133    2038    791     211     311     709     1019    1668    1990    2143    1980    1305    877     188     -261    
222    2008 977     210     1618    -121    1011    1951    922     -217    133     535     1005    1493    1917    1933    2002    1340    1020    401     131     
222    2009 1008    280     1733    -41     1058    1971    1047    -203    -53     355     1277    1550    1828    2083    1997    1650    944     549     53      
222    2010 -999999 -999999 1699    -999999 1063    2043    993     -999999 -999999 534     1068    1536    1915    2095    2114    1443    748     798     -166    
222    2011 -999999 223     -999999 -265    -999999 -999999 -999999 -340    -293    545     1067    -999999 -999999 -999999 -999999 -999999 -999999 -999999 -999999 
