EUROPEAN CLIMATE ASSESSMENT & DATASET (ECA&D), file created on: 10-05-2011
THESE DATA CAN BE USED FREELY PROVIDED THAT THE FOLLOWING SOURCE IS ACKNOWLEDGED: 

Klein Tank, A.M.G. and Coauthors, 2002. Daily dataset of 20th-century surface
air temperature and precipitation series for the European Climate Assessment.
Int. J. of Climatol., 22, 1441-1453.
Data and metadata available at http://eca.knmi.nl

FILE FORMAT (MISSING VALUE CODE = -999999):

THIS FILE HOLDS DATA FOR STATION FRANCE                                   COGNAC                                   (STAID:   2194)
LATITUDE: dd:mm:ss +45:40:12
LONGITUDE: ddd:mm:ss -000:19:12
ELEVATION: m   30

DATA IS FOR INDEX Mean of daily mean temperature (TG) with unit 0.01 Temperature (&#176;C)

01-06 SOUID: Source identifier
08-11 YEAR : YYYY
13-20 ANNUAL DATA VALUES
21-28 WINTER HALF YEAR DATA VALUES
29-36 SUMMER HALF YEAR DATA VALUES
37-44 WINTER (DJF) DATA VALUES
45-52 SPRING (MAM) DATA VALUES
53-60 SUMMER (JJA) DATA VALUES
61-68 AUTUMN (SON) DATA VALUES
69-76 JANUARY DATA VALUES
etc. 
157-164 DECEMBER DATA VALUES

2194   1947 1349    -999999 1899    -999999 1339    2163    1431    308     471     1032    1324    1660    1969    2201    2313    1910    1388    997     561     
2194   1948 1289    937     1666    669     1322    1828    1306    780     665     1216    1218    1529    1682    1874    1923    1759    1271    890     633     
2194   1949 1348    810     1857    633     1165    2123    1459    601     668     788     1402    1314    1888    2297    2175    2061    1519    796     627     
2194   1950 1259    844     1729    605     1156    2068    1297    363     847     909     975     1579    2066    2151    1989    1594    1302    995     318     
2194   1951 1221    773     1617    516     1041    1845    1343    615     626     774     1100    1249    1716    2010    1804    1817    1186    1030    695     
2194   1952 1270    824     1750    543     1332    2046    1184    446     484     1086    1271    1636    1994    2115    2029    1440    1321    787     593     
2194   1953 1249    714     1715    393     1289    1868    1306    207     378     969     1193    1702    1716    1850    2034    1778    1329    810     952     
2194   1954 1197    824     1558    604     1142    1738    1353    420     422     974     1032    1417    1672    1740    1800    1676    1400    982     767     
2194   1955 1289    858     1756    709     1090    2044    1259    737     614     626     1250    1401    1842    2122    2163    1748    1205    825     885     
2194   1956 1127    707     1610    428     1169    1753    1216    617     -261    916     1012    1573    1556    1910    1789    1804    1233    609     688     
2194   1957 1251    856     1641    678     1217    1920    1247    434     936     1232    1122    1294    1883    1975    1901    1663    1353    723     480     
2194   1958 1242    795     1656    634     1097    1836    1322    591     852     774     997     1515    1694    1881    1928    1910    1280    777     685     
2194   1959 1362    854     1814    661     1277    2045    1412    557     749     1061    1203    1565    1868    2196    2066    1973    1392    872     794     
2194   1960 1260    894     1687    679     1274    1896    1305    532     713     1050    1126    1640    1949    1851    1888    1654    1242    1022    439     
2194   1961 1351    876     1767    658     1260    1910    1450    553     1017    1000    1367    1417    1855    1955    1917    2090    1437    822     768     
2194   1962 1196    814     1667    670     1010    1937    1292    664     568     599     1103    1331    1809    1950    2048    1752    1415    707     359     
2194   1963 1145    628     1608    226     1146    1824    1375    63      258     935     1133    1371    1717    2015    1738    1664    1341    1121    329     
2194   1964 1230    752     1777    414     1174    1996    1274    228     702     799     1097    1624    1818    2114    2050    1944    1112    771     493     
2194   1965 1208    701     1567    465     1128    1804    1306    580     308     908     1041    1431    1706    1859    1844    1508    1506    897     837     
2194   1966 1290    945     1696    831     1171    1847    1321    588     1091    765     1278    1474    1803    1854    1882    1883    1418    659     778     
2194   1967 1251    841     1661    671     1122    1949    1389    493     748     934     1029    1400    1730    2132    1978    1680    1539    944     373     
2194   1968 1243    825     1633    543     1097    1882    1380    602     662     823     1147    1323    1765    1982    1895    1677    1536    920     560     
2194   1969 1233    840     1677    556     1171    1910    1352    680     413     893     1146    1473    1629    2105    1986    1707    1497    847     353     
2194   1970 1237    780     1709    556     1019    1991    1385    626     705     645     940     1471    1984    1970    2018    1860    1200    1100    304     
2194   1971 1224    715     1727    485     1105    1933    1263    623     531     524     1292    1507    1637    2192    1959    1758    1418    607     582     
2194   1972 1179    813     1512    611     1115    1743    1215    515     746     1002    1041    1300    1482    1929    1809    1493    1264    886     654     
2194   1973 1210    733     1730    507     1077    2003    1305    398     464     712     957     1558    1879    1947    2179    1846    1199    873     460     
2194   1974 1247    823     1639    657     1106    1933    1146    810     707     876     1051    1389    1803    1957    2035    1582    915     950     849     
2194   1975 1231    829     1701    806     1033    2020    1254    781     785     693     1081    1325    1817    2073    2164    1728    1221    813     262     
2194   1976 1281    726     1784    499     1140    2155    1221    530     719     813     1075    1532    2172    2163    2129    1616    1337    706     563     
2194   1977 1234    837     1562    650     1124    1784    1319    510     903     1006    1019    1345    1641    1896    1809    1649    1473    830     704     
2194   1978 1207    855     1580    628     1084    1805    1280    482     708     918     946     1383    1659    1852    1900    1726    1339    773     755     
2194   1979 1230    809     1628    618     1083    1869    1340    420     685     866     1019    1362    1756    2040    1808    1771    1459    786     743     
2194   1980 1178    843     1615    671     1076    1808    1248    426     857     788     1048    1390    1631    1776    2011    1823    1254    666     464     
2194   1981 1263    772     1672    511     1251    1888    1313    611     454     1147    1205    1400    1709    1889    2061    1759    1336    843     685     
2194   1982 1331    883     1752    759     1160    1982    1414    838     754     830     1138    1512    1897    2182    1863    1912    1305    1027    678     
2194   1983 1295    843     1750    613     1079    2109    1393    667     481     869     1047    1321    1891    2375    2055    1792    1379    1008    590     
2194   1984 1250    815     1673    587     1071    1985    1350    641     526     732     1276    1213    1829    2106    2015    1591    1353    1106    596     
2194   1985 1189    763     1690    457     1095    1878    1314    32      773     732     1208    1348    1707    2102    1819    1952    1439    547     593     
2194   1986 1233    726     1640    508     1040    1934    1398    647     260     821     784     1507    1855    2057    1887    1734    1540    914     711     
2194   1987 1223    742     1727    405     1140    1909    1416    -31     549     754     1312    1360    1674    2029    2017    1965    1419    864     727     
2194   1988 1297    913     1698    780     1230    1870    1336    885     725     844     1286    1561    1786    1864    1958    1726    1484    793     623     
2194   1989 1391    890     1811    639     1321    2079    1437    536     773     1121    988     1842    1949    2205    2078    1783    1538    987     831     
2194   1990 1394    1037    1830    876     1325    2065    1437    681     1140    1054    1106    1809    1777    2159    2250    1852    1534    922     428     
2194   1991 1286    833     1768    464     1201    2031    1393    552     407     1116    1059    1425    1658    2104    2319    2026    1250    908     540     
2194   1992 1295    783     1755    529     1265    2002    1317    396     660     941     1115    1734    1812    2082    2105    1662    1127    1170    713     
2194   1993 1287    902     1721    712     1246    1980    1151    797     618     970     1187    1580    1947    1929    2064    1606    1200    645     845     
2194   1994 1412    893     1771    794     1258    2104    1459    707     833     1113    1077    1579    1886    2258    2162    1642    1507    1226    908     
2194   1995 1391    1028    1799    833     1236    2135    1424    654     949     921     1199    1586    1859    2310    2227    1591    1733    937     684     
2194   1996 1294    951     1727    709     1196    2013    1296    907     526     894     1237    1459    1975    2105    1956    1617    1383    885     548     
2194   1997 1413    892     1842    637     1364    2060    1499    475     915     1146    1277    1667    1780    2039    2353    1917    1512    1068    768     
2194   1998 1326    986     1768    756     1288    1990    1300    725     779     1050    1098    1711    1837    1997    2131    1815    1358    725     642     
2194   1999 1381    865     1859    683     1355    2062    1383    756     646     1036    1229    1796    1844    2211    2123    1931    1459    756     723     
2194   2000 1378    877     1807    697     1278    2023    1424    525     854     940     1203    1688    1975    1953    2140    1868    1380    1024    974     
2194   2001 1343    1007    1764    822     1310    2067    1363    763     720     1155    1100    1667    1933    2059    2204    1600    1730    747     375     
2194   2002 1386    938     1718    682     1264    1952    1438    785     906     1076    1212    1504    1942    1971    1944    1729    1490    1093    953     
2194   2003 1441    974     1983    674     1394    2342    1409    469     593     1211    1385    1586    2276    2209    2539    1892    1245    1096    739     
2194   2004 1332    883     1801    706     1179    2063    1433    706     671     833     1139    1565    2044    2026    2117    1904    1537    856     561     
2194   2005 1362    855     1870    582     1295    2147    1458    666     511     968     1263    1652    2179    2179    2084    1836    1725    803     416     
2194   2006 -999999 827     -999999 480     1283    2177    1654    536     490     960     1245    1641    2108    2510    1942    2068    1735    1175    561     
2194   2007 -999999 -999999 1803    792     1415    1949    -999999 838     1004    966     1611    1674    1935    1957    1955    1678    1380    -999999 612     
2194   2008 1332    -999999 1751    803     1260    2005    1293    811     980     922     1159    1695    1923    2050    2040    1620    1328    929     512     
2194   2009 1395    813     1877    535     1325    2116    1529    423     685     989     1251    1733    2016    2106    2221    1918    1495    1177    683     
2194   2010 -999999 -999999 -999999 526     1248    2068    1355    293     595     893     1361    1493    1927    2221    2041    1769    1376    920     401     
2194   2011 -999999 857     -999999 579     -999999 -999999 -999999 547     812     1084    -999999 -999999 -999999 -999999 -999999 -999999 -999999 -999999 -999999 
