EUROPEAN CLIMATE ASSESSMENT & DATASET (ECA&D), file created on: 10-05-2011
THESE DATA CAN BE USED FREELY PROVIDED THAT THE FOLLOWING SOURCE IS ACKNOWLEDGED: 

Klein Tank, A.M.G. and Coauthors, 2002. Daily dataset of 20th-century surface
air temperature and precipitation series for the European Climate Assessment.
Int. J. of Climatol., 22, 1441-1453.
Data and metadata available at http://eca.knmi.nl

FILE FORMAT (MISSING VALUE CODE = -999999):

THIS FILE HOLDS DATA FOR STATION FRANCE                                   SAINT-QUENTIN                            (STAID:   2185)
LATITUDE: dd:mm:ss +49:49:12
LONGITUDE: ddd:mm:ss +003:12:00
ELEVATION: m  101

DATA IS FOR INDEX Mean of daily mean temperature (TG) with unit 0.01 Temperature (&#176;C)

01-06 SOUID: Source identifier
08-11 YEAR : YYYY
13-20 ANNUAL DATA VALUES
21-28 WINTER HALF YEAR DATA VALUES
29-36 SUMMER HALF YEAR DATA VALUES
37-44 WINTER (DJF) DATA VALUES
45-52 SPRING (MAM) DATA VALUES
53-60 SUMMER (JJA) DATA VALUES
61-68 AUTUMN (SON) DATA VALUES
69-76 JANUARY DATA VALUES
etc. 
157-164 DECEMBER DATA VALUES

2185   1956 885     -999999 1356    -999999 909     1489    1031    345     -642    665     725     1330    1297    1675    1488    1607    1018    469     563     
2185   1957 1028    657     1410    498     970     1701    1023    285     663     940     893     1074    1660    1812    1630    1384    1089    593     288     
2185   1958 988     522     1426    361     787     1637    1093    305     504     357     704     1297    1486    1690    1729    1634    1108    536     469     
2185   1959 1087    567     1578    309     1061    1800    1145    206     245     804     1003    1374    1626    1920    1847    1682    1168    584     525     
2185   1960 1016    622     1429    409     1023    1612    1091    287     415     736     909     1422    1625    1567    1645    1393    1081    798     294     
2185   1961 1068    659     1498    421     1052    1610    1163    256     743     793     1197    1170    1531    1605    1692    1794    1164    531     329     
2185   1962 891     515     1331    360     746     1556    981     431     316     301     882     1061    1444    1588    1631    1368    1096    475     61      
2185   1963 855     277     1395    -187    897     1608    1118    -438    -184    612     941     1140    1572    1700    1549    1463    1007    887     -41     
2185   1964 985     469     1510    168     932     1698    1044    53      514     410     924     1461    1561    1790    1739    1571    871     697     230     
2185   1965 935     468     1354    204     903     1561    959     261     114     607     851     1247    1531    1512    1640    1329    1086    458     515     
2185   1966 1014    579     1441    437     961     1619    1045    80      744     602     1017    1265    1678    1562    1620    1497    1183    450     463     
2185   1967 1013    608     1433    427     922     1686    1077    274     557     713     827     1222    1471    1876    1705    1482    1211    533     245     
2185   1968 946     522     1402    240     895     1627    1088    229     246     651     952     1083    1510    1647    1718    1490    1257    511     35      
2185   1969 971     494     1456    192     919     1683    1101    453     76      590     865     1300    1490    1836    1718    1511    1175    615     -48     
2185   1970 965     438     1442    168     766     1697    1133    265     302     314     683     1299    1754    1579    1759    1568    1088    745     189     
2185   1971 979     496     1467    264     913     1647    995     255     358     334     945     1463    1386    1834    1713    1443    1048    491     428     
2185   1972 938     564     1317    357     917     1555    931     192     459     759     832     1155    1314    1731    1611    1242    968     581     381     
2185   1973 962     505     1450    303     829     1729    1006    223     304     555     696     1232    1606    1667    1910    1571    942     508     287     
2185   1974 1000    572     1372    445     916     1596    900     584     466     635     962     1153    1510    1565    1710    1324    707     677     674     
2185   1975 992     611     1448    597     810     1735    987     632     472     492     833     1107    1452    1815    1930    1533    889     541     174     
2185   1976 1026    467     1535    316     842     1891    1064    396     384     414     795     1316    1854    1998    1821    1410    1166    614     122     
2185   1977 977     578     1304    308     871     1541    1046    275     550     737     697     1173    1401    1638    1580    1317    1187    631     497     
2185   1978 912     579     1311    322     871     1519    991     260     198     668     720     1221    1431    1582    1540    1357    1098    515     294     
2185   1979 899     377     1357    30      839     1578    1049    -315    119     531     810     1175    1517    1625    1589    1417    1168    558     538     
2185   1980 914     571     1366    375     834     1568    972     46      553     559     792     1150    1429    1536    1734    1543    920     455     250     
2185   1981 980     508     1421    247     1029    1619    1033    284     201     908     922     1255    1452    1665    1735    1482    954     667     184     
2185   1982 1010    483     1485    224     885     1731    1128    124     379     585     798     1268    1682    1843    1667    1641    1030    716     353     
2185   1983 1042    576     1514    360     853     1886    1052    557     149     617     859     1082    1665    2102    1883    1473    1079    604     357     
2185   1984 977     525     1367    345     768     1645    1133    390     283     423     849     1036    1470    1668    1792    1376    1133    890     386     
2185   1985 884     446     1403    67      866     1573    961     -321    143     428     885     1285    1412    1720    1581    1524    1081    274     538     
2185   1986 931     412     1358    199     823     1661    1054    293     -282    495     668     1303    1683    1694    1607    1177    1235    743     459     
2185   1987 910     464     1411    138     828     1583    1102    -251    213     371     1106    1016    1406    1662    1675    1595    1116    595     382     
2185   1988 1032    624     1412    474     960     1594    1002    617     420     598     910     1370    1494    1580    1705    1400    1119    482     649     
2185   1989 1060    660     1472    490     1022    1691    1104    359     459     868     712     1475    1512    1826    1730    1556    1238    514     421     
2185   1990 1083    710     1458    556     1014    1724    1070    465     805     818     821     1397    1465    1766    1933    1343    1251    609     297     
2185   1991 958     563     1409    197     926     1653    1055    309     -38     895     840     1041    1324    1783    1840    1610    1013    542     262     
2185   1992 1050    547     1537    320     1038    1800    1012    236     473     748     880     1482    1615    1876    1907    1452    810     782     347     
2185   1993 978     553     1437    370     1028    1593    835     555     191     603     1091    1391    1613    1619    1547    1351    906     264     552     
2185   1994 1109    563     1503    464     996     1808    1161    491     336     809     876     1300    1534    2102    1778    1399    1037    1057    539     
2185   1995 1082    720     1510    543     919     1829    1145    402     705     587     896     1275    1458    2026    1991    1387    1367    675     187     
2185   1996 911     519     1379    187     831     1660    978     213     159     497     935     1065    1575    1672    1731    1284    1081    565     127     
2185   1997 1069    538     1517    221     1012    1809    1089    -70     648     887     825     1318    1595    1717    2107    1521    1058    703     504     
2185   1998 1043    -999999 1480    477     1058    1644    987     413     515     785     911     1474    1580    1605    1746    1553    1044    361     462     
2185   1999 1108    596     1588    464     1068    1771    1128    554     372     751     996     1456    1530    1923    1837    1764    1079    543     440     
2185   2000 1096    627     1499    459     1062    1656    1161    347     598     751     949     1482    1583    1554    1828    1588    1149    747     561     
2185   2001 1063    688     -999999 484     1000    1767    1117    388     504     760     829     1406    1534    1847    1902    1296    1446    598     250     
2185   2002 1110    701     1487    445     1016    1737    1136    378     735     796     964     1285    1643    1740    1825    1451    1102    847     520     
2185   2003 1098    650     1616    343     1090    1932    1045    243     260     905     1029    1334    1803    1885    2105    1521    859     760     416     
2185   2004 1050    582     1508    410     938     1749    1158    333     484     641     987     1188    1572    1741    1923    1627    1185    662     236     
2185   2005 1085    588     1540    324     999     1753    1225    466     261     676     1018    1303    1723    1851    1685    1656    1437    575     307     
2185   2006 1127    546     1630    241     949     1866    1373    168     248     511     929     1405    1634    2244    1713    1840    1423    836     507     
2185   2007 1142    816     -999999 626     1193    1755    1050    702     674     743     1352    1489    1761    1775    1731    1437    1084    630     365     
2185   2008 1097    658     1552    517     1072    1783    1051    599     591     674     948     1588    1653    1856    1835    1412    1029    712     248     
2185   2009 1110    508     1637    199     1109    1853    1245    13      350     690     1232    1409    1641    1940    1970    1614    1140    986     291     
2185   2010 977     570     1520    192     962     1821    1048    -14     312     694     1000    1194    1722    2015    1721    1452    1072    620     -105    
2185   2011 -999999 554     -999999 267     -999999 -999999 -999999 394     538     806     1349    -999999 -999999 -999999 -999999 -999999 -999999 -999999 -999999 
