EUROPEAN CLIMATE ASSESSMENT & DATASET (ECA&D), file created on: 10-05-2011
THESE DATA CAN BE USED FREELY PROVIDED THAT THE FOLLOWING SOURCE IS ACKNOWLEDGED: 

Klein Tank, A.M.G. and Coauthors, 2002. Daily dataset of 20th-century surface
air temperature and precipitation series for the European Climate Assessment.
Int. J. of Climatol., 22, 1441-1453.
Data and metadata available at http://eca.knmi.nl

FILE FORMAT (MISSING VALUE CODE = -999999):

THIS FILE HOLDS DATA FOR STATION FRANCE                                   GOURDON                                  (STAID:   2199)
LATITUDE: dd:mm:ss +44:45:00
LONGITUDE: ddd:mm:ss +001:24:00
ELEVATION: m  261

DATA IS FOR INDEX Mean of daily mean temperature (TG) with unit 0.01 Temperature (&#176;C)

01-06 SOUID: Source identifier
08-11 YEAR : YYYY
13-20 ANNUAL DATA VALUES
21-28 WINTER HALF YEAR DATA VALUES
29-36 SUMMER HALF YEAR DATA VALUES
37-44 WINTER (DJF) DATA VALUES
45-52 SPRING (MAM) DATA VALUES
53-60 SUMMER (JJA) DATA VALUES
61-68 AUTUMN (SON) DATA VALUES
69-76 JANUARY DATA VALUES
etc. 
157-164 DECEMBER DATA VALUES

2199   1956 1088    -999999 1597    -999999 1144    1745    1169    553     -367    886     998     1543    1557    1878    1793    1799    1157    551     630     
2199   1957 1196    798     1599    619     1187    1869    1173    352     901     1198    1107    1254    1774    1959    1870    1620    1239    656     403     
2199   1958 1223    729     1673    561     1112    1839    1290    493     812     779     943     1610    1673    1876    1963    1958    1191    724     622     
2199   1959 1295    809     1734    619     1249    1961    1304    510     735     1063    1175    1508    1800    2142    1934    1829    1298    785     715     
2199   1960 1197    823     1625    615     1234    1825    1243    435     702     993     1075    1628    1865    1772    1840    1560    1205    965     317     
2199   1961 1299    803     1729    548     1229    1861    1417    426     937     988     1332    1370    1785    1919    1876    2091    1397    765     690     
2199   1962 1131    744     1626    580     961     1877    1241    573     465     549     1037    1300    1688    1922    2015    1783    1384    552     260     
2199   1963 1101    571     1548    197     1069    1786    1296    165     161     862     1058    1285    1674    1983    1697    1579    1260    1051    375     
2199   1964 1181    720     1730    417     1135    1938    1218    248     643     751     1064    1588    1750    2093    1964    1902    1047    710     400     
2199   1965 1159    624     1534    364     1069    1801    1292    426     256     871     962     1370    1754    1827    1819    1457    1586    823     683     
2199   1966 1206    878     1629    726     1100    1769    1248    534     988     665     1201    1436    1761    1741    1806    1826    1363    551     601     
2199   1967 1194    740     1642    542     1091    1933    1362    374     663     873     1040    1358    1673    2189    1931    1643    1510    928     118     
2199   1968 1179    730     1569    380     1073    1790    1338    406     632     785     1171    1268    1661    1935    1769    1603    1509    897     494     
2199   1969 1150    775     1599    470     1108    1806    1307    572     329     807     1059    1457    1520    2017    1872    1649    1493    771     182     
2199   1970 1169    686     1643    439     928     1914    1344    580     568     515     868     1397    1866    1901    1974    1843    1167    1026    290     
2199   1971 1156    636     1671    405     1041    1866    1207    495     431     400     1282    1449    1551    2125    1911    1694    1417    504     557     
2199   1972 1140    773     1466    585     1042    1735    1174    478     729     944     958     1222    1466    1929    1802    1399    1254    866     615     
2199   1973 1135    677     1672    411     1045    1921    1236    280     330     689     863     1576    1768    1862    2129    1817    1118    778     349     
2199   1974 1157    731     1576    534     1082    1851    1030    676     581     875     1016    1354    1735    1865    1949    1525    749     827     689     
2199   1975 1160    705     1631    700     967     1922    1183    654     764     558     1046    1301    1682    2000    2076    1667    1192    691     261     
2199   1976 1224    662     1715    422     1115    2057    1177    352     668     811     1044    1488    2072    2072    2027    1575    1299    654     602     
2199   1977 1208    826     1524    649     1121    1738    1279    513     852     1033    1017    1311    1608    1840    1763    1594    1511    726     694     
2199   1978 1161    813     1540    588     1023    1786    1230    422     656     853     904     1308    1633    1871    1849    1663    1269    757     713     
2199   1979 1167    746     1589    542     1033    1832    1275    326     592     802     926     1366    1729    1975    1789    1733    1424    663     632     
2199   1980 1120    773     1558    596     991     1766    1241    368     800     746     932     1292    1565    1736    1991    1823    1180    723     282     
2199   1981 1199    688     1631    354     1225    1844    1248    414     369     1128    1215    1333    1706    1843    1979    1700    1273    771     595     
2199   1982 1294    830     1737    726     1100    1984    1378    820     768     746     1107    1447    1888    2191    1869    1911    1265    963     529     
2199   1983 1259    746     1748    476     1061    2099    1383    503     386     800     1068    1314    1877    2393    2020    1797    1279    1076    540     
2199   1984 1159    735     1580    480     983     1882    1305    481     414     613     1198    1145    1715    2077    1847    1486    1279    1150    488     
2199   1985 1169    710     1697    395     1042    1899    1323    -83     822     631     1195    1305    1684    2093    1914    1986    1516    461     496     
2199   1986 1187    661     1641    406     1015    1925    1353    470     235     740     734     1563    1798    2073    1899    1756    1483    816     600     
2199   1987 1226    709     1729    397     1110    1915    1416    54      552     736     1307    1293    1670    2003    2064    2034    1433    781     754     
2199   1988 1267    856     1699    735     1164    1898    1352    812     632     707     1240    1546    1736    1909    2044    1705    1506    839     505     
2199   1989 1370    878     1759    597     1276    2026    1406    551     749     1104    920     1792    1813    2190    2067    1748    1442    1026    981     
2199   1990 1329    1021    1786    868     1265    2051    1371    567     1077    1040    1044    1703    1735    2180    2226    1802    1471    837     240     
2199   1991 1233    763     1712    379     1128    2010    1297    464     439     1101    971     1306    1678    2102    2239    1960    1133    804     535     
2199   1992 1229    720     1697    500     1194    1937    1241    350     624     873     1057    1649    1630    2028    2144    1653    1047    1028    641     
2199   1993 1206    777     1649    579     1153    1898    1150    568     523     836     1108    1515    1830    1868    1994    1564    1225    659     732     
2199   1994 1339    835     -999999 671     1218    2074    1392    553     734     1095    981     1572    1761    2258    2179    1605    1435    1133    767     
2199   1995 1322    921     1714    710     1163    2032    1387    532     845     815     1128    1545    1775    2226    2088    1498    1737    913     712     
2199   1996 1269    943     1698    717     1176    1989    1207    951     471     843     1214    1471    1979    2075    1914    1525    1319    775     649     
2199   1997 1398    899     1818    714     1365    2023    1463    578     938     1133    1261    1698    1793    1973    2295    1873    1505    1010    685     
2199   1998 1288    970     1760    765     1246    2022    1169    739     883     990     1108    1635    1830    2067    2163    1738    1235    531     496     
2199   1999 1301    733     1815    537     1309    2014    1310    643     465     997     1175    1750    1772    2139    2124    1910    1367    650     524     
2199   2000 1345    784     1794    581     1253    2022    1373    422     810     919     1171    1666    1960    1945    2158    1854    1319    947     948     
2199   2001 1280    969     1691    787     1257    2013    1280    740     662     1168    1001    1593    1870    2021    2142    1497    1710    617     278     
2199   2002 1334    868     1676    586     1231    1928    1375    700     801     1087    1195    1409    1938    1940    1905    1659    1450    1015    876     
2199   2003 -999999 901     -999999 581     1361    -999999 1333    394     461     1169    1347    1567    2395    2213    -999999 1815    1153    1032    636     
2199   2004 1257    787     1737    592     1100    2023    1341    524     619     768     1079    1453    1979    2037    2053    1812    1559    644     528     
2199   2005 -999999 739     -999999 446     1230    2080    1413    478     321     861     1224    1593    2103    2142    1996    1755    1692    784     198     
2199   2006 1371    754     1881    355     1260    2143    1613    452     422     943     1243    1593    2091    2475    1862    2020    1697    1132    480     
2199   2007 -999999 -999999 1775    678     1368    1950    1181    697     899     897     1580    1634    1913    1958    1978    1581    1285    616     550     
2199   2008 1272    -999999 1718    725     1194    1955    1241    705     935     803     1120    1654    1840    2025    1995    1634    1310    778     455     
2199   2009 1337    -999999 1853    472     1275    2115    1442    403     567     859     1217    1735    1951    2178    2214    1815    1408    1103    561     
2199   2010 1202    777     1738    429     1178    2018    1225    247     485     841     1306    1394    1841    2184    2023    1655    1256    762     394     
2199   2011 -999999 775     -999999 528     -999999 -999999 -999999 505     701     1023    1550    -999999 -999999 -999999 -999999 -999999 -999999 -999999 -999999 
