EUROPEAN CLIMATE ASSESSMENT & DATASET (ECA&D), file created on: 10-05-2011
THESE DATA CAN BE USED FREELY PROVIDED THAT THE FOLLOWING SOURCE IS ACKNOWLEDGED: 

Klein Tank, A.M.G. and Coauthors, 2002. Daily dataset of 20th-century surface
air temperature and precipitation series for the European Climate Assessment.
Int. J. of Climatol., 22, 1441-1453.
Data and metadata available at http://eca.knmi.nl

FILE FORMAT (MISSING VALUE CODE = -999999):

THIS FILE HOLDS DATA FOR STATION UNITED KINGDOM                           BIRMINGHAM                               (STAID:   2121)
LATITUDE: dd:mm:ss +52:27:00
LONGITUDE: ddd:mm:ss -001:43:48
ELEVATION: m   99

DATA IS FOR INDEX Mean of daily mean temperature (TG) with unit 0.01 Temperature (&#176;C)

01-06 SOUID: Source identifier
08-11 YEAR : YYYY
13-20 ANNUAL DATA VALUES
21-28 WINTER HALF YEAR DATA VALUES
29-36 SUMMER HALF YEAR DATA VALUES
37-44 WINTER (DJF) DATA VALUES
45-52 SPRING (MAM) DATA VALUES
53-60 SUMMER (JJA) DATA VALUES
61-68 AUTUMN (SON) DATA VALUES
69-76 JANUARY DATA VALUES
etc. 
157-164 DECEMBER DATA VALUES

2121   1772 917     -999999 1312    -999999 697     1637    1065    122     188     439     641     1011    1610    1691    1609    1300    1172    720     478     
2121   1773 929     618     1316    382     837     1595    921     401     256     650     831     1031    1470    1591    1721    1240    990     530     381     
2121   1774 908     508     1314    288     864     1560    917     62      433     643     864     1085    1466    1605    1606    1246    1026    475     349     
2121   1775 1010    587     1430    469     945     1635    945     457     614     596     985     1255    1655    1675    1576    1426    935     476     446     
2121   1776 901     455     1312    220     888     1520    973     -157    382     645     936     1085    1405    1635    1515    1285    1015    615     439     
2121   1777 911     531     1306    287     857     1493    1052    186     230     676     717     1175    1355    1526    1595    1456    1015    686     265     
2121   1778 920     489     1342    254     776     1650    871     187     316     455     817     1056    1536    1735    1676    1216    736     666     607     
2121   1779 1039    644     1440    552     976     1661    1056    286     787     795     936     1195    1436    1786    1755    1516    1085    565     307     
2121   1780 910     481     1387    141     902     1618    965     -88     208     795     625     1276    1416    1676    1755    1556    905     436     325     
2121   1781 1020    503     1439    334     926     1696    1039    207     485     655     915     1206    1625    1736    1726    1415    1056    645     535     
2121   1782 801     564     1201    420     607     1486    770     516     188     407     515     895     1486    1556    1416    1326    756     227     278     
2121   1783 930     377     1377    313     787     1647    962     337     326     327     1005    1035    1476    1885    1575    1275    985     625     269     
2121   1784 782     372     1281    116     731     1426    930     -58     138     266     566     1355    1365    1516    1396    1476    775     546     29      
2121   1785 856     310     1338    138     726     1534    928     336     38      119     836     1225    1606    1615    1385    1356    875     555     277     
2121   1786 -999999 421     1285    293     708     1538    746     269     336     208     805     1115    1607    1505    1505    1166    746     327     -999999 
2121   1787 929     -999999 1283    -999999 856     1507    903     356     595     685     735     1145    1385    1576    1556    1285    975     447     375     
2121   1788 919     489     1392    382     889     1563    975     394     376     357     935     1376    1535    1576    1576    1344    976     605     -30     
2121   1789 890     399     1315    199     729     1530    872     151     505     205     736     1246    1396    1535    1655    1306    855     456     606     
2121   1790 944     608     1255    564     812     1500    952     433     663     636     606     1186    1455    1485    1557    1224    1025    605     429     
2121   1791 927     603     1330    442     885     1529    949     425     474     647     955     1055    1466    1535    1585    1376    886     586     109     
2121   1792 917     474     1288    257     865     1512    918     228     447     587     996     1016    1316    1526    1686    1175    876     705     435     
2121   1793 911     530     1247    391     709     1535    967     285     459     422     615     1086    1347    1755    1495    1166    1135    596     530     
2121   1794 986     641     1386    466     946     1640    936     175     716     700     1015    1126    1566    1805    1545    1246    956     606     367     
2121   1795 869     351     1324    46      746     1497    1071    -307    81      386     767     1085    1315    1515    1656    1596    1167    447     663     
2121   1796 899     651     1323    622     817     1480    908     727     467     415     1015    1025    1386    1466    1585    1455    815     456     -25     
2121   1797 901     414     1297    255     764     1555    843     346     465     432     735     1125    1357    1725    1576    1247    815     467     482     
2121   1798 960     507     1439    413     942     1649    937     359     396     509     1035    1285    1686    1626    1635    1356    986     466     152     
2121   1799 788     400     1191    197     610     1453    889     169     277     337     536     955     1405    1515    1436    1286    826     556     129     
2121   1800 928     404     1402    210     853     1616    950     282     220     398     933     1230    1390    1770    1681    1391    920     541     329     
2121   1801 963     568     1379    421     905     1601    974     458     480     671     831     1211    1480    1610    1710    1420    1021    480     146     
2121   1802 898     457     1297    220     836     1482    967     159     371     558     891     1061    1370    1351    1720    1380    1011    509     357     
2121   1803 909     508     1310    291     865     1583    858     182     339     635     911     1050    1370    1761    1610    1140    931     500     436     
2121   1804 959     537     1369    440     830     1587    1051    582     291     466     689     1330    1610    1591    1561    1420    1071    661     208     
2121   1805 900     532     1313    272     823     1523    919     209     411     622     829     1020    1320    1600    1641    1461    821     480     360     
2121   1806 984     505     1317    402     802     1552    1060    418     431     510     681     1211    1491    1540    1622    1341    1061    780     680     
2121   1807 869     579     1308    445     748     1609    831     278     369     292     770     1181    1420    1710    1691    1051    1141    290     189     
2121   1808 887     416     1373    243     760     1666    862     261     280     324     580     1371    1480    1841    1670    1271    720     599     222     
2121   1809 897     484     1247    323     814     1455    918     200     571     603     520     1310    1371    1510    1482    1269    1020    461     411     
2121   1810 878     494     1263    327     742     1481    971     221     350     488     819     922     1461    1522    1461    1389    982     540     357     
2121   1811 970     529     1336    308     961     1488    1126    121     460     709     891     1280    1411    1610    1441    1371    1231    771     314     
2121   1812 821     576     1188    365     664     1386    914     263     529     349     550     1090    1300    1425    1431    1320    931     490     171     
2121   1813 873     506     1249    305     868     1438    830     192     579     680     759     1161    1361    1500    1451    1251    810     430     281     
2121   1814 778     278     1244    41      720     1433    854     -291    141     289     960     920     1221    1600    1471    1281    811     470     430     
2121   1815 908     519     1312    361     936     1484    905     29      651     733     810     1261    1431    1491    1530    1341    1030    340     231     
2121   1816 789     415     1142    239     680     1338    869     272     212     390     660     991     1281    1340    1391    1182    1030    390     308     
2121   1817 889     561     1206    460     727     1427    953     449     640     552     760     871     1511    1410    1361    1320    640     911     249     
2121   1818 989     495     1359    322     759     1664    1160    441     271     452     691     1131    1640    1820    1531    1330    1200    950     362     
2121   1819 927     680     1348    411     897     1576    887     440     433     680     860     1150    1340    1640    1741    1340    910     409     138     
2121   1820 857     370     1279    139     833     1468    866     -28     320     469     891     1141    1359    1570    1471    1230    810     561     472     
2121   1821 956     502     1290    352     820     1453    1129    363     206     573     950     940     1231    1480    1641    1491    1040    861     642     
2121   1822 1007    738     1357    580     962     1596    1044    469     634     779     831     1271    1711    1560    1520    1241    1070    820     160     
2121   1823 841     475     1207    147     799     1362    933     -11     306     502     670     1221    1230    1411    1440    1251    840     711     482     
2121   1824 932     566     1274    461     757     1485    1013    429     471     460     741     1070    1340    1599    1511    1370    951     721     509     
2121   1825 977     578     1393    428     858     1589    1038    378     392     501     911     1162    1411    1720    1630    1510    1080    521     460     
2121   1826 1009    561     1442    372     877     1761    972     41      641     631     880     1120    1731    1790    1761    1360    1111    441     580     
2121   1827 952     501     1335    281     891     1517    1069    172     71      590     892     1190    1416    1651    1480    1371    1141    691     688     
2121   1828 1032    704     1364    575     912     1557    1063    511     521     661     831     1240    1541    1600    1530    1430    1021    740     743     
2121   1829 818     567     1250    400     785     1477    804     30      431     432     670     1251    1492    1511    1429    1130    831     450     141     
2121   1830 873     402     1259    110     955     1422    975     -20     221     773     891     1200    1271    1620    1371    1190    1041    690     180     
2121   1831 1013    546     1392    266     931     1634    1069    161     479     722     920     1151    1540    1670    1690    1371    1270    560     578     
2121   1832 950     610     1328    411     844     1551    1007    310     341     581     860     1090    1520    1591    1541    1359    1070    589     522     
2121   1833 952     542     1330    395     892     1490    961     120     560     392     770     1510    1460    1580    1430    1211    1010    660     688     
2121   1834 1051    726     1386    655     928     1618    1038    709     560     709     769     1301    1541    1690    1620    1380    1061    670     561     
2121   1835 957     623     1363    471     857     1612    963     290     572     579     860     1131    1500    1641    1691    1341    891     660     309     
2121   1836 888     528     1257    343     805     1510    853     368     352     582     720     1110    1530    1541    1459    1169    860     531     410     
2121   1837 886     461     1257    381     564     1605    942     270     471     229     471     990     1551    1691    1570    1251    1050    520     530     
2121   1838 810     419     1243    144     718     1505    905     -150    40      492     610     1050    1441    1561    1511    1271    980     460     402     
2121   1839 871     493     1216    362     694     1461    967     279     410     419     641     1021    1430    1490    1461    1240    931     730     369     
2121   1840 852     531     1269    380     829     1461    814     411     360     381     971     1140    1410    1380    1591    1111    751     582     129     
2121   1841 875     430     1255    157     936     1378    910     111     241     752     780     1270    1290    1380    1460    1340    871     520     441     
2121   1842 926     493     1329    303     855     1574    862     59      420     642     779     1141    1561    1450    1710    1320    721     550     722     
2121   1843 911     530     1272    446     817     1433    932     400     191     562     850     1040    1281    1481    1531    1441    790     570     741     
2121   1844 861     522     1292    433     842     1453    947     381     160     470     980     1080    1470    1540    1350    1330    921     590     39      
2121   1845 830     363     1205    152     668     1423    921     321     90      200     860     951     1491    1430    1351    1141    950     670     462     
2121   1846 1016    661     1436    575     875     1709    1036    630     639     612     780     1230    1820    1651    1661    1469    950     691     49      
2121   1847 927     454     1288    167     819     1556    1005    220     240     559     661     1231    1391    1750    1521    1151    1070    791     483     
2121   1848 943     612     1313    405     936     1458    945     133     612     591     821     1391    1451    1561    1361    1281    971     581     559     
2121   1849 933     614     1282    504     822     1499    970     392     569     610     641     1210    1391    1541    1561    1330    920     660     342     
2121   1850 910     515     1293    341     793     1536    919     71      639     471     900     1011    1540    1619    1450    1230    791     740     461     
2121   1851 918     602     1250    498     788     1481    889     560     471     582     739     1041    1431    1460    1551    1270    1080    310     481     
2121   1852 982     561     1327    481     800     1594    952     492     471     519     820     1061    1320    1872    1580    1290    781     791     769     
2121   1853 841     548     1246    461     726     1464    924     513     61      335     755     1088    1429    1487    1474    1235    1015    519     129     
2121   1854 935     523     1297    303     873     1464    958     362     429     675     918     1027    1324    1542    1521    1442    938     494     511     
2121   1855 807     399     1248    207     636     1526    940     242     -169    328     705     877     1326    1680    1566    1318    972     529     239     
2121   1856 910     513     1263    376     726     1526    936     372     528     439     805     935     1353    1526    1691    1253    1073    480     444     
2121   1857 1012    539     1385    377     806     1656    1100    259     433     535     750     1130    1581    1641    1744    1450    1132    718     727     
2121   1858 915     604     1344    425     779     1578    952     342     183     485     774     1077    1676    1480    1581    1474    955     428     477     
2121   1859 963     609     1358    510     883     1642    914     493     565     727     751     1167    1475    1829    1616    1291    965     483     162     
2121   1860 793     436     1154    230     737     1350    852     354     170     467     592     1147    1233    1452    1362    1121    984     448     151     
2121   1861 916     480     1280    265     809     1523    973     174     492     633     753     1039    1478    1498    1592    1310    1184    417     393     
2121   1862 919     576     1260    431     884     1381    884     393     515     546     876     1229    1268    1416    1457    1304    1025    317     651     
2121   1863 970     623     1259    575     866     1481    958     493     583     655     884     1060    1364    1524    1551    1161    985     727     628     
2121   1864 888     549     1300    370     865     1445    953     239     233     467     885     1244    1355    1554    1423    1331    981     546     368     
2121   1865 973     440     1449    271     869     1578    1087    212     228     287     1063    1265    1564    1660    1510    1630    966     671     582     
2121   1866 969     622     1287    537     780     1523    1016    577     442     480     858     1004    1549    1554    1467    1285    1073    688     615     
2121   1867 905     582     1331    470     795     1514    924     123     693     315     931     1144    1409    1494    1635    1363    929     479     343     
2121   1868 1038    574     1452    448     967     1685    919     385     628     680     872     1346    1547    1826    1678    1425    840     494     719     
2121   1869 961     622     1334    674     780     1534    996     562     749     377     1014    956     1319    1727    1548    1435    975     578     288     
2121   1870 901     490     1371    302     852     1613    902     333     283     468     921     1169    1518    1749    1569    1286    949     470     62      
2121   1871 907     477     1300    229     911     1508    865     54      610     732     873     1127    1280    1519    1717    1271    982     338     357     
2121   1872 976     592     1295    513     823     1552    952     504     691     680     819     970     1410    1706    1535    1317    839     704     533     
2121   1873 902     557     1254    418     765     1526    889     521     178     536     773     985     1416    1621    1538    1175    862     632     531     
2121   1874 934     609     1331    493     885     1545    988     551     387     673     981     1004    1386    1734    1511    1360    1043    561     -19     
2121   1875 948     498     1351    286     867     1505    973     642     231     509     864     1228    1416    1484    1611    1494    892     538     419     
2121   1876 953     518     1304    406     732     1602    1005    320     483     455     786     957     1428    1720    1651    1268    1128    614     601     
2121   1877 918     667     1209    588     701     1502    921     546     619     488     702     912     1517    1470    1520    1123    933     705     466     
2121   1878 926     611     1368    493     870     1598    902     460     560     540     891     1180    1510    1661    1621    1331    1019    351     -30     
2121   1879 743     342     1138    62      644     1368    853     -71     311     471     569     889     1290    1360    1450    1259    889     410     70      
2121   1880 910     442     1311    239     818     1524    901     89      579     621     791     1040    1380    1549    1639    1459    710     540     501     
2121   1881 -999999 -999999 -999999 -999999 -999999 -999999 -999999 -182    300     439     696     1176    1320    1566    1360    1251    731     853     380     
2121   1882 -999999 -999999 -999999 -999999 900     1436    -999999 -999999 611     735     820     1141    1309    1520    1477    1210    980     -999999 385     
2121   1883 -999999 -999999 -999999 -999999 -999999 1447    -999999 -999999 576     158     793     1048    1367    1434    1529    -999999 -999999 558     447     
2121   1884 -999999 -999999 -999999 -999999 -999999 1566    -999999 600     511     603     721     1091    1396    1628    1680    1430    898     -999999 399     
2121   1885 -999999 -999999 -999999 -999999 700     1456    -999999 254     -999999 442     769     889     1378    1629    1354    1193    729     -999999 -999999 
2121   1886 -999999 -999999 -999999 -999999 -999999 -999999 -999999 165     -999999 374     745     1018    1359    1567    1552    1352    -999999 635     167     
2121   1887 -999999 -999999 -999999 -999999 -999999 1598    -999999 204     375     305     604     901     1529    1722    1541    1181    661     411     233     
2121   1888 -999999 -999999 -999999 -999999 -999999 -999999 -999999 298     148     315     578     1055    1274    1365    1363    1205    790     743     502     
2121   1889 -999999 -999999 -999999 -999999 -999999 1501    -999999 322     -999999 429     711     -999999 1515    1529    1458    1198    858     712     288     
2121   1890 -999999 -999999 -999999 -999999 -999999 1402    -999999 527     -999999 583     671     1161    1343    1450    1410    1461    902     561     -999999 
2121   1891 -999999 -999999 -999999 -999999 -999999 1464    -999999 132     -999999 365     616     880     1471    1511    1410    1362    933     529     381     
2121   1892 -999999 -999999 -999999 -999999 -999999 -999999 -999999 228     -999999 261     -999999 1135    1280    1399    1500    1220    695     604     131     
2121   1893 -999999 -999999 -999999 -999999 1026    -999999 -999999 174     -999999 718     1022    1310    1503    1609    1696    1255    942     -999999 499     
2121   1894 -999999 -999999 -999999 -999999 829     1445    -999999 314     -999999 669     949     888     1352    1571    1411    1152    909     -999999 493     
2121   1895 -999999 -999999 -999999 -999999 -999999 -999999 -999999 -999999 -183    493     777     1216    1458    1494    1559    1498    645     723     324     
2121   1896 -999999 -999999 -999999 -999999 -999999 1536    -999999 448     -999999 616     858     1161    1580    1615    1414    1310    636     418     374     
2121   1897 -999999 -999999 -999999 -999999 778     -999999 -999999 135     549     623     711     994     -999999 1651    1588    1196    -999999 -999999 431     
2121   1898 -999999 -999999 -999999 -999999 769     -999999 -999999 625     465     392     839     1020    1333    1522    1623    -999999 1080    691     -999999 
2121   1899 -999999 -999999 -999999 -999999 -999999 1680    -999999 492     484     474     755     975     1567    1720    1754    1271    858     -999999 214     
2121   1900 -999999 -999999 -999999 -999999 -999999 1572    -999999 444     203     337     784     1004    1464    1760    1493    1336    891     -999999 -999999 
2121   1901 -999999 -999999 -999999 -999999 -999999 -999999 -999999 297     219     383     780     1146    1380    1739    -999999 1388    -999999 460     -999999 
2121   1902 -999999 -999999 -999999 -999999 769     -999999 -999999 458     150     661     748     889     -999999 1403    1429    1267    942     -999999 417     
2121   1903 -999999 -999999 -999999 -999999 806     1402    -999999 -999999 -999999 702     633     1096    1297    1484    1429    1296    1032    -999999 329     
2121   1904 -999999 -999999 -999999 -999999 788     1504    -999999 373     331     421     870     1083    1331    1709    1470    1250    892     478     328     
2121   1905 -999999 -999999 -999999 -999999 -999999 1557    -999999 293     -999999 672     693     1061    1474    1719    1468    1223    665     467     464     
2121   1906 -999999 -999999 -999999 -999999 -999999 -999999 -999999 506     281     433     699     984     -999999 1580    1639    1313    1033    720     301     
2121   1907 -999999 -999999 -999999 -999999 -999999 1352    -999999 -999999 262     630     725     -999999 1241    1390    1426    1339    -999999 632     -999999 
2121   1908 -999999 -999999 -999999 -999999 -999999 1478    -999999 227     528     419     579     1197    1372    1580    1466    1264    1130    -999999 400     
2121   1909 -999999 -999999 -999999 -999999 -999999 1381    -999999 314     265     328     860     992     1156    1461    1513    1175    998     440     340     
2121   1910 -999999 -999999 -999999 -999999 -999999 1455    -999999 -999999 472     592     669     1123    1426    1420    1517    1244    -999999 273     635     
2121   1911 -999999 -999999 -999999 -999999 -999999 1701    -999999 349     473     460     736     1289    1446    1820    1815    1364    902     575     581     
2121   1912 -999999 -999999 -999999 -999999 -999999 1398    839     361     -999999 683     844     1187    1385    1540    1290    1098    803     625     660     
2121   1913 -999999 -999999 -999999 -999999 846     -999999 -999999 435     -999999 589     810     1121    1420    1449    1484    1393    1072    816     478     
2121   1914 -999999 -999999 -999999 -999999 -999999 -999999 989     372     657     585     975     1015    1406    1511    1611    1295    1019    663     431     
2121   1915 -999999 -999999 -999999 -999999 -999999 1477    -999999 368     406     456     790     1036    1440    1461    1530    1317    903     -999999 530     
2121   1916 -999999 -999999 -999999 -999999 747     1439    -999999 735     -999999 307     787     1137    1180    1530    1614    1273    1044    654     164     
2121   1917 -999999 -999999 -999999 -999999 -999999 1534    -999999 -999999 80      -999999 540     1232    1486    1595    1521    1396    702     758     211     
2121   1918 -999999 -999999 -999999 -999999 -999999 1473    -999999 352     -999999 536     629     1277    1318    1541    1560    -999999 915     504     -999999 
2121   1919 -999999 -999999 -999999 -999999 -999999 1453    -999999 271     174     354     657     1325    1430    1390    1547    -999999 701     -999999 538     
2121   1920 -999999 -999999 -999999 -999999 -999999 1395    -999999 479     575     678     791     1161    1441    1398    1345    1300    -999999 639     447     
2121   1921 -999999 -999999 -999999 -999999 -999999 1604    -999999 -999999 430     713     742     1135    1419    1847    1522    1383    1240    422     623     
2121   1922 -999999 -999999 -999999 -999999 -999999 1362    -999999 337     387     438     533     1208    1363    1371    1352    1158    789     561     570     
2121   1923 -999999 -999999 -999999 -999999 -999999 -999999 -999999 560     562     626     724     874     1249    1677    1487    1224    938     -999999 341     
2121   1924 -999999 -999999 -999999 -999999 -999999 1427    -999999 467     299     386     659     1071    1365    1504    1410    -999999 966     686     657     
2121   1925 -999999 -999999 -999999 -999999 795     1547    -999999 512     -999999 467     750     1145    1483    1634    1527    1128    1012    -999999 195     
2121   1926 -999999 -999999 -999999 -999999 -999999 -999999 -999999 431     662     -999999 902     1009    1324    1670    1619    1376    756     568     392     
2121   1927 -999999 -999999 -999999 -999999 -999999 1467    -999999 403     -999999 692     729     1057    1243    1580    1562    1235    1032    607     164     
2121   1928 -999999 -999999 -999999 -999999 -999999 1457    -999999 513     579     582     834     1002    1282    1583    1510    1275    1003    725     -999999 
2121   1929 -999999 -999999 -999999 -999999 -999999 1486    -999999 96      -7      583     627     1129    1328    1586    1540    1532    926     639     564     
2121   1930 -999999 -999999 -999999 -999999 -999999 -999999 -999999 533     -999999 509     801     1058    1521    1523    1486    -999999 1022    -999999 -999999 
2121   1931 -999999 -999999 -999999 -999999 -999999 -999999 -999999 312     368     413     753     1129    1422    1527    1414    1093    865     772     476     
2121   1932 -999999 -999999 -999999 -999999 -999999 -999999 -999999 611     276     426     659     996     1400    1558    1670    1245    883     638     562     
2121   1933 -999999 -999999 -999999 -999999 923     -999999 -999999 169     389     730     876     1185    -999999 1757    1719    1481    997     -999999 151     
2121   1934 -999999 -999999 -999999 -999999 -999999 1609    -999999 374     369     465     748     1072    1446    1819    1540    -999999 1032    599     793     
2121   1935 -999999 -999999 -999999 -999999 -999999 -999999 -999999 441     -999999 649     806     991     1437    1676    1644    1352    931     -999999 -999999 
2121   1936 -999999 -999999 -999999 -999999 -999999 1530    -999999 346     -999999 692     624     1067    1466    1515    1605    1426    911     539     506     
2121   1937 -999999 -999999 -999999 -999999 -999999 -999999 -999999 469     -999999 360     898     1172    1370    1566    1665    1290    1023    484     268     
2121   1938 -999999 -999999 -999999 -999999 890     1523    -999999 573     -999999 880     746     1045    1430    1521    1621    1356    1041    907     391     
2121   1939 -999999 -999999 -999999 -999999 -999999 -999999 -999999 388     542     540     857     1124    1392    1505    1641    1393    791     844     318     
2121   1940 -999999 -999999 -999999 -999999 904     1553    -999999 -179    208     540     861     1251    1603    1510    1555    1239    929     662     -999999 
2121   1941 -999999 -999999 -999999 -999999 -999999 -999999 -999999 33      303     -999999 622     930     1484    1672    1437    1407    -999999 -999999 528     
2121   1942 -999999 -999999 -999999 -999999 -999999 -999999 -999999 76      -999999 496     920     1090    1344    1548    1598    1351    1029    475     656     
2121   1943 -999999 -999999 -999999 -999999 940     1549    -999999 434     598     650     1038    1163    1418    1614    1607    1275    1056    -999999 312     
2121   1944 -999999 -999999 -999999 -999999 -999999 -999999 -999999 579     -999999 482     1011    -999999 1349    1627    1682    1239    912     -999999 317     
2121   1945 -999999 -999999 -999999 -999999 -999999 1561    -999999 29      -999999 790     -999999 1209    1435    1664    1575    -999999 1173    663     471     
2121   1946 -999999 -999999 -999999 -999999 -999999 -999999 -999999 254     -999999 469     941     1064    1293    -999999 1469    1396    -999999 803     285     
2121   1947 -999999 -999999 -999999 -999999 846     -999999 -999999 231     -201    345     856     1337    -999999 1699    1855    1486    1017    713     489     
2121   1948 -999999 -999999 -999999 -999999 944     -999999 -999999 532     416     834     891     1117    1307    1475    1500    1358    945     708     -999999 
2121   1949 -999999 -999999 -999999 -999999 -999999 1623    -999999 544     552     501     937     1104    1530    1665    1680    1605    -999999 624     563     
2121   1950 -999999 -999999 -999999 -999999 -999999 -999999 -999999 425     -999999 730     721     1077    1565    1582    1554    1271    912     538     89      
2121   1951 -999999 -999999 -999999 -999999 -999999 1500    -999999 342     370     402     614     980     1394    1623    1480    1387    930     -999999 525     
2121   1952 -999999 -999999 -999999 -999999 -999999 -999999 -999999 247     336     651     930     1300    1414    1664    1577    -999999 857     386     254     
2121   1953 -999999 -999999 -999999 -999999 807     1527    -999999 317     -999999 560     722     1196    1439    1541    1600    1369    942     827     -999999 
2121   1954 -999999 -999999 -999999 -999999 -999999 1397    -999999 291     221     532     747     1024    1340    1412    1442    1270    1142    658     653     
2121   1955 -999999 -999999 -999999 -999999 720     1655    -999999 -999999 -999999 267     909     967     1362    1771    1804    1409    -999999 687     520     
2121   1956 -999999 -999999 -999999 -999999 822     -999999 -999999 354     -65     605     669     1168    1291    1540    1350    -999999 918     584     553     
2121   1957 -999999 -999999 -999999 -999999 -999999 -999999 -999999 543     509     887     872     1026    1493    1584    1513    1217    1068    623     383     
2121   1958 -999999 -999999 -999999 -999999 -999999 1513    -999999 321     450     278     746     1087    1404    1568    1566    1482    1066    629     425     
2121   1959 -999999 -999999 -999999 -999999 -999999 -999999 -999999 114     420     725     880     1254    1515    1683    1698    1474    1267    651     572     
2121   1960 935     -999999 1324    417     883     1536    962     365     332     585     849     1214    1614    1521    1475    1263    954     670     355     
2121   1961 954     620     1330    432     934     1497    1013    297     668     784     961     1058    1439    1500    1550    1468    1027    542     149     
2121   1962 813     455     1198    309     638     1408    902     370     418     224     722     970     1337    1467    1417    1268    965     471     108     
2121   1963 802     283     1244    -106    803     1440    1032    -295    -135    551     831     1028    1469    1464    1387    1279    1063    754     178     
2121   1964 903     507     1334    284     835     1498    961     261     420     365     830     1310    1359    1615    1516    1359    810     721     260     
2121   1965 863     480     1239    285     804     1427    875     303     291     484     784     1145    1431    1375    1476    1216    995     411     409     
2121   1966 908     538     1256    395     789     1488    921     232     559     620     684     1059    1528    1483    1456    1318    963     480     492     
2121   1967 946     589     1295    457     819     1559    975     409     471     705     744     1005    1400    1713    1558    1334    1074    513     391     
2121   1968 903     531     1260    316     781     1498    1060    413     133     635     752     954     1479    1480    1535    1357    1236    582     255     
2121   1969 902     499     1306    285     713     1561    1021    539     36      306     722     1112    1342    1711    1624    1308    1235    513     302     
2121   1970 933     496     1350    306     756     1569    1060    342     269     295     678     1293    1599    1552    1557    1409    1013    761     384     
2121   1971 937     580     1273    400     771     1490    991     403     414     498     727     1087    1219    1682    1561    1343    1060    569     632     
2121   1972 886     610     1187    461     828     1383    908     355     393     636     836     1013    1155    1501    1486    1116    973     634     512     
2121   1973 933     588     1311    455     787     1538    955     427     423     547     693     1118    1461    1539    1612    1429    864     576     472     
2121   1974 922     581     1224    508     774     1452    842     533     521     515     738     1069    1351    1540    1461    1174    747     607     778     
2121   1975 959     597     1340    600     725     1662    942     623     378     428     811     937     1419    1731    1827    1301    969     554     482     
2121   1976 958     573     1399    489     795     1721    937     575     406     443     764     1176    1658    1837    1667    1274    993     543     141     
2121   1977 905     498     1207    262     778     1416    999     217     446     645     693     995     1185    1567    1488    1302    1095    598     587     
2121   1978 906     578     1236    367     783     1440    1108    287     210     653     600     1090    1348    1488    1480    1398    1132    794     344     
2121   1979 853     454     1254    104     733     1500    996     -106    72      461     761     977     1367    1626    1503    1278    1056    651     530     
2121   1980 902     568     1282    415     772     1454    968     178     546     446     818     1052    1378    1421    1562    1457    838     614     510     
2121   1981 901     574     1308    404     872     1523    992     454     233     766     740     1106    1336    1607    1620    1428    820     732     -71     
2121   1982 953     444     1352    174     841     1589    1034    168     453     572     830     1121    1555    1647    1565    1383    972     750     398     
2121   1983 980     594     1345    398     760     1692    1020    659     111     635     649     994     1422    1923    1722    1342    1000    719     510     
2121   1984 948     550     1337    381     724     1634    1069    345     281     434     776     963     1472    1677    1748    1371    1081    755     453     
2121   1985 860     483     1276    201     767     1447    964     43      98      439     816     1046    1245    1620    1471    1445    1065    379     588     
2121   1986 851     449     1200    254     715     1476    950     306     -173    469     562     1110    1455    1620    1354    1085    1042    721     578     
2121   1987 876     515     1287    310     788     1467    950     18      336     384     999     987     1272    1567    1555    1332    911     607     514     
2121   1988 953     606     1275    492     853     1469    918     501     461     635     768     1155    1420    1475    1510    1314    1001    437     737     
2121   1989 1030    676     1384    628     881     1644    1049    580     561     724     628     1284    1454    1810    1662    1444    1134    567     467     
2121   1990 1074    733     1396    608     979     1651    1067    627     741     859     785     1286    1390    1708    1845    1338    1192    667     408     
2121   1991 940     583     1334    278     885     1553    1031    280     133     779     771     1102    1209    1741    1697    1466    1000    629     404     
2121   1992 981     617     1383    434     998     1578    934     339     567     763     869     1356    1579    1617    1538    1326    747     735     302     
2121   1993 942     584     1299    452     907     1500    818     573     478     656     921     1143    1488    1567    1445    1221    783     451     541     
2121   1994 1017    577     1315    477     872     1597    1083    568     305     785     785     1048    1438    1776    1571    1245    1000    1006    620     
2121   1995 1046    711     1446    572     863     1749    1134    442     664     541     891     1157    1452    1859    1926    1371    1264    762     199     
2121   1996 908     548     1311    276     716     1592    1024    389     237     426     835     891     1424    1679    1666    1359    1139    571     260     
2121   1997 1043    612     1403    363     955     1665    1064    173     689     848     890     1126    1394    1675    1918    1397    975     822     569     
2121   1998 1011    733     1332    606     921     1516    1005    526     735     769     748     1239    1416    1536    1590    1453    1013    548     547     
2121   1999 1024    -999999 1389    538     950     1553    1081    562     502     673     908     1258    1320    1752    1579    1500    1013    721     437     
2121   2000 976     651     1313    493     835     1538    1024    476     570     689     711     1111    1467    1518    1632    1435    989     649     482     
2121   2001 -999999 -999999 1342    407     800     1604    1117    302     435     441     712     1221    1412    1707    1687    1292    1300    740     335     
2121   2002 1023    713     1352    509     903     1563    1043    530     679     695     868     1145    1408    1582    1695    1402    942     787     520     
2121   2003 1016    613     1441    419     911     1727    1017    387     343     675     892     1165    1603    1735    1837    1399    855     795     448     
2121   2004 997     612     1364    477     864     1589    1026    506     478     590     865     1137    1525    1540    1698    1407    959     715     531     
2121   2005 1036    647     1402    507     890     1630    1128    587     393     673     875     1123    1555    1687    1647    1518    1269    592     460     
2121   2006 1086    607     1490    423     859     1722    1265    422     382     493     856     1228    1585    1971    1606    1683    1302    808     647     
2121   2007 1050    796     1378    643     1008    1525    1067    698     579     725     1116    1187    1510    1523    1542    1383    1088    728     494     
2121   2008 998     688     1356    566     913     1548    1007    659     543     606     794     1335    1393    1626    1620    1352    969     702     353     
2121   2009 -999999 575     -999999 354     968     -999999 -999999 303     412     703     998     1205    1480    -999999 -999999 -999999 -999999 -999999 -999999 
2121   2010 -999999 -999999 -999999 -999999 -999999 -999999 987     -999999 -999999 -999999 -999999 -999999 -999999 -999999 1572    1390    1054    481     -38     
2121   2011 -999999 -999999 -999999 339     -999999 -999999 -999999 398     693     724     1200    -999999 -999999 -999999 -999999 -999999 -999999 -999999 -999999 
