EUROPEAN CLIMATE ASSESSMENT & DATASET (ECA&D), file created on: 10-05-2011
THESE DATA CAN BE USED FREELY PROVIDED THAT THE FOLLOWING SOURCE IS ACKNOWLEDGED: 

Klein Tank, A.M.G. and Coauthors, 2002. Daily dataset of 20th-century surface
air temperature and precipitation series for the European Climate Assessment.
Int. J. of Climatol., 22, 1441-1453.
Data and metadata available at http://eca.knmi.nl

FILE FORMAT (MISSING VALUE CODE = -999999):

THIS FILE HOLDS DATA FOR STATION UKRAINE                                  KONOTOP                                  (STAID:   1461)
LATITUDE: dd:mm:ss +51:12:00
LONGITUDE: ddd:mm:ss +033:12:00
ELEVATION: m  149

DATA IS FOR INDEX Mean of daily mean temperature (TG) with unit 0.01 Temperature (&#176;C)

01-06 SOUID: Source identifier
08-11 YEAR : YYYY
13-20 ANNUAL DATA VALUES
21-28 WINTER HALF YEAR DATA VALUES
29-36 SUMMER HALF YEAR DATA VALUES
37-44 WINTER (DJF) DATA VALUES
45-52 SPRING (MAM) DATA VALUES
53-60 SUMMER (JJA) DATA VALUES
61-68 AUTUMN (SON) DATA VALUES
69-76 JANUARY DATA VALUES
etc. 
157-164 DECEMBER DATA VALUES

1461   1995 -999999 -999999 1602    -999999 897     1954    691     -554    58      319     896     1458    2040    1978    1842    1386    777     -96     -654    
1461   1996 -999999 -999999 -999999 -816    735     1865    -999999 -982    -806    -412    854     1842    1761    1992    1837    1149    725     550     -532    
1461   1997 -999999 -999999 1462    -494    692     1893    663     -656    -286    68      532     1470    1882    1972    1823    1088    593     293     -609    
1461   1998 -999999 -999999 -999999 -387    784     1948    573     -316    -207    -23     851     1477    2048    2023    1772    1374    722     -449    -651    
1461   1999 -999999 -999999 -999999 -409    821     2102    689     -308    -279    214     1140    1151    2199    2267    1856    1423    783     -169    -123    
1461   2000 -999999 -999999 -999999 -277    923     1887    799     -562    -124    105     1355    1353    1746    1969    1942    1205    867     268     47      
1461   2001 -999999 -999999 -999999 -153    836     2048    765     -160    -360    144     1086    1300    1652    2415    2063    1328    792     174     -874    
1461   2002 -999999 -999999 -999999 -383    949     2046    725     -455    242     463     928     1473    1861    2315    1941    1370    566     226     -997    
1461   2003 -999999 -999999 -999999 -780    761     1849    746     -477    -874    -103    602     1778    1661    2037    1848    1277    709     254     -271    
1461   2004 -999999 -999999 -999999 -999999 788     1913    799     -376    -407    329     810     1210    1681    2005    2042    1390    850     157     -78     
1461   2005 828     -23     1674    -253    783     1923    875     -96     -619    -374    1006    1724    1680    2059    2022    1530    872     221     -188    
1461   2006 761     -151    1600    -618    702     1959    853     -838    -850    -148    869     1391    1907    1973    1997    1441    931     203     172     
1461   2007 925     230     1702    -103    1008    2094    764     88      -620    524     734     1757    2009    2086    2186    1409    903     -25     -90     
1461   2008 903     133     1622    -183    983     1972    873     -398    -53     456     1117    1361    1773    2056    2084    1335    993     292     -182    
1461   2009 856     90      1660    -306    844     1988    963     -464    -268    170     908     1455    2048    2109    1808    1620    849     424     -447    
1461   2010 887     -126    1883    -667    895     2358    923     -1101   -430    -60     982     1767    2168    2503    2395    1447    582     745     -430    
1461   2011 -999999 -99     -999999 -596    -999999 -999999 -999999 -532    -849    -128    899     -999999 -999999 -999999 -999999 -999999 -999999 -999999 -999999 
