EUROPEAN CLIMATE ASSESSMENT & DATASET (ECA&D), file created on: 10-05-2011
THESE DATA CAN BE USED FREELY PROVIDED THAT THE FOLLOWING SOURCE IS ACKNOWLEDGED: 

Klein Tank, A.M.G. and Coauthors, 2002. Daily dataset of 20th-century surface
air temperature and precipitation series for the European Climate Assessment.
Int. J. of Climatol., 22, 1441-1453.
Data and metadata available at http://eca.knmi.nl

FILE FORMAT (MISSING VALUE CODE = -999999):

THIS FILE HOLDS DATA FOR STATION GERMANY                                  OBERSTDORF (WST)                         (STAID:    828)
LATITUDE: dd:mm:ss +47:24:00
LONGITUDE: ddd:mm:ss +010:16:48
ELEVATION: m  810

DATA IS FOR INDEX Mean of daily mean temperature (TG) with unit 0.01 Temperature (&#176;C)

01-06 SOUID: Source identifier
08-11 YEAR : YYYY
13-20 ANNUAL DATA VALUES
21-28 WINTER HALF YEAR DATA VALUES
29-36 SUMMER HALF YEAR DATA VALUES
37-44 WINTER (DJF) DATA VALUES
45-52 SPRING (MAM) DATA VALUES
53-60 SUMMER (JJA) DATA VALUES
61-68 AUTUMN (SON) DATA VALUES
69-76 JANUARY DATA VALUES
etc. 
157-164 DECEMBER DATA VALUES

828    1958 611     -999999 1200    -999999 402     1473    669     -302    9       -281    243     1237    1271    1592    1551    1283    594     132     -36     
828    1959 654     115     1205    -157    685     1466    610     -307    -126    410     633     1010    1318    1651    1425    1177    647     6       -56     
828    1960 630     93      1141    -147    650     1388    698     -310    -70     328     544     1076    1428    1341    1397    1049    639     408     -288    
828    1961 713     159     1237    -136    678     1409    812     -269    179     295     892     853     1434    1388    1406    1452    840     145     -78     
828    1962 509     53      1111    -156    347     1421    609     -129    -271    -217    461     800     1234    1436    1586    1133    724     -33     -671    
828    1963 523     -274    1188    -787    497     1453    840     -925    -761    -17     583     928     1344    1613    1399    1251    721     553     -487    
828    1964 621     44      1253    -356    625     1507    648     -500    -63     49      674     1153    1489    1651    1382    1158    486     306     -337    
828    1965 544     -49     1073    -371    415     1383    626     -150    -651    5       371     867     1403    1402    1345    1036    679     161     -30     
828    1966 638     95      1177    -103    572     1354    759     -555    315     25      705     990     1424    1330    1311    1299    983     -12     -164    
828    1967 627     107     1156    -203    545     1468    764     -310    -129    247     391     991     1231    1688    1478    1134    913     240     -411    
828    1968 593     56      1123    -295    516     1377    760     -368    -92     51      539     959     1353    1427    1350    1097    895     284     -400    
828    1969 563     50      1173    -321    573     1362    761     -211    -357    57      468     1191    1144    1598    1336    1280    784     217     -814    
828    1970 548     -60     1104    -429    307     1464    706     -274    -176    -103    225     796     1460    1475    1456    1196    584     344     -443    
828    1971 589     -72     1206    -358    508     1464    603     -341    -282    -302    696     1135    1189    1616    1576    996     705     106     -96     
828    1972 597     178     1065    -49     615     1364    479     -209    172     388     531     923     1261    1451    1376    829     439     171     -179    
828    1973 567     -43     1168    -249    387     1492    633     -241    -337    -131    187     1100    1388    1449    1635    1225    507     170     -206    
828    1974 638     149     1128    -49     586     1413    500     17      50      348     503     903     1181    1476    1574    1114    220     176     45      
828    1975 646     109     1189    33      548     1414    706     124     -81     156     451     1033    1177    1528    1529    1397    587     139     -338    
828    1976 620     29      1181    -215    573     1478    684     -155    -149    81      531     1107    1564    1624    1250    998     859     188     -484    
828    1977 675     166     1102    -182    607     1403    729     -153    119     465     335     1011    1360    1502    1347    1039    926     217     -115    
828    1978 575     123     1080    -210    516     1338    626     -261    -260    197     476     873     1260    1411    1340    1109    653     116     -69     
828    1979 637     75      1129    -208    556     1411    699     -509    -29     278     347     1035    1398    1475    1360    1146    841     105     146     
828    1980 554     149     1078    -84     432     1368    664     -418    29      184     250     858     1189    1301    1608    1245    656     92      -362    
828    1981 614     -28     1209    -437    692     1432    699     -488    -463    357     670     1049    1368    1400    1525    1229    698     170     -224    
828    1982 686     62      1242    -203    498     1549    829     -159    -230    93      357     1040    1445    1722    1477    1398    716     378     -68     
828    1983 690     151     1278    -151    613     1627    694     35      -449    246     688     906     1436    1922    1518    1180    766     134     -195    
828    1984 589     10      1092    -243    367     1429    757     -146    -398    -125    382     845     1312    1533    1437    1023    828     419     -75     
828    1985 589     38      1206    -380    580     1447    618     -782    -273    94      541     1104    1194    1707    1431    1239    731     -119    132     
828    1986 622     -15     1195    -289    594     1451    777     -230    -820    133     430     1213    1346    1504    1499    1159    840     329     -55     
828    1987 609     10      1189    -293    373     1441    873     -724    -78     -250    627     749     1256    1617    1445    1429    930     258     17      
828    1988 693     202     1234    3       593     1478    709     142     -162    5       571     1203    1312    1599    1518    1182    908     31      -34     
828    1989 708     249     1189    7       725     1438    642     -78     146     502     581     1087    1228    1594    1484    1139    773     11      -23     
828    1990 709     229     1192    44      695     1474    719     -160    344     435     449     1192    1319    1533    1565    1067    925     158     -345    
828    1991 631     125     1180    -301    544     1537    720     -241    -318    532     420     675     1247    1732    1621    1368    630     164     -334    
828    1992 725     58      1330    -245    702     1640    731     -296    -96     276     558     1267    1403    1690    1818    1216    571     412     -144    
828    1993 662     101     1252    -130    675     1465    544     28      -290    -2      786     1246    1427    1432    1534    1070    613     -54     79      
828    1994 801     197     1307    -8      754     1660    806     -10     -102    619     513     1122    1484    1824    1668    1206    651     564     -1      
828    1995 623     148     1172    -105    536     1474    680     -444    155     -21     601     1031    1187    1788    1439    959     1059    10      -320    
828    1996 538     -12     1133    -333    485     1438    581     -297    -383    -163    603     1018    1450    1435    1430    844     700     195     -405    
828    1997 681     104     1189    -239    628     1464    709     -346    63      416     392     1069    1357    1432    1598    1265    628     238     14      
828    1998 662     153     1255    -35     637     1550    572     -131    16      146     638     1126    1474    1592    1582    1102    778     -171    -252    
828    1999 643     10      1256    -262    648     1468    674     -197    -344    205     533     1202    1266    1603    1528    1385    796     -162    -186    
828    2000 728     35      1282    -211    715     1505    775     -442    9       185     736     1225    1551    1337    1628    1204    813     307     161     
828    2001 -999999 -999999 -999999 -999999 -999999 -999999 -999999 -999999 -999999 -999999 -999999 -999999 -999999 -999999 -999999 -999999 -999999 -999999 -999999 
828    2002 -999999 -999999 -999999 -999999 -999999 -999999 -999999 -999999 -999999 -999999 -999999 -999999 -999999 -999999 -999999 -999999 -999999 -999999 -999999 
828    2003 -999999 -999999 -999999 -999999 -999999 -999999 -999999 -999999 -999999 -999999 -999999 -999999 -999999 -999999 -999999 -999999 -999999 -999999 -999999 
828    2004 693     -999999 1252    -999999 555     1546    828     -228    -117    81      674     913     1393    1589    1651    1278    1004    197     -142    
828    2005 659     80      1306    -305    678     1527    818     -337    -449    159     737     1140    1543    1620    1418    1367    926     158     -448    
828    2006 738     -41     1344    -438    578     1579    1076    -581    -269    -49     660     1126    1493    1933    1308    1532    1152    541     -50     
828    2007 792     423     1354    143     876     1586    639     211     281     395     1024    1214    1586    1624    1549    1115    783     15      -322    
828    2008 -999999 164     -999999 -13     701     1587    786     76      222     210     573     1276    1576    1571    1614    1140    921     297     -262    
828    2009 -999999 -999999 -999999 -336    777     1638    931     -517    -205    167     877     1286    1467    1648    1770    1392    818     586     -106    
828    2010 -999999 -999999 1285    -999999 663     1603    714     -499    -999999 210     731     1020    1459    1806    1547    1146    710     285     -377    
828    2011 -999999 148     -999999 -204    -999999 -999999 -999999 -260    49      476     937     -999999 -999999 -999999 -999999 -999999 -999999 -999999 -999999 
