EUROPEAN CLIMATE ASSESSMENT & DATASET (ECA&D), file created on: 10-05-2011
THESE DATA CAN BE USED FREELY PROVIDED THAT THE FOLLOWING SOURCE IS ACKNOWLEDGED: 

Klein Tank, A.M.G. and Coauthors, 2002. Daily dataset of 20th-century surface
air temperature and precipitation series for the European Climate Assessment.
Int. J. of Climatol., 22, 1441-1453.
Data and metadata available at http://eca.knmi.nl

FILE FORMAT (MISSING VALUE CODE = -999999):

THIS FILE HOLDS DATA FOR STATION RUSSIAN FEDERATION                       MEZEN                                    (STAID:   1093)
LATITUDE: dd:mm:ss +65:52:12
LONGITUDE: ddd:mm:ss +044:13:12
ELEVATION: m   14

DATA IS FOR INDEX Mean of daily mean temperature (TG) with unit 0.01 Temperature (&#176;C)

01-06 SOUID: Source identifier
08-11 YEAR : YYYY
13-20 ANNUAL DATA VALUES
21-28 WINTER HALF YEAR DATA VALUES
29-36 SUMMER HALF YEAR DATA VALUES
37-44 WINTER (DJF) DATA VALUES
45-52 SPRING (MAM) DATA VALUES
53-60 SUMMER (JJA) DATA VALUES
61-68 AUTUMN (SON) DATA VALUES
69-76 JANUARY DATA VALUES
etc. 
157-164 DECEMBER DATA VALUES

1093   1995 -999999 -999999 -999999 -999999 -999999 1221    -999999 -755    -829    -497    171     644     1102    1328    1232    854     176     -999    -1333   
1093   1996 -999999 -999999 -999999 -999999 -193    -999999 -999999 -860    -1359   -540    -409    361     981     1365    1148    530     184     -10     -1049   
1093   1997 -999999 -999999 -999999 -999999 -999999 1118    -999999 -1673   -1437   -658    -347    -999999 1131    995     1236    808     -58     -734    -1349   
1093   1998 -999999 -999999 -999999 -999999 -999999 -999999 -999999 -1460   -999999 -907    -713    437     1209    -999999 1139    669     31      -1045   -1554   
1093   1999 -999999 -999999 -999999 -999999 -332    -999999 -999999 -999999 -1577   -748    -129    -147    -999999 -999999 1144    830     421     -999999 -999999 
1093   2000 -999999 -999999 -999999 -999999 -999999 -999999 -999999 -999999 -999999 -999999 37      -999999 -999999 -999999 -999999 -999999 -999999 -999999 -999999 
1093   2001 -999999 -999999 -999999 -999999 -999999 -999999 -999999 -999999 -999999 -999999 -999999 -999999 -999999 -999999 -999999 -999999 -999999 -999999 -999999 
1093   2002 -999999 -999999 -999999 -999999 -999999 -999999 -999999 -999999 -999999 -999999 -999999 -999999 -999999 -999999 -999999 -999999 -999999 -999999 -999999 
1093   2003 -999999 -999999 -999999 -999999 -999999 -999999 -999999 -999999 -999999 -999999 -999999 -999999 -999999 -999999 -999999 -999999 -999999 -999999 -999999 
1093   2004 -999999 -999999 -999999 -999999 -999999 -999999 -999999 -999999 -999999 -999999 -999999 -999999 -999999 -999999 -999999 -999999 -999999 -999999 -999999 
1093   2005 -999999 -999999 -999999 -999999 -999999 -999999 -999999 -999999 -999999 -999999 -999999 -999999 -999999 -999999 -999999 -999999 -999999 -999999 -999999 
1093   2006 -999999 -999999 -999999 -999999 -999999 -999999 -999999 -999999 -999999 -999999 -999999 -999999 -999999 -999999 -999999 -999999 -999999 -999999 -999999 
1093   2007 -999999 -999999 -999999 -999999 -999999 -999999 -999999 -999999 -999999 -999999 -999999 -999999 -999999 -999999 -999999 -999999 -999999 -999999 -999999 
1093   2008 -999999 -999999 -999999 -999999 -999999 -999999 -999999 -999999 -999999 -999999 -999999 -999999 -999999 -999999 -999999 -999999 -999999 -999999 -999999 
1093   2009 -999999 -999999 -999999 -999999 -999999 -999999 237     -999999 -999999 -637    -263    411     1123    1349    1212    1052    72      -386    -1446   
1093   2010 -999999 -999999 1016    -999999 127     1361    105     -1683   -1640   -854    181     991     1012    1804    1255    791     242     -750    -1400   
1093   2011 -999999 -999999 -999999 -1659   -999999 -999999 -999999 -1551   -2059   -487    129     -999999 -999999 -999999 -999999 -999999 -999999 -999999 -999999 
