EUROPEAN CLIMATE ASSESSMENT & DATASET (ECA&D), file created on: 10-05-2011
THESE DATA CAN BE USED FREELY PROVIDED THAT THE FOLLOWING SOURCE IS ACKNOWLEDGED: 

Klein Tank, A.M.G. and Coauthors, 2002. Daily dataset of 20th-century surface
air temperature and precipitation series for the European Climate Assessment.
Int. J. of Climatol., 22, 1441-1453.
Data and metadata available at http://eca.knmi.nl

FILE FORMAT (MISSING VALUE CODE = -999999):

THIS FILE HOLDS DATA FOR STATION UNITED KINGDOM                           ESKDALEMUIR                              (STAID:    272)
LATITUDE: dd:mm:ss +55:19:00
LONGITUDE: ddd:mm:ss -003:12:00
ELEVATION: m  242

DATA IS FOR INDEX Mean of daily mean temperature (TG) with unit 0.01 Temperature (&#176;C)

01-06 SOUID: Source identifier
08-11 YEAR : YYYY
13-20 ANNUAL DATA VALUES
21-28 WINTER HALF YEAR DATA VALUES
29-36 SUMMER HALF YEAR DATA VALUES
37-44 WINTER (DJF) DATA VALUES
45-52 SPRING (MAM) DATA VALUES
53-60 SUMMER (JJA) DATA VALUES
61-68 AUTUMN (SON) DATA VALUES
69-76 JANUARY DATA VALUES
etc. 
157-164 DECEMBER DATA VALUES

272    1954 -999999 -999999 -999999 -999999 -999999 1135    -999999 114     -30     300     560     902     1085    1142    1174    880     -999999 393     358     
272    1955 -999999 -999999 -999999 -999999 503     1373    -999999 21      -999999 102     732     717     1078    1544    1476    1131    563     509     240     
272    1956 -999999 -999999 -999999 -999999 -999999 -999999 -999999 19      -999999 440     435     904     995     1286    1038    1138    734     416     453     
272    1957 -999999 -999999 -999999 -999999 -999999 -999999 -999999 288     150     606     662     800     1175    1407    1249    936     787     449     199     
272    1958 -999999 -999999 -999999 -999999 484     1285    -999999 -1      -999999 114     542     777     1117    1382    1332    1269    819     389     186     
272    1959 -999999 -999999 -999999 115     -999999 -999999 -999999 -128    298     523     545     1041    1236    1341    1370    1157    1063    -999999 334     
272    1960 -999999 -999999 -999999 -999999 -999999 -999999 -999999 127     -999999 431     723     1024    -999999 1267    1265    1030    840     -999999 114     
272    1961 -999999 -999999 -999999 -999999 752     1180    -999999 43      437     609     740     898     1115    1229    1189    1190    793     425     -62     
272    1962 -999999 -999999 -999999 -999999 477     1147    -999999 155     -999999 70      555     821     1073    1182    1186    1010    797     295     29      
272    1963 -999999 -999999 -999999 -999999 -999999 1214    -999999 -280    -295    359     602     781     1240    1246    1154    1011    831     454     151     
272    1964 -999999 -999999 -999999 -999999 -999999 1212    753     210     -999999 221     665     966     1129    1261    1240    1090    686     498     52      
272    1965 -999999 -999999 -999999 -999999 -999999 -999999 -999999 -999999 -999999 233     587     860     1193    1076    1189    967     810     219     148     
272    1966 -999999 -999999 -999999 -999999 -999999 -999999 -999999 129     184     464     400     837     1302    1219    1164    1180    737     342     -999999 
272    1967 -999999 -999999 -999999 -999999 -999999 -999999 -999999 249     301     394     -999999 725     1178    1261    1293    1107    753     343     231     
272    1968 -999999 -999999 -999999 -999999 -999999 -999999 -999999 171     -138    349     560     730     -999999 1244    1244    1104    984     416     132     
272    1969 -999999 -999999 -999999 -999999 -999999 -999999 -999999 292     -999999 74      481     834     1131    -999999 1390    1112    1069    -999999 102     
272    1970 -999999 -999999 -999999 -999999 514     -999999 -999999 -999999 -999999 199     417     960     -999999 1180    1372    1101    794     -999999 258     
272    1971 -999999 -999999 -999999 -999999 581     1215    -999999 246     -999999 301     540     890     987     1387    1250    1184    838     -999999 557     
272    1972 -999999 -999999 -999999 -999999 645     1147    -999999 -999999 234     446     643     840     951     1326    1171    888     849     254     338     
272    1973 -999999 -999999 -999999 -999999 566     -999999 -999999 214     -999999 437     427     828     1224    1276    1252    1073    644     289     162     
272    1974 -999999 -999999 -999999 -999999 613     1174    -999999 364     326     354     573     890     1065    1227    1222    883     571     387     528     
272    1975 -999999 -999999 -999999 -999999 -999999 -999999 -999999 400     273     296     552     721     1167    1420    1573    975     780     356     364     
272    1976 -999999 -999999 -999999 -999999 -999999 -999999 -999999 373     281     229     588     874     -999999 1461    1409    -999999 785     388     -45     
272    1977 -999999 -999999 -999999 39      579     -999999 -999999 -10     183     421     507     794     1050    1339    1246    1023    945     327     349     
272    1978 -999999 -999999 -999999 -999999 -999999 -999999 -999999 21      -37     387     408     1009    1066    1198    1246    1117    946     566     157     
272    1979 -999999 -999999 -999999 -999999 -999999 -999999 -999999 -255    -76     142     475     667     1150    1246    1164    1007    888     365     -999999 
272    1980 -999999 -999999 -999999 -999999 571     -999999 -999999 -26     266     180     684     855     1053    1190    1250    1127    570     428     360     
272    1981 -999999 -999999 -999999 -999999 -999999 1228    -999999 186     103     452     550     912     1091    1263    1327    1129    465     508     -274    
272    1982 -999999 -999999 -999999 5       630     -999999 -999999 11      309     374     -999999 878     -999999 1399    1231    1018    786     -999999 177     
272    1983 -999999 -999999 -999999 -999999 552     -999999 -999999 410     28      439     436     787     1133    1593    1420    1024    666     -999999 429     
272    1984 -999999 -999999 -999999 -999999 -999999 -999999 -999999 30      -999999 275     614     818     1192    1440    1420    1008    827     -999999 323     
272    1985 -999999 -999999 -999999 -999999 -999999 -999999 -999999 -49     35      212     -999999 854     964     1214    1155    1092    837     84      372     
272    1986 -999999 -999999 -999999 -999999 -999999 -999999 -999999 46      -216    305     351     813     -999999 1192    1042    880     772     513     286     
272    1987 -999999 -999999 -999999 -999999 -999999 1198    -999999 -92     -999999 189     661     757     1004    1329    1261    1000    631     438     306     
272    1988 -999999 -999999 -999999 -999999 -999999 1247    -999999 273     -999999 357     550     859     1272    1219    1248    968     760     316     506     
272    1989 -999999 -999999 -999999 -999999 -999999 -999999 -999999 467     -999999 414     431     931     1095    1484    1305    987     906     456     160     
272    1990 -999999 -999999 -999999 -999999 -999999 -999999 -999999 421     -999999 560     552     951     1099    1369    1350    952     -999999 430     185     
272    1991 -999999 -999999 -999999 -999999 654     1264    -999999 -999999 7       534     542     890     953     1471    1383    1106    711     389     205     
272    1992 -999999 -999999 -999999 -999999 -999999 -999999 -999999 167     331     466     564     1075    1290    1264    1198    1047    475     -999999 106     
272    1993 -999999 -999999 -999999 -999999 -999999 -999999 -999999 297     -999999 407     635     794     -999999 1215    1115    921     535     192     155     
272    1994 -999999 -999999 -999999 -999999 -999999 1242    -999999 216     75      -999999 512     714     1115    1403    1200    968     715     719     345     
272    1995 -999999 -999999 -999999 -999999 -999999 -999999 -999999 141     337     198     603     856     1203    1440    1536    1114    1015    534     -28     
272    1996 -999999 -999999 -999999 -999999 -999999 -999999 -999999 322     81      227     589     653     1113    1296    1383    1120    854     193     81      
272    1997 -999999 -999999 -999999 -999999 -999999 1353    -999999 60      383     534     674     853     1108    1416    1530    1100    716     -999999 356     
272    1998 -999999 -999999 -999999 -999999 -999999 -999999 -999999 242     566     511     536     1045    1048    1265    1255    1206    724     372     329     
272    1999 -999999 -999999 -999999 -999999 723     -999999 -999999 270     314     464     692     1011    1112    1412    1272    1225    801     -999999 153     
272    2000 -999999 -999999 -999999 -999999 -999999 -999999 -999999 278     328     531     541     910     1063    1311    1323    -999999 743     422     275     
272    2001 -999999 -999999 -999999 -999999 -999999 -999999 -999999 141     145     181     504     -999999 1080    1337    1279    1082    1069    522     169     
272    2002 -999999 -999999 -999999 -999999 715     1290    795     355     384     510     673     960     1173    1273    1434    1156    672     539     318     
272    2003 -999999 -999999 -999999 -999999 765     1418    798     220     192     533     815     943     1320    1466    1471    1141    681     577     243     
272    2004 -999999 -999999 -999999 -999999 730     1352    -999999 256     240     429     730     1032    1266    1316    1477    1178    784     496     381     
272    2005 805     -999999 1123    369     694     1332    856     424     295     545     678     857     1263    1404    1326    1201    982     383     259     
272    2006 837     400     1205    269     584     1441    996     273     276     218     607     927     1319    1651    1348    1368    1028    591     403     
272    2007 825     560     1140    407     774     1302    855     452     362     504     894     929     1285    1313    1308    1105    891     569     260     
272    2008 784     480     1150    342     706     1352    768     377     391     386     577     1151    1179    1471    1401    1100    708     497     154     
272    2009 -999999 372     -999999 182     737     -999999 -999999 163     235     467     781     965     1314    -999999 -999999 -999999 -999999 -999999 -999999 
272    2010 -999999 -999999 -999999 -999999 -999999 -999999 788     -999999 -999999 -999999 -999999 -999999 -999999 -999999 1301    1195    843     292     -203    
272    2011 -999999 -999999 -999999 115     -999999 -999999 -999999 178     397     419     958     -999999 -999999 -999999 -999999 -999999 -999999 -999999 -999999 
