EUROPEAN CLIMATE ASSESSMENT & DATASET (ECA&D), file created on: 10-05-2011
THESE DATA CAN BE USED FREELY PROVIDED THAT THE FOLLOWING SOURCE IS ACKNOWLEDGED: 

Klein Tank, A.M.G. and Coauthors, 2002. Daily dataset of 20th-century surface
air temperature and precipitation series for the European Climate Assessment.
Int. J. of Climatol., 22, 1441-1453.
Data and metadata available at http://eca.knmi.nl

FILE FORMAT (MISSING VALUE CODE = -999999):

THIS FILE HOLDS DATA FOR STATION GERMANY                                  SANKT PETER-ORDING                       (STAID:    807)
LATITUDE: dd:mm:ss +54:19:48
LONGITUDE: ddd:mm:ss +008:36:00
ELEVATION: m    5

DATA IS FOR INDEX Mean of daily mean temperature (TG) with unit 0.01 Temperature (&#176;C)

01-06 SOUID: Source identifier
08-11 YEAR : YYYY
13-20 ANNUAL DATA VALUES
21-28 WINTER HALF YEAR DATA VALUES
29-36 SUMMER HALF YEAR DATA VALUES
37-44 WINTER (DJF) DATA VALUES
45-52 SPRING (MAM) DATA VALUES
53-60 SUMMER (JJA) DATA VALUES
61-68 AUTUMN (SON) DATA VALUES
69-76 JANUARY DATA VALUES
etc. 
157-164 DECEMBER DATA VALUES

807    1958 830     -999999 1293    -999999 502     1562    1065    56      91      -44     461     1087    1403    1618    1659    1514    1125    553     380     
807    1959 906     446     1425    169     824     1695    958     111     0       465     870     1140    1484    1795    1799    1447    952     476     263     
807    1960 847     355     1313    134     703     1549    985     87      48      290     684     1135    1502    1535    1608    1402    902     653     287     
807    1961 909     467     1367    227     838     1563    1077    22      387     551     886     1078    1562    1551    1575    1546    1186    497     45      
807    1962 767     381     1192    164     559     1413    954     263     185     93      651     936     1330    1409    1497    1320    1111    426     -50     
807    1963 726     107     1314    -341    622     1581    1023    -541    -443    98      652     1117    1486    1641    1614    1361    947     765     -50     
807    1964 805     298     1329    27      641     1539    923     36      100     -8      717     1216    1483    1573    1559    1412    769     592     202     
807    1965 786     350     1239    180     600     1469    865     216     114     188     609     1004    1434    1446    1526    1407    981     202     256     
807    1966 819     279     1298    45      667     1568    956     -125    -1      333     453     1209    1608    1565    1532    1405    1054    406     325     
807    1967 939     476     1344    269     790     1598    1090    171     316     569     629     1166    1405    1710    1673    1464    1178    626     312     
807    1968 864     444     1376    137     756     1651    1040    28      66      438     822     1011    1612    1616    1723    1463    1110    545     -92     
807    1969 807     255     1375    -38     537     1690    1088    96      -125    -31     604     1039    1534    1751    1781    1526    1130    606     -280    
807    1970 792     196     1299    -234    537     1642    1001    -251    -164    112     421     1075    1696    1588    1643    1356    1003    642     321     
807    1971 876     404     1318    205     648     1587    979     26      275     153     602     1188    1385    1684    1685    1346    1039    548     535     
807    1972 832     400     1318    126     765     1607    894     -248    88      421     701     1171    1403    1768    1642    1205    838     641     329     
807    1973 883     473     1343    285     725     1650    898     245     283     490     565     1115    1528    1758    1659    1416    784     496     217     
807    1974 914     443     1298    318     746     1525    925     353     390     413     775     1050    1427    1505    1639    1381    766     633     601     
807    1975 942     517     1399    452     679     1712    964     576     149     347     618     1069    1450    1708    1969    1558    856     482     455     
807    1976 856     352     1379    230     625     1709    981     205     16      80      612     1182    1558    1856    1709    1334    994     616     81      
807    1977 886     411     1287    105     740     1574    1021    52      192     519     579     1115    1507    1630    1582    1290    1113    657     341     
807    1978 834     444     1262    152     693     1535    1048    183     -93     417     475     1181    1507    1497    1600    1292    1102    749     29      
807    1979 745     245     1257    -204    627     1495    923     -356    -293    203     587     1091    1444    1461    1578    1370    859     542     387     
807    1980 802     322     1308    109     622     1568    940     -165    103     201     649     1016    1497    1570    1636    1469    903     450     284     
807    1981 827     373     1350    144     804     1555    973     56      87      434     675     1298    1415    1603    1641    1453    911     556     -246    
807    1982 900     234     1407    -160    724     1716    1097    -220    3       388     657     1124    1560    1803    1780    1502    1078    712     352     
807    1983 943     527     1401    314     765     1699    1026    513     51      415     770     1108    1509    1827    1754    1422    1082    572     219     
807    1984 853     397     1285    168     676     1529    1013    224     53      215     708     1106    1328    1518    1734    1298    1170    567     274     
807    1985 777     268     1323    -128    706     1558    913     -415    -254    228     665     1223    1366    1658    1645    1365    1077    292     398     
807    1986 821     271     1296    7       682     1572    1018    -14     -403    210     579     1254    1523    1638    1552    1211    1051    791     371     
807    1987 759     309     1250    5       570     1462    1015    -353    -4      -16     782     950     1239    1608    1531    1380    972     693     287     
807    1988 944     521     1360    374     761     1593    975     476     358     334     670     1277    1481    1668    1626    1423    964     538     489     
807    1989 983     607     1368    486     828     1625    1042    484     486     666     581     1228    1556    1712    1605    1509    1142    471     316     
807    1990 999     612     1379    449     935     1618    975     435     610     695     794     1313    1478    1619    1751    1299    1090    532     339     
807    1991 879     454     1331    169     745     1623    958     273     -134    568     736     930     1268    1845    1745    1442    916     516     361     
807    1992 991     509     1486    361     891     1779    930     311     416     528     764     1377    1778    1834    1725    1419    744     634     342     
807    1993 829     416     1321    261     838     1509    708     249     183     326     879     1309    1459    1554    1511    1200    782     140     299     
807    1994 956     333     1434    202     800     1759    991     366     -89     452     793     1156    1419    2080    1767    1364    878     735     466     
807    1995 928     520     1422    364     751     1738    1066    150     486     407     765     1080    1448    1861    1896    1460    1235    497     -175    
807    1996 751     192     1302    -219    590     1614    951     -228    -256    61      794     920     1403    1577    1855    1249    1060    542     -2      
807    1997 925     383     1459    69      750     1839    927     -135    372     465     651     1131    1586    1818    2105    1442    898     441     285     
807    1998 926     508     1383    379     900     1587    858     372     491     556     814     1328    1557    1587    1615    1385    930     256     189     
807    1999 1002    413     1490    245     876     1688    1121    321     222     539     870     1220    1457    1850    1751    1778    1006    582     376     
807    2000 1003    550     1388    401     923     1550    1113    363     467     501     894     1372    1470    1519    1658    1404    1180    753     439     
807    2001 -999999 485     1404    249     726     1691    1147    150     148     214     713     1252    1382    1832    1840    1378    1334    694     204     
807    2002 -999999 -999999 1542    -999999 912     1820    971     318     -999999 548     829     1345    1665    1784    2007    1603    834     480     1       
807    2003 -999999 308     1540    9       876     1853    987     91      -74     483     869     1277    1710    1918    1926    1521    745     686     383     
807    2004 -999999 -999999 -999999 -999999 864     1685    1073    103     305     450     945     1202    1467    1657    1916    1546    1045    649     448     
807    2005 -999999 -999999 1453    -999999 820     1671    1213    424     97      326     901     1205    1512    1844    1647    1603    1260    774     356     
807    2006 -999999 -999999 1546    -999999 726     1819    -999999 -35     159     100     752     1286    1578    2072    1798    1780    1325    904     767     
807    2007 -999999 -999999 -999999 -999999 -999999 -999999 -999999 -999999 -999999 754     1146    1301    1738    -999999 -999999 -999999 981     -999999 -999999 
807    2008 -999999 -999999 -999999 -999999 -999999 -999999 -999999 -999999 -999999 -999999 799     1359    1662    1873    -999999 1411    -999999 -999999 218     
807    2009 -999999 -999999 -999999 -999999 -999999 1738    -999999 67      -999999 498     1135    1277    1456    1845    1908    -999999 829     807     123     
807    2010 -999999 -999999 -999999 -999999 -999999 1759    929     -999999 -999999 443     888     992     1512    2029    1714    1389    983     429     -298    
807    2011 -999999 282     -999999 -56     -999999 -999999 -999999 74      74      407     1053    -999999 -999999 -999999 -999999 -999999 -999999 -999999 -999999 
