EUROPEAN CLIMATE ASSESSMENT & DATASET (ECA&D), file created on: 10-05-2011
THESE DATA CAN BE USED FREELY PROVIDED THAT THE FOLLOWING SOURCE IS ACKNOWLEDGED: 

Klein Tank, A.M.G. and Coauthors, 2002. Daily dataset of 20th-century surface
air temperature and precipitation series for the European Climate Assessment.
Int. J. of Climatol., 22, 1441-1453.
Data and metadata available at http://eca.knmi.nl

FILE FORMAT (MISSING VALUE CODE = -999999):

THIS FILE HOLDS DATA FOR STATION RUSSIAN FEDERATION                       PENZA                                    (STAID:   1264)
LATITUDE: dd:mm:ss +53:07:48
LONGITUDE: ddd:mm:ss +045:01:12
ELEVATION: m  169

DATA IS FOR INDEX Mean of daily mean temperature (TG) with unit 0.01 Temperature (&#176;C)

01-06 SOUID: Source identifier
08-11 YEAR : YYYY
13-20 ANNUAL DATA VALUES
21-28 WINTER HALF YEAR DATA VALUES
29-36 SUMMER HALF YEAR DATA VALUES
37-44 WINTER (DJF) DATA VALUES
45-52 SPRING (MAM) DATA VALUES
53-60 SUMMER (JJA) DATA VALUES
61-68 AUTUMN (SON) DATA VALUES
69-76 JANUARY DATA VALUES
etc. 
157-164 DECEMBER DATA VALUES

1264   1995 -999999 -999999 -999999 -999999 -999999 1908    -999999 -910    -358    -70     1203    1643    2075    1889    1766    1476    673     -999999 -1037   
1264   1996 -999999 -999999 -999999 -1268   382     -999999 -999999 -1624   -1133   -828    359     1745    -999999 2054    1687    -999999 503     -999999 -1022   
1264   1997 -999999 -999999 -999999 -999999 -999999 -999999 -999999 -999999 -999999 -337    -999999 1266    2041    1835    -999999 1105    510     -223    -1126   
1264   1998 -999999 -999999 -999999 -999999 -999999 2021    -999999 -948    -999999 -281    274     1437    2109    2189    1772    1260    569     -738    -793    
1264   1999 -999999 -999999 -999999 -999999 439     1956    383     -591    -999999 -448    774     971     1898    2178    1797    1183    683     -706    -396    
1264   2000 -999999 -999999 1445    -999999 567     1883    466     -803    -478    -218    969     950     1726    2100    1818    1074    599     -276    -394    
1264   2001 -999999 -999999 -999999 -999999 694     1877    585     -459    -742    -228    1008    1354    1635    2225    1755    1260    460     17      -1220   
1264   2002 -999999 -999999 -999999 -999999 625     1830    603     -644    -164    150     616     1093    1615    2264    1626    1350    475     -66     -1737   
1264   2003 -999999 -999999 -999999 -999999 407     1743    604     -877    -1124   -683    471     1508    1366    1990    1836    1187    613     10      -329    
1264   2004 -999999 -999999 -999999 -600    636     1849    629     -660    -816    -19     499     1385    1662    1947    1940    1429    564     -80     -498    
1264   2005 -999999 -999999 -999999 -999999 570     1805    742     -554    -951    -774    705     1652    1731    1890    1788    1391    711     78      -456    
1264   2006 -999999 -999999 -999999 -999999 -999999 1891    651     -1379   -1507   -430    683     1299    1960    1755    1961    1384    699     -132    -206    
1264   2007 -999999 -999999 -999999 -476    737     1952    601     -159    -1150   10      574     1594    1665    1910    2244    1384    680     -293    -983    
1264   2008 -999999 -999999 -999999 -901    845     1843    707     -1074   -628    200     1011    1339    1566    1996    1947    1102    853     206     -440    
1264   2009 -999999 -999999 -999999 -687    577     1900    779     -910    -716    -186    511     1352    1971    2050    1679    1492    788     31      -860    
1264   2010 -999999 -999999 -999999 -1218   619     -999999 707     -1636   -1129   -473    660     1707    2133    2557    2314    1414    399     379     -424    
1264   2011 -999999 -999999 -999999 -999999 -999999 -999999 -999999 -1087   -1536   -649    477     -999999 -999999 -999999 -999999 -999999 -999999 -999999 -999999 
