EUROPEAN CLIMATE ASSESSMENT & DATASET (ECA&D), file created on: 10-05-2011
THESE DATA CAN BE USED FREELY PROVIDED THAT THE FOLLOWING SOURCE IS ACKNOWLEDGED: 

Klein Tank, A.M.G. and Coauthors, 2002. Daily dataset of 20th-century surface
air temperature and precipitation series for the European Climate Assessment.
Int. J. of Climatol., 22, 1441-1453.
Data and metadata available at http://eca.knmi.nl

FILE FORMAT (MISSING VALUE CODE = -999999):

THIS FILE HOLDS DATA FOR STATION RUSSIAN FEDERATION                       NIKOLSK                                  (STAID:   1177)
LATITUDE: dd:mm:ss +59:31:48
LONGITUDE: ddd:mm:ss +045:27:00
ELEVATION: m  141

DATA IS FOR INDEX Mean of daily mean temperature (TG) with unit 0.01 Temperature (&#176;C)

01-06 SOUID: Source identifier
08-11 YEAR : YYYY
13-20 ANNUAL DATA VALUES
21-28 WINTER HALF YEAR DATA VALUES
29-36 SUMMER HALF YEAR DATA VALUES
37-44 WINTER (DJF) DATA VALUES
45-52 SPRING (MAM) DATA VALUES
53-60 SUMMER (JJA) DATA VALUES
61-68 AUTUMN (SON) DATA VALUES
69-76 JANUARY DATA VALUES
etc. 
157-164 DECEMBER DATA VALUES

1177   1995 -999999 -999999 -999999 -999999 -999999 -999999 -999999 -1018   -999999 -191    686     1185    1786    1537    1561    1120    388     -608    -1508   
1177   1996 -999999 -999999 -999999 -999999 204     -999999 -999999 -1343   -1277   -517    134     920     1490    -999999 -999999 688     -999999 56      -876    
1177   1997 -999999 -999999 -999999 -999999 -999999 -999999 -999999 -1640   -999999 -347    -999999 834     1640    1613    -999999 884     210     -550    -1223   
1177   1998 -999999 -999999 -999999 -999999 231     1653    -999999 -956    -1853   -359    -158    1156    1707    1772    1479    956     401     -758    -940    
1177   1999 -999999 -999999 -999999 -999999 202     1684    195     -1470   -963    -516    566     521     1827    1827    1394    945     650     -955    -530    
1177   2000 -999999 -999999 -999999 -999999 378     1727    307     -960    -607    -298    644     850     1659    2076    1447    868     560     -496    -1235   
1177   2001 -999999 -999999 -999999 -1130   -999999 1610    314     -898    -1251   -491    739     952     1497    1942    1369    1127    157     -355    -1512   
1177   2002 -999999 -999999 -999999 -950    -999999 1562    -999999 -829    -432    -161    379     839     1458    2044    1200    947     46      -599    -1847   
1177   2003 -999999 -999999 -999999 -999999 319     1618    -999999 -1240   -1240   -504    356     1135    1166    1956    1741    972     470     -98     -409    
1177   2004 -999999 -999999 -999999 -861    341     1631    313     -1153   -1026   -84     6       1080    1392    1923    1580    1120    342     -496    -776    
1177   2005 -999999 -999999 -999999 -865    264     -999999 593     -688    -1155   -911    425     1319    1487    1807    1621    1109    539     148     -901    
1177   2006 -999999 -999999 -999999 -1334   291     -999999 -999999 -1549   -1583   -639    403     1050    1866    1628    1548    1104    302     -413    -201    
1177   2007 -999999 -999999 1272    -999999 603     1656    -999999 -753    -1675   124     408     1255    1277    1875    1814    1002    -999999 -516    -999999 
1177   2008 -999999 -999999 -999999 -999999 404     1637    -999999 -1172   -583    -112    470     823     1415    1864    1617    -999999 675     -999999 -999999 
1177   2009 -999999 -999999 -999999 -999999 294     1565    470     -1210   -999999 -391    76      1152    1590    1660    1448    1247    269     -91     -1059   
1177   2010 -999999 -999999 -999999 -999999 485     1863    319     -1910   -1388   -544    554     1448    1631    2226    1718    1002    251     -319    -1483   
1177   2011 -999999 -999999 -999999 -1478   -999999 -999999 -999999 -1241   -1709   -366    418     -999999 -999999 -999999 -999999 -999999 -999999 -999999 -999999 
