EUROPEAN CLIMATE ASSESSMENT & DATASET (ECA&D), file created on: 10-05-2011
THESE DATA CAN BE USED FREELY PROVIDED THAT THE FOLLOWING SOURCE IS ACKNOWLEDGED: 

Klein Tank, A.M.G. and Coauthors, 2002. Daily dataset of 20th-century surface
air temperature and precipitation series for the European Climate Assessment.
Int. J. of Climatol., 22, 1441-1453.
Data and metadata available at http://eca.knmi.nl

FILE FORMAT (MISSING VALUE CODE = -999999):

THIS FILE HOLDS DATA FOR STATION UNITED KINGDOM                           WICK                                     (STAID:    275)
LATITUDE: dd:mm:ss +58:27:00
LONGITUDE: ddd:mm:ss -003:04:59
ELEVATION: m   36

DATA IS FOR INDEX Mean of daily mean temperature (TG) with unit 0.01 Temperature (&#176;C)

01-06 SOUID: Source identifier
08-11 YEAR : YYYY
13-20 ANNUAL DATA VALUES
21-28 WINTER HALF YEAR DATA VALUES
29-36 SUMMER HALF YEAR DATA VALUES
37-44 WINTER (DJF) DATA VALUES
45-52 SPRING (MAM) DATA VALUES
53-60 SUMMER (JJA) DATA VALUES
61-68 AUTUMN (SON) DATA VALUES
69-76 JANUARY DATA VALUES
etc. 
157-164 DECEMBER DATA VALUES

275    1930 -999999 -999999 -999999 -999999 -999999 -999999 -999999 -999999 -999999 -999999 -999999 -999999 -999999 -999999 -999999 -999999 -999999 -999999 -999999 
275    1931 -999999 -999999 -999999 -999999 -999999 -999999 -999999 273     -999999 189     549     -999999 912     1199    -999999 1016    764     -999999 -999999 
275    1932 -999999 -999999 -999999 -999999 -999999 -999999 -999999 517     510     424     459     -999999 1002    1222    1275    1032    694     562     511     
275    1933 -999999 -999999 -999999 -999999 -999999 -999999 -999999 268     278     579     637     784     1152    1393    1318    1128    859     636     502     
275    1934 -999999 -999999 -999999 -999999 -999999 -999999 -999999 475     -999999 391     502     803     -999999 1306    1300    1164    -999999 504     706     
275    1935 -999999 -999999 -999999 -999999 -999999 -999999 -999999 -999999 341     571     552     717     986     1259    1277    1041    695     -999999 301     
275    1936 -999999 -999999 -999999 -999999 -999999 -999999 -999999 236     260     404     508     773     1049    1278    1319    1144    800     577     431     
275    1937 -999999 -999999 -999999 -999999 -999999 -999999 -999999 453     -999999 215     621     859     1030    1263    1249    1038    916     570     320     
275    1938 -999999 -999999 -999999 -999999 -999999 1169    -999999 464     448     766     654     743     1046    1235    1220    1103    887     -999999 454     
275    1939 -999999 -999999 -999999 -999999 659     -999999 -999999 224     527     502     600     886     -999999 1179    1292    1159    764     683     437     
275    1940 -999999 -999999 -999999 -999999 -999999 -999999 -999999 129     301     350     567     939     1176    1180    1178    1009    867     575     422     
275    1941 -999999 -999999 -999999 -999999 -999999 1178    -999999 157     208     277     461     660     1066    1248    1226    1215    827     661     487     
275    1942 -999999 -999999 -999999 -999999 -999999 -999999 -999999 181     195     332     620     753     994     1217    1252    1087    786     572     528     
275    1943 -999999 -999999 -999999 -999999 -999999 -999999 -999999 400     -999999 582     763     839     1127    1165    1122    1103    991     -999999 459     
275    1944 -999999 -999999 -999999 -999999 -999999 -999999 -999999 386     379     354     721     806     1048    1235    1328    1014    826     398     372     
275    1945 -999999 -999999 -999999 -999999 -999999 -999999 -999999 60      -999999 727     -999999 858     1114    1351    1244    1181    976     800     508     
275    1946 -999999 -999999 -999999 -999999 -999999 1216    -999999 393     -999999 462     696     812     1083    1331    1239    1164    846     617     399     
275    1947 -999999 -999999 -999999 -999999 -999999 -999999 -999999 349     -51     -999999 -999999 -999999 -999999 -999999 1449    -999999 974     -999999 439     
275    1948 -999999 -999999 -999999 -999999 -999999 -999999 -999999 269     401     653     669     792     1053    1234    1173    1096    731     -999999 578     
275    1949 -999999 -999999 -999999 -999999 -999999 -999999 -999999 -999999 -999999 367     708     834     1034    1256    1281    1247    -999999 663     367     
275    1950 -999999 -999999 -999999 -999999 -999999 -999999 -999999 469     -999999 581     535     831     -999999 1301    1375    1065    -999999 -999999 116     
275    1951 -999999 -999999 -999999 -999999 -999999 -999999 -999999 271     285     277     444     724     931     1290    1243    1154    -999999 708     412     
275    1952 -999999 -999999 -999999 -999999 -999999 -999999 -999999 63      -999999 499     760     -999999 968     1192    1232    852     738     308     290     
275    1953 -999999 -999999 -999999 -999999 -999999 1210    -999999 431     484     541     480     -999999 1084    1244    1292    1223    993     714     -999999 
275    1954 -999999 -999999 -999999 -999999 651     -999999 -999999 324     261     446     656     843     1037    1187    1185    940     840     561     457     
275    1955 -999999 -999999 -999999 -999999 -999999 -999999 -999999 149     29      332     735     659     1023    1357    1377    -999999 754     686     244     
275    1956 -999999 -999999 -999999 -999999 -999999 -999999 -999999 160     -999999 -999999 457     958     940     1173    1069    1120    819     617     521     
275    1957 -999999 -999999 -999999 433     -999999 -999999 -999999 462     306     655     697     743     960     1190    1201    976     866     595     389     
275    1958 -999999 -999999 -999999 -999999 -999999 -999999 -999999 186     193     192     562     723     1049    1209    1253    1271    968     -999999 -999999 
275    1959 -999999 -999999 -999999 -999999 -999999 -999999 -999999 32      420     574     672     936     1136    -999999 1350    1207    -999999 683     495     
275    1960 -999999 -999999 -999999 -999999 -999999 -999999 -999999 321     146     470     749     966     1249    1269    1169    1081    926     -999999 320     
275    1961 -999999 -999999 -999999 -999999 -999999 -999999 -999999 287     503     -999999 637     826     1063    1175    1228    1200    980     455     116     
275    1962 -999999 -999999 -999999 -999999 482     -999999 -999999 326     -999999 170     529     747     1068    1096    1102    980     -999999 458     318     
275    1963 -999999 -999999 -999999 -999999 649     -999999 -999999 0       144     513     610     807     1110    1146    1134    1074    912     513     383     
275    1964 -999999 -999999 -999999 -999999 689     -999999 -999999 474     -999999 438     698     932     1093    1183    -999999 -999999 761     -999999 260     
275    1965 -999999 -999999 -999999 -999999 -999999 -999999 -999999 206     -999999 360     617     769     1114    1021    1158    1067    -999999 339     -999999 
275    1966 -999999 -999999 -999999 -999999 -999999 1177    -999999 310     327     485     418     833     1176    1196    1157    -999999 844     431     -999999 
275    1967 -999999 -999999 -999999 -999999 -999999 -999999 -999999 378     -999999 476     574     772     1099    1276    1245    1190    783     520     327     
275    1968 -999999 -999999 -999999 -999999 -999999 1131    -999999 253     150     443     559     636     1082    1135    1179    -999999 -999999 530     414     
275    1969 -999999 -999999 -999999 -999999 -999999 1291    -999999 423     9       277     554     722     1171    1347    1358    -999999 -999999 -999999 346     
275    1970 -999999 -999999 -999999 -999999 -999999 -999999 -999999 297     -999999 229     443     -999999 1207    1145    1297    1129    824     514     421     
275    1971 -999999 -999999 -999999 -999999 -999999 -999999 -999999 463     -999999 461     630     965     973     1195    1168    -999999 941     513     664     
275    1972 -999999 -999999 -999999 -999999 -999999 1143    -999999 408     440     491     686     877     1024    1236    1179    965     957     514     509     
275    1973 -999999 -999999 -999999 -999999 -999999 -999999 -999999 498     -999999 548     429     788     1150    1227    1237    1077    723     410     303     
275    1974 -999999 -999999 -999999 -999999 670     1190    -999999 493     446     472     650     895     1084    1218    1270    952     706     567     471     
275    1975 -999999 -999999 -999999 -999999 -999999 -999999 -999999 -999999 437     381     518     709     1047    1292    1395    1019    954     594     535     
275    1976 -999999 -999999 -999999 -999999 -999999 1329    -999999 324     -999999 383     676     870     1232    1441    1315    1097    973     599     181     
275    1977 -999999 -999999 -999999 -999999 -999999 -999999 -999999 265     284     515     525     796     954     1192    1183    -999999 998     451     -999999 
275    1978 -999999 -999999 -999999 -999999 -999999 1147    -999999 236     114     484     470     888     1092    1128    1216    1052    -999999 651     -999999 
275    1979 -999999 -999999 -999999 -999999 -999999 -999999 -999999 32      127     282     558     676     1067    1194    1180    1045    998     453     368     
275    1980 -999999 -999999 -999999 -999999 -999999 -999999 -999999 325     400     366     668     758     1120    1176    1247    1170    703     522     -999999 
275    1981 -999999 -999999 -999999 -999999 -999999 -999999 -999999 234     -999999 426     511     857     1028    1239    1247    1180    534     -999999 52      
275    1982 -999999 -999999 -999999 -999999 -999999 -999999 -999999 242     444     473     -999999 819     1026    1346    1256    1070    903     515     322     
275    1983 -999999 -999999 -999999 -999999 575     -999999 -999999 -999999 193     556     430     739     1043    1294    1323    1048    834     646     -999999 
275    1984 -999999 -999999 -999999 -999999 586     -999999 -999999 100     -999999 418     588     758     1096    1318    1332    1033    839     -999999 529     
275    1985 -999999 -999999 -999999 -999999 -999999 -999999 -999999 159     -999999 342     573     785     973     1282    1221    1010    -999999 292     329     
275    1986 -999999 -999999 -999999 -999999 575     -999999 -999999 256     -999999 456     438     871     -999999 1207    1067    -999999 888     599     365     
275    1987 -999999 -999999 -999999 -999999 -999999 1105    -999999 231     -999999 279     714     749     885     1212    1221    1064    785     -999999 453     
275    1988 -999999 -999999 -999999 -999999 -999999 -999999 -999999 358     355     383     -999999 872     1119    1256    1270    1142    852     572     621     
275    1989 -999999 -999999 -999999 -999999 -999999 -999999 -999999 647     382     458     524     854     1007    1323    1267    -999999 907     642     314     
275    1990 -999999 -999999 -999999 -999999 -999999 -999999 -999999 453     -999999 -999999 627     857     1096    1280    1340    985     935     576     380     
275    1991 -999999 -999999 -999999 -999999 -999999 1222    -999999 301     279     585     658     853     894     1338    1415    -999999 888     578     445     
275    1992 -999999 -999999 -999999 -999999 -999999 -999999 -999999 457     470     -999999 656     892     -999999 1259    1214    1082    644     504     308     
275    1993 -999999 -999999 -999999 -999999 -999999 -999999 -999999 336     533     527     624     736     993     1122    -999999 984     693     487     183     
275    1994 -999999 -999999 -999999 -999999 -999999 -999999 -999999 278     273     393     565     716     1088    1338    1241    1011    785     789     -999999 
275    1995 -999999 -999999 -999999 -999999 -999999 -999999 -999999 246     297     296     558     742     1050    1304    1397    1125    992     672     211     
275    1996 -999999 -999999 -999999 345     -999999 -999999 -999999 533     278     372     662     668     1129    1206    1343    1148    934     -999999 286     
275    1997 -999999 -999999 -999999 -999999 -999999 -999999 -999999 -999999 398     574     656     779     -999999 1346    1478    1100    -999999 799     527     
275    1998 -999999 -999999 -999999 -999999 648     -999999 -999999 412     -999999 466     559     891     961     1198    1234    -999999 756     -999999 450     
275    1999 -999999 -999999 -999999 -999999 -999999 -999999 -999999 333     -999999 500     638     892     1025    1310    1228    1232    954     -999999 -999999 
275    2000 -999999 -999999 -999999 -999999 -999999 -999999 -999999 438     -999999 -999999 552     842     988     1144    1293    1202    917     537     478     
275    2001 -999999 -999999 -999999 -999999 -999999 -999999 -999999 266     244     294     602     888     1032    1222    1299    1057    1126    599     -999999 
275    2002 -999999 -999999 -999999 -999999 -999999 1276    914     512     340     517     743     945     1201    1260    1365    1223    775     737     534     
275    2003 -999999 -999999 -999999 -999999 801     1408    -999999 363     389     648     817     939     1324    1485    1414    1210    747     697     364     
275    2004 -999999 -999999 -999999 -999999 777     -999999 -999999 328     337     591     793     947     1159    1274    1335    1140    908     -999999 469     
275    2005 848     -999999 1090    430     707     1260    948     457     364     576     737     809     1180    1298    1299    1211    1041    588     575     
275    2006 861     572     1141    495     579     1353    1036    476     426     312     600     825     1197    1497    1360    1360    1053    696     502     
275    2007 849     645     1076    499     802     1190    914     481     516     615     928     867     1091    1226    1249    1088    1017    634     454     
275    2008 821     567     1124    446     690     1283    875     394     493     410     665     994     1147    1333    1365    1229    805     593     413     
275    2009 860     535     1147    411     777     1287    995     431     385     570     809     954     1078    1375    1404    1263    977     737     315     
275    2010 -999999 -999999 1073    -999999 682     1270    831     279     213     549     699     793     1190    1333    1285    1133    938     416     64      
275    2011 -999999 472     -999999 300     -999999 -999999 -999999 356     498     558     934     -999999 -999999 -999999 -999999 -999999 -999999 -999999 -999999 
