EUROPEAN CLIMATE ASSESSMENT & DATASET (ECA&D), file created on: 10-05-2011
THESE DATA CAN BE USED FREELY PROVIDED THAT THE FOLLOWING SOURCE IS ACKNOWLEDGED: 

Klein Tank, A.M.G. and Coauthors, 2002. Daily dataset of 20th-century surface
air temperature and precipitation series for the European Climate Assessment.
Int. J. of Climatol., 22, 1441-1453.
Data and metadata available at http://eca.knmi.nl

FILE FORMAT (MISSING VALUE CODE = -999999):

THIS FILE HOLDS DATA FOR STATION GERMANY                                  BENDORF                                  (STAID:   2009)
LATITUDE: dd:mm:ss +50:25:12
LONGITUDE: ddd:mm:ss +007:34:48
ELEVATION: m  127

DATA IS FOR INDEX Mean of daily mean temperature (TG) with unit 0.01 Temperature (&#176;C)

01-06 SOUID: Source identifier
08-11 YEAR : YYYY
13-20 ANNUAL DATA VALUES
21-28 WINTER HALF YEAR DATA VALUES
29-36 SUMMER HALF YEAR DATA VALUES
37-44 WINTER (DJF) DATA VALUES
45-52 SPRING (MAM) DATA VALUES
53-60 SUMMER (JJA) DATA VALUES
61-68 AUTUMN (SON) DATA VALUES
69-76 JANUARY DATA VALUES
etc. 
157-164 DECEMBER DATA VALUES

2009   1955 970     -999999 1537    -999999 843     1811    1018    46      81      330     965     1238    1661    1902    1866    1574    945     538     440     
2009   1956 901     345     1457    -13     941     1649    1005    235     -761    607     769     1441    1477    1857    1607    1572    998     445     483     
2009   1957 1079    623     1517    437     1040    1844    1058    211     636     961     1007    1153    1839    2010    1683    1403    1087    682     257     
2009   1958 1073    515     1592    336     877     1833    1153    258     510     298     796     1533    1643    1915    1935    1713    1099    648     489     
2009   1959 1146    600     1701    319     1175    1971    1090    237     220     871     1177    1476    1817    2186    1906    1627    1086    558     525     
2009   1960 1090    599     1560    384     1109    1785    1146    261     366     785     1046    1494    1831    1729    1795    1457    1123    859     312     
2009   1961 1125    669     1618    389     1138    1744    1248    195     688     847     1289    1282    1747    1677    1808    1906    1274    565     207     
2009   1962 949     509     1487    308     831     1742    1001    437     277     275     1018    1206    1649    1731    1843    1462    1101    437     -90     
2009   1963 927     205     1582    -297    989     1827    1168    -507    -295    542     1107    1322    1732    1954    1792    1572    993     946     -104    
2009   1964 1048    422     1662    74      996     1909    1079    -36     382     366     1054    1571    1864    2003    1860    1604    910     729     259     
2009   1965 947     464     1434    219     854     1686    940     347     34      472     777     1311    1710    1664    1685    1444    986     388     479     
2009   1966 1051    513     1548    379     1036    1731    1065    -64     758     552     1094    1464    1793    1654    1748    1530    1299    358     417     
2009   1967 1040    610     1514    408     997     1783    1053    290     530     748     863     1377    1605    1957    1781    1481    1249    423     140     
2009   1968 995     475     1525    166     1004    1747    1099    76      289     658     1098    1258    1676    1790    1774    1545    1236    513     15      
2009   1969 1011    438     1584    135     963     1839    1145    373     4       449     934     1505    1626    2046    1837    1533    1220    680     -152    
2009   1970 990     397     1526    20      840     1810    1147    55      174     394     767     1357    1845    1723    1864    1589    1118    736     211     
2009   1971 1034    468     1595    203     990     1821    1015    53      361     325     1048    1600    1530    1999    1924    1445    1061    539     467     
2009   1972 1020    571     1504    342     1035    1794    961     89      480     783     991     1329    1618    1961    1797    1311    948     624     291     
2009   1973 1073    507     1643    266     976     1952    1100    209     302     650     790     1483    1837    1925    2090    1713    1024    565     228     
2009   1974 1120    625     1552    444     1065    1788    995     562     553     812     1068    1315    1655    1747    1958    1555    748     690     735     
2009   1975 1120    651     1658    621     969     1957    1088    672     438     605     944     1359    1686    2042    2133    1766    965     536     246     
2009   1976 1126    503     1694    352     975     2048    1160    442     369     453     960     1512    2020    2234    1890    1532    1252    692     128     
2009   1977 1102    646     1501    339     1010    1801    1150    329     582     889     802     1332    1707    1878    1814    1454    1269    723     404     
2009   1978 1012    606     1485    284     1033    1693    1051    291     145     765     977     1357    1642    1723    1712    1490    1103    558     321     
2009   1979 1007    410     1529    53      958     1776    1119    -255    98      612     889     1370    1823    1796    1711    1578    1197    578     626     
2009   1980 1026    623     1520    421     964     1741    1086    70      578     682     881     1327    1617    1694    1909    1684    1035    540     291     
2009   1981 1056    527     1604    196     1169    1814    1100    146     146     969     1049    1485    1731    1853    1854    1638    974     692     81      
2009   1982 1117    443     1673    108     999     1955    1270    -13     272     642     889     1463    1858    2081    1924    1810    1163    841     426     
2009   1983 1125    643     1680    385     1030    2026    1079    580     125     680     1101    1313    1822    2209    2039    1579    1099    558     312     
2009   1984 1036    525     1477    322     859     1772    1157    373     279     512     857     1207    1582    1823    1905    1471    1252    744     395     
2009   1985 965     441     1558    23      1028    1731    996     -258    -78     550     1031    1503    1528    1893    1765    1615    1100    270     576     
2009   1986 1036    427     1553    195     991     1870    1113    292     -334    581     806     1579    1862    1908    1839    1301    1250    782     453     
2009   1987 987     459     1556    120     889     1763    1166    -271    185     338     1171    1166    1601    1889    1794    1707    1134    658     431     
2009   1988 1130    639     1602    492     1066    1813    1076    595     446     559     1008    1627    1678    1846    1911    1521    1183    522     630     
2009   1989 1151    707     1612    519     1144    1855    1132    429     497     954     881     1589    1694    1970    1894    1623    1259    509     447     
2009   1990 1160    739     1582    576     1142    1867    1094    499     805     916     940     1564    1699    1842    2055    1371    1255    652     287     
2009   1991 1053    584     1576    220     988     1889    1113    349     3       904     915     1143    1510    2093    2053    1725    1036    578     244     
2009   1992 1097    551     1641    311     1086    1937    1029    235     464     741     945     1566    1763    1988    2059    1516    850     726     295     
2009   1993 -999999 -999999 -999999 287     1168    -999999 -999999 456     90      597     1247    1625    1782    -999999 -999999 -999999 -999999 -999999 -999999 
2009   1994 -999999 -999999 -999999 -999999 -999999 -999999 -999999 -999999 -999999 872     1009    1334    -999999 2237    1879    1492    -999999 -999999 523     
2009   1995 -999999 -999999 -999999 -999999 1002    1921    1142    265     673     544     1057    1420    1576    2209    1985    1451    1401    565     27      
2009   1996 939     -999999 1495    41      908     1784    1003    -13     110     425     1062    1242    1702    1783    1865    1299    1106    600     -4      
2009   1997 1102    516     1616    146     1067    1928    1097    -183    664     908     836     1448    1722    1871    2183    1616    1050    628     414     
2009   1998 -999999 -999999 -999999 -999999 -999999 -999999 -999999 -999999 -999999 -999999 -999999 -999999 -999999 -999999 -999999 -999999 -999999 -999999 -999999 
2009   1999 -999999 -999999 -999999 -999999 -999999 -999999 -999999 -999999 -999999 -999999 -999999 -999999 -999999 -999999 -999999 -999999 -999999 -999999 -999999 
2009   2000 -999999 -999999 -999999 -999999 -999999 -999999 -999999 -999999 -999999 -999999 -999999 -999999 -999999 -999999 -999999 -999999 -999999 -999999 -999999 
2009   2001 -999999 -999999 -999999 -999999 -999999 -999999 -999999 -999999 -999999 -999999 -999999 -999999 -999999 -999999 -999999 -999999 -999999 -999999 -999999 
2009   2002 -999999 -999999 -999999 -999999 -999999 -999999 -999999 -999999 -999999 -999999 -999999 -999999 -999999 -999999 -999999 -999999 -999999 -999999 -999999 
2009   2003 -999999 -999999 -999999 -999999 -999999 -999999 -999999 -999999 -999999 -999999 -999999 -999999 -999999 -999999 -999999 -999999 -999999 -999999 -999999 
2009   2004 1088    -999999 1613    -999999 1047    1860    1148    259     510     669     1173    1303    1701    1844    2028    1632    1247    562     158     
2009   2005 -999999 552     -999999 240     1112    1853    1271    412     141     752     1171    1415    1838    1981    1735    1818    1403    679     290     
2009   2006 1173    504     1738    157     989     1986    1447    -7      190     442     1025    1502    1842    2414    1697    1933    1471    937     570     
2009   2007 1201    864     1706    637     1315    1886    1039    660     686     845     1450    1655    1930    1893    1837    1464    1099    552     307     
2009   2008 1159    627     1674    476     1129    1965    1094    569     558     673     965     1743    1887    2005    1998    1429    1149    703     223     
2009   2009 1176    512     1782    172     1244    1970    1270    -43     355     695     1467    1577    1717    2057    2127    1729    1088    998     299     
2009   2010 1040    545     1656    150     1037    2019    1076    -107    269     710     1164    1242    1878    2283    1891    1463    1065    701     -124    
2009   2011 -999999 542     -999999 204     -999999 -999999 -999999 334     423     847     1439    -999999 -999999 -999999 -999999 -999999 -999999 -999999 -999999 
