EUROPEAN CLIMATE ASSESSMENT & DATASET (ECA&D), file created on: 10-05-2011
THESE DATA CAN BE USED FREELY PROVIDED THAT THE FOLLOWING SOURCE IS ACKNOWLEDGED: 

Klein Tank, A.M.G. and Coauthors, 2002. Daily dataset of 20th-century surface
air temperature and precipitation series for the European Climate Assessment.
Int. J. of Climatol., 22, 1441-1453.
Data and metadata available at http://eca.knmi.nl

FILE FORMAT (MISSING VALUE CODE = -999999):

THIS FILE HOLDS DATA FOR STATION NORWAY                                   SUOLOVUOPMI                              (STAID:    185)
LATITUDE: dd:mm:ss +69:35:17
LONGITUDE: ddd:mm:ss +023:31:54
ELEVATION: m  377

DATA IS FOR INDEX Mean of daily mean temperature (TG) with unit 0.01 Temperature (&#176;C)

01-06 SOUID: Source identifier
08-11 YEAR : YYYY
13-20 ANNUAL DATA VALUES
21-28 WINTER HALF YEAR DATA VALUES
29-36 SUMMER HALF YEAR DATA VALUES
37-44 WINTER (DJF) DATA VALUES
45-52 SPRING (MAM) DATA VALUES
53-60 SUMMER (JJA) DATA VALUES
61-68 AUTUMN (SON) DATA VALUES
69-76 JANUARY DATA VALUES
etc. 
157-164 DECEMBER DATA VALUES

185    1963 -999999 -999999 -999999 -999999 -999999 -999999 -999999 -999999 -999999 -999999 -999999 -999999 -999999 -999999 -999999 -999999 -4      -839    -1048   
185    1964 -147    -799    457     -1021   -409    905     -83     -590    -1453   -906    -530    204     673     1168    867     330     145     -732    -1013   
185    1965 -358    -892    389     -1178   -581    754     -244    -1368   -1150   -1251   -338    -146    639     793     828     546     -181    -1098   -1645   
185    1966 -425    -1417   415     -1881   -768    1007    -290    -1760   -2268   -1629   -713    41      923     1232    863     116     -498    -480    -1055   
185    1967 -202    -934    579     -1326   -267    976     20      -1770   -1134   -669    -343    207     786     1099    1035    671     -285    -316    -1741   
185    1968 -354    -1116   347     -1677   -538    772     -350    -1902   -1369   -1076   -396    -138    668     840     804     286     -809    -513    -662    
185    1969 -283    -1037   506     -1266   -556    1054    -183    -1448   -1733   -1109   -552    -6      871     1174    1111    413     -25     -942    -1262   
185    1970 -210    -1069   608     -1542   -428    1189    -191    -1283   -2140   -861    -721    290     1123    1311    1132    481     -119    -937    -956    
185    1971 -315    -1019   463     -1265   -592    953     -435    -1334   -1531   -1283   -560    69      842     1022    990     394     -278    -1426   -784    
185    1972 -33     -875    689     -941    -318    1277    -199    -929    -1121   -746    -407    195     1256    1466    1107    491     -116    -976    -675    
185    1973 -280    -802    550     -971    -386    1113    -538    -845    -1437   -831    -460    130     916     1557    860     271     -666    -1213   -1726   
185    1974 -25     -1014   659     -1219   -213    1115    -92     -1006   -892    -577    -233    170     1026    1291    1026    656     -182    -748    -887    
185    1975 -165    -760    446     -1050   -205    745     -49     -1371   -876    -506    -372    258     543     913     774     542     -159    -526    -1236   
185    1976 -999999 -975    -999999 -1403   -999999 -999999 -343    -1928   -1020   -972    -400    -999999 -999999 1104    1040    209     -377    -858    -1150   
185    1977 -271    -1055   433     -1355   -525    933     -177    -1551   -1366   -1049   -643    114     635     1173    981     308     -354    -479    -1099   
185    1978 -999999 -999999 511     -999999 -446    993     -259    -1597   -999999 -1057   -543    260     882     1170    924     344     -253    -870    -1626   
185    1979 -214    -1138   596     -1602   -384    1101    -251    -1749   -1414   -934    -413    193     944     1315    1039    470     -450    -768    -881    
185    1980 -268    -1047   673     -1310   -366    1138    -330    -1525   -1538   -1143   -169    221     1127    1241    1046    556     -348    -1197   -1526   
185    1981 -385    -1283   456     -1558   -591    848     -184    -1640   -1503   -1502   -434    167     503     1143    886     439     -145    -847    -1757   
185    1982 -999999 -999999 416     -999999 -368    814     -210    -999999 -999999 -847    -398    141     352     1179    895     296     -215    -712    -941    
185    1983 -999999 -837    559     -1091   -289    908     -999999 -1226   -1108   -845    -243    220     793     1142    785     639     -999999 -1284   -1555   
185    1984 -164    -999999 574     -1272   -249    909     -324    -1504   -720    -1106   -209    568     888     985     852     337     -276    -1034   -764    
185    1985 -999999 -1135   481     -1550   -532    1037    -999999 -1874   -2061   -889    -697    -16     732     1335    1035    469     -999999 -909    -1876   
185    1986 -999999 -999999 -999999 -1631   -278    -999999 -119    -1723   -1258   -663    -534    355     1078    -999999 811     208     -6      -561    -1848   
185    1987 -334    -1125   393     -1692   -524    771     -22     -1720   -1488   -1144   -520    91      650     946     714     457     334     -868    -1536   
185    1988 -283    -999    566     -1436   -540    1080    -286    -1302   -1474   -1176   -626    179     940     1358    937     582     -153    -1292   -1426   
185    1989 -52     -890    652     -1107   -109    1034    -97     -933    -946    -611    -65     349     1028    1013    1060    509     -263    -530    -1281   
185    1990 -61     -820    608     -1116   -283    1067    -169    -1487   -521    -797    -217    168     918     1178    1100    479     -75     -915    -597    
185    1991 -151    -831    536     -984    -420    1030    -198    -1066   -1323   -1058   -338    138     915     1126    1045    307     -141    -763    -742    
185    1992 -131    -627    534     -749    -290    931     -476    -759    -747    -624    -595    339     1024    944     829     646     -912    -1147   -601    
185    1993 -198    -901    458     -802    -407    923     -323    -892    -924    -941    -444    163     477     1285    994     235     -545    -651    -1188   
185    1994 -195    -1055   575     -1415   -300    1003    -242    -1920   -1106   -911    -105    122     759     1157    1083    413     -237    -902    -749    
185    1995 -211    -746    469     -918    -348    923     -290    -1038   -970    -608    -513    70      824     1015    927     471     -325    -1014   -1420   
185    1996 -999999 -999999 469     -999999 -999999 1021    -209    -837    -999999 -999999 -551    -110    766     1059    1229    394     -6      -1022   -1354   
185    1997 -154    -936    584     -1245   -474    1117    -151    -1169   -1208   -884    -698    152     786     1335    1220    675     -174    -954    -1015   
185    1998 -320    -1081   502     -1390   -549    1011    -330    -1170   -2046   -1215   -600    166     731     1330    962     389     -151    -1233   -1148   
185    1999 -203    -1076   584     -1402   -379    993     149     -1632   -1430   -903    -259    27      1072    1178    733     749     68      -368    -1725   
185    2000 -81     -825    564     -1295   -313    990     128     -1054   -1094   -777    -416    251     730     1243    988     562     272     -455    -1259   
185    2001 -999999 -849    -999999 -1174   -558    -999999 -76     -830    -1460   -1407   -448    185     1044    -999999 1004    729     -130    -825    -1131   
185    2002 -147    -873    725     -1172   -117    1159    -348    -1290   -1086   -793    -69     512     1070    1265    1138    412     -259    -1199   -1528   
185    2003 -999999 -1012   647     -1382   -141    1113    -999999 -1925   -620    -513    -295    380     825     1486    1019    438     -139    -999999 -999999 
185    2004 -999999 -999999 -999999 -999999 -140    -999999 -999999 -999999 -999999 -568    -183    328     742     -999999 1171    581     -77     -999999 -778    
185    2005 -91     -999999 612     -944    -401    1119    7       -966    -1104   -1027   -236    66      951     1355    1047    467     50      -497    -1341   
185    2006 -134    -999999 641     -1227   -446    1080    -175    -1076   -1276   -1409   -224    303     961     1119    1156    512     -395    -633    -712    
185    2007 -122    -911    570     -1345   -163    1021    -68     -1541   -1828   -433    -266    206     859     1180    1019    399     146     -756    -591    
185    2008 -192    -701    422     -838    -507    849     -197    -953    -980    -1090   -561    128     677     1056    809     399     -168    -822    -833    
185    2009 -163    -881    597     -1169   -252    968     -49     -1064   -1658   -812    -374    426     703     1072    1121    605     -287    -456    -1342   
185    2010 -999999 -999999 559     -999999 -402    901     -264    -999999 -1990   -1268   -279    346     654     1185    855     570     -43     -1326   -1308   
185    2011 -999999 -1115   -999999 -1522   -999999 -999999 -999999 -1384   -1913   -803    -60     -999999 -999999 -999999 -999999 -999999 -999999 -999999 -999999 
