EUROPEAN CLIMATE ASSESSMENT & DATASET (ECA&D), file created on: 10-05-2011
THESE DATA CAN BE USED FREELY PROVIDED THAT THE FOLLOWING SOURCE IS ACKNOWLEDGED: 

Klein Tank, A.M.G. and Coauthors, 2002. Daily dataset of 20th-century surface
air temperature and precipitation series for the European Climate Assessment.
Int. J. of Climatol., 22, 1441-1453.
Data and metadata available at http://eca.knmi.nl

FILE FORMAT (MISSING VALUE CODE = -999999):

THIS FILE HOLDS DATA FOR STATION IRELAND                                  DERRYGREENAGH                            (STAID:   1646)
LATITUDE: dd:mm:ss +53:23:30
LONGITUDE: ddd:mm:ss -007:15:29
ELEVATION: m   90

DATA IS FOR INDEX Mean of daily mean temperature (TG) with unit 0.01 Temperature (&#176;C)

01-06 SOUID: Source identifier
08-11 YEAR : YYYY
13-20 ANNUAL DATA VALUES
21-28 WINTER HALF YEAR DATA VALUES
29-36 SUMMER HALF YEAR DATA VALUES
37-44 WINTER (DJF) DATA VALUES
45-52 SPRING (MAM) DATA VALUES
53-60 SUMMER (JJA) DATA VALUES
61-68 AUTUMN (SON) DATA VALUES
69-76 JANUARY DATA VALUES
etc. 
157-164 DECEMBER DATA VALUES

1646   1950 876     -999999 1201    -999999 857     1428    831     524     494     779     688     1100    1439    1452    1392    1126    909     457     119     
1646   1951 855     431     1153    258     646     1375    999     357     304     431     602     903     1294    1486    1343    1280    1024    693     502     
1646   1952 873     589     1235    373     928     1423    802     215     406     684     894     1204    1276    1521    1469    1030    892     479     377     
1646   1953 953     558     1245    460     822     1414    1009    454     559     583     654     1225    1365    1419    1456    1338    931     762     668     
1646   1954 876     627     1134    488     820     1278    913     403     383     598     801     1060    1211    1303    1318    1103    1066    565     661     
1646   1955 910     534     1308    382     761     1542    977     292     172     416     946     929     1271    1645    1701    1346    842     747     562     
1646   1956 877     562     1183    361     852     1314    961     319     190     692     771     1089    1242    1444    1255    1290    932     661     605     
1646   1957 948     685     1229    526     944     1428    921     511     454     925     830     1075    1373    1488    1420    1176    972     614     493     
1646   1958 910     568     1228    467     724     1403    1057    410     501     412     770     994     1288    1463    1453    1394    1022    756     431     
1646   1959 977     619     1324    405     912     1503    1046    220     581     703     817     1212    1405    1538    1562    1399    1129    609     516     
1646   1960 907     611     1271    423     920     1440    912     390     358     645     886     1227    1486    1423    1414    1179    940     617     300     
1646   1961 892     617     1193    431     922     1317    908     322     698     835     893     1036    1248    1340    1360    1273    891     560     240     
1646   1962 813     476     1108    363     666     1285    874     395     462     312     739     951     1193    1361    1297    1100    987     530     410     
1646   1963 786     426     1137    135     763     1333    932     -112    105     608     765     916     1303    1365    1329    1134    1019    640     315     
1646   1964 899     569     1240    401     842     1389    944     455     435     542     784     1199    1273    1469    1421    1282    856     698     360     
1646   1965 832     506     1156    310     792     1335    852     278     291     540     773     1062    1335    1292    1379    1089    1044    416     438     
1646   1966 901     594     1218    467     815     1399    881     381     595     686     709     1047    1395    1423    1380    1345    847     450     533     
1646   1967 884     563     1198    484     773     1413    881     436     483     620     811     891     1368    1466    1405    1243    876     525     465     
1646   1968 897     536     1193    408     741     1415    1036    510     237     583     720     920     1375    1413    1456    1268    1169    668     411     
1646   1969 879     553     1229    345     726     1452    979     496     104     430     735     1014    1300    1565    1487    1262    1243    422     417     
1646   1970 906     544     1267    369     785     1468    994     367     317     469     675     1209    1494    1420    1490    1302    1014    665     407     
1646   1971 934     598     1215    460     750     1388    1054    466     513     515     740     994     1211    1522    1425    1391    1145    624     632     
1646   1972 845     618     1116    468     748     1290    885     325     447     527     784     935     1068    1462    1333    1098    1013    541     589     
1646   1973 902     621     1212    524     777     1423    927     525     450     589     686     1053    1355    1431    1480    1258    902     623     442     
1646   1974 848     588     1107    492     751     1297    749     553     479     522     776     955     1220    1342    1326    1012    724     511     719     
1646   1975 911     577     1223    600     707     1504    913     549     526     426     777     919     1344    1568    1595    1124    1013    598     467     
1646   1976 875     605     1248    496     736     1538    828     545     473     522     727     958     1482    1562    1567    1182    817     484     163     
1646   1977 859     459     1149    261     759     1364    894     204     432     654     675     945     1170    1514    1402    1176    1070    430     598     
1646   1978 860     546     1146    396     748     1301    1059    293     288     568     611     1060    1192    1352    1355    1295    1111    770     386     
1646   1979 783     477     1117    201     607     1353    948     21      195     360     651     811     1265    1472    1321    1171    1012    658     425     
1646   1980 864     553     1196    397     760     1343    911     265     509     449     817     1017    1228    1341    1457    1309    803     624     543     
1646   1981 868     607     1207    487     841     1388    871     530     376     745     771     1004    1235    1391    1532    1301    636     685     185     
1646   1982 892     488     1229    353     782     1441    913     381     506     544     803     998     1380    1531    1410    1243    908     589     385     
1646   1983 929     563     1225    403     720     1534    967     541     269     656     579     920     1291    1748    1556    1237    944     721     625     
1646   1984 909     591     1271    465     749     1533    923     291     482     482     830     938     1381    1603    1611    1253    975     538     508     
1646   1985 845     509     1191    339     777     1314    924     116     400     509     830     994     1192    1465    1280    1382    1018    369     546     
1646   1986 821     487     1110    331     682     1340    924     356     75      516     547     979     1374    1455    1190    1105    986     677     530     
1646   1987 896     573     1242    416     820     1432    874     310     406     515     930     1019    1229    1547    1513    1200    794     629     620     
1646   1988 919     594     1202    498     825     1386    917     440     431     640     814     1022    1425    1370    1363    1213    978     558     748     
1646   1989 971     689     1276    651     808     1539    993     640     554     637     622     1159    1331    1774    1507    1246    1091    640     408     
1646   1990 972     687     1265    530     915     1482    952     591     598     782     748     1208    1274    1569    1595    1178    1070    605     403     
1646   1991 918     565     1269    324     879     1449    954     285     279     723     760     1150    1181    1573    1585    1347    901     617     557     
1646   1992 919     644     1243    533     911     1451    839     488     554     739     793     1197    1498    1525    1328    1108    716     697     383     
1646   1993 896     596     1199    516     843     1379    787     565     608     611     914     1005    1363    1423    1352    1130    703     531     495     
1646   1994 -999999 -999999 -999999 442     -999999 1393    1009    451     381     -999999 -999999 971     1253    1514    1400    1138    984     906     634     
1646   1995 980     -999999 1323    541     805     1604    1046    402     589     520     856     1041    1399    1656    1751    1221    1191    722     331     
1646   1996 883     608     1215    408     717     1440    951     552     334     496     837     822     1341    1511    1466    1312    1031    518     370     
1646   1997 998     617     1301    452     940     1488    1031    414     585     785     929     1099    1289    1531    1638    1306    994     795     576     
1646   1998 980     736     1249    603     901     1411    992     487     761     809     699     1190    1295    1437    1497    1362    977     637     585     
1646   1999 981     665     1311    549     940     1458    1019    502     563     718     904     1197    1239    1615    1515    1381    973     706     428     
1646   2000 934     649     1250    495     825     1470    927     472     590     725     670     1075    1352    1524    1531    1337    891     554     472     
1646   2001 936     527     1270    401     819     1451    1090    279     458     504     758     1194    1317    1528    1504    1306    1180    783     395     
1646   2002 989     724     1256    546     891     1426    1024    636     614     730     853     1087    1293    1449    1533    1313    930     832     570     
1646   2003 1009    677     1362    513     941     1575    1010    475     493     750     961     1113    1432    1620    1669    1368    913     744     526     
1646   2004 998     640     1333    505     899     1521    1025    484     507     666     896     1134    1499    1455    1609    1398    879     802     632     
1646   2005 1011    701     1321    578     887     1552    1047    633     459     781     826     1052    1505    1596    1551    1390    1125    624     543     
1646   2006 1026    646     1384    515     846     1611    1108    508     490     570     856     1114    1527    1776    1526    1494    1150    680     587     
1646   2007 1021    707     1333    582     959     1474    1082    638     515     650     1108    1123    1430    1467    1525    1343    1087    815     522     
1646   2008 907     667     1250    519     848     1426    884     541     492     542     746     1253    1275    1492    1506    1209    815     630     359     
1646   2009 920     542     1274    374     878     1476    988     317     454     673     861     1100    1457    1476    1493    1252    1064    646     220     
1646   2010 -999999 491     -999999 216     835     1482    945     167     265     566     879     1061    1515    1534    1398    1345    994     506     -65     
1646   2011 -999999 513     -999999 303     -999999 -999999 -999999 319     693     644     1074    -999999 -999999 -999999 -999999 -999999 -999999 -999999 -999999 
