EUROPEAN CLIMATE ASSESSMENT & DATASET (ECA&D), file created on: 10-05-2011
THESE DATA CAN BE USED FREELY PROVIDED THAT THE FOLLOWING SOURCE IS ACKNOWLEDGED: 

Klein Tank, A.M.G. and Coauthors, 2002. Daily dataset of 20th-century surface
air temperature and precipitation series for the European Climate Assessment.
Int. J. of Climatol., 22, 1441-1453.
Data and metadata available at http://eca.knmi.nl

FILE FORMAT (MISSING VALUE CODE = -999999):

THIS FILE HOLDS DATA FOR STATION ESTONIA                                  RISTNA                                   (STAID:    686)
LATITUDE: dd:mm:ss +58:54:00
LONGITUDE: ddd:mm:ss +022:06:00
ELEVATION: m    9

DATA IS FOR INDEX Mean of daily mean temperature (TG) with unit 0.01 Temperature (&#176;C)

01-06 SOUID: Source identifier
08-11 YEAR : YYYY
13-20 ANNUAL DATA VALUES
21-28 WINTER HALF YEAR DATA VALUES
29-36 SUMMER HALF YEAR DATA VALUES
37-44 WINTER (DJF) DATA VALUES
45-52 SPRING (MAM) DATA VALUES
53-60 SUMMER (JJA) DATA VALUES
61-68 AUTUMN (SON) DATA VALUES
69-76 JANUARY DATA VALUES
etc. 
157-164 DECEMBER DATA VALUES

686    1995 -999999 -999999 -999999 -999999 -999999 -999999 -999999 -47     -999999 129     413     -999999 -999999 1565    -999999 -999999 975     242     -121    
686    1996 -999999 -999999 -999999 -999999 -999999 -999999 -999999 -331    -639    -166    313     735     1158    -999999 1865    1012    831     509     -31     
686    1997 -999999 -999999 -999999 -11     331     1758    695     25      -27     47      230     705     1500    1815    1941    1311    583     220     -999999 
686    1998 -999999 -999999 -999999 -999999 -999999 -999999 685     92      -33     -85     421     -999999 -999999 -999999 1473    1300    812     -61     111     
686    1999 -999999 -999999 -999999 -999999 418     1675    946     -163    -218    33      524     698     1575    1833    1618    1472    893     442     143     
686    2000 -999999 -999999 -999999 99      521     1470    951     109     46      86      643     838     1228    1575    1614    1154    1065    640     354     
686    2001 -999999 -999999 -999999 74      377     -999999 943     104     -280    -62     436     788     1270    1966    1736    1387    1053    346     -174    
686    2002 -999999 -999999 -999999 -19     598     -999999 558     23      106     162     460     1153    1555    1861    1933    1271    346     81      -392    
686    2003 -999999 -999999 1250    -371    350     1701    822     -390    -328    -59     246     860     1310    2051    1740    1292    678     492     291     
686    2004 726     177     1250    -39     478     1549    888     -283    -133    36      450     948     1199    1654    1784    1446    845     375     353     
686    2005 -999999 200     1288    99      320     1660    1052    126     -211    -322    383     900     1304    1958    1715    1468    1092    583     15      
686    2006 797     -999999 1365    -187    376     1734    1046    -210    -386    -318    433     1014    1444    1916    1832    1528    1075    534     613     
686    2007 810     392     1319    133     598     1698    874     177     -448    325     437     1027    1492    1716    1879    1339    885     396     388     
686    2008 836     379     1274    272     581     1636    892     174     254     169     618     957     1441    1765    1697    1145    1021    505     265     
686    2009 717     282     1285    28      501     1586    873     -16     -186    65      472     964     1312    1699    1737    1509    674     442     -123    
686    2010 608     -59     1338    -470    432     1777    748     -765    -528    -82     366     1008    1296    2136    1885    1304    726     215     -345    
686    2011 -999999 -24     -999999 -370    -999999 -999999 -999999 -160    -630    1       415     -999999 -999999 -999999 -999999 -999999 -999999 -999999 -999999 
