EUROPEAN CLIMATE ASSESSMENT & DATASET (ECA&D), file created on: 10-05-2011
THESE DATA CAN BE USED FREELY PROVIDED THAT THE FOLLOWING SOURCE IS ACKNOWLEDGED: 

Klein Tank, A.M.G. and Coauthors, 2002. Daily dataset of 20th-century surface
air temperature and precipitation series for the European Climate Assessment.
Int. J. of Climatol., 22, 1441-1453.
Data and metadata available at http://eca.knmi.nl

FILE FORMAT (MISSING VALUE CODE = -999999):

THIS FILE HOLDS DATA FOR STATION NETHERLANDS                              GRONINGEN                                (STAID:    163)
LATITUDE: dd:mm:ss +53:13:00
LONGITUDE: ddd:mm:ss +006:33:00
ELEVATION: m    2

DATA IS FOR INDEX Mean of daily mean temperature (TG) with unit 0.01 Temperature (&#176;C)

01-06 SOUID: Source identifier
08-11 YEAR : YYYY
13-20 ANNUAL DATA VALUES
21-28 WINTER HALF YEAR DATA VALUES
29-36 SUMMER HALF YEAR DATA VALUES
37-44 WINTER (DJF) DATA VALUES
45-52 SPRING (MAM) DATA VALUES
53-60 SUMMER (JJA) DATA VALUES
61-68 AUTUMN (SON) DATA VALUES
69-76 JANUARY DATA VALUES
etc. 
157-164 DECEMBER DATA VALUES

163    1906 -999999 -999999 1331    -999999 766     1545    1070    -999999 -999999 330     725     1243    1366    1634    1631    1373    1072    766     -43     
163    1907 827     400     1240    47      772     1389    972     144     39      401     700     1212    1335    1357    1475    1352    1124    435     287     
163    1908 821     408     1297    183     718     1546    886     -60     331     328     570     1250    1532    1625    1479    1313    973     370     125     
163    1909 791     294     1230    66      674     1423    942     54      16      205     765     1055    1278    1444    1542    1282    1076    464     262     
163    1910 916     496     1346    308     820     1581    872     290     380     491     744     1222    1631    1507    1607    1354    971     287     468     
163    1911 962     446     1447    326     828     1721    969     176     336     421     697     1361    1453    1796    1905    1444    909     557     438     
163    1912 868     472     1278    228     860     1566    783     -53     302     671     804     1104    1473    1831    1393    1047    779     523     516     
163    1913 925     480     1295    321     884     1450    1058    118     329     605     821     1223    1425    1434    1490    1366    1025    782     446     
163    1914 946     556     1392    336     857     1645    928     42      539     509     965     1100    1408    1797    1724    1345    960     479     463     
163    1915 821     453     1281    314     710     1524    750     255     214     324     706     1100    1531    1532    1510    1296    687     270     388     
163    1916 865     393     1275    363     780     1438    935     516     171     307     810     1223    1211    1512    1582    1298    944     563     211     
163    1917 811     272     1395    8       624     1713    952     -64     -137    83      405     1376    1844    1667    1631    1429    762     672     12      
163    1918 899     404     1314    178     864     1491    880     212     326     439     794     1356    1295    1601    1570    1251    955     432     511     
163    1919 758     400     1264    228     729     1431    737     139     12      315     621     1246    1410    1359    1522    1412    690     111     205     
163    1920 901     429     1347    347     959     1528    781     357     489     716     891     1268    1528    1623    1433    1327    733     284     147     
163    1921 966     453     1396    345     949     1597    910     544     344     652     871     1322    1392    1725    1667    1379    1246    95      294     
163    1922 781     327     1248    76      753     1464    759     -102    33      363     582     1308    1423    1498    1471    1190    626     465     463     
163    1923 814     446     1226    333     745     1472    877     383     134     577     674     983     1071    1833    1500    1273    1029    323     -77     
163    1924 814     238     1299    -61     701     1515    940     -97     -4      244     588     1268    1437    1640    1465    1379    983     457     372     
163    1925 898     496     1382    401     835     1640    820     386     449     324     816     1366    1438    1852    1623    1175    955     326     25      
163    1926 930     407     1377    197     839     1601    969     109     486     547     954     1018    1422    1738    1638    1485    795     633     317     
163    1927 855     506     1300    310     797     1561    905     354     255     661     714     1014    1276    1708    1690    1381    1010    319     -168    
163    1928 889     367     1283    164     740     1516    1006    273     401     364     816     1043    1316    1652    1575    1284    962     775     198     
163    1929 787     248     1302    -195    659     1522    1060    -164    -664    309     474     1188    1304    1639    1616    1572    1023    586     452     
163    1930 929     501     1385    331     780     1658    1018    419     100     391     837     1115    1709    1617    1650    1377    1000    679     201     
163    1931 858     398     1314    170     729     1563    918     228     73      183     646     1355    1454    1662    1568    1175    925     655     307     
163    1932 924     462     1404    308     730     1682    963     419     189     266     697     1226    1421    1795    1820    1444    911     536     326     
163    1933 886     442     1410    185     865     1670    959     -14     249     629     807     1159    1555    1752    1698    1479    997     399     -118    
163    1934 1001    390     1429    156     875     1596    1106    227     380     452     975     1202    1492    1681    1611    1605    1100    614     628     
163    1935 930     571     1366    422     748     1663    1014    236     400     434     771     1040    1603    1674    1710    1386    965     693     220     
163    1936 919     514     1339    281     765     1639    937     424     194     572     542     1174    1597    1644    1674    1390    890     532     365     
163    1937 914     429     1409    279     837     1632    972     115     365     304     846     1361    1510    1664    1716    1342    1133    436     141     
163    1938 958     534     1370    278     849     1641    1100    377     319     772     675     1094    1486    1610    1823    1515    939     851     0       
163    1939 923     482     1420    228     794     1676    954     361     332     409     833     1141    1550    1695    1779    1508    702     661     73      
163    1940 746     149     1321    -291    808     1541    915     -629    -318    388     794     1241    1572    1581    1471    1255    826     665     82      
163    1941 805     259     1315    -93     616     1665    885     -372    24      321     577     949     1580    1914    1500    1354    957     341     463     
163    1942 786     157     1344    -174    677     1574    1056    -592    -416    141     762     1129    1354    1562    1800    1444    1140    580     443     
163    1943 950     578     1401    365     958     1594    953     194     466     634     958     1282    1436    1674    1668    1376    1028    451     198     
163    1944 928     461     1379    311     779     1657    947     508     222     341     881     1117    1364    1681    1916    1295    952     593     234     
163    1945 977     484     1429    204     974     1641    1042    -147    559     725     903     1291    1563    1741    1617    1447    1168    505     325     
163    1946 883     461     1390    243     852     1564    983     -5      428     344     991     1225    1392    1725    1571    1427    899     626     -38     
163    1947 901     139     1573    -301    829     1819    1087    -253    -644    185     836     1467    1727    1827    1899    1665    929     672     390     
163    1948 969     542     1403    353     926     1587    1011    401     262     584     973     1222    1465    1675    1617    1458    1001    574     365     
163    1949 983     509     1412    380     814     1550    1141    362     418     331     1001    1115    1363    1621    1660    1705    1165    553     471     
163    1950 919     578     1390    361     861     1696    921     130     496     646     730     1203    1677    1675    1735    1304    923     535     -52     
163    1951 898     372     1321    164     689     1547    1014    277     277     270     653     1143    1433    1580    1625    1482    796     770     434     
163    1952 826     464     1330    287     838     1568    713     196     225     354     949     1214    1411    1630    1656    1101    789     246     111     
163    1953 934     310     1362    126     814     1602    1061    154     112     424     786     1231    1575    1649    1582    1338    1129    712     456     
163    1954 840     431     1261    85      763     1472    1018    -13     -217    465     605     1212    1470    1415    1531    1319    1131    602     483     
163    1955 826     367     1327    119     585     1622    990     -57     -90     98      736     925     1332    1728    1797    1425    909     638     405     
163    1956 756     314     1210    -21     678     1403    941     147     -656    386     494     1148    1278    1602    1325    1400    944     478     456     
163    1957 920     556     1286    404     814     1578    947     323     436     683     781     977     1536    1666    1529    1217    1055    566     237     
163    1958 870     394     1319    209     610     1555    1034    131     264     102     566     1161    1389    1621    1649    1510    1086    503     420     
163    1959 934     459     1443    181     906     1684    976     64      46      596     921     1202    1526    1752    1769    1472    1000    456     339     
163    1960 890     445     1312    252     815     1515    1002    225     189     445     805     1195    1535    1494    1517    1316    1009    681     245     
163    1961 912     530     1354    277     875     1512    1040    117     490     638     943     1047    1520    1493    1525    1596    1087    435     39      
163    1962 752     377     1174    198     598     1380    882     313     247     130     726     942     1322    1388    1428    1228    1049    363     -145    
163    1963 711     82      1305    -425    730     1540    985     -613    -526    314     822     1059    1534    1579    1507    1324    880     756     -172    
163    1964 837     304     1364    14      767     1547    890     -1      229     142     819     1342    1483    1592    1562    1370    742     564     187     
163    1965 806     377     1244    205     713     1460    778     236     190     331     709     1100    1462    1442    1475    1263    934     132     351     
163    1966 873     340     1340    163     817     1568    929     -49     189     460     707     1280    1667    1522    1519    1335    1053    394     351     
163    1967 943     524     1335    352     826     1580    1009    278     435     618     665     1189    1416    1713    1606    1407    1107    509     324     
163    1968 863     450     1351    174     811     1599    1006    81      111     547     862     1025    1534    1581    1679    1415    1092    508     -95     
163    1969 843     309     1376    57      638     1652    1062    352     -101    63      681     1172    1481    1755    1713    1439    1159    585     -242    
163    1970 829     261     1324    -141    661     1612    1008    -155    -14     216     532     1229    1689    1511    1638    1330    1017    677     227     
163    1971 915     443     1349    234     753     1583    965     124     363     252     709     1296    1357    1701    1685    1323    1003    568     553     
163    1972 837     472     1278    232     810     1538    853     -107    252     550     724     1152    1350    1707    1551    1165    819     577     285     
163    1973 877     460     1318    277     736     1603    897     277     266     522     572     1110    1507    1669    1629    1404    807     483     235     
163    1974 905     486     1259    371     793     1470    837     468     415     499     792     1087    1405    1429    1573    1258    658     601     647     
163    1975 919     519     1357    489     675     1679    903     586     208     386     636     1002    1421    1680    1928    1457    792     465     412     
163    1976 896     383     1397    283     709     1700    998     279     148     192     680     1255    1639    1787    1673    1329    1039    625     76      
163    1977 898     488     1242    208     761     1507    990     186     379     615     574     1086    1395    1571    1552    1261    1077    629     412     
163    1978 839     496     1233    218     781     1446    1011    243     -23     591     606     1142    1428    1445    1465    1303    1059    669     76      
163    1979 774     269     1263    -175    726     1490    899     -401    -204    381     690     1105    1469    1489    1513    1302    923     473     478     
163    1980 836     411     1301    226     732     1515    920     -103    310     382     726     1088    1424    1496    1621    1443    862     457     312     
163    1981 863     442     1360    198     943     1531    950     178     93      716     763     1343    1399    1573    1618    1449    813     592     -234    
163    1982 933     299     1407    -30     770     1699    1100    -46     214     455     672     1180    1592    1794    1708    1483    1094    722     280     
163    1983 956     538     1408    292     802     1722    999     562     7       517     805     1084    1566    1845    1749    1384    1024    588     270     
163    1984 858     427     1248    215     674     1493    1017    266     100     300     688     1035    1283    1483    1707    1279    1102    666     348     
163    1985 793     334     1316    -46     813     1486    837     -374    -120    347     796     1295    1294    1615    1545    1333    998     175     543     
163    1986 812     290     1256    89      704     1528    964     158     -489    274     580     1255    1497    1586    1501    1099    1041    748     393     
163    1987 794     326     1269    34      630     1471    1025    -379    94      49      944     908     1284    1590    1532    1349    1028    697     399     
163    1988 952     578     1334    440     849     1513    941     529     389     417     743     1384    1426    1541    1567    1326    973     522     578     
163    1989 976     617     1362    489     872     1600    1010    416     471     725     605     1278    1530    1668    1600    1478    1143    405     345     
163    1990 1003    639     1344    506     940     1589    957     502     690     749     794     1271    1460    1568    1735    1221    1115    531     366     
163    1991 883     496     1317    180     813     1592    950     259     -113    757     770     911     1213    1840    1711    1439    916     496     318     
163    1992 989     512     1470    350     954     1721    931     277     463     599     787     1471    1706    1754    1703    1384    722     693     296     
163    1993 866     453     1327    280     939     1457    733     334     203     456     1035    1330    1448    1508    1415    1215    836     145     409     
163    1994 970     417     1404    292     858     1716    989     431     10      621     794     1157    1437    2032    1670    1313    840     819     438     
163    1995 940     557     1408    416     806     1699    1043    272     552     427     816     1174    1365    1887    1834    1351    1217    555     -198    
163    1996 757     234     1296    -187    662     1585    903     -204    -156    175     844     974     1447    1559    1745    1197    993     514     -37     
163    1997 944     409     1419    96      833     1768    911     -165    533     629     690     1175    1523    1744    2029    1332    884     519     409     
163    1998 966     589     1382    480     977     1545    876     440     604     678     889     1362    1533    1541    1561    1396    915     317     327     
163    1999 1025    487     1480    337     961     1648    1119    452     220     662     921     1297    1424    1825    1685    1712    1026    621     396     
163    2000 1023    601     1410    442     982     1553    1099    403     531     623     946     1375    1507    1489    1661    1471    1095    731     429     
163    2001 961     528     1379    320     795     1653    1122    206     325     371     743     1269    1381    1776    1792    1288    1369    703     262     
163    2002 1010    668     1485    425     945     1751    966     406     626     641     879     1311    1627    1728    1895    1456    830     616     85      
163    2003 970     401     1500    104     935     1812    915     184     38      628     917     1259    1711    1835    1887    1379    650     724     365     
163    2004 981     494     1432    354     907     1645    1040    286     416     527     1000    1195    1498    1591    1841    1456    1059    605     285     
163    2005 994     518     1410    311     880     1601    1142    458     176     493     975     1175    1536    1709    1556    1500    1260    661     373     
163    2006 1058    477     1538    223     804     1774    1317    80      214     255     804     1352    1572    2139    1604    1738    1326    885     667     
163    2007 1061    800     1472    606     1079    1665    981     639     501     757     1178    1305    1698    1633    1665    1349    941     655     373     
163    2008 1013    590     1460    472     932     1705    994     573     470     520     828     1443    1626    1797    1690    1357    965     660     199     
163    2009 978     457     1480    183     990     1665    1080    87      272     544     1166    1264    1473    1729    1786    1447    929     870     134     
163    2010 817     383     1364    -21     786     1686    925     -199    4       535     878     947     1515    1940    1597    1291    1000    480     -236    
163    2011 -999999 383     -999999 104     -999999 -999999 -999999 253     317     479     1196    -999999 -999999 -999999 -999999 -999999 -999999 -999999 -999999 
