EUROPEAN CLIMATE ASSESSMENT & DATASET (ECA&D), file created on: 10-05-2011
THESE DATA CAN BE USED FREELY PROVIDED THAT THE FOLLOWING SOURCE IS ACKNOWLEDGED: 

Klein Tank, A.M.G. and Coauthors, 2002. Daily dataset of 20th-century surface
air temperature and precipitation series for the European Climate Assessment.
Int. J. of Climatol., 22, 1441-1453.
Data and metadata available at http://eca.knmi.nl

FILE FORMAT (MISSING VALUE CODE = -999999):

THIS FILE HOLDS DATA FOR STATION BELARUS                                  LEPEL                                    (STAID:    621)
LATITUDE: dd:mm:ss +54:54:00
LONGITUDE: ddd:mm:ss +028:42:00
ELEVATION: m  174

DATA IS FOR INDEX Mean of daily mean temperature (TG) with unit 0.01 Temperature (&#176;C)

01-06 SOUID: Source identifier
08-11 YEAR : YYYY
13-20 ANNUAL DATA VALUES
21-28 WINTER HALF YEAR DATA VALUES
29-36 SUMMER HALF YEAR DATA VALUES
37-44 WINTER (DJF) DATA VALUES
45-52 SPRING (MAM) DATA VALUES
53-60 SUMMER (JJA) DATA VALUES
61-68 AUTUMN (SON) DATA VALUES
69-76 JANUARY DATA VALUES
etc. 
157-164 DECEMBER DATA VALUES

621    1995 -999999 -999999 -999999 -999999 708     1773    593     -533    7       225     682     1215    1861    1740    1724    1210    786     -217    -880    
621    1996 -999999 -436    -999999 -896    568     1646    703     -908    -899    -483    746     1483    1522    1624    1786    918     747     442     -676    
621    1997 605     -999999 1323    -472    492     1783    556     -512    -192    -30     369     1154    1656    1872    1817    1036    492     142     -602    
621    1998 -999999 -67     -999999 -314    629     1679    390     -157    -163    -119    692     1319    1767    1740    1539    1147    610     -595    -517    
621    1999 -999999 -225    1537    -490    671     1947    686     -381    -576    58      1019    968     2083    2076    1685    1348    733     -51     -101    
621    2000 752     -999999 1376    -216    785     1629    763     -415    -128    84      1052    1243    1550    1667    1668    1059    857     355     -53     
621    2001 662     -999999 1499    -274    671     1870    683     -271    -515    -126    941     1207    1564    2231    1795    1226    779     61      -979    
621    2002 -999999 -999999 1528    -439    850     1900    528     -374    88      283     798     1449    1683    2098    1914    1192    349     49      -955    
621    2003 -999999 -999999 -999999 -749    655     1717    627     -628    -660    -47     486     1504    1454    2022    1664    1181    467     224     -116    
621    2004 660     -999999 1369    -469    617     1711    688     -763    -551    89      671     1094    1492    1799    1835    1303    748     11      -23     
621    2005 -999999 -999999 -999999 -294    521     1745    775     -145    -749    -483    747     1280    1569    1900    1749    1431    768     128     -337    
621    2006 683     -244    1461    -684    507     1821    837     -828    -915    -355    673     1208    1673    1992    1793    1406    871     232     285     
621    2007 753     170     1476    -218    870     1828    633     -27     -988    535     638     1420    1794    1722    1967    1267    705     -77     -73     
621    2008 783     91      1402    -99     734     1736    760     -262    47      200     918     1089    1592    1799    1812    1184    880     211     -100    
621    2009 680     31      1411    -311    672     1673    762     -395    -455    -11     772     1259    1586    1816    1615    1401    526     368     -426    
621    2010 680     -214    1628    -735    765     2079    688     -1249   -509    -1      819     1479    1847    2307    2075    1208    477     385     -743    
621    2011 -999999 -214    -999999 -707    -999999 -999999 -999999 -455    -946    -56     800     -999999 -999999 -999999 -999999 -999999 -999999 -999999 -999999 
