EUROPEAN CLIMATE ASSESSMENT & DATASET (ECA&D), file created on: 10-05-2011
THESE DATA CAN BE USED FREELY PROVIDED THAT THE FOLLOWING SOURCE IS ACKNOWLEDGED: 

Klein Tank, A.M.G. and Coauthors, 2002. Daily dataset of 20th-century surface
air temperature and precipitation series for the European Climate Assessment.
Int. J. of Climatol., 22, 1441-1453.
Data and metadata available at http://eca.knmi.nl

FILE FORMAT (MISSING VALUE CODE = -999999):

THIS FILE HOLDS DATA FOR STATION DENMARK                                  BORNHOLMS LUFTHAVN                       (STAID:    677)
LATITUDE: dd:mm:ss +55:04:12
LONGITUDE: ddd:mm:ss +014:45:00
ELEVATION: m   15

DATA IS FOR INDEX Mean of daily mean temperature (TG) with unit 0.01 Temperature (&#176;C)

01-06 SOUID: Source identifier
08-11 YEAR : YYYY
13-20 ANNUAL DATA VALUES
21-28 WINTER HALF YEAR DATA VALUES
29-36 SUMMER HALF YEAR DATA VALUES
37-44 WINTER (DJF) DATA VALUES
45-52 SPRING (MAM) DATA VALUES
53-60 SUMMER (JJA) DATA VALUES
61-68 AUTUMN (SON) DATA VALUES
69-76 JANUARY DATA VALUES
etc. 
157-164 DECEMBER DATA VALUES

677    1874 -999999 -999999 -999999 -999999 -999999 -999999 -999999 -999999 -999999 -999999 -999999 -999999 1360    1765    1617    1410    1139    473     98      
677    1875 -999999 -999999 -999999 -999999 -999999 1650    -999999 -34     -999999 -103    297     874     1482    1677    1779    1449    842     -999999 -30     
677    1876 -999999 -999999 -999999 -999999 -999999 1655    -999999 -154    -999999 127     504     695     1516    1731    1710    1306    -999999 147     -75     
677    1877 -999999 -999999 -999999 -999999 -999999 1543    -999999 68      -999999 -111    -999999 580     1464    1637    1522    1042    724     646     198     
677    1878 -999999 -999999 -999999 -999999 548     1548    1073    59      133     198     533     940     1361    1584    1699    1502    1113    550     121     
677    1879 -999999 -999999 -999999 -999999 -999999 1503    -999999 -149    -999999 -30     -999999 832     1435    1458    1611    1418    891     345     -87     
677    1880 -999999 -999999 -999999 -999999 -999999 1601    -999999 -41     -999999 81      536     856     1269    1750    1774    1491    -999999 419     207     
677    1881 -999999 -999999 -999999 -999999 -999999 -999999 -999999 -295    -999999 -160    173     860     1362    1631    1467    1178    689     518     265     
677    1882 -999999 -999999 -999999 -999999 -999999 1599    -999999 213     197     430     627     935     1387    1765    1632    1465    897     424     22      
677    1883 -999999 -999999 -999999 -999999 -999999 1596    -999999 -999999 51      -180    259     861     1488    1761    1541    1357    925     515     207     
677    1884 -999999 -999999 -999999 -999999 -999999 1565    -999999 195     227     229     345     939     1311    1724    1646    1530    951     287     204     
677    1885 -999999 -999999 -999999 -999999 -999999 -999999 -999999 -31     -999999 179     539     808     1378    1747    1489    1278    836     402     216     
677    1886 -999999 -999999 -999999 -999999 -999999 1554    1011    -15     -164    -80     535     996     1378    1623    1652    1473    944     633     210     
677    1887 -999999 -999999 -999999 -999999 461     1554    -999999 -45     -999999 80      493     839     1328    1705    1623    1388    797     520     173     
677    1888 -999999 -999999 -999999 -999999 -999999 -999999 -999999 -64     -999999 -275    170     780     1211    1483    -999999 1349    757     -999999 310     
677    1889 -999999 -999999 -999999 -999999 415     1654    -999999 -77     -999999 -70     301     965     1777    1661    1521    1164    927     587     85      
677    1890 -999999 -999999 -999999 -999999 -999999 1509    -999999 241     -999999 203     491     949     1338    1539    1646    1433    841     498     -88     
677    1891 -999999 -999999 -999999 -999999 433     1522    -999999 -184    -999999 88      330     874     1232    1754    1562    1425    1170    436     326     
677    1892 -999999 -999999 -999999 -999999 -999999 1489    -999999 -40     -999999 -11     422     898     1369    1475    1633    1429    913     439     -999999 
677    1893 -999999 -999999 -999999 -999999 473     1620    -999999 -548    -999999 108     494     817     1399    1793    1663    1260    1019    393     286     
677    1894 -999999 -999999 -999999 -999999 634     1617    -999999 -37     162     334     602     943     1452    1774    1625    1178    841     628     329     
677    1895 -999999 -999999 -999999 -999999 -999999 1558    -999999 -53     -999999 -19     476     1004    1431    1654    1579    1404    782     -999999 38      
677    1896 -999999 -999999 -999999 -999999 -999999 1732    937     1       30      320     471     1002    1762    1793    1644    1362    1035    355     80      
677    1897 -999999 -999999 -999999 -999999 -999999 -999999 -999999 -188    -165    195     464     930     1472    1654    1818    1295    885     487     266     
677    1898 -999999 -999999 -999999 -999999 -999999 -999999 -999999 270     143     193     383     866     1375    1409    1578    1331    898     646     470     
677    1899 -999999 -999999 -999999 -999999 -999999 1515    -999999 173     184     127     560     872     1191    1772    1564    1327    890     749     -22     
677    1900 -999999 -999999 -999999 -999999 407     -999999 -999999 12      -999999 -2      427     809     1306    1707    1677    1328    921     565     413     
677    1901 -999999 -999999 -999999 -999999 -999999 1659    -999999 -170    -259    46      503     890     1365    1823    1769    1387    1116    438     153     
677    1902 -999999 -999999 -999999 -999999 -999999 1393    -999999 252     -106    156     302     714     1290    1504    1373    1178    789     370     53      
677    1903 -999999 -999999 -999999 -999999 -999999 -999999 -999999 -16     234     428     362     978     1386    1670    1430    1192    831     451     135     
677    1904 -999999 -999999 -999999 -999999 -999999 1509    934     51      0       100     508     834     1336    1608    1573    1337    913     510     350     
677    1905 -999999 -999999 -999999 -999999 536     -999999 -999999 11      -999999 256     374     993     1462    1712    1606    1271    581     476     227     
677    1906 -999999 -999999 -999999 -999999 -999999 1577    -999999 129     76      77      623     1024    1446    1643    1636    1346    -999999 721     -999999 
677    1907 -999999 -999999 -999999 -999999 470     -999999 -999999 -65     -116    139     385     887     1244    -999999 1408    1264    1249    472     -999999 
677    1908 -999999 -999999 -999999 -999999 -999999 -999999 -999999 33      108     142     360     804     1374    1774    1618    1275    916     -999999 119     
677    1909 -999999 -999999 -999999 -999999 -999999 -999999 -999999 -31     -999999 -20     360     740     1352    1494    1567    1278    1154    -999999 248     
677    1910 -999999 -999999 -999999 -999999 -999999 -999999 -999999 -999999 190     276     554     897     1417    1599    1613    1360    1014    380     324     
677    1911 -999999 -999999 -999999 -999999 -999999 -999999 -999999 -999999 49      211     -999999 1011    1409    1638    1837    1506    921     590     349     
677    1912 -999999 -999999 -999999 -999999 -999999 1595    -999999 -999999 -155    -999999 456     968     1355    1826    1594    1140    774     393     407     
677    1913 -999999 -999999 -999999 -999999 654     -999999 1055    5       127     361     560     1041    1427    1610    1552    1403    992     778     419     
677    1914 -999999 -999999 -999999 -999999 -999999 1704    912     64      -999999 307     697     1041    1373    1956    1767    1397    895     478     412     
677    1915 -999999 -999999 -999999 -999999 -999999 1513    -999999 -1      -999999 -42     491     828     1370    1617    1552    1356    769     382     137     
677    1916 -999999 -999999 -999999 -999999 -999999 -999999 906     260     61      109     568     911     1196    1556    1538    1251    837     611     286     
677    1917 -999999 -999999 -999999 -999999 -999999 1725    -999999 -32     -999999 -192    295     807     1634    1709    1821    1411    843     582     -999999 
677    1918 -999999 -999999 -999999 -999999 -999999 1521    -999999 -13     16      139     488     1003    1282    1603    1674    1294    941     490     308     
677    1919 -999999 -999999 -999999 -999999 -999999 -999999 -999999 165     -32     52      462     856     1418    1545    1421    1356    737     169     47      
677    1920 -999999 -999999 -999999 -999999 -999999 -999999 887     32      198     384     636     1043    1328    1741    1563    1380    780     460     135     
677    1921 -999999 -999999 -999999 -999999 800     -999999 880     224     149     498     620     1249    1387    1640    1590    1290    1029    311     207     
677    1922 -999999 -999999 -999999 -999999 -999999 -999999 -999999 -147    -147    101     430     995     1375    1537    1491    1200    662     398     317     
677    1923 -999999 -999999 -999999 -999999 -999999 1385    -999999 217     -92     -999999 365     868     1061    1664    1420    1230    1016    453     12      
677    1924 -999999 -999999 -999999 -156    356     -999999 -999999 -198    -305    -46     255     860     1237    1510    1634    1421    1021    581     390     
677    1925 -999999 -999999 -999999 -999999 -999999 1673    -999999 366     337     76      590     1101    1450    1815    1740    1247    815     376     65      
677    1926 -999999 -999999 -999999 -999999 -999999 1635    -999999 49      -999999 211     583     907     1371    1829    1693    1357    -999999 694     278     
677    1927 -999999 -999999 -999999 -999999 -999999 1546    -999999 184     71      -999999 495     740     1154    1716    1737    1359    863     266     -116    
677    1928 -999999 -999999 -999999 -999999 -999999 -999999 -999999 47      64      97      406     803     1139    1500    1545    1322    913     720     203     
677    1929 -999999 -999999 -999999 -999999 -999999 -999999 -999999 -184    -576    -1      130     882     1164    1536    1628    1424    1022    623     434     
677    1930 -999999 -999999 -999999 -999999 -999999 1609    -999999 294     70      220     500     1000    1501    1662    1653    1346    1048    641     -999999 
677    1931 -999999 -999999 -999999 -999999 -999999 1449    -999999 39      -80     -135    333     1029    1242    1549    1542    1152    836     516     250     
677    1932 -999999 -999999 -999999 191     -999999 1732    -999999 261     43      48      535     994     1397    1895    1905    1464    946     584     394     
677    1933 -999999 -999999 -999999 -999999 -999999 1696    -999999 27      28      302     500     988     1458    1833    1775    1435    1063    539     158     
677    1934 -999999 -999999 -999999 -999999 773     1677    -999999 199     250     401     690     1219    1442    1808    1761    1630    1199    695     501     
677    1935 -999999 -999999 -999999 -999999 -999999 1643    1055    65      207     223     596     832     1567    1714    1650    1442    1092    618     325     
677    1936 -999999 -999999 -999999 204     -999999 1669    -999999 313     -52     248     497     840     1523    1836    1647    1323    753     590     377     
677    1937 -999999 -999999 -999999 -999999 -999999 -999999 -999999 -93     32      99      514     1171    1410    1769    1850    1492    1082    528     95      
677    1938 -999999 -999999 -999999 159     -999999 -999999 -999999 180     205     512     513     935     1396    1684    1851    1476    1110    840     121     
677    1939 -999999 -999999 -999999 -999999 -999999 -999999 -999999 231     -999999 180     -999999 900     1532    1783    1880    -999999 804     582     162     
677    1940 -999999 -999999 -999999 -999999 -999999 1590    824     -267    -591    -113    337     824     1505    1764    1487    1136    774     572     62      
677    1941 -999999 -999999 -999999 -170    -999999 1616    804     -342    -235    2       247     624     1371    1869    1583    1260    865     266     266     
677    1942 -999999 -999999 -999999 -999999 -999999 1492    -999999 -398    -559    -444    302     772     1196    1533    1744    1427    1017    492     303     
677    1943 -999999 -999999 -999999 -999999 723     -999999 -999999 -43     295     367     697     1113    1483    1740    1684    1414    1078    521     328     
677    1944 -999999 -999999 -999999 -999999 526     1761    -999999 320     153     190     550     874     1360    1853    2053    1417    1004    536     205     
677    1945 -999999 -999999 -999999 -999999 642     1674    -999999 -51     195     331     648     980     1460    1771    1778    1451    1032    600     242     
677    1946 -999999 -999999 -999999 -999999 -999999 1606    -999999 50      31      154     -999999 912     1385    1811    1613    1427    799     506     146     
677    1947 -999999 -999999 -999999 -999999 -999999 1765    -999999 -263    -528    -234    458     931     1629    1784    1885    1720    -999999 548     300     
677    1948 -999999 -999999 -999999 -999999 -999999 1684    -999999 106     41      -999999 720     995     1541    1733    1772    1476    948     553     379     
677    1949 -999999 -999999 -999999 292     -999999 1616    1194    210     292     171     728     1138    1372    1819    1626    1714    1166    685     475     
677    1950 -999999 -999999 -999999 202     682     1682    -999999 -43     169     336     654     1068    1582    1693    1766    1443    944     544     172     
677    1951 -999999 -999999 -999999 -999999 -999999 1604    -999999 64      103     63      651     764     1359    1629    1810    -999999 -999999 793     485     
677    1952 -999999 -999999 -999999 -999999 582     1578    -999999 171     114     41      734     951     1311    1681    1719    1223    786     371     136     
677    1953 -999999 -999999 -999999 90      670     1691    -999999 120     1       298     723     982     1556    1811    1707    1331    1111    655     350     
677    1954 -999999 -999999 -999999 -999999 -999999 -999999 -999999 -1      -311    46      -999999 914     -999999 1507    1550    1337    927     457     378     
677    1955 -999999 -999999 -999999 -999999 -999999 1578    -999999 -27     -168    -63     318     822     1195    1672    1854    1516    983     554     218     
677    1956 -999999 -999999 -999999 -999999 -999999 1461    -999999 28      -448    -10     180     839     1361    1595    1421    1288    878     331     330     
677    1957 -999999 -999999 -999999 -999999 -999999 -999999 -999999 177     -999999 196     383     789     1417    1739    1672    -999999 911     588     249     
677    1958 -999999 -999999 -999999 -999999 -999999 -999999 -999999 0       -98     -135    253     823     1230    1629    1561    1427    1092    625     322     
677    1959 873     -999999 1368    144     683     1709    977     85      26      376     698     975     1445    1824    1849    1399    962     571     208     
677    1960 792     308     1254    44      553     1560    953     32      -118    174     460     1023    1454    1546    1677    1348    883     630     362     
677    1961 868     439     1285    230     705     1520    1085    83      248     414     722     978     1571    1524    1465    1444    1199    592     110     
677    1962 690     -999999 1093    135     418     1350    879     204     85      -80     548     791     1232    1389    1424    1161    959     515     17      
677    1963 681     84      1268    -286    448     1593    950     -454    -434    -133    405     1069    1440    1660    1675    1336    834     683     24      
677    1964 738     230     1235    -22     479     1534    901     -6      -87     -75     523     989     1464    1575    1560    1283    832     590     181     
677    1965 693     282     1155    61      453     1420    828     95      -109    75      515     772     1413    1413    1433    1379    886     216     169     
677    1966 731     173     1221    -68     466     1588    908     -209    -176    118     279     996     1575    1648    1541    1266    1016    439     213     
677    1967 852     357     1312    89      657     1590    1078    -56     111     395     488     1082    1339    1739    1684    1519    1121    592     158     
677    1968 817     342     1322    27      605     1626    1026    -47     -35     245     671     900     1601    1550    1726    1481    995     603     98      
677    1969 739     247     1281    -41     415     1651    1011    -69     -165    -8      391     863     1481    1729    1737    1468    998     569     -180    
677    1970 681     143     1169    -229    333     1558    900     -202    -315    -45     219     822     1505    1540    1627    1288    924     485     251     
677    1971 -999999 -999999 -999999 160     540     1610    892     66      161     19      466     1116    1354    1707    1772    1255    942     476     449     
677    1972 -999999 343     -999999 122     565     1627    923     -157    73      258     517     931     1414    1817    1668    1226    894     650     412     
677    1973 -999999 -999999 -999999 268     645     1677    845     161     212     406     479     1043    1547    1834    1638    1366    759     401     145     
677    1974 848     -999999 1257    188     637     1503    949     190     230     351     621     938     1342    1503    1660    1465    802     585     444     
677    1975 914     459     1363    358     610     1674    1037    445     164     290     522     1015    1321    1781    1898    1618    990     505     369     
677    1976 760     305     1258    127     444     1605    950     25      -25     -56     389     998     1359    1750    1698    1334    905     625     81      
677    1977 804     328     1208    58      521     1561    977     52      39      248     373     937     1517    1554    1611    1239    1036    655     288     
677    1978 -999999 -999999 -999999 85      475     1499    944     150     -190    151     342     937     1366    1445    1681    1171    906     759     55      
677    1979 -999999 -999999 1207    -999999 493     1515    842     -262    -279    46      418     1030    1588    1403    1558    1236    792     498     274     
677    1980 -999999 -999999 -999999 -999999 447     1587    899     -220    -141    51      430     821     1506    1645    1598    1364    918     415     -999999 
677    1981 -999999 -999999 -999999 -999999 -999999 -999999 938     -1      51      246     466     1235    1405    1635    1602    1360    897     572     -999999 
677    1982 -999999 -999999 -999999 -999999 584     1702    1086    -999999 -140    241     487     1015    1423    1797    1864    1418    1109    706     338     
677    1983 -999999 -999999 1342    -999999 667     1639    945     423     -16     331     600     1068    1398    1787    1725    1459    934     444     164     
677    1984 -999999 -999999 1271    113     612     1541    1009    165     10      120     569     1131    1310    1542    1763    1300    1151    572     234     
677    1985 -999999 -999999 -999999 -999999 500     1556    803     -368    -490    64      365     1085    1369    1665    1632    1163    958     293     309     
677    1986 -999999 -999999 -999999 -999999 524     1569    899     -22     -489    65      413     1102    1444    1674    1585    1088    908     693     276     
677    1987 -999999 -999999 1105    -115    333     1372    931     -476    -119    -217    404     818     1166    1473    1464    1271    1000    520     271     
677    1988 -999999 -999999 -999999 273     620     1642    875     300     245     136     508     1182    1512    1762    1644    1416    891     337     304     
677    1989 -999999 478     1366    376     789     1618    1047    400     428     496     723     1146    1513    1730    1603    1471    1087    549     324     
677    1990 -999999 -999999 1370    420     837     1640    989     420     526     564     736     1205    1568    1625    1724    1323    1033    611     279     
677    1991 808     -999999 1228    150     560     1539    961     239     -88     312     562     805     1181    1691    1738    1390    939     555     316     
677    1992 -999999 -999999 1373    248     674     1742    822     194     230     306     527     1161    1707    1768    1750    1318    659     490     278     
677    1993 -999999 -999999 -999999 207     785     1469    769     203     136     224     716     1389    1415    1503    1489    1161    829     333     319     
677    1994 -999999 -999999 -999999 179     659     1732    963     266     -85     248     699     1044    1287    1991    1857    1382    880     632     414     
677    1995 859     443     1344    280     616     1688    1010    106     326     304     606     937     1405    1801    1847    1449    1191    386     -88     
677    1996 -999999 188     1228    -155    482     1561    961     -91     -293    -14     629     804     1330    1465    1879    1246    1057    575     -3      
677    1997 867     -999999 1396    39      567     1810    939     -64     194     264     501     935     1528    1804    2089    1496    843     482     290     
677    1998 848     418     1317    311     721     1515    888     292     356     243     719     1200    1424    1557    1561    1428    973     260     133     
677    1999 923     329     1420    127     698     1701    1070    192     49      337     733     1026    1496    1825    1775    1656    982     574     366     
677    2000 -999999 479     1382    314     841     1573    1164    265     311     366     879     1295    1506    1569    1644    1386    1255    833     432     
677    2001 -999999 -999999 -999999 263     623     1707    -999999 213     139     135     594     1121    1343    1893    1849    1350    1247    -999999 -999999 
677    2002 -999999 -999999 -999999 -999999 -999999 1888    978     -999999 358     378     660     1249    1633    1866    2155    1570    838     531     54      
677    2003 -999999 -999999 -999999 -999999 659     1767    -999999 121     -91     234     600     1192    1604    1857    1835    1519    765     717     400     
677    2004 -999999 -999999 1366    160     733     1621    -999999 -70     150     314     757     1129    1368    1566    1921    1436    988     576     421     
677    2005 897     -999999 1367    272     593     1649    1123    309     66      69      650     1060    1413    1871    1657    1546    1169    635     274     
677    2006 966     332     1482    64      551     1838    1258    -78     -11     -12     534     1131    1573    2119    1813    1704    1316    753     681     
677    2007 986     685     1429    472     875     1727    950     515     194     605     800     1217    1706    1658    1816    1361    950     538     405     
677    2008 979     503     1422    383     749     1742    1060    340     404     373     695     1178    1617    1831    1775    1419    1070    691     340     
677    2009 902     431     1428    169     745     1690    1035    116     38      301     878     1059    1382    1817    1862    1558    813     740     205     
677    2010 761     284     1328    -22     568     1706    910     -230    -44     201     634     871     1326    1979    1800    1337    867     529     -195    
677    2011 -999999 225     -999999 -86     -999999 -999999 -999999 45      -109    189     813     -999999 -999999 -999999 -999999 -999999 -999999 -999999 -999999 
