EUROPEAN CLIMATE ASSESSMENT & DATASET (ECA&D), file created on: 10-05-2011
THESE DATA CAN BE USED FREELY PROVIDED THAT THE FOLLOWING SOURCE IS ACKNOWLEDGED: 

Klein Tank, A.M.G. and Coauthors, 2002. Daily dataset of 20th-century surface
air temperature and precipitation series for the European Climate Assessment.
Int. J. of Climatol., 22, 1441-1453.
Data and metadata available at http://eca.knmi.nl

FILE FORMAT (MISSING VALUE CODE = -999999):

THIS FILE HOLDS DATA FOR STATION ITALY                                    MILANO/LINATE                            (STAID:    936)
LATITUDE: dd:mm:ss +45:25:59
LONGITUDE: ddd:mm:ss +009:16:59
ELEVATION: m  102

DATA IS FOR INDEX Mean of daily mean temperature (TG) with unit 0.01 Temperature (&#176;C)

01-06 SOUID: Source identifier
08-11 YEAR : YYYY
13-20 ANNUAL DATA VALUES
21-28 WINTER HALF YEAR DATA VALUES
29-36 SUMMER HALF YEAR DATA VALUES
37-44 WINTER (DJF) DATA VALUES
45-52 SPRING (MAM) DATA VALUES
53-60 SUMMER (JJA) DATA VALUES
61-68 AUTUMN (SON) DATA VALUES
69-76 JANUARY DATA VALUES
etc. 
157-164 DECEMBER DATA VALUES

936    1763 1206    -999999 1902    -999999 1178    2278    1124    -149    527     701     1283    1552    2044    2408    2376    1730    1072    572     311     
936    1764 1264    566     1929    348     1263    2242    1171    194     551     694     1166    1925    2254    2347    2126    1737    1121    656     379     
936    1765 1241    626     1871    362     1286    2123    1285    490     202     865     1308    1686    2150    2072    2147    1854    1327    671     49      
936    1766 1218    446     1950    -48     1274    2267    1327    -304    128     784     1308    1732    2252    2254    2295    1842    1232    910     128     
936    1767 1136    485     1850    -24     1181    2213    1180    -528    365     806     1130    1606    1990    2468    2174    1708    1247    584     33      
936    1768 1188    422     1935    19      1217    2275    1214    -136    171     623     1344    1688    1991    2445    2379    1738    1183    722     74      
936    1769 1278    545     1996    200     1288    2297    1241    250     283     736     1331    1797    2274    2307    2310    1940    999     791     259     
936    1770 1263    532     1965    213     1215    2266    1390    -45     448     743     1207    1694    2230    2279    2289    2080    1322    770     102     
936    1771 1286    567     1979    191     1236    2306    1265    223     256     703     1070    1929    2123    2455    2336    1935    1358    498     463     
936    1772 1404    707     2017    440     1353    2384    1441    203     670     1041    1320    1697    2321    2502    2327    1918    1486    917     430     
936    1773 1259    666     1889    290     1220    2133    1376    215     217     694     1257    1711    1999    2236    2159    1956    1487    681     421     
936    1774 1214    643     1974    259     1304    2323    1142    43      319     878     1345    1690    2171    2347    2446    1827    1137    464     -155    
936    1775 1315    505     1996    148     1313    2333    1363    63      578     947     1301    1692    2226    2497    2272    1975    1452    659     69      
936    1776 1235    570     1953    109     1311    2311    1212    -53     325     957     1373    1606    2159    2433    2336    1793    1293    547     28      
936    1777 1191    453     1898    -59     1280    2213    1342    -296    109     1006    1215    1615    2036    2254    2343    1909    1318    799     -78     
936    1778 1289    504     2014    39      1343    2329    1257    54      151     752     1428    1852    2071    2512    2395    1802    1259    712     402     
936    1779 1351    627     2041    282     1484    2208    1400    -97     570     913     1565    1977    1957    2391    2266    2075    1502    620     424     
936    1780 1288    622     2014    160     1425    2362    1310    -35     86      1100    1194    1975    2327    2461    2296    1809    1508    606     80      
936    1781 1324    593     2048    140     1440    2340    1248    -5      368     981     1448    1892    2137    2517    2358    1915    1181    651     376     
936    1782 1195    505     1998    158     1151    2463    1072    73      12      694     1116    1643    2396    2588    2402    1822    1068    324     115     
936    1783 1307    477     2002    232     1323    2282    1357    134     471     744     1431    1798    2067    2521    2251    1923    1478    665     145     
936    1784 1249    512     2080    58      1280    2430    1251    -34     64      728     1017    2086    2375    2547    2365    2062    1110    586     34      
936    1785 1271    395     2021    96      1100    2328    1410    84      178     365     1086    1848    2285    2431    2268    2191    1312    730     409     
936    1786 1217    593     1956    276     1282    2236    1144    32      397     662     1344    1843    2228    2301    2179    1822    1044    568     135     
936    1787 1312    492     1989    138     1243    2403    1342    -30     328     895     1239    1595    2353    2365    2489    1879    1384    762     421     
936    1788 1361    743     2099    409     1461    2422    1281    348     461     1068    1413    1901    2349    2640    2275    2001    1306    535     1       
936    1789 1219    455     2009    96      1330    2240    1219    -130    453     567     1420    2005    2016    2394    2302    1895    1298    461     -97     
936    1790 1309    506     1959    141     1249    2307    1421    16      543     821     1053    1866    2224    2286    2408    1895    1572    792     178     
936    1791 1334    713     2004    313     1372    2296    1260    321     452     939     1488    1693    2070    2365    2447    1944    1252    584     395     
936    1792 1302    612     1993    277     1394    2302    1303    125     313     980     1478    1728    2157    2443    2300    1837    1365    704     156     
936    1793 1316    537     2003    97      1195    2425    1416    -149    305     824     1070    1688    2151    2593    2524    1966    1448    832     469     
936    1794 1369    800     2025    487     1445    2366    1281    308     707     1029    1573    1736    2216    2595    2283    1733    1242    870     104     
936    1795 1233    414     2001    -137    1372    2226    1353    -453    -55     745     1374    1997    2067    2207    2397    1940    1498    617     370     
936    1796 1284    648     1974    384     1163    2299    1406    319     467     602     1211    1679    2137    2366    2391    2045    1355    819     6       
936    1797 1310    545     2041    154     1284    2323    1338    118     357     606     1323    1925    1932    2508    2518    2015    1241    760     353     
936    1798 1275    661     1995    385     1311    2302    1227    234     586     789     1289    1854    2129    2408    2363    1905    1235    541     -70     
936    1799 1165    410     1879    -74     1203    2193    1275    -377    256     864     1100    1643    1970    2287    2314    1939    1340    545     38      
936    1800 1322    556     2025    259     1378    2237    1341    287     474     646     1588    1906    2024    2413    2268    1936    1300    789     184     
936    1801 1315    653     1953    271     1373    2213    1379    182     464     983     1337    1796    2101    2303    2232    1934    1361    842     191     
936    1802 1386    629     2076    219     1332    2441    1466    31      459     883     1360    1753    2363    2397    2560    2005    1625    763     375     
936    1803 1281    634     2028    178     1346    2401    1233    300     -175    844     1574    1627    2327    2455    2419    1752    1219    730     206     
936    1804 1299    593     2009    295     1292    2318    1296    515     157     711     1242    1921    2407    2356    2194    1921    1373    590     159     
936    1805 1193    563     1910    183     1174    2253    1169    37      379     820     1028    1669    2179    2316    2261    1993    1153    361     38      
936    1806 1313    518     1928    235     1259    2258    1335    86      619     856     1088    1826    2267    2329    2178    1858    1300    849     458     
936    1807 1328    623     2033    341     1206    2403    1423    141     434     545     1116    1933    2156    2511    2534    1921    1515    830     207     
936    1808 1190    508     2025    110     1158    2345    1218    -47     174     356     1124    1990    2075    2543    2409    1950    1014    697     -39     
936    1809 1269    547     1921    222     1238    2275    1216    120     639     866     972     1860    2176    2315    2333    1825    1282    539     257     
936    1810 1305    -999999 1916    207     1382    2158    1371    73      304     1076    1248    1799    1954    2313    2202    1963    1443    706     454     
936    1811 1390    703     2077    323     1499    2356    1451    -34     561     1051    1446    1999    2315    2517    2234    1937    1583    828     153     
936    1812 1162    566     1898    52      1243    2232    1178    -331    340     788     1053    1875    2193    2272    2231    1716    1309    504     -81     
936    1813 1270    531     1903    143     1423    2093    1228    41      519     893     1412    1963    2014    2101    2160    1754    1332    595     384     
936    1814 1179    483     1851    92      1187    2177    1218    40      -175    663     1380    1526    2007    2360    2159    1659    1211    785     444     
936    1815 1253    651     1950    269     1457    2148    1281    -75     456     1069    1376    1938    2075    2234    2137    1936    1399    504     -5      
936    1816 1130    460     1791    39      1190    2036    1232    15      112     713     1179    1678    1949    2096    2060    1771    1348    572     33      
936    1817 1250    623     1877    292     1191    2203    1235    246     628     908     993     1682    2163    2265    2181    1953    1025    733     203     
936    1818 1284    579     1926    265     1298    2238    1323    138     472     894     1321    1680    2171    2399    2141    1831    1347    789     177     
936    1819 1310    634     1969    213     1404    2222    1349    45      440     990     1454    1768    2074    2391    2196    1918    1346    784     264     
936    1820 1271    583     2020    206     1369    2286    1227    -54     421     731     1483    1900    2081    2291    2480    1848    1253    578     222     
936    1821 1249    547     1908    228     1286    2118    1326    148     324     738     1337    1785    1865    2169    2312    1963    1252    766     268     
936    1822 1410    717     2083    346     1501    2414    1390    275     512     1213    1385    1901    2552    2402    2292    1956    1375    840     168     
936    1823 1233    546     1959    89      1281    2217    1283    -195    316     756     1197    1886    2042    2276    2326    2005    1303    540     286     
936    1824 1324    608     1957    338     1241    2277    1363    173     571     773     1198    1750    1941    2517    2362    1947    1318    825     485     
936    1825 1333    661     1992    375     1281    2268    1307    220     426     676     1421    1750    2201    2356    2244    1967    1187    773     718     
936    1826 1290    628     1986    295     1297    2320    1342    -226    404     896     1382    1617    2128    2374    2452    1946    1475    599     373     
936    1827 1273    614     1969    207     1379    2294    1227    111     131     945     1362    1829    2193    2501    2185    1727    1460    487     257     
936    1828 1327    623     2040    259     1383    2369    1274    217     305     990     1342    1846    2298    2523    2284    1919    1336    564     298     
936    1829 1160    504     1902    117     1269    2193    1149    42      -2      741     1282    1784    2095    2377    2104    1753    1218    472     -33     
936    1830 1266    367     2055    -184    1505    2348    1249    -427    -82     1010    1596    1912    2101    2566    2371    1761    1187    799     299     
936    1831 1266    601     1872    232     1269    2195    1313    91      313     895     1284    1629    2069    2365    2147    1722    1511    700     393     
936    1832 1185    651     1845    299     1155    2218    1187    97      414     777     1175    1513    1979    2370    2298    1714    1229    616     11      
936    1833 -999999 544     -999999 201     1333    2191    1203    62      565     791     1174    2002    2278    2135    2171    1589    1237    781     487     
936    1834 -999999 -999999 1982    413     1284    2278    1380    411     331     855     1079    1904    2174    2411    2243    2040    1308    751     217     
936    1835 -999999 -999999 1876    342     1282    2176    -999999 260     567     868     1245    1719    2016    2374    2132    1746    1139    246     -48     
936    1836 -999999 -999999 1834    -999999 1158    2229    1140    -164    -999999 844     1221    1392    2097    2368    2219    1693    1167    558     307     
936    1837 -999999 -999999 1844    -999999 975     2313    1177    -999999 344     498     1057    1376    2279    2262    2396    1653    1342    530     309     
936    1838 1136    -999999 1814    50      1130    2159    1224    -197    57      728     951     1704    2087    2285    2102    1732    1185    755     175     
936    1839 1278    514     1906    161     1100    2303    1395    75      242     634     1068    1598    2302    2466    2142    1843    1485    852     560     
936    1840 1211    660     1890    375     1107    2232    1279    188     376     490     1200    1635    2213    2190    2293    1795    1182    862     94      
936    1841 1297    542     1967    73      1424    2165    1356    -118    262     957     1315    1997    2046    2290    2156    1981    1428    657     525     
936    1842 1223    640     1905    266     1252    2290    1105    -28     305     921     1160    1672    2224    2320    2324    1711    1068    537     399     
936    1843 1221    627     1771    434     1203    1994    1297    344     572     832     1261    1517    1819    2049    2107    1860    1276    756     226     
936    1844 1253    582     1944    235     1262    2223    1352    145     339     738     1483    1572    2227    2326    2117    1934    1378    742     25      
936    1845 1231    538     1850    179     1086    2183    1325    421     80      541     1260    1463    2170    2349    2029    1817    1391    763     411     
936    1846 1355    755     2056    451     1383    2415    1281    348     610     994     1326    1827    2415    2545    2286    1917    1293    631     23      
936    1847 1249    538     1931    170     1344    2193    1211    170     331     761     1221    2046    1924    2415    2231    1718    1300    614     185     
936    1848 1219    498     1967    84      1310    2292    1183    -139    214     798     1292    1840    2215    2392    2267    1778    1328    438     169     
936    1849 1295    580     1959    315     1215    2320    1287    105     708     737     1084    1820    2409    2348    2207    1870    1334    655     232     
936    1850 1182    556     1821    184     1134    2182    1161    -169    520     764     1177    1463    2144    2270    2132    1724    1105    655     370     
936    1851 1201    612     1825    375     1186    2197    1106    336     424     765     1280    1515    2223    2164    2204    1552    1421    335     141     
936    1852 1275    550     1905    279     1238    2215    1268    155     559     682     1248    1786    2097    2372    2171    1734    1195    876     410     
936    1853 1205    584     1899    304     1081    2279    1282    302     188     502     1124    1618    2024    2458    2348    1797    1261    789     -17     
936    1854 1248    550     1913    103     1300    2214    1231    59      286     902     1301    1696    2053    2393    2192    1827    1353    509     336     
936    1855 1186    481     1902    84      1167    2261    1376    -138    49      733     1267    1505    2071    2333    2374    1843    1491    789     -153    
936    1856 1220    605     1882    216     1156    2264    1129    193     635     685     1225    1559    2190    2258    2341    1698    1300    384     153     
936    1857 1238    462     1919    126     1187    2235    1366    60      169     676     1187    1696    2044    2426    2230    1913    1491    692     201     
936    1858 1170    419     1947    -127    1224    2235    1296    -390    -198    668     1409    1600    2353    2221    2135    1960    1503    417     271     
936    1859 1316    648     2006    263     1386    2375    1356    33      508     1137    1373    1648    2069    2590    2458    1874    1532    655     -140    
936    1860 1127    458     1839    -29     1158    2140    1151    -19     77      624     1041    1806    2056    2210    2153    1748    1166    537     89      
936    1861 1275    490     2020    115     1291    2379    1318    -164    454     855     1236    1781    2224    2333    2575    1948    1424    577     4       
936    1862 1332    554     2012    104     1456    2273    1409    29      299     969     1498    1902    2136    2467    2213    1838    1525    861     181     
936    1863 1356    696     2032    301     1405    2322    1331    309     427     851     1493    1875    2192    2400    2370    1842    1390    760     295     
936    1864 1218    513     1961    32      1254    2292    1269    -317    122     810     1222    1728    2131    2443    2296    1924    1184    701     335     
936    1865 1334    507     2122    243     1296    2352    1436    141     253     411     1564    1923    2220    2518    2313    2183    1332    798     291     
936    1866 1333    713     1965    422     1247    2318    1297    335     663     858     1313    1571    2278    2475    2200    1942    1246    703     379     
936    1867 1334    669     2040    380     1386    2313    1310    92      699     899     1462    1800    2274    2362    2302    2027    1236    668     160     
936    1868 1340    545     2069    171     1416    2331    1325    -138    513     831     1285    2128    2334    2383    2275    1990    1416    567     467     
936    1869 1283    623     2001    385     1287    2240    1253    33      683     576     1398    1891    1939    2545    2227    1985    1166    610     307     
936    1870 1256    527     1977    187     1363    2249    1275    -23     288     795     1326    1965    2213    2481    2053    1803    1272    751     91      
936    1871 1223    538     1993    76      1370    2218    1300    -115    270     940     1467    1707    1841    2500    2303    2121    1225    556     -196    
936    1872 1366    523     2006    143     1342    2285    1444    134     514     902     1469    1658    2159    2476    2215    2047    1466    820     516     
936    1873 1379    791     2017    448     1349    2421    1381    402     424     1086    1242    1716    2139    2623    2491    1862    1559    714     209     
936    1874 1289    608     2030    160     1283    2348    1352    -61     350     855     1507    1493    2241    2543    2256    2134    1397    522     182     
936    1875 1264    494     2033    158     1262    2308    1316    152     137     539     1270    1978    2222    2278    2420    2009    1352    586     145     
936    1876 1287    577     1939    193     1233    2334    1314    -16     468     920     1293    1490    2128    2517    2350    1838    1604    490     324     
936    1877 1319    670     2014    411     1151    2458    1252    390     530     662     1230    1562    2427    2402    2544    1900    1081    780     283     
936    1878 1266    623     1962    344     1318    2235    1271    117     662     825     1304    1826    2089    2360    2250    1923    1358    528     -82     
936    1879 1224    597     1908    220     1172    2332    1238    197     579     1001    1135    1379    2236    2258    2497    1931    1326    454     -342    
936    1880 1307    404     1972    -101    1327    2262    1431    -277    344     914     1371    1698    1976    2602    2198    1966    1472    855     539     
936    1881 1282    707     1985    297     1327    2375    1179    -40     403     990     1277    1712    2104    2626    2386    1778    1080    682     323     
936    1882 1322    664     1927    349     1395    2263    1252    231     507     1144    1283    1754    2145    2345    2296    1717    1332    704     340     
936    1883 1233    620     1890    396     1144    2173    1259    210     664     479     1224    1731    1999    2276    2239    1854    1267    654     169     
936    1884 1279    665     1917    340     1398    2165    1164    318     547     1026    1293    1872    1803    2412    2268    1830    1188    475     281     
936    1885 1284    555     1972    254     1245    2350    1316    41      460     872     1280    1583    2298    2508    2243    1905    1226    819     129     
936    1886 1302    561     1996    181     1304    2239    1431    70      362     748     1377    1790    2042    2404    2266    2081    1436    776     222     
936    1887 1203    562     1950    111     1158    2354    1184    -99     220     789     1152    1534    2235    2494    2329    1940    1033    584     170     
936    1888 1214    441     1929    107     1227    2206    1269    -72     231     690     1144    1844    2205    2174    2240    1949    1204    656     280     
936    1889 1237    565     1922    257     1215    2257    1250    226     265     730     1127    1784    2211    2301    2258    1830    1279    641     125     
936    1890 1237    581     1913    230     1261    2228    1226    256     317     842     1220    1718    2167    2201    2313    1841    1227    610     66      
936    1891 1232    481     1899    71      1188    2225    1342    -121    289     798     1128    1636    2126    2356    2189    1941    1452    629     301     
936    1892 1266    595     2002    289     1243    2306    1306    91      488     601     1369    1762    2253    2325    2337    1951    1280    687     38      
936    1893 1299    527     1997    54      1406    2266    1343    -254    414     989     1502    1729    2122    2314    2358    1945    1437    645     335     
936    1894 1295    639     1974    252     1353    2300    1302    -38     482     958     1480    1625    2128    2498    2268    1831    1323    752     182     
936    1895 1250    472     2000    5       1231    2267    1426    -65     -115    704     1303    1688    2109    2431    2255    2200    1325    758     314     
936    1896 1246    675     1858    273     1326    2122    1297    51      468     1122    1263    1590    2063    2343    1958    1920    1289    682     182     
936    1897 1336    692     1992    362     1352    2363    1245    306     624     1060    1348    1648    2305    2473    2310    1854    1281    600     182     
936    1898 1371    646     1965    369     1270    2231    1537    331     617     859     1326    1627    2012    2254    2419    2135    1417    1064    357     
936    1899 1347    811     1981    493     1288    2305    1372    526     608     882     1281    1701    2088    2417    2402    1976    1346    795     90      
936    1900 1376    638     2001    329     1202    2331    1484    327     596     675     1235    1699    2240    2522    2227    2070    1485    898     488     
936    1901 1222    597     1961    177     1194    2302    1273    128     -114    636     1270    1678    2305    2310    2292    1895    1347    573     250     
936    1902 1265    624     1923    284     1270    2255    1206    227     384     935     1436    1445    2016    2466    2275    1889    1241    486     325     
936    1903 1272    608     1861    306     1225    2182    1367    145     464     973     1058    1639    1909    2297    2330    1908    1415    777     285     
936    1904 1350    677     2055    351     1370    2413    1250    292     484     800     1371    1940    2302    2590    2342    1763    1330    654     301     
936    1905 1232    568     1945    180     1224    2286    1226    -29     279     851     1317    1508    2090    2525    2237    1976    1008    700     263     
936    1906 1306    545     1977    235     1268    2332    1373    133     316     829     1216    1758    2222    2365    2405    1874    1447    794     244     
936    1907 1281    576     1947    122     1227    2285    1389    -75     206     809     1147    1722    2190    2276    2385    1945    1449    771     474     
936    1908 1263    697     1909    407     1212    2237    1249    176     583     721     1053    1858    2205    2280    2225    1810    1375    558     293     
936    1909 1260    516     1943    186     1264    2196    1326    111     151     573     1456    1770    1991    2273    2317    1834    1444    696     424     
936    1910 1284    715     1860    388     1250    2198    1242    254     496     956     1210    1583    2159    2210    2224    1760    1384    577     535     
936    1911 1326    616     2025    286     1290    2356    1377    32      292     843     1296    1730    2052    2558    2449    2042    1229    866     452     
936    1912 1230    751     1833    445     1351    2166    1024    291     601     1061    1169    1817    2141    2291    2065    1494    1107    469     226     
936    1913 1263    524     1892    213     1279    2195    1323    166     249     895     1224    1717    2211    2165    2210    1812    1348    807     291     
936    1914 1283    662     1926    288     1332    2195    1269    0       605     918     1436    1646    2050    2284    2248    1882    1235    690     362     
936    1915 1265    592     1931    249     1325    2243    1157    176     204     852     1238    1882    2190    2336    2202    1719    1188    564     551     
936    1916 1285    641     1902    420     1333    2190    1235    248     462     821     1347    1832    2015    2302    2245    1650    1290    764     413     
936    1917 1217    538     1967    191     1145    2292    1293    85      61      574     1083    1775    2279    2344    2254    2051    1207    623     195     
936    1918 1242    559     1909    235     1226    2180    1278    69      461     789     1108    1777    1893    2363    2275    2016    1168    655     282     
936    1919 1263    619     1946    345     1243    2250    1184    421     332     833     1189    1705    2230    2126    2394    2018    1100    437     305     
936    1920 1354    705     1963    528     1461    2184    1190    574     716     1089    1250    2038    2053    2352    2143    1921    1204    445     436     
936    1921 1377    698     1970    508     1325    2293    1406    557     535     990     1185    1796    2147    2458    2268    1942    1599    669     308     
936    1922 1259    664     1924    218     1360    2269    1152    61      293     1020    1130    1921    2125    2277    2401    1663    1202    590     349     
936    1923 1353    653     1946    370     1336    2256    1419    279     495     989     1217    1799    1820    2491    2441    1876    1511    866     378     
936    1924 1296    679     1944    280     1347    2170    1344    46      426     837     1289    1914    2121    2360    2027    1938    1342    751     474     
936    1925 1264    694     1882    449     1187    2227    1296    329     552     701     1218    1643    2189    2244    2247    1737    1390    759     113     
936    1926 1319    628     1924    216     1268    2163    1543    1       569     937     1361    1509    1901    2285    2295    2180    1371    1085    303     
936    1927 1353    724     1997    305     1386    2283    1397    317     292     943     1434    1784    2121    2371    2350    1903    1375    914     361     
936    1928 1348    728     2009    433     1187    2475    1313    315     636     768     1307    1490    2161    2705    2549    1820    1295    823     282     
936    1929 1286    535     2003    32      1301    2313    1414    -50     -152    953     1157    1790    2251    2452    2234    2120    1324    801     453     
936    1930 1316    685     1934    347     1250    2261    1413    241     349     916     1283    1552    2296    2281    2205    1978    1330    933     376     
936    1931 1280    668     1929    329     1220    2332    1269    257     356     732     1140    1785    2396    2393    2208    1633    1338    835     226     
936    1932 1261    565     1928    209     1102    2211    1450    353     37      575     1099    1632    1957    2179    2488    2194    1303    858     415     
936    1933 1243    660     1929    296     1282    2231    1297    155     319     882     1353    1612    1826    2436    2418    1906    1405    577     -38     
936    1934 1332    583     2003    203     1399    2228    1328    150     527     872     1405    1920    2080    2434    2164    1997    1314    673     392     
936    1935 1301    621     1944    279     1168    2344    1452    5       459     872     1215    1419    2340    2485    2207    1988    1436    932     220     
936    1936 1314    779     1932    411     1341    2251    1188    515     504     1053    1215    1752    2083    2358    2305    1855    1061    651     377     
936    1937 1330    607     2000    379     1329    2318    1314    128     659     773     1328    1887    2230    2444    2279    1809    1339    794     251     
936    1938 1303    699     1898    271     1291    2302    1341    119     460     1210    1130    1528    2291    2369    2245    1809    1393    818     212     
936    1939 1262    668     1889    351     1169    2244    1256    264     602     718     1412    1385    2118    2352    2259    1798    1177    795     240     
936    1940 1201    532     1897    108     1290    2146    1335    -147    238     876     1306    1688    1983    2230    2220    1938    1269    800     -13     
936    1941 1199    531     1847    77      1131    2223    1237    0       264     852     1150    1392    2116    2370    2178    1862    1247    603     290     
936    1942 1289    521     1989    112     1279    2294    1456    -107    159     901     1228    1706    2174    2388    2316    2109    1582    672     259     
936    1943 1399    688     2082    286     1424    2378    1421    42      585     979     1509    1786    2181    2403    2544    2051    1570    636     446     
936    1944 1290    684     1996    353     1330    2299    1260    227     388     814     1444    1735    2046    2344    2499    1885    1269    626     176     
936    1945 1389    566     2145    104     1541    2439    1393    -209    370     1147    1538    1939    2382    2657    2276    2064    1454    660     321     
936    1946 1322    681     2041    324     1400    2309    1325    76      601     967     1531    1706    2071    2504    2344    2077    1252    650     45      
936    1947 1314    410     2145    -73     1373    2463    1405    -294    42      735     1511    1878    2314    2555    2517    2080    1364    772     221     
936    1948 1329    725     1926    342     1418    2165    1405    346     468     1164    1370    1719    2119    2136    2239    1960    1453    802     145     
936    1949 1372    669     2035    341     1307    2304    1469    298     606     711     1589    1631    2173    2398    2337    2073    1560    771     285     
936    1950 1399    748     2080    335     1388    2489    1363    148     599     1114    1173    1870    2385    2691    2388    1952    1418    718     272     
936    1951 1301    685     1919    408     1181    2213    1402    407     559     723     1246    1575    2110    2267    2258    2047    1297    866     215     
936    1952 1267    580     2013    180     1329    2376    1169    100     228     759     1449    1784    2292    2531    2301    1703    1212    590     216     
936    1953 1302    541     1932    172     1374    2149    1351    12      300     896     1381    1846    1921    2313    2206    1905    1501    643     625     
936    1954 1227    641     1869    243     1251    2133    1342    -25     119     935     1183    1631    2132    2184    2082    1994    1271    763     383     
936    1955 1276    664     1899    420     1221    2175    1279    415     466     666     1309    1690    2086    2313    2121    1857    1255    725     350     
936    1956 1161    504     1867    103     1186    2147    1242    217     -297    704     1083    1769    1914    2270    2248    1898    1213    615     184     
936    1957 1263    619     1861    276     1257    2198    1297    91      582     1026    1243    1503    2086    2277    2227    1815    1257    822     191     
936    1958 1293    593     1939    307     1136    2232    1441    146     614     539     978     1886    2004    2339    2344    2057    1372    897     301     
936    1959 1325    728     1942    336     1341    2273    1287    231     493     1055    1299    1668    2148    2451    2214    1853    1237    773     417     
936    1960 1265    608     1911    245     1346    2188    1285    87      228     888     1327    1822    2200    2168    2196    1737    1281    838     372     
936    1961 1379    723     2029    362     1448    2255    1462    53      694     1100    1571    1678    2195    2258    2311    2154    1441    790     270     
936    1962 1242    635     1923    332     1129    2248    1325    305     430     560     1218    1612    2037    2252    2447    1957    1339    678     23      
936    1963 1183    430     1887    -51     1213    2165    1362    -175    5       676     1289    1677    2028    2337    2124    1853    1299    935     80      
936    1964 1272    547     1986    113     1302    2267    1301    -104    380     694     1363    1850    2244    2388    2166    1890    1272    743     357     
936    1965 1218    607     1858    278     1231    2167    1200    207     268     767     1217    1708    2114    2277    2109    1705    1250    642     283     
936    1966 1273    607     1940    282     1338    2178    1329    -75     676     874     1377    1763    2219    2181    2137    1953    1547    479     122     
936    1967 1262    591     1897    154     1296    2219    1335    35      323     1011    1158    1715    1988    2440    2220    1838    1424    739     186     
936    1968 1236    637     1848    237     1297    2091    1329    81      457     925     1364    1604    1978    2278    2013    1837    1377    772     125     
936    1969 1177    517     1866    49      1238    2123    1329    -93     121     770     1145    1796    1911    2292    2158    1874    1365    746     -37     
936    1970 1212    540     1880    162     1081    2215    1340    198     343     615     1105    1523    2147    2279    2217    1998    1260    765     50      
936    1971 1231    513     1920    154     1196    2232    1265    50      383     566     1354    1673    1924    2368    2393    1786    1273    735     213     
936    1972 1204    674     1766    354     1244    2104    1098    253     613     955     1181    1595    2000    2214    2094    1491    1132    670     233     
936    1973 1259    586     1909    299     1169    2251    1303    244     434     791     1003    1707    2132    2260    2357    1972    1235    703     210     
936    1974 1291    701     1904    450     1228    2250    1156    449     716     895     1190    1599    1998    2363    2382    1871    912     695     383     
936    1975 1302    624     1941    436     1266    2201    1326    410     522     812     1316    1672    1986    2371    2238    2050    1268    664     266     
936    1976 1250    620     1856    362     1220    2183    1221    280     553     684     1243    1734    2223    2348    1980    1594    1320    747     273     
936    1977 1216    661     1773    301     1210    2080    1295    103     551     965     1146    1515    1982    2213    2041    1722    1451    706     154     
936    1978 1172    610     1798    191     1158    2101    1204    282     131     894     1085    1492    1948    2200    2152    1895    1251    466     190     
936    1979 1228    519     1866    166     1209    2192    1253    -124    459     864     1061    1699    2141    2288    2145    1846    1306    606     392     
936    1980 1194    614     1823    322     1125    2123    1263    124     460     783     1098    1495    1913    2123    2325    1969    1229    592     191     
936    1981 1241    582     1885    208     1296    2168    1285    123     321     1013    1296    1580    2116    2143    2242    1922    1296    638     143     
936    1982 1301    551     1992    199     1232    2303    1378    203     256     745     1212    1737    2246    2453    2206    2084    1249    806     354     
936    1983 1278    636     1956    293     1227    2322    1304    321     195     856     1236    1590    2114    2606    2237    1931    1384    593     187     
936    1984 1200    549     1801    199     1073    2179    1274    148     268     699     1211    1314    2004    2367    2161    1736    1347    736     374     
936    1985 1251    529     1966    104     1216    2267    1383    -237    184     743     1241    1666    2012    2477    2303    2079    1465    602     405     
936    1986 1321    624     1986    274     1340    2263    1405    270     133     821     1134    2058    2187    2325    2275    1914    1497    799     349     
936    1987 1268    584     1950    208     1130    2229    1446    -20     306     551     1290    1554    2003    2402    2274    2166    1367    809     456     
936    1988 1361    766     1988    493     1350    2288    1340    465     563     926     1327    1795    1989    2505    2362    1925    1558    530     346     
936    1989 1298    731     1916    372     1384    2215    1239    174     619     1140    1177    1829    2047    2301    2293    1825    1269    621     236     
936    1990 1319    695     1956    394     1364    2256    1310    187     796     1068    1116    1899    2080    2353    2329    1936    1415    576     36      
936    1991 1233    551     1901    74      1144    2303    1339    106     82      1047    1030    1351    1931    2474    2493    2103    1266    649     179     
936    1992 1324    602     1983    267     1317    2281    1346    137     500     879     1216    1851    1966    2335    2531    1976    1235    831     399     
936    1993 1323    682     1966    395     1295    2296    1281    333     459     816     1258    1811    2251    2217    2418    1824    1316    702     408     
936    1994 1446    773     2053    450     1455    2430    1399    517     421     1240    1273    1845    2164    2592    2525    1891    1321    987     498     
936    1995 1374    759     1986    462     1312    2329    1378    285     619     835     1367    1736    1984    2640    2350    1811    1524    794     483     
936    1996 1398    777     1989    467     1390    2327    1378    425     496     920     1394    1855    2322    2338    2321    1688    1456    989     536     
936    1997 1498    918     2076    598     1517    2320    1554    493     781     1242    1344    1960    2160    2366    2429    2178    1556    928     484     
936    1998 1465    884     2107    596     1402    2467    1431    468     861     1007    1289    1904    2302    2513    2582    2029    1521    740     321     
936    1999 1446    754     2110    421     1452    2377    1462    448     501     966     1400    1988    2205    2499    2421    2130    1451    806     468     
936    2000 1495    841     2093    558     1497    2339    1517    479     739     1094    1387    2007    2331    2268    2417    2130    1543    877     640     
936    2001 1507    859     2141    560     1413    2570    1548    358     693     1029    1254    1950    2280    2661    2761    1912    1830    893     396     
936    2002 1615    971     2193    557     1623    2549    1603    447     858     1389    1513    1962    2610    2566    2473    2019    1618    1172    703     
936    2003 1720    985     2487    590     1715    2952    1587    513     550     1319    1513    2306    2900    2859    3094    2224    1443    1100    733     
936    2004 1666    940     2301    671     1509    2671    1762    535     751     1071    1562    1897    2528    2719    2761    2325    1769    1192    847     
936    2005 1609    1057    2283    711     1628    2591    1612    642     637     1221    1483    2174    2604    2715    2455    2249    1626    961     479     
936    2006 1801    891     2511    523     1749    2810    1935    447     657     1155    1841    2255    2757    3117    2554    2526    1907    1372    950     
936    2007 1811    1327    2419    1040    2017    2721    1495    1012    1169    1536    2223    2298    2628    2880    2653    1815    1459    1212    807     
936    2008 1709    1137    2316    921     1698    2663    1698    877     1089    1379    1575    2137    2507    2725    2751    2181    1797    1114    349     
936    2009 -999999 -999999 -999999 322     1520    2513    1530    125     509     991     1479    2049    2362    2535    2641    2171    1471    949     314     
936    2010 -999999 -999999 2057    -999999 1375    2416    1333    274     -999999 937     1421    1768    2290    2640    2314    1884    1276    859     166     
936    2011 -999999 683     -999999 319     -999999 -999999 -999999 244     571     978     1697    -999999 -999999 -999999 -999999 -999999 -999999 -999999 -999999 
