EUROPEAN CLIMATE ASSESSMENT & DATASET (ECA&D), file created on: 10-05-2011
THESE DATA CAN BE USED FREELY PROVIDED THAT THE FOLLOWING SOURCE IS ACKNOWLEDGED: 

Klein Tank, A.M.G. and Coauthors, 2002. Daily dataset of 20th-century surface
air temperature and precipitation series for the European Climate Assessment.
Int. J. of Climatol., 22, 1441-1453.
Data and metadata available at http://eca.knmi.nl

FILE FORMAT (MISSING VALUE CODE = -999999):

THIS FILE HOLDS DATA FOR STATION POLAND                                   GORZOW WLKP                              (STAID:   2029)
LATITUDE: dd:mm:ss +52:45:00
LONGITUDE: ddd:mm:ss +015:16:48
ELEVATION: m   72

DATA IS FOR INDEX Mean of daily mean temperature (TG) with unit 0.01 Temperature (&#176;C)

01-06 SOUID: Source identifier
08-11 YEAR : YYYY
13-20 ANNUAL DATA VALUES
21-28 WINTER HALF YEAR DATA VALUES
29-36 SUMMER HALF YEAR DATA VALUES
37-44 WINTER (DJF) DATA VALUES
45-52 SPRING (MAM) DATA VALUES
53-60 SUMMER (JJA) DATA VALUES
61-68 AUTUMN (SON) DATA VALUES
69-76 JANUARY DATA VALUES
etc. 
157-164 DECEMBER DATA VALUES

2029   1961 897     -999999 1449    -999999 916     1658    1042    -214    365     624     1020    1108    1743    1612    1624    1586    1153    384     -252    
2029   1962 755     248     1327    -44     704     1540    842     148     -25     59      993     1068    1436    1568    1614    1271    897     356     -367    
2029   1963 752     -89     1535    -656    802     1812    1029    -902    -704    139     881     1389    1714    1914    1806    1489    879     723     -389    
2029   1964 806     113     1485    -270    676     1774    882     -264    -149    -122    821     1333    1834    1852    1638    1422    776     453     65      
2029   1965 754     208     1356    -35     655     1602    758     75      -268    110     755     1102    1643    1589    1574    1464    832     -23     125     
2029   1966 838     146     1437    -96     815     1733    881     -392    -13     327     768     1347    1790    1727    1685    1291    1098    247     121     
2029   1967 919     360     1464    69      881     1730    1012    -113    213     574     702     1361    1557    1927    1699    1520    1126    387     22      
2029   1968 837     308     1450    -49     846     1732    909     -166    1       458     984     1101    1757    1661    1780    1408    932     386     -276    
2029   1969 730     43      1462    -332    650     1756    974     -373    -348    -90     698     1345    1615    1922    1726    1446    945     531     -718    
2029   1970 744     -33     1399    -572    593     1771    869     -613    -364    7       563     1209    1779    1720    1815    1289    848     472     132     
2029   1971 873     244     1469    11      795     1774    805     -221    135     96      787     1503    1495    1851    1967    1183    906     323     387     
2029   1972 798     282     1395    -11     814     1753    749     -477    62      475     762     1204    1605    1989    1661    1130    671     448     22      
2029   1973 841     289     1426    32      784     1764    789     -103    192     497     569     1277    1641    1838    1808    1398    706     265     -40     
2029   1974 889     316     1366    136     816     1618    823     166     298     498     809     1140    1476    1574    1800    1380    649     445     394     
2029   1975 926     379     1528    278     779     1843    868     395     19      342     686     1305    1610    1960    1952    1637    763     206     160     
2029   1976 774     141     1410    -39     637     1739    844     -73     -217    -17     672     1257    1648    1925    1640    1296    759     480     -113    
2029   1977 849     279     1333    -38     770     1670    886     -98     113     523     550     1230    1728    1637    1647    1189    941     528     149     
2029   1978 793     319     1325    3       780     1614    881     3       -159    414     674     1250    1577    1641    1622    1170    954     517     -210    
2029   1979 771     104     1425    -378    783     1687    801     -497    -432    251     695     1399    1857    1488    1723    1378    711     317     281     
2029   1980 712     132     1309    -114    591     1601    836     -581    -38     98      632     1044    1525    1627    1647    1367    852     289     59      
2029   1981 832     273     1444    -35     912     1684    900     -163    4       573     726     1430    1651    1730    1669    1441    819     443     -386    
2029   1982 911     152     1527    -293    827     1850    1050    -368    -105    494     657     1325    1661    1956    1926    1616    992     543     167     
2029   1983 946     416     1556    142     927     1877    891     416     -189    512     910     1357    1674    2040    1910    1420    909     342     -41     
2029   1984 810     236     1371    -7      756     1618    874     70      -52     175     798     1295    1435    1612    1802    1262    1060    293     -63     
2029   1985 751     69      1429    -423    855     1660    769     -717    -495    287     776     1498    1422    1786    1763    1304    909     89      292     
2029   1986 798     131     1411    -166    808     1711    878     -46     -806    254     672     1492    1581    1831    1718    1145    900     587     116     
2029   1987 711     87      1340    -293    593     1595    918     -838    -142    -107    817     1078    1510    1725    1547    1354    899     500     154     
2029   1988 911     369     1488    199     838     1739    821     229     214     210     795     1509    1608    1851    1755    1386    906     169     271     
2029   1989 991     432     1532    291     970     1773    958     239     371     621     855     1431    1634    1868    1813    1572    1072    227     135     
2029   1990 976     499     1451    314     1012    1731    873     276     554     725     850     1456    1639    1705    1845    1187    988     441     17      
2029   1991 864     312     1435    -40     772     1767    921     150     -314    535     801     981     1454    1992    1843    1522    868     376     64      
2029   1992 957     347     1621    126     911     2015    785     37      288     447     845     1439    1960    2044    2038    1377    570     414     2       
2029   1993 850     241     1456    43      994     1611    657     122     2       316     1022    1646    1563    1651    1618    1215    804     -52     224     
2029   1994 955     262     1550    97      903     1897    887     254     -218    506     950     1254    1584    2233    1863    1391    729     548     272     
2029   1995 886     379     1504    219     807     1863    873     -2      404     329     823     1269    1560    2080    1938    1327    1126    157     -418    
2029   1996 707     0       1377    -429    696     1682    853     -494    -371    -18     907     1205    1633    1583    1830    1090    994     471     -372    
2029   1997 877     254     1488    -143    782     1868    810     -336    326     456     593     1291    1699    1812    2089    1418    748     265     130     
2029   1998 915     365     1512    261     968     1719    746     204     468     385     1006    1514    1743    1747    1666    1381    818     36      -20     
2029   1999 975     264     1588    62      951     1823    969     161     43      518     975     1362    1634    2010    1819    1715    897     298     197     
2029   2000 1009    375     1536    192     1067    1718    1039    33      357     464     1165    1576    1753    1609    1792    1308    1183    620     230     
2029   2001 898     405     1479    117     838     1797    929     6       114     255     804     1452    1493    1981    1906    1209    1217    351     -84     
2029   2002 964     422     1623    148     981     1944    842     115     443     489     885     1567    1756    1967    2103    1433    747     348     -314    
2029   2003 925     133     1620    -229    917     1945    865     -135    -238    362     841     1546    1908    1957    1970    1478    587     540     205     
2029   2004 903     275     1488    17      895     1758    941     -328    187     465     947     1275    1559    1761    1948    1419    992     408     175     
2029   2005 942     330     1547    109     858     1769    1054    231     -99     231     964     1383    1645    1957    1700    1615    1123    421     64      
2029   2006 1003    189     1680    -182    808     2002    1217    -542    -57     107     930     1390    1826    2372    1801    1746    1208    698     495     
2029   2007 1043    633     1628    378     1145    1894    850     470     146     734     1132    1568    1903    1895    1885    1370    862     317     160     
2029   2008 1021    427     1571    297     941     1893    946     266     477     480     867     1474    1839    1961    1878    1385    948     505     149     
2029   2009 947     302     1624    -38     1019    1851    1006    -239    -21     446     1243    1375    1577    1989    1977    1565    788     672     -56     
2029   2010 813     192     1556    -254    846     1958    847     -624    -65     430     940     1172    1753    2214    1899    1338    740     466     -548    
2029   2011 -999999 165     -999999 -235    -999999 -999999 -999999 46      -201    459     1255    -999999 -999999 -999999 -999999 -999999 -999999 -999999 -999999 
