EUROPEAN CLIMATE ASSESSMENT & DATASET (ECA&D), file created on: 10-05-2011
THESE DATA CAN BE USED FREELY PROVIDED THAT THE FOLLOWING SOURCE IS ACKNOWLEDGED: 

Klein Tank, A.M.G. and Coauthors, 2002. Daily dataset of 20th-century surface
air temperature and precipitation series for the European Climate Assessment.
Int. J. of Climatol., 22, 1441-1453.
Data and metadata available at http://eca.knmi.nl

FILE FORMAT (MISSING VALUE CODE = -999999):

THIS FILE HOLDS DATA FOR STATION FINLAND                                  JYVASKYLA                                (STAID:     29)
LATITUDE: dd:mm:ss +62:24:00
LONGITUDE: ddd:mm:ss +025:40:59
ELEVATION: m  137

DATA IS FOR INDEX Mean of daily mean temperature (TG) with unit 0.01 Temperature (&#176;C)

01-06 SOUID: Source identifier
08-11 YEAR : YYYY
13-20 ANNUAL DATA VALUES
21-28 WINTER HALF YEAR DATA VALUES
29-36 SUMMER HALF YEAR DATA VALUES
37-44 WINTER (DJF) DATA VALUES
45-52 SPRING (MAM) DATA VALUES
53-60 SUMMER (JJA) DATA VALUES
61-68 AUTUMN (SON) DATA VALUES
69-76 JANUARY DATA VALUES
etc. 
157-164 DECEMBER DATA VALUES

29     1951 269     -999999 1014    -999999 -29     1447    411     -1116   -949    -781    244     460     1292    1401    1642    1027    495     -291    -274    
29     1952 227     -342    940     -418    -32     1351    78      -445    -543    -1005   306     613     1306    1491    1255    651     -49     -363    -511    
29     1953 386     -517    1089    -834    317     1532    412     -796    -1234   -214    325     840     1683    1541    1378    753     520     -39     -239    
29     1954 342     -340    1066    -773    303     1431    356     -885    -1241   -234    76      1061    1250    1651    1386    944     326     -200    -166    
29     1955 146     -390    969     -587    -177    1496    312     -877    -731    -721    -270    457     1120    1697    1658    1120    327     -512    -1575   
29     1956 102     -834    920     -1435   40      1382    49      -1173   -1567   -544    -156    814     1503    1504    1142    688     202     -749    -524    
29     1957 327     -492    988     -521    5       1417    357     -530    -507    -851    90      779     1115    1735    1393    782     392     -104    -429    
29     1958 116     -582    861     -959    -86     1352    328     -1300   -1167   -924    -54     721     1290    1423    1341    412     416     151     -995    
29     1959 355     -295    1058    -762    315     1527    307     -860    -395    -81     202     820     1411    1683    1483    721     296     -96     -975    
29     1960 283     -575    1121    -1069   232     1571    179     -1133   -1101   -460    126     1027    1544    1734    1434    835     34      -328    -375    
29     1961 427     -294    1031    -428    238     1489    525     -618    -275    -201    25      884     1599    1564    1309    783     729     58      -776    
29     1962 223     -401    925     -729    24      1216    434     -645    -770    -1021   328     775     1173    1343    1130    782     522     -4      -991    
29     1963 246     -660    1132    -1156   117     1429    461     -1196   -1294   -1038   188     1203    1268    1551    1462    1093    462     -173    -675    
29     1964 282     -454    987     -774    87      1369    370     -472    -1204   -704    146     821     1291    1532    1281    827     572     -297    -473    
29     1965 232     -374    980     -662    55      1351    243     -588    -953    -556    184     541     1390    1371    1293    1089    396     -760    -711    
29     1966 128     -844    988     -1376   37      1502    334     -1721   -1731   -617    -120    844     1632    1595    1283    672     290     40      -760    
29     1967 312     -432    1075    -976    318     1475    594     -1399   -747    -30     161     817     1280    1565    1574    1030    561     193     -1316   
29     1968 190     -586    1017    -1344   207     1475    99      -1860   -823    -262    243     639     1563    1431    1432    775     -35     -439    -407    
29     1969 181     -700    1044    -1009   68      1510    328     -1363   -1285   -721    181     749     1438    1554    1535    784     365     -167    -988    
29     1970 233     -628    1057    -1217   169     1546    245     -1161   -1533   -356    22      836     1669    1582    1392    824     265     -354    -522    
29     1971 240     -458    979     -642    34      1433    140     -497    -935    -747    -10     858     1353    1543    1398    701     215     -497    -596    
29     1972 389     -535    1138    -808    120     1695    326     -1090   -734    -519    63      814     1650    1935    1499    836     306     -163    29      
29     1973 300     -197    1071    -346    259     1602    39      -418    -683    -297    159     911     1577    1915    1314    518     43      -446    -1064   
29     1974 448     -415    1018    -604    142     1434    474     -541    -165    -292    110     606     1405    1535    1361    1076    377     -28     -109    
29     1975 449     -124    1100    -327    341     1450    432     -407    -479    -128    129     1015    1262    1638    1443    1082    303     -85     -459    
29     1976 130     -561    944     -939    111     1317    100     -1411   -947    -775    59      1048    1137    1420    1388    580     -81     -195    -694    
29     1977 246     -529    943     -850    151     1371    311     -799    -1080   -368    21      795     1369    1453    1291    702     286     -55     -753    
29     1978 133     -571    982     -1094   184     1406    292     -957    -1624   -406    7       945     1415    1525    1280    695     204     -21     -1588   
29     1979 277     -650    1058    -1290   268     1489    303     -1059   -1215   -257    21      1033    1489    1500    1477    798     174     -58     -690    
29     1980 224     -595    1095    -968    55      1565    218     -1087   -1137   -787    299     661     1684    1640    1375    898     359     -609    -651    
29     1981 247     -563    1015    -750    54      1384    381     -636    -984    -900    23      1039    1228    1666    1254    849     480     -190    -954    
29     1982 292     -520    975     -1101   266     1356    400     -1504   -817    -153    139     809     995     1645    1415    816     229     161     -302    
29     1983 348     -309    1133    -607    330     1449    297     -453    -1116   -433    362     1063    1336    1660    1347    1006    399     -518    -599    
29     1984 359     -482    1090    -714    310     1367    416     -806    -736    -650    352     1230    1285    1499    1316    832     515     -101    -472    
29     1985 80      -698    987     -1443   129     1451    340     -2045   -1852   -326    -67     775     1332    1533    1484    840     533     -359    -1025   
29     1986 242     -575    1025    -1188   333     1490    383     -1225   -1329   -114    85      1019    1641    1625    1209    543     414     192     -1257   
29     1987 64      -764    882     -1489   19      1244    307     -2155   -1007   -761    120     701     1269    1419    1046    723     555     -365    -830    
29     1988 301     -409    1124    -740    168     1607    193     -640    -750    -441    -9      947     1580    1919    1320    956     263     -643    -939    
29     1989 474     -299    1138    -474    443     1493    363     -256    -202    -22     356     991     1559    1585    1339    982     278     -170    -790    
29     1990 393     -293    1021    -581    358     1403    205     -871    -27     -151    380     845     1315    1469    1424    673     361     -424    -301    
29     1991 366     -378    1007    -637    172     1470    461     -647    -998    -317    233     602     1249    1654    1499    782     443     158     -361    
29     1992 371     -116    1047    -414    312     1412    79      -443    -438    -65     -54     1044    1520    1446    1272    1030    -279    -504    -115    
29     1993 292     -340    940     -354    376     1275    23      -443    -519    -202    162     1159    1056    1514    1249    461     137     -533    -622    
29     1994 278     -631    1066    -985    175     1499    278     -780    -1613   -468    337     660     1251    1825    1414    888     260     -314    -274    
29     1995 370     -219    1056    -381    254     1510    358     -541    -322    -135    115     776     1651    1466    1419    895     623     -454    -1103   
29     1996 262     -576    990     -1055   143     1432    431     -747    -1333   -489    152     766     1301    1379    1611    707     487     98      -853    
29     1997 341     -338    1090    -775    90      1670    261     -809    -651    -319    -66     652     1538    1806    1661    918     100     -232    -577    
29     1998 267     -472    983     -657    22      1369    310     -472    -951    -741    33      773     1307    1562    1237    965     405     -443    -561    
29     1999 374     -485    1132    -858    231     1583    504     -1008   -1021   -332    397     633     1774    1681    1300    1003    508     1       -528    
29     2000 476     -242    1069    -549    318     1447    552     -610    -508    -325    356     924     1353    1624    1359    777     696     178     -146    
29     2001 321     -238    1141    -537    160     1546    426     -430    -1089   -705    422     771     1349    1837    1445    1004    544     -274    -1114   
29     2002 348     -350    1225    -725    402     1681    20      -702    -321    -226    361     1071    1526    1815    1696    852     -155    -631    -1152   
29     2003 354     -707    1111    -1113   304     1537    408     -1410   -741    -156    93      968     1193    1965    1440    974     221     35      -413    
29     2004 360     -351    1079    -703    295     1416    380     -984    -711    -265    291     860     1195    1583    1464    1060    311     -228    -297    
29     2005 419     -365    1145    -479    104     1567    593     -377    -794    -844    295     868     1346    1809    1540    980     511     303     -662    
29     2006 -999999 -999999 -999999 -851    -999999 1616    -999999 -742    -1181   -1027   -999999 -999999 1496    1673    1679    -999999 -999999 -999999 -999999 
29     2007 -999999 -999999 -999999 -999999 -999999 1507    401     -999999 -999999 -999999 -999999 -999999 1360    1585    1571    853     528     -181    -18     
29     2008 -999999 -109    -999999 -210    253     1356    -999999 -331    -286    -381    355     805     1278    1505    1283    -999999 537     -999999 -158    
29     2009 335     -999999 1109    -545    313     1413    392     -730    -769    -372    264     1045    1263    1554    1418    1088    67      32      -904    
29     2010 209     -687    1231    -1255   322     1648    269     -1620   -1240   -489    362     1095    1281    2087    1564    960     303     -457    -1435   
29     2011 -999999 -708    -999999 -1249   -999999 -999999 -999999 -835    -1501   -394    473     -999999 -999999 -999999 -999999 -999999 -999999 -999999 -999999 
