EUROPEAN CLIMATE ASSESSMENT & DATASET (ECA&D), file created on: 10-05-2011
THESE DATA CAN BE USED FREELY PROVIDED THAT THE FOLLOWING SOURCE IS ACKNOWLEDGED: 

Klein Tank, A.M.G. and Coauthors, 2002. Daily dataset of 20th-century surface
air temperature and precipitation series for the European Climate Assessment.
Int. J. of Climatol., 22, 1441-1453.
Data and metadata available at http://eca.knmi.nl

FILE FORMAT (MISSING VALUE CODE = -999999):

THIS FILE HOLDS DATA FOR STATION ESTONIA                                  VALGA                                    (STAID:    976)
LATITUDE: dd:mm:ss +57:48:00
LONGITUDE: ddd:mm:ss +026:00:00
ELEVATION: m   62

DATA IS FOR INDEX Mean of daily mean temperature (TG) with unit 0.01 Temperature (&#176;C)

01-06 SOUID: Source identifier
08-11 YEAR : YYYY
13-20 ANNUAL DATA VALUES
21-28 WINTER HALF YEAR DATA VALUES
29-36 SUMMER HALF YEAR DATA VALUES
37-44 WINTER (DJF) DATA VALUES
45-52 SPRING (MAM) DATA VALUES
53-60 SUMMER (JJA) DATA VALUES
61-68 AUTUMN (SON) DATA VALUES
69-76 JANUARY DATA VALUES
etc. 
157-164 DECEMBER DATA VALUES

976    1995 -999999 -999999 -999999 -999999 599     1692    618     -413    66      131     538     1132    1823    1663    1599    1125    867     -139    -786    
976    1996 -999999 -999999 -999999 -908    477     -999999 -999999 -816    -1126   -338    585     1211    1441    1549    1767    -999999 728     361     -689    
976    1997 -999999 -999999 -999999 -410    416     1754    533     -374    -161    2       336     907     1599    1828    1828    1093    426     102     -461    
976    1998 -999999 -999999 -999999 -252    -999999 -999999 379     -74     -225    -199    600     1165    -999999 -999999 1446    1129    600     -593    -320    
976    1999 -999999 -999999 -999999 -999999 -999999 1803    727     -456    -630    54      884     810     1911    1920    1586    1332    690     141     -110    
976    2000 -999999 -999999 -999999 -144    730     1571    760     -262    -68     47      982     1148    1441    1666    1606    982     892     409     48      
976    2001 -999999 -999999 -999999 -999999 590     1749    694     -999999 -513    -126    803     1116    1468    2104    1700    1232    801     22      -826    
976    2002 648     -999999 1424    -354    734     1803    419     -256    42      231     639     1331    1639    1934    1831    1137    175     -22     -920    
976    2003 -999999 -999999 1315    -745    534     1668    631     -678    -625    -49     388     1217    1388    2003    1603    1227    435     258     19      
976    2004 614     -65     1308    -378    564     1637    623     -764    -389    41      610     1045    1413    1744    1746    1271    643     -45     10      
976    2005 -999999 -129    1338    -271    374     1670    794     -135    -732    -586    531     1152    1496    1827    1686    1330    785     250     -359    
976    2006 714     -999999 1463    -616    456     1836    906     -662    -849    -414    613     1175    1691    1967    1844    1470    923     324     370     
976    2007 755     201     1417    -196    820     1781    677     -71     -961    512     644     1299    1699    1773    1869    1193    770     66      120     
976    2008 777     196     1334    66      682     1662    749     -66     151     129     812     1109    1513    1717    1751    1084    873     284     -56     
976    2009 650     68      1364    -252    637     1625    705     -285    -433    -18     727     1204    1480    1782    1609    1364    468     289     -450    
976    2010 573     -303    1522    -841    666     1944    605     -1365   -693    -86     722     1363    1595    2260    1965    1193    498     121     -783    
976    2011 -999999 -999999 -999999 -719    -999999 -999999 -999999 -432    -968    -60     750     -999999 -999999 -999999 -999999 -999999 -999999 -999999 -999999 
