EUROPEAN CLIMATE ASSESSMENT & DATASET (ECA&D), file created on: 10-05-2011
THESE DATA CAN BE USED FREELY PROVIDED THAT THE FOLLOWING SOURCE IS ACKNOWLEDGED: 

Klein Tank, A.M.G. and Coauthors, 2002. Daily dataset of 20th-century surface
air temperature and precipitation series for the European Climate Assessment.
Int. J. of Climatol., 22, 1441-1453.
Data and metadata available at http://eca.knmi.nl

FILE FORMAT (MISSING VALUE CODE = -999999):

THIS FILE HOLDS DATA FOR STATION ITALY                                    NOVARA/CAMERI                            (STAID:   1711)
LATITUDE: dd:mm:ss +45:30:00
LONGITUDE: ddd:mm:ss +008:40:00
ELEVATION: m  168

DATA IS FOR INDEX Mean of daily mean temperature (TG) with unit 0.01 Temperature (&#176;C)

01-06 SOUID: Source identifier
08-11 YEAR : YYYY
13-20 ANNUAL DATA VALUES
21-28 WINTER HALF YEAR DATA VALUES
29-36 SUMMER HALF YEAR DATA VALUES
37-44 WINTER (DJF) DATA VALUES
45-52 SPRING (MAM) DATA VALUES
53-60 SUMMER (JJA) DATA VALUES
61-68 AUTUMN (SON) DATA VALUES
69-76 JANUARY DATA VALUES
etc. 
157-164 DECEMBER DATA VALUES

1711   1951 1179    -999999 1769    -999999 1025    2057    1287    332     440     562     1099    1416    1941    2136    2090    1922    1127    817     229     
1711   1952 1162    500     1878    134     1182    2264    1061    30      144     641     1287    1622    2150    2454    2184    1551    1086    527     211     
1711   1953 1248    -999999 1851    176     1285    2067    1297    50      280     812     1248    1795    1796    2237    2160    1850    1396    642     586     
1711   1954 1155    581     1762    201     1148    2009    1276    -77     96      798     1094    1551    1985    2064    1978    1892    1198    742     469     
1711   1955 1216    -999999 1822    406     1147    2088    1239    346     404     594     1259    1573    1972    2220    2069    1824    1254    640     335     
1711   1956 996     438     1660    60      1001    1920    1087    154     -335    536     878     1585    1707    2035    2011    1723    1010    469     62      
1711   1957 1135    -999999 1712    171     1094    2037    1214    66      409     845     1106    1331    1892    2163    2052    1715    1160    754     70      
1711   1958 1154    503     1747    212     963     2048    1333    106     486     454     780     1648    1792    2140    2204    1891    1267    842     196     
1711   1959 1183    -999999 1779    209     1148    2112    1179    119     325     853     1055    1533    1973    2289    2070    1737    1154    648     318     
1711   1960 1116    508     1727    155     1195    1990    1138    -7      155     763     1161    1661    1993    1951    2025    1555    1137    722     248     
1711   1961 1250    605     1872    254     1283    2101    1353    -104    658     981     1390    1480    2020    2088    2191    2060    1328    671     221     
1711   1962 1129    551     1772    274     1014    2085    1200    295     311     460     1159    1429    1875    2073    2302    1779    1254    565     -3      
1711   1963 1102    360     1789    -84     1098    2074    1274    -191    -58     559     1167    1571    1918    2274    2026    1763    1177    884     66      
1711   1964 1185    492     1894    84      1212    2191    1171    -159    361     628     1267    1743    2139    2309    2124    1766    1166    582     274     
1711   1965 1088    504     1690    197     1086    1991    1075    179     133     658     1070    1529    1944    2053    1974    1557    1119    548     225     
1711   1966 1143    507     1755    200     1185    1962    1244    -143    554     743     1217    1597    1974    1957    1956    1824    1473    429     109     
1711   1967 1168    540     1774    131     1178    2091    1252    37      260     900     1058    1571    1863    2299    2105    1727    1331    695     106     
1711   1968 1148    563     1733    178     1193    1968    1229    36      407     798     1268    1516    1859    2139    1904    1703    1274    708     148     
1711   1969 1095    447     1768    8       1115    2034    1262    -113    -14     643     1028    1671    1760    2224    2108    1795    1326    663     -37     
1711   1970 1111    483     1755    116     962     2085    1257    136     264     533     996     1357    1978    2160    2115    1912    1163    700     -26     
1711   1971 1134    438     1801    93      1103    2082    1154    -41     372     460     1266    1589    1744    2251    2241    1692    1159    611     213     
1711   1972 1115    606     1647    335     1132    1976    1036    205     603     845     1079    1471    1837    2106    1979    1392    1096    619     131     
1711   1973 1140    510     1785    209     1055    2121    1185    156     354     695     902     1562    1988    2126    2245    1864    1143    551     44      
1711   1974 1160    580     1770    320     1120    2094    1016    365     576     802     1099    1457    1814    2168    2291    1770    734     554     252     
1711   1975 1139    476     1763    302     1098    2018    1164    317     340     651     1159    1485    1759    2167    2119    1875    1118    502     122     
1711   1976 1112    469     1721    218     1046    2069    1100    127     420     523     1046    1568    2055    2235    1918    1486    1194    617     132     
1711   1977 1074    530     1618    161     1089    1890    1161    -24     398     852     1033    1382    1762    1976    1929    1612    1289    578     57      
1711   1978 1053    477     1665    75      1015    1965    1120    153     9       735     947     1360    1786    2049    2055    1776    1140    443     108     
1711   1979 1145    440     1780    93      1107    2109    1184    -142    338     743     1016    1558    2037    2193    2096    1764    1242    545     302     
1711   1980 1123    532     1763    237     1031    2065    1229    26      394     676     996     1420    1813    2069    2303    1962    1193    533     65      
1711   1981 1137    468     1774    63      1158    2054    1221    -54     191     855     1175    1445    1995    2046    2120    1854    1223    587     150     
1711   1982 1223    489     1901    136     1137    2209    1323    105     156     682     1097    1632    2103    2377    2145    2040    1178    757     337     
1711   1983 1214    559     1892    222     1109    2270    1291    215     100     730     1112    1486    2065    2525    2214    1934    1354    583     170     
1711   1984 1145    517     1724    160     1011    2097    1227    97      217     661     1116    1258    1894    2267    2125    1670    1297    712     397     
1711   1985 1178    492     1898    76      1129    2208    1304    -261    94      679     1176    1533    1928    2433    2253    2046    1350    514     318     
1711   1986 1173    487     1836    123     1154    2122    1305    19      22      655     968     1834    2029    2123    2210    1830    1368    715     216     
1711   1987 1157    470     1844    106     978     2131    1358    -64     173     388     1141    1410    1835    2348    2202    2125    1294    684     325     
1711   1988 -999999 654     -999999 399     1220    2203    1262    429     446     736     1191    1715    1926    2351    2310    1890    1515    393     310     
1711   1989 -999999 -999999 1810    321     1211    2134    1162    170     500     931     991     1703    1891    2284    2212    1753    1149    541     190     
1711   1990 -999999 -999999 -999999 -999999 1253    -999999 -999999 77      651     947     1042    1761    -999999 2213    2221    1807    1433    588     7       
1711   1991 -999999 -999999 -999999 -999999 1094    2257    1283    73      138     1013    1015    1264    1856    2429    2470    1997    1205    624     70      
1711   1992 1235    -999999 1841    313     1235    2125    1152    300     596     813     1116    1771    1845    2201    2321    1766    1000    694     289     
1711   1993 1197    541     1847    278     1207    2148    1131    263     283     697     1168    1755    2089    2095    2258    1699    1148    546     294     
1711   1994 1223    618     1791    314     1222    2150    1182    360     285     1038    1041    1581    1880    2312    2250    1657    1143    749     305     
1711   1995 1214    585     1821    306     1161    2160    1192    106     528     681     1203    1600    1864    2441    2164    1628    1296    648     352     
1711   1996 -999999 598     -999999 318     1196    -999999 -999999 286     316     672     1254    1664    2161    2127    2084    1440    1260    766     357     
1711   1997 -999999 -999999 -999999 -999999 -999999 -999999 -999999 294     541     947     1060    1738    -999999 -999999 -999999 -999999 -999999 781     386     
1711   1998 -999999 -999999 -999999 -999999 -999999 -999999 -999999 280     -999999 -999999 1137    -999999 -999999 -999999 2398    -999999 -999999 531     214     
1711   1999 -999999 -999999 -999999 -999999 -999999 -999999 -999999 431     276     870     1201    -999999 -999999 -999999 -999999 -999999 1372    681     -999999 
1711   2000 -999999 -999999 -999999 -999999 -999999 -999999 1332    -999999 -999999 -999999 -999999 -999999 2128    2145    2282    1886    1365    747     468     
1711   2001 -999999 -999999 -999999 -999999 -999999 -999999 -999999 313     -999999 991     -999999 1846    2040    2370    2495    1673    1635    710     159     
1711   2002 -999999 -999999 -999999 -999999 1306    -999999 1407    161     563     1032    1216    1665    2281    2307    2280    1949    1369    923     544     
1711   2003 -999999 -999999 -999999 373     1293    2621    -999999 307     259     848     1164    1847    2573    2581    2704    1965    1287    -999999 -999999 
1711   2004 -999999 -999999 -999999 -999999 -999999 -999999 -999999 -999999 -999999 -999999 -999999 -999999 -999999 -999999 -999999 -999999 -999999 -999999 -999999 
1711   2005 -999999 -999999 -999999 -999999 -999999 -999999 -999999 -999999 -999999 -999999 -999999 -999999 -999999 -999999 -999999 -999999 -999999 -999999 -999999 
1711   2006 -999999 -999999 -999999 -999999 -999999 2111    1431    -999999 -999999 -999999 1143    1592    1978    2393    1979    1953    1458    898     407     
1711   2007 -999999 751     -999999 434     1362    2131    1173    403     498     828     1520    1794    2069    2239    2084    1660    1216    626     159     
1711   2008 -999999 -999999 -999999 324     1185    2214    -999999 379     442     828     1091    1662    2111    2242    2289    -999999 -999999 694     219     
1711   2009 -999999 -999999 -999999 166     1256    2301    1383    -31     325     775     -999999 1765    2099    2333    2465    1988    1301    828     130     
1711   2010 -999999 -999999 -999999 162     1157    2217    1159    59      310     720     1214    1545    2062    2466    2119    1743    1097    699     99      
1711   2011 -999999 -999999 -999999 225     -999999 -999999 -999999 157     431     837     1526    -999999 -999999 -999999 -999999 -999999 -999999 -999999 -999999 
