EUROPEAN CLIMATE ASSESSMENT & DATASET (ECA&D), file created on: 10-05-2011
THESE DATA CAN BE USED FREELY PROVIDED THAT THE FOLLOWING SOURCE IS ACKNOWLEDGED: 

Klein Tank, A.M.G. and Coauthors, 2002. Daily dataset of 20th-century surface
air temperature and precipitation series for the European Climate Assessment.
Int. J. of Climatol., 22, 1441-1453.
Data and metadata available at http://eca.knmi.nl

FILE FORMAT (MISSING VALUE CODE = -999999):

THIS FILE HOLDS DATA FOR STATION AUSTRIA                                  LIENZ                                    (STAID:   2223)
LATITUDE: dd:mm:ss +46:49:48
LONGITUDE: ddd:mm:ss +012:48:00
ELEVATION: m  659

DATA IS FOR INDEX Mean of daily mean temperature (TG) with unit 0.01 Temperature (&#176;C)

01-06 SOUID: Source identifier
08-11 YEAR : YYYY
13-20 ANNUAL DATA VALUES
21-28 WINTER HALF YEAR DATA VALUES
29-36 SUMMER HALF YEAR DATA VALUES
37-44 WINTER (DJF) DATA VALUES
45-52 SPRING (MAM) DATA VALUES
53-60 SUMMER (JJA) DATA VALUES
61-68 AUTUMN (SON) DATA VALUES
69-76 JANUARY DATA VALUES
etc. 
157-164 DECEMBER DATA VALUES

2223   1965 -999999 -999999 -999999 -999999 -999999 -999999 -999999 -999999 -999999 -999999 -999999 -999999 -999999 -999999 -999999 -999999 -999999 -999999 -999999 
2223   1966 -999999 -999999 -999999 -999999 -999999 -999999 -999999 -568    296     406     989     -999999 1718    -999999 -999999 -999999 -999999 93      -999999 
2223   1967 -999999 -999999 -999999 -999999 -999999 -999999 -999999 -203    -999999 -999999 771     1287    -999999 1903    -999999 1446    1075    430     -318    
2223   1968 -999999 -999999 -999999 -999999 -999999 -999999 -999999 -429    -999999 -999999 1026    1241    -999999 1657    -999999 1395    1013    -999999 -999999 
2223   1969 -999999 -999999 -999999 -999999 -999999 -999999 -999999 -999999 -276    -999999 777     -999999 1532    -999999 -999999 -999999 908     -999999 -999999 
2223   1970 -999999 -999999 -999999 -999999 -999999 -999999 -999999 -999999 -999999 -999999 -999999 -999999 -999999 -999999 -999999 -999999 -999999 -999999 -999999 
2223   1971 -999999 -999999 -999999 -999999 -999999 -999999 -999999 -999999 -999999 -999999 -999999 -999999 -999999 -999999 -999999 -999999 -999999 -999999 -999999 
2223   1972 -999999 -999999 -999999 -999999 -999999 -999999 -999999 -999999 -999999 -999999 -999999 -999999 -999999 -999999 -999999 -999999 -999999 -999999 -999999 
2223   1973 -999999 -999999 -999999 -999999 -999999 -999999 -999999 -999999 -999999 427     579     1338    -999999 1740    -999999 -999999 740     106     -999999 
2223   1974 -999999 -999999 -999999 -999999 -999999 -999999 -999999 -999999 -999999 -999999 -999999 1253    -999999 1762    1831    -999999 529     -999999 16      
2223   1975 -999999 -999999 -999999 -999999 -999999 -999999 -999999 -999999 -999999 374     817     1345    1519    1846    1766    1618    788     71      -999999 
2223   1976 -999999 -999999 -999999 -999999 -999999 -999999 880     -214    -107    189     832     1383    1743    1926    -999999 1240    1045    372     -483    
2223   1977 -999999 -999999 -999999 -999999 894     -999999 -999999 -366    57      652     782     1248    1661    1778    -999999 1316    1094    262     -999999 
2223   1978 -999999 -999999 -999999 -999999 792     -999999 -999999 -384    -315    427     736     1174    1572    1707    1660    1450    790     -60     -706    
2223   1979 -999999 -999999 -999999 -999999 789     1707    -999999 -640    -81     388     698     1280    1742    1735    1645    1503    948     -999999 -255    
2223   1980 -999999 -999999 -999999 -999999 758     -999999 -999999 -864    -61     393     710     1157    1537    1705    1925    1529    778     46      -450    
2223   1981 -999999 -999999 -999999 -999999 980     1729    895     -650    -243    595     1019    1317    1697    1700    1787    1512    914     260     -384    
2223   1982 -999999 -999999 -999999 -999999 796     1824    973     -546    -183    310     737     1325    1759    1956    1752    1628    944     349     14      
2223   1983 -999999 273     -999999 -82     920     1921    795     11      -289    547     954     1272    1703    2194    1844    1474    926     -11     -365    
2223   1984 -999999 -999999 -999999 -350    685     1733    824     -509    -170    246     750     1101    1639    1816    1744    1333    950     134     -300    
2223   1985 -999999 -999999 1484    -378    817     1768    732     -846    24      310     806     1319    1543    1997    1758    1438    829     -128    -171    
2223   1986 -999999 -999999 -999999 -383    793     1725    817     -516    -471    132     749     1495    1592    1776    1800    1401    877     175     -438    
2223   1987 -999999 -999999 -999999 -468    625     1683    939     -707    -226    -51     890     1044    1494    1837    1718    1606    917     317     -279    
2223   1988 -999999 -999999 -999999 -267    846     1741    801     -311    -206    274     888     1377    1551    1870    1793    1367    1090    -72     6       
2223   1989 -999999 266     -999999 -38     927     1657    777     -252    151     641     837     1297    1424    1756    1793    1446    857     22      -382    
2223   1990 -999999 -999999 -999999 -213    932     -999999 777     -509    304     712     726     1364    1592    1753    1737    1292    955     95      -654    
2223   1991 -999999 -999999 -999999 -661    759     -999999 -999999 -752    -566    572     711     984     1559    1914    1872    1556    790     -999999 -460    
2223   1992 -999999 -999999 -999999 -999999 888     1871    822     -376    95      476     779     1394    1582    1923    2098    1431    680     349     -516    
2223   1993 781     -999999 1487    -376    949     1736    727     -441    -158    384     949     1476    1695    1693    1819    1263    799     135     -307    
2223   1994 921     213     1539    -160    942     1898    935     -153    -5      774     766     1293    1670    2047    1963    1465    792     552     -173    
2223   1995 792     197     1443    -179    848     1729    817     -484    151     349     927     1272    1476    2015    1688    1262    985     197     -414    
2223   1996 748     70      1427    -344    809     1735    782     -309    -309    232     890     1307    1768    1731    1706    1145    833     365     -407    
2223   1997 847     193     1466    -245    913     1729    843     -349    49      657     726     1350    1651    1709    1825    1517    787     227     -38     
2223   1998 853     283     1501    53      891     1824    751     -90     308     494     824     1354    1736    1875    1857    1343    901     3       -435    
2223   1999 825     69      1534    -352    968     1751    867     -437    -164    519     948     1436    1595    1829    1823    1556    958     129     -312    
2223   2000 927     189     1560    -184    1034    1786    942     -474    262     575     1029    1499    1786    1694    1879    1461    988     377     41      
2223   2001 883     353     1500    20      979     1824    841     -151    186     664     733     1533    1570    1912    1983    1219    1146    173     -417    
2223   2002 956     260     1550    -169    990     1902    935     -331    285     703     826     1435    1925    1932    1850    1315    927     562     -25     
2223   2003 -999999 -999999 1672    -213    995     2106    817     -418    -209    668     819     1492    2125    2009    2185    1380    691     384     -88     
2223   2004 855     164     1520    -151    836     1824    965     -417    60      328     971     1214    1716    1844    1909    1453    1113    324     -310    
2223   2005 818     144     1560    -342    920     1812    905     -464    -241    410     904     1462    1850    1870    1715    1542    928     242     -440    
2223   2006 -999999 58      -999999 -394    879     1874    1097    -600    -114    332     943     1348    1769    2178    1643    1674    1152    482     -65     
2223   2007 -999999 -999999 -999999 82      1154    1859    824     90      230     598     1298    1553    1835    1960    1780    1303    907     260     -167    
2223   2008 971     -999999 1578    82      969     1903    932     98      324     487     864     1506    1869    1933    1907    1370    1075    326     -198    
2223   2009 -999999 -999999 -999999 -293    1026    1936    972     -582    -89     421     1072    1584    1742    1973    2095    1563    930     424     -197    
2223   2010 -999999 -999999 -999999 -243    911     1950    862     -417    -106    432     985     1350    1795    2163    1887    1385    822     379     -323    
2223   2011 -999999 226     -999999 -152    -999999 -999999 -999999 -222    113     579     1241    -999999 -999999 -999999 -999999 -999999 -999999 -999999 -999999 
