EUROPEAN CLIMATE ASSESSMENT & DATASET (ECA&D), file created on: 10-05-2011
THESE DATA CAN BE USED FREELY PROVIDED THAT THE FOLLOWING SOURCE IS ACKNOWLEDGED: 

Klein Tank, A.M.G. and Coauthors, 2002. Daily dataset of 20th-century surface
air temperature and precipitation series for the European Climate Assessment.
Int. J. of Climatol., 22, 1441-1453.
Data and metadata available at http://eca.knmi.nl

FILE FORMAT (MISSING VALUE CODE = -999999):

THIS FILE HOLDS DATA FOR STATION SPAIN                                    ALBACETE                                 (STAID:    336)
LATITUDE: dd:mm:ss +38:57:07
LONGITUDE: ddd:mm:ss -001:51:47
ELEVATION: m  704

DATA IS FOR INDEX Mean of daily mean temperature (TG) with unit 0.01 Temperature (&#176;C)

01-06 SOUID: Source identifier
08-11 YEAR : YYYY
13-20 ANNUAL DATA VALUES
21-28 WINTER HALF YEAR DATA VALUES
29-36 SUMMER HALF YEAR DATA VALUES
37-44 WINTER (DJF) DATA VALUES
45-52 SPRING (MAM) DATA VALUES
53-60 SUMMER (JJA) DATA VALUES
61-68 AUTUMN (SON) DATA VALUES
69-76 JANUARY DATA VALUES
etc. 
157-164 DECEMBER DATA VALUES

336    1893 -999999 -999999 -999999 -999999 -999999 -999999 -999999 -999999 -999999 -999999 -999999 -999999 -999999 -999999 -999999 -999999 -999999 -999999 -999999 
336    1894 -999999 -999999 -999999 -999999 -999999 -999999 -999999 -999999 597     -999999 -999999 -999999 1983    2363    -999999 -999999 1415    909     -999999 
336    1895 -999999 -999999 -999999 -999999 -999999 -999999 -999999 301     -999999 715     -999999 1452    1938    2421    2377    -999999 1563    1123    742     
336    1896 -999999 -999999 -999999 -999999 1145    2148    -999999 588     581     985     1160    1301    1880    2487    2065    2106    1143    -999999 439     
336    1897 -999999 -999999 -999999 -999999 -999999 -999999 -999999 430     777     -999999 1268    1581    2130    2446    -999999 1898    1400    1038    552     
336    1898 -999999 -999999 -999999 -999999 -999999 2320    -999999 602     597     653     1185    1409    1975    2479    2520    1983    1479    888     558     
336    1899 -999999 -999999 -999999 -999999 1354    -999999 -999999 545     897     948     1467    1623    1921    -999999 -999999 2097    1822    -999999 -999999 
336    1900 -999999 -999999 -999999 -999999 -999999 -999999 -999999 -999999 -999999 582     1115    1408    2011    -999999 -999999 -999999 1399    690     544     
336    1901 1232    -999999 1894    421     1108    2278    1223    477     236     635     1237    1458    2189    2359    2283    1837    1163    671     209     
336    1902 -999999 649     -999999 397     1098    -999999 -999999 356     652     846     1196    1262    1822    -999999 -999999 -999999 -999999 -999999 -999999 
336    1903 -999999 -999999 -999999 -999999 -999999 -999999 1342    -999999 -999999 -999999 -999999 -999999 -999999 2300    2358    1824    1458    757     257     
336    1904 1304    655     1916    366     1158    2271    1295    333     513     595     1136    1741    1986    2421    2397    1790    1359    735     586     
336    1905 -999999 725     1801    415     1179    2176    1175    310     348     972     1195    1370    1900    2330    2291    1713    1154    641     391     
336    1906 -999999 -999999 1792    -999999 951     2245    1298    433     331     694     817     1338    2055    2241    2440    1858    1340    673     345     
336    1907 1225    -999999 1788    318     1031    2195    1224    299     310     755     1004    1334    2045    2136    2397    1793    1066    818     625     
336    1908 1289    -999999 1816    546     1029    2102    1476    475     530     555     866     1682    1735    2231    2327    2023    1451    955     538     
336    1909 1226    705     1746    384     1085    2038    1334    295     309     639     1202    1417    1573    2138    2388    1732    1452    814     650     
336    1910 1230    -999999 1723    534     918     2140    1328    341     607     618     964     1173    1899    2239    2273    1772    1385    826     562     
336    1911 -999999 -999999 1851    441     976     2234    1393    150     588     654     916     1354    1857    2369    2465    2091    1293    798     695     
336    1912 1292    842     1815    664     1216    2138    1241    457     847     945     1012    1678    2010    2205    2196    1743    1222    757     348     
336    1913 1330    -999999 1867    461     1182    2277    1358    541     499     932     1056    1552    2158    2369    2295    1760    1375    939     400     
336    1914 1267    750     1813    427     1171    2085    1322    215     703     870     1180    1465    1730    2297    2217    1969    1318    680     506     
336    1915 -999999 705     -999999 447     1105    2307    -999999 360     479     862     901     1544    1979    2430    2502    -999999 -999999 881     664     
336    1916 -999999 -999999 1852    567     1110    2220    -999999 448     591     675     1107    1548    1975    2298    2378    1786    1511    -999999 630     
336    1917 1249    -999999 1876    507     1046    2228    1343    353     542     620     939     1576    1903    2478    2292    2040    1218    775     202     
336    1918 -999999 669     -999999 446     1034    -999999 1311    537     615     667     931     1501    -999999 2321    2396    2029    1076    836     611     
336    1919 1314    756     1905    592     1185    2262    1264    400     784     835     1073    1644    2070    2219    2491    1912    1153    730     420     
336    1920 -999999 -999999 -999999 -999999 1298    -999999 -999999 -999999 683     893     1270    1762    -999999 -999999 -999999 -999999 -999999 -999999 -999999 
336    1921 -999999 -999999 -999999 -999999 -999999 -999999 -999999 -999999 -999999 -999999 -999999 -999999 -999999 -999999 -999999 -999999 -999999 -999999 -999999 
336    1922 -999999 -999999 -999999 -999999 -999999 -999999 -999999 -999999 -999999 -999999 -999999 -999999 -999999 -999999 -999999 -999999 -999999 -999999 -999999 
336    1923 -999999 -999999 -999999 -999999 -999999 -999999 1364    -999999 -999999 -999999 -999999 -999999 -999999 2493    2579    1787    1542    756     322     
336    1924 -999999 677     -999999 299     -999999 -999999 -999999 352     219     843     -999999 1868    2113    -999999 -999999 -999999 -999999 -999999 502     
336    1925 -999999 -999999 -999999 483     1034    -999999 1342    453     495     505     1119    1481    1947    -999999 2356    1920    1379    725     665     
336    1926 1416    895     1944    740     1213    2287    1541    623     951     1028    1170    1440    1980    2404    2469    2202    1595    823     306     
336    1927 1405    769     1993    426     1302    2304    1445    470     509     885     1325    1696    2111    2357    2438    2012    1545    777     672     
336    1928 1399    859     1975    635     1140    2426    1436    431     806     906     1117    1396    2148    2568    2553    2050    1432    826     498     
336    1929 -999999 -999999 -999999 509     1170    2264    1343    390     658     847     1192    1473    2120    2372    2294    1844    1354    829     668     
336    1930 1366    -999999 1860    521     1150    2205    1589    588     288     959     905     1577    1874    2281    2449    2050    1664    1051    621     
336    1931 1393    937     1949    597     1273    2364    1406    580     589     1076    1157    1581    2312    2436    2343    1849    1430    939     346     
336    1932 1299    748     1816    396     1140    2150    1405    485     356     911     1019    1487    1864    2195    2382    1928    1348    943     627     
336    1933 -999999 -999999 2001    541     1312    2282    1357    381     601     822     1333    1780    1809    2426    2595    2036    1446    585     252     
336    1934 -999999 -999999 -999999 -999999 1097    2278    1364    -999999 438     634     1037    1588    2116    2494    2227    2082    1443    613     768     
336    1935 -999999 -999999 -999999 -999999 -999999 -999999 -999999 242     -999999 -999999 1215    1220    -999999 2609    2207    2214    -999999 -999999 713     
336    1936 -999999 -999999 -999999 765     1073    2218    -999999 764     823     873     1099    1262    1819    2426    2397    2064    1194    -999999 -999999 
336    1937 -999999 -999999 -999999 -999999 -999999 -999999 -999999 -999999 -999999 -999999 -999999 -999999 -999999 -999999 -999999 -999999 -999999 -999999 -999999 
336    1938 -999999 -999999 -999999 -999999 -999999 -999999 -999999 -999999 -999999 -999999 -999999 -999999 -999999 -999999 -999999 -999999 -999999 -999999 -999999 
336    1939 -999999 -999999 -999999 -999999 -999999 -999999 -999999 -999999 -999999 -999999 -999999 -999999 -999999 -999999 -999999 -999999 -999999 -999999 531     
336    1940 1318    -999999 1876    575     1261    2177    1316    438     774     1025    1200    1556    1830    2340    2350    1957    1217    776     317     
336    1941 1249    704     1782    445     1046    2184    1321    388     649     875     1023    1239    1914    2287    2346    1880    1366    714     297     
336    1942 1369    659     1977    287     1286    2335    1463    373     183     968     1220    1669    2105    2486    2405    1955    1570    862     501     
336    1943 -999999 -999999 -999999 -999999 1331    -999999 -999999 613     -999999 818     1375    1771    2272    2314    -999999 1932    -999999 611     502     
336    1944 1286    -999999 1955    358     1222    2303    1283    377     184     797     1253    1617    2056    2393    2451    1939    1130    785     377     
336    1945 1421    651     2050    350     1408    2279    1544    -5      714     915     1559    1756    2216    2405    2213    2141    1470    1023    612     
336    1946 1262    775     1847    456     1024    2245    1458    173     598     764     1050    1258    1930    2392    2402    2032    1539    801     163     
336    1947 -999999 -999999 1952    -999999 1274    2351    1470    -999999 643     1069    1282    1472    2220    2472    2357    1891    1468    1051    393     
336    1948 1387    884     1871    594     1160    2243    1436    641     757     992     1114    1373    2067    2268    2389    2003    1371    937     704     
336    1949 -999999 803     -999999 578     1140    -999999 1470    474     555     760     1254    1409    -999999 2503    2544    2073    1450    887     593     
336    1950 -999999 831     -999999 573     -999999 2345    1508    443     694     927     -999999 1445    2036    2564    2424    1968    1467    1092    380     
336    1951 -999999 764     -999999 420     993     2242    1280    408     479     743     977     1259    2007    2394    2320    1905    1136    844     538     
336    1952 1335    710     1908    398     1217    2346    1398    200     461     1071    1090    1486    2220    2474    2339    1818    1527    843     459     
336    1953 -999999 665     -999999 358     1072    2277    1206    222     397     521     1021    1673    1954    2451    2433    1907    993     771     574     
336    1954 -999999 620     -999999 369     1147    2209    1519    159     376     831     1006    1599    2014    2376    2223    2117    1479    1021    597     
336    1955 -999999 893     -999999 680     1308    2365    1366    782     659     798     1247    1876    2123    2548    2429    1984    1311    823     722     
336    1956 1199    709     1789    436     1051    2167    1255    498     66      817     940     1391    1936    2259    2303    1902    1290    572     396     
336    1957 -999999 722     -999999 458     1151    2218    1311    274     731     1083    937     1425    1749    2384    2478    2095    1241    676     285     
336    1958 1361    723     -999999 517     1115    2229    1449    466     829     847     871     1620    1961    2353    2360    2287    1327    763     690     
336    1959 -999999 787     -999999 597     1033    2231    1265    565     530     822     959     1315    1918    2482    2278    1872    1226    699     570     
336    1960 -999999 751     -999999 542     947     -999999 1245    368     697     940     978     923     -999999 2426    2349    1995    953     837     299     
336    1961 1438    734     1999    538     1359    2264    1446    425     927     989     1335    1753    2014    2379    2392    2101    1355    884     676     
336    1962 -999999 831     1969    630     1175    2306    1486    632     576     837     1147    1540    1883    2483    2538    2204    1627    623     -999999 
336    1963 1345    -999999 1853    -999999 1172    2238    1421    550     489     905     1118    1491    2004    2383    2319    1783    1501    977     558     
336    1964 1407    838     2050    568     1300    2301    1492    441     716     832     1124    1939    2090    2446    2359    2322    1304    856     439     
336    1965 1385    727     1972    406     1316    2369    1353    423     349     945     1174    1823    2264    2431    2409    1706    1461    888     630     
336    1966 1367    919     1922    799     1181    2219    1310    844     937     757     1200    1585    1933    2279    2435    2084    1291    555     475     
336    1967 -999999 -999999 -999999 -999999 -999999 2253    1514    -999999 632     -999999 -999999 1483    1773    2577    2393    1981    1601    956     273     
336    1968 -999999 -999999 -999999 440     -999999 2256    1546    420     641     -999999 1105    -999999 2018    2457    2286    1978    1744    910     -999999 
336    1969 -999999 -999999 1776    -999999 -999999 2157    -999999 -999999 -999999 -999999 1118    1439    1818    2352    2291    1613    1317    -999999 -999999 
336    1970 -999999 -999999 -999999 -999999 -999999 -999999 -999999 -999999 -999999 -999999 1110    1473    -999999 2425    2338    2150    -999999 -999999 -999999 
336    1971 -999999 -999999 1768    -999999 904     2118    1363    -999999 571     443     1026    1246    1775    2244    2324    1976    1531    576     533     
336    1972 -999999 726     -999999 484     1044    -999999 1247    321     606     778     990     1363    1895    2300    -999999 1619    1194    929     -999999 
336    1973 -999999 -999999 -999999 -999999 -999999 2245    1412    381     416     628     -999999 1620    1940    2327    2459    2010    1297    934     -999999 
336    1974 -999999 -999999 1843    -999999 -999999 2197    1259    560     509     -999999 876     1619    1915    2352    2315    1954    1042    789     486     
336    1975 -999999 697     1807    557     971     2249    -999999 552     642     669     978     1265    1870    2515    2350    1837    1452    -999999 456     
336    1976 1266    -999999 1831    465     1103    2217    1179    323     626     805     937     1561    2012    2317    2316    1820    1147    572     718     
336    1977 1339    795     1770    691     1211    1997    1417    581     782     958     1275    1401    1822    2119    2043    1955    1456    838     798     
336    1978 1326    861     1837    654     1079    2190    1387    448     722     891     1013    1330    1742    2420    2392    2102    1315    747     740     
336    1979 1359    845     1893    716     1137    2292    1336    702     704     846     945     1613    2132    2370    2369    1906    1352    748     564     
336    1980 1324    780     1898    568     1084    2273    1437    467     680     864     1031    1355    2024    2297    2490    2176    1377    761     349     
336    1981 1389    751     1888    391     1249    2238    1531    345     489     1159    1107    1477    2160    2266    2286    2017    1525    1052    720     
336    1982 1382    932     1951    703     1196    2365    1339    692     695     887     1113    1584    2214    2531    2346    1899    1273    848     446     
336    1983 1419    741     1970    426     1208    2322    1645    439     386     1014    1103    1505    2222    2535    2205    2238    1579    1118    586     
336    1984 1296    807     1845    505     1009    2234    1433    434     495     620     1299    1118    1917    2555    2220    1952    1346    1005    573     
336    1985 1414    810     1987    576     1133    2370    1554    322     859     764     1266    1375    2179    2502    2423    2168    1578    916     587     
336    1986 1377    832     1963    532     1185    2333    1472    459     553     873     862     1810    2108    2449    2436    2087    1462    867     488     
336    1987 1449    831     2038    535     1336    2326    1498    497     630     1023    1343    1641    2121    2367    2482    2262    1407    829     735     
336    1988 1400    885     1922    689     1248    2249    1508    735     590     991     1189    1564    1801    2413    2517    2024    1550    949     439     
336    1989 1462    861     1970    529     1227    2415    1508    444     723     1050    1009    1615    2103    2581    2550    1933    1492    1099    879     
336    1990 1437    993     2002    795     1190    2394    1500    513     1014    964     999     1601    2231    2477    2470    2218    1438    845     445     
336    1991 1361    772     1973    458     1128    2429    1363    416     517     947     1078    1356    2194    2502    2585    2105    1190    800     579     
336    1992 1356    735     1936    499     1314    2177    1409    317     608     908     1310    1725    1626    2415    2471    2039    1224    971     625     
336    1993 1308    787     1870    533     1174    2264    1254    426     550     912     1126    1485    2022    2368    2395    1802    1150    814     594     
336    1994 1466    814     2014    591     1316    2484    1447    500     689     1125    1056    1758    2145    2692    2605    1796    1460    1084    620     
336    1995 1483    925     1968    678     1321    2333    1515    591     840     955     1212    1793    2045    2520    2427    1785    1609    1148    812     
336    1996 1373    950     1898    685     1232    2283    1320    742     489     876     1256    1565    2103    2391    2350    1705    1336    918     701     
336    1997 1469    940     1936    753     1347    2198    1574    651     924     1106    1296    1636    2011    2237    2340    2084    1625    1011    677     
336    1998 1440    996     1978    730     1219    2428    1444    655     874     1125    1082    1446    2217    2560    2498    2047    1354    934     444     
336    1999 1445    803     2076    510     1354    2456    1399    519     572     979     1262    1818    2193    2573    2592    1992    1521    681     567     
336    2000 1460    843     2038    601     1303    2405    1472    321     937     1035    1107    1760    2226    2481    2503    2133    1445    840     718     
336    2001 1511    965     2086    729     1415    2483    1509    731     739     1292    1330    1619    2388    2478    2580    2105    1709    707     396     
336    2002 1475    884     1971    610     1269    2338    1519    638     815     1024    1266    1518    2222    2435    2355    2015    1526    1014    824     
336    2003 1489    909     2112    615     1323    2555    1509    473     541     1041    1226    1701    2447    2644    2570    2064    1460    1004    632     
336    2004 -999999 918     -999999 713     1139    -999999 1575    745     770     881     1128    1406    -999999 2486    2523    2229    1651    864     631     
336    2005 -999999 -999999 -999999 506     -999999 2487    1465    424     457     1035    1294    1875    2352    2631    2469    1961    1583    810     546     
336    2006 -999999 -999999 -999999 521     1479    2426    1666    394     624     1118    1445    1885    2178    2684    2402    2089    1773    1160    600     
336    2007 -999999 -999999 -999999 695     1251    2394    1457    555     945     944     1155    1652    2160    2532    2477    2060    1479    831     626     
336    2008 -999999 -999999 -999999 740     1328    2379    1417    746     856     1077    1354    1562    2069    2513    2560    1983    1497    749     558     
336    2009 -999999 -999999 -999999 594     1358    2537    1663    511     726     1063    1178    1815    2352    2666    2592    2006    1748    1218    660     
336    2010 1448    -999999 2047    634     1256    2433    1446    550     695     903     1339    1547    2042    2678    2567    2053    1457    830     638     
336    2011 -999999 869     -999999 667     -999999 -999999 -999999 617     756     907     1543    -999999 -999999 -999999 -999999 -999999 -999999 -999999 -999999 
