EUROPEAN CLIMATE ASSESSMENT & DATASET (ECA&D), file created on: 10-05-2011
THESE DATA CAN BE USED FREELY PROVIDED THAT THE FOLLOWING SOURCE IS ACKNOWLEDGED: 

Klein Tank, A.M.G. and Coauthors, 2002. Daily dataset of 20th-century surface
air temperature and precipitation series for the European Climate Assessment.
Int. J. of Climatol., 22, 1441-1453.
Data and metadata available at http://eca.knmi.nl

FILE FORMAT (MISSING VALUE CODE = -999999):

THIS FILE HOLDS DATA FOR STATION FINLAND                                  MUONIO KK ALAMUONIO                      (STAID:    734)
LATITUDE: dd:mm:ss +67:58:12
LONGITUDE: ddd:mm:ss +023:40:12
ELEVATION: m  254

DATA IS FOR INDEX Mean of daily mean temperature (TG) with unit 0.01 Temperature (&#176;C)

01-06 SOUID: Source identifier
08-11 YEAR : YYYY
13-20 ANNUAL DATA VALUES
21-28 WINTER HALF YEAR DATA VALUES
29-36 SUMMER HALF YEAR DATA VALUES
37-44 WINTER (DJF) DATA VALUES
45-52 SPRING (MAM) DATA VALUES
53-60 SUMMER (JJA) DATA VALUES
61-68 AUTUMN (SON) DATA VALUES
69-76 JANUARY DATA VALUES
etc. 
157-164 DECEMBER DATA VALUES

734    1959 41      -999999 728     -999999 -79     1253    -72     -1355   -452    -312    -423    487     1143    1348    1263    517     -71     -660    -1027   
734    1960 -26     -917    938     -1403   47      1387    -152    -1662   -1526   -583    -14     735     1227    1664    1265    724     -380    -792    -1022   
734    1961 -38     -915    753     -1185   -309    1334    223     -1368   -1164   -787    -499    353     1304    1515    1183    635     448     -420    -1726   
734    1962 -288    -1093   653     -1618   -492    1010    -21     -1760   -1341   -1759   -104    401     934     1136    957     576     -70     -567    -1897   
734    1963 -177    -1253   831     -1850   -201    1118    -8      -1745   -1914   -1365   -223    984     931     1204    1213    849     42      -917    -1303   
734    1964 -87     -942    676     -1293   -244    1133    3       -783    -1827   -920    -360    545     971     1324    1099    447     247     -694    -1181   
734    1965 -280    -958    625     -1353   -477    1055    -169    -1513   -1366   -1275   -249    101     1012    1111    1041    724     -86     -1146   -1772   
734    1966 -365    -1522   638     -2124   -581    1220    -280    -2227   -2400   -1577   -504    341     1244    1403    1012    301     -452    -682    -975    
734    1967 -141    -995    786     -1442   -82     1212    114     -2148   -1179   -524    -142    404     1011    1321    1298    800     -166    -282    -2138   
734    1968 -318    -1254   570     -2033   -387    1068    -414    -2020   -1933   -997    -216    57      1075    1153    975     361     -776    -816    -735    
734    1969 -244    -1169   691     -1415   -472    1275    -155    -1568   -1998   -1191   -440    217     1150    1349    1322    522     31      -1023   -1425   
734    1970 -189    -1158   771     -1773   -277    1387    -195    -1772   -2158   -696    -570    427     1405    1530    1226    581     -31     -1141   -1227   
734    1971 -297    -1167   643     -1429   -580    1164    -439    -1513   -1559   -1570   -478    313     1088    1246    1155    510     -240    -1594   -1026   
734    1972 2       -1026   848     -1226   -179    1440    -156    -1269   -1393   -675    -240    375     1387    1664    1268    607     -103    -975    -682    
734    1973 -221    -835    752     -1054   -216    1340    -553    -993    -1533   -795    -224    371     1259    1732    1025    319     -675    -1300   -1931   
734    1974 65      -1071   822     -1289   -113    1279    -13     -1029   -865    -617    -160    437     1205    1471    1157    801     -93     -743    -843    
734    1975 -70     -724    669     -1034   -30     988     -15     -1339   -906    -437    -254    593     848     1147    964     693     -49     -689    -1467   
734    1976 -253    -1092   692     -1599   -204    1135    -359    -2174   -1127   -1037   -268    692     980     1273    1148    291     -330    -1039   -1470   
734    1977 -231    -1183   601     -1590   -397    1109    -169    -1650   -1655   -996    -473    275     902     1331    1087    454     -313    -641    -1192   
734    1978 -283    -1058   700     -1535   -237    1184    -237    -1826   -1594   -819    -370    475     1172    1365    1016    518     -242    -988    -2184   
734    1979 -177    -1288   778     -1932   -201    1309    -245    -2046   -1527   -753    -345    490     1233    1467    1223    569     -459    -839    -1220   
734    1980 -278    -1245   848     -1692   -249    1352    -383    -1932   -1941   -1114   -54     427     1477    1405    1177    641     -399    -1390   -1688   
734    1981 -304    -1371   701     -1633   -426    1097    -119    -1625   -1580   -1566   -307    599     847     1389    1047    597     -14     -943    -2168   
734    1982 -999999 -1122   -999999 -1726   -119    1068    -999999 -1994   -940    -650    -144    435     717     1386    1091    -999999 -157    -999999 -999999 
734    1983 -999999 -999999 752     -999999 -88     1086    -360    -999999 -1446   -880    -12     630     988     1350    916     619     -185    -1521   -1783   
734    1984 -96     -1155   720     -1415   -131    1086    -271    -1639   -781    -1009   -164    779     1088    1192    979     422     -161    -1077   -801    
734    1985 -389    -1227   648     -1797   -354    1199    -156    -2175   -2480   -785    -550    268     1063    1375    1155    551     -30     -993    -2215   
734    1986 -215    -1217   679     -1942   -92     1182    -84     -2050   -1521   -515    -369    599     1348    1334    869     266     19      -539    -2096   
734    1987 -290    -1259   600     -2002   -363    1018    48      -2317   -1550   -1073   -373    357     997     1189    869     543     428     -838    -1781   
734    1988 -152    -964    792     -1519   -291    1340    -213    -1393   -1372   -849    -504    472     1286    1584    1148    736     -81     -1298   -1605   
734    1989 48      -892    840     -1198   111     1213    -28     -914    -1062   -424    152     605     1190    1245    1204    624     -179    -524    -1405   
734    1990 14      -812    783     -1171   -86     1231    -185    -1616   -418    -680    -31     456     1115    1365    1209    563     -11     -1112   -693    
734    1991 -98     -919    724     -1182   -222    1234    -153    -1183   -1723   -878    -129    345     1044    1392    1259    406     -81     -787    -973    
734    1992 -21     -665    737     -892    -72     1131    -380    -945    -750    -464    -424    661     1330    1154    915     766     -916    -971    -632    
734    1993 -101    -906    658     -914    -163    1102    -249    -1099   -1021   -813    -207    528     771     1427    1096    296     -457    -578    -1219   
734    1994 -123    -1077   773     -1555   -109    1218    -241    -1946   -1495   -792    113     359     1010    1408    1230    494     -185    -1032   -734    
734    1995 -137    -740    682     -932    -151    1174    -280    -1064   -1006   -456    -301    299     1197    1208    1117    553     -152    -1245   -1859   
734    1996 -120    -1076   680     -1473   -263    1231    -133    -1021   -1543   -670    -298    177     1010    1300    1375    490     98      -994    -1428   
734    1997 -52     -925    792     -1327   -317    1408    -126    -1329   -1212   -713    -606    359     1264    1630    1324    752     -165    -963    -1055   
734    1998 -201    -1042   680     -1367   -366    1173    -178    -1268   -1823   -1052   -423    376     940     1492    1079    584     -34     -1090   -1327   
734    1999 -80     -1058   800     -1524   -138    1225    187     -1725   -1519   -700    -38     326     1367    1420    891     823     77      -335    -1613   
734    2000 53      -833    811     -1361   -77     1247    254     -1274   -1183   -676    -144    587     1076    1502    1158    662     336     -239    -1209   
734    2001 -72     -777    812     -1167   -371    1284    -36     -813    -1513   -1277   -258    427     1329    1367    1157    833     -59     -880    -1279   
734    2002 -82     -958    958     -1340   30      1432    -365    -1675   -1035   -824    184     735     1432    1515    1350    505     -356    -1244   -1626   
734    2003 -26     -1101   854     -1526   6       1328    -68     -2119   -758    -475    -156    644     1069    1753    1152    627     -118    -710    -1258   
734    2004 -27     -892    835     -1309   -25     1252    -158    -1236   -1442   -618    -22     565     992     1575    1182    692     -84     -1085   -913    
734    2005 -999999 -829    848     -950    -218    1362    150     -819    -1137   -976    -19     367     1237    1581    1263    611     174     -337    -1252   
734    2006 -999999 -999999 -999999 -1258   -155    1380    -125    -1165   -1366   -1188   86      644     1237    1394    1482    612     -303    -629    -772    
734    2007 7       -900    793     -1393   36      1265    16      -1625   -1824   -326    -79     510     1166    1399    1228    508     247     -714    -551    
734    2008 -999999 -637    -999999 -846    -182    1152    -999999 -934    -1067   -846    -162    418     1081    1385    988     531     -24     -863    -657    
734    2009 -11     -822    858     -1112   -49     1257    26      -1256   -1457   -711    -180    740     1054    1355    1356    793     -365    -336    -1223   
734    2010 -150    -1035   849     -1492   -90     1200    -171    -1437   -1851   -1054   35      755     1001    1502    1091    683     130     -1337   -1455   
734    2011 -999999 -1107   -999999 -1604   -999999 -999999 -999999 -1478   -1909   -675    188     -999999 -999999 -999999 -999999 -999999 -999999 -999999 -999999 
