EUROPEAN CLIMATE ASSESSMENT & DATASET (ECA&D), file created on: 10-05-2011
THESE DATA CAN BE USED FREELY PROVIDED THAT THE FOLLOWING SOURCE IS ACKNOWLEDGED: 

Klein Tank, A.M.G. and Coauthors, 2002. Daily dataset of 20th-century surface
air temperature and precipitation series for the European Climate Assessment.
Int. J. of Climatol., 22, 1441-1453.
Data and metadata available at http://eca.knmi.nl

FILE FORMAT (MISSING VALUE CODE = -999999):

THIS FILE HOLDS DATA FOR STATION DENMARK                                  NORDBY (FANO)-1                          (STAID:    304)
LATITUDE: dd:mm:ss +55:27:00
LONGITUDE: ddd:mm:ss +008:24:00
ELEVATION: m    4

DATA IS FOR INDEX Mean of daily mean temperature (TG) with unit 0.01 Temperature (&#176;C)

01-06 SOUID: Source identifier
08-11 YEAR : YYYY
13-20 ANNUAL DATA VALUES
21-28 WINTER HALF YEAR DATA VALUES
29-36 SUMMER HALF YEAR DATA VALUES
37-44 WINTER (DJF) DATA VALUES
45-52 SPRING (MAM) DATA VALUES
53-60 SUMMER (JJA) DATA VALUES
61-68 AUTUMN (SON) DATA VALUES
69-76 JANUARY DATA VALUES
etc. 
157-164 DECEMBER DATA VALUES

304    1874 -999999 -999999 -999999 -999999 -999999 1512    -999999 -999999 -999999 -999999 -999999 867     1336    1674    1498    1398    1101    254     -195    
304    1875 -999999 -999999 -999999 -999999 537     1639    -999999 -4      -999999 27      523     1079    1465    1663    1778    1444    711     160     27      
304    1876 -999999 -999999 -999999 -999999 587     -999999 -999999 -90     -1      240     669     861     1421    1618    1652    1239    1007    -999999 -999999 
304    1877 -999999 -999999 -999999 -999999 463     1541    -999999 -999999 144     78      405     877     1494    1584    1545    1094    788     735     180     
304    1878 -999999 -999999 -999999 -999999 704     1563    941     124     287     319     730     1103    1439    1518    1730    1414    1020    365     -97     
304    1879 -999999 -999999 -999999 -999999 -999999 -999999 873     -410    -999999 -11     381     835     1323    1439    1616    1377    913     268     -203    
304    1880 -999999 -999999 -999999 -999999 660     1631    -999999 -999999 144     302     728     965     1435    1650    1796    1502    630     416     290     
304    1881 -999999 -999999 -999999 -999999 -999999 1429    794     -397    -999999 -134    420     1000    1303    1554    1436    1234    621     547     275     
304    1882 -999999 -999999 -999999 -999999 746     -999999 -999999 326     -999999 505     680     1081    1432    1621    1542    1418    921     264     -112    
304    1883 -999999 -999999 -999999 -999999 499     1544    -999999 -90     183     -76     564     1030    1365    1687    1585    1344    902     506     256     
304    1884 -999999 -999999 -999999 -999999 635     1542    -999999 331     -999999 353     530     1017    1308    1684    1639    1543    966     272     -999999 
304    1885 -999999 -999999 -999999 -999999 590     1440    750     -103    -999999 233     662     877     1272    1593    1438    1217    748     268     241     
304    1886 -999999 -999999 -999999 -999999 461     1468    1006    -34     -234    -159    574     979     1293    1520    1585    1389    993     635     80      
304    1887 -999999 -999999 -999999 -999999 523     -999999 -999999 -213    -16     159     517     905     1403    1585    1484    1309    773     -999999 123     
304    1888 -999999 -999999 -999999 -999999 314     -999999 -999999 2       -190    -284    312     894     1390    1422    1394    1283    767     395     332     
304    1889 -999999 -999999 -999999 -999999 675     1609    909     60      -999999 9       531     1486    1717    1575    1541    1210    900     596     65      
304    1890 -999999 -999999 -999999 -999999 704     1410    -999999 300     3       298     559     1244    1278    1426    1518    1412    906     456     -274    
304    1891 -999999 -999999 -999999 -999999 -999999 1519    -999999 -345    -999999 126     425     966     1427    1639    1487    1425    1070    -999999 328     
304    1892 -999999 -999999 -999999 -999999 540     -999999 -999999 -35     16      60      545     998     1262    1467    1648    -999999 842     -999999 48      
304    1893 -999999 -999999 -999999 -999999 740     1635    -999999 -456    -90     349     718     1141    1428    1731    1747    1298    1063    401     415     
304    1894 -999999 -999999 -999999 -999999 -999999 1592    -999999 66      238     582     976     1118    1403    1789    1565    1214    749     741     -999999 
304    1895 -999999 -999999 -999999 -999999 698     -999999 -999999 -259    -563    117     777     1236    1522    1565    1690    1496    849     562     128     
304    1896 -999999 -999999 -999999 -999999 719     -999999 -999999 174     224     396     624     1132    1688    1766    1574    1434    948     346     7       
304    1897 -999999 -999999 -999999 -999999 -999999 -999999 -999999 -179    -63     360     625     1129    1654    1617    1836    1313    899     -999999 287     
304    1898 -999999 -999999 -999999 -999999 -999999 -999999 -999999 478     236     210     623     997     1453    1405    1700    -999999 917     605     624     
304    1899 -999999 -999999 -999999 -999999 -999999 1616    1041    288     -999999 212     599     1088    1429    1803    1609    1348    955     826     -999999 
304    1900 -999999 -999999 -999999 -999999 477     -999999 954     -999999 -89     102     476     908     1523    1684    1638    1385    924     522     -999999 
304    1901 -999999 -999999 -999999 -999999 663     1623    -999999 -153    -160    165     641     1181    1353    1843    1672    1416    1073    425     173     
304    1902 -999999 -999999 -999999 -999999 525     1380    771     380     -195    225     560     772     1448    1397    1302    1120    805     386     -37     
304    1903 -999999 -999999 -999999 -999999 688     1467    -999999 -2      333     471     487     1135    1390    1569    1439    1289    953     568     58      
304    1904 -999999 -999999 -999999 100     624     1496    914     132     109     199     692     994     1333    1598    1556    1308    906     499     387     
304    1905 -999999 -999999 -999999 -999999 613     1639    748     46      185     344     414     1076    1625    1701    1593    1297    585     333     244     
304    1906 -999999 -999999 -999999 -999999 -999999 1502    1009    90      87      169     576     1081    1358    1530    1613    1325    971     739     -999999 
304    1907 -999999 -999999 -999999 -999999 588     1346    921     112     -168    253     567     968     1248    1401    1385    1237    1130    383     155     
304    1908 -999999 -999999 -999999 -999999 -999999 1519    876     10      236     133     483     1004    1423    1651    1475    1298    949     341     222     
304    1909 -999999 -999999 -999999 -999999 -999999 -999999 -999999 30      -96     -41     468     824     1263    1467    1477    1245    1093    321     179     
304    1910 -999999 -999999 -999999 -999999 728     1622    860     142     221     367     618     1176    1630    1615    1620    1324    961     235     294     
304    1911 -999999 -999999 -999999 -999999 702     1620    -999999 213     206     280     581     1250    1436    1610    1808    1419    822     537     295     
304    1912 -999999 -999999 -999999 -999999 648     -999999 773     -271    -152    412     626     905     1396    1821    1496    1074    775     448     477     
304    1913 -999999 -999999 -999999 -999999 -999999 -999999 -999999 -64     194     -999999 703     1074    1352    1477    1513    1295    884     718     388     
304    1914 -999999 -999999 -999999 -999999 708     1654    -999999 -16     376     337     799     1003    1416    1802    1726    1361    883     410     381     
304    1915 -999999 -999999 -999999 -999999 523     1430    -999999 13      67      87      554     898     1330    1460    1497    1223    698     209     61      
304    1916 -999999 -999999 -999999 -999999 586     1420    864     368     66      82      656     1022    1194    1533    1514    1181    808     587     190     
304    1917 -999999 -999999 -999999 -999999 -999999 1665    923     -164    -158    -111    331     1108    1686    1594    1711    1415    772     582     87      
304    1918 -999999 -999999 -999999 -999999 730     1459    850     -3      -999999 255     739     1197    1240    1530    1597    1214    953     396     306     
304    1919 -999999 -999999 -999999 -999999 610     -999999 -999999 106     -61     139     546     1097    1275    1401    1386    1318    675     69      -14     
304    1920 -999999 -999999 -999999 -999999 783     -999999 779     102     325     490     756     1140    1437    1633    1476    1293    680     322     103     
304    1921 -999999 -999999 -999999 -999999 868     1450    -999999 360     212     563     799     1242    1309    1530    1515    1255    1052    80      313     
304    1922 -999999 -999999 -999999 -999999 -999999 1417    -999999 -190    -261    175     429     1034    1320    1493    1438    1184    580     397     387     
304    1923 -999999 -999999 -999999 -999999 581     1378    -999999 322     -66     400     464     873     1006    1672    1463    1287    974     310     -112    
304    1924 -999999 -999999 -999999 -999999 451     1463    -999999 -179    -117    -43     399     993     1329    1502    1552    1400    970     493     400     
304    1925 -999999 -999999 -999999 -999999 710     1578    -999999 401     317     176     671     1227    1346    1775    1618    1202    797     242     -45     
304    1926 -999999 -999999 -999999 -999999 688     1588    -999999 11      142     324     730     1013    1403    1724    1631    1342    698     536     226     
304    1927 -999999 -999999 -999999 -999999 651     1524    847     288     133     518     544     875     1149    1702    1685    1354    932     272     -316    
304    1928 -999999 -999999 -999999 -999999 586     -999999 -999999 73      221     175     595     990     1197    1481    1534    1229    934     675     198     
304    1929 -999999 -999999 -999999 -999999 525     1440    -999999 -276    -724    121     343     1107    1219    1503    1585    1401    1001    506     373     
304    1930 -999999 -999999 -999999 -999999 681     1627    960     340     51      307     710     1042    1614    1667    1599    1311    977     579     249     
304    1931 -999999 -999999 -999999 -999999 555     1460    859     102     -999999 -27     526     1186    1280    1562    1537    1167    861     514     183     
304    1932 -999999 -999999 -999999 -999999 594     1649    -999999 358     101     125     595     1078    1397    1837    1712    1360    817     493     268     
304    1933 -999999 -999999 1384    -999999 703     1703    -999999 -110    -2      364     640     1118    1635    1798    1674    1408    997     353     23      
304    1934 -999999 -999999 -999999 -999999 761     1580    1086    237     -999999 423     771     1102    1441    1671    1617    1551    1093    581     532     
304    1935 -999999 -999999 -999999 -999999 644     1576    970     116     277     275     683     965     1517    1593    1618    1376    952     570     114     
304    1936 -999999 -999999 -999999 -999999 600     1611    876     231     -64     255     456     1079    1552    1700    1574    1317    767     532     385     
304    1937 -999999 -999999 -999999 -999999 -999999 1653    -999999 -40     59      156     742     1253    1485    1665    1798    1380    1079    368     41      
304    1938 -999999 -999999 -999999 -999999 741     1585    -999999 237     215     616     641     979     1350    1604    1802    1521    991     826     -999999 
304    1939 -999999 -999999 -999999 -999999 696     -999999 938     126     335     270     708     1112    1535    1678    1813    1521    649     622     66      
304    1940 -999999 -999999 -999999 -999999 574     1550    -999999 -450    -711    46      482     1171    1572    1615    1468    1213    766     578     102     
304    1941 -999999 -999999 -999999 -267    483     1631    839     -564    -373    125     416     922     1427    1900    1552    1324    895     236     324     
304    1942 -999999 -999999 -999999 -999999 467     1513    -999999 -590    -600    -232    557     1040    1259    1546    1717    1393    1070    563     388     
304    1943 -999999 -999999 -999999 -999999 803     1566    961     -40     390     515     758     1123    1487    1626    1586    1411    999     473     246     
304    1944 -999999 -999999 -999999 261     -999999 1587    -999999 413     118     226     624     -999999 1293    1642    1836    1314    966     483     266     
304    1945 -999999 -999999 -999999 -999999 862     1700    1092    -48     253     589     815     1172    1551    1796    1760    1461    1179    587     324     
304    1946 -999999 -999999 -999999 -999999 766     1621    957     -24     199     135     885     1283    1393    1793    1683    1499    820     527     78      
304    1947 -999999 -999999 -999999 -999999 592     1841    1086    -277    -583    -217    563     1400    1643    1828    2014    1674    984     567     254     
304    1948 -999999 -999999 -999999 -999999 940     -999999 -999999 83      114     507     1012    1315    1585    1794    1705    1450    1001    567     -999999 
304    1949 -999999 -999999 -999999 -999999 765     1681    -999999 338     410     295     856     1159    1522    1775    1743    1735    1232    625     498     
304    1950 -999999 -999999 -999999 255     812     -999999 942     78      184     433     716     1257    1555    1700    1805    1386    943     465     24      
304    1951 -999999 -999999 -999999 -999999 615     1558    -999999 104     123     150     611     1116    1423    1540    1714    1482    924     735     587     
304    1952 -999999 -999999 -999999 -999999 738     -999999 -999999 141     235     122     910     1176    1303    -999999 1654    1130    745     210     146     
304    1953 -999999 -999999 -999999 -999999 793     1707    -999999 140     -999999 395     769     1217    1747    1727    1651    1372    1100    790     396     
304    1954 -999999 -999999 -999999 -999999 697     -999999 -999999 12      -328    208     591     1301    1475    1482    1548    1365    1027    458     441     
304    1955 -999999 -999999 -999999 -999999 486     1730    1009    -4      -252    -6      569     913     1347    1898    1926    1550    926     550     259     
304    1956 -999999 -999999 -999999 -999999 596     1459    -999999 144     -638    244     496     1079    1335    1652    1405    1417    934     434     370     
304    1957 -999999 -999999 -999999 -999999 698     1582    896     267     299     442     692     961     1463    1680    1602    1193    969     535     256     
304    1958 -999999 -999999 -999999 -999999 440     1549    1077    -16     -3      -51     378     975     1396    1627    1617    1519    1115    558     264     
304    1959 -999999 -999999 -999999 -999999 833     1693    1003    37      34      457     859     1174    1484    1787    1802    1391    1065    520     287     
304    1960 -999999 -999999 -999999 -999999 -999999 1533    -999999 15      13      308     631     1139    1499    1496    1606    1333    850     622     287     
304    1961 -999999 -999999 -999999 -999999 813     1513    1056    13      -999999 518     844     1059    1517    1503    1520    1524    1160    463     63      
304    1962 -999999 -999999 -999999 -999999 513     1365    -999999 249     -999999 -4      685     874     1257    1381    1449    1256    1060    440     -5      
304    1963 -999999 -999999 -999999 -999999 -999999 1562    1039    -604    -431    -46     588     1094    1485    1611    1592    1357    977     757     8       
304    1964 -999999 -999999 -999999 -999999 638     -999999 -999999 108     94      19      731     1192    1414    1494    1485    1326    787     630     160     
304    1965 -999999 -999999 -999999 -999999 574     1437    -999999 219     -999999 165     598     974     1395    1407    1501    1396    994     178     185     
304    1966 -999999 -999999 -999999 -999999 -999999 -999999 941     -191    -60     299     366     1096    1585    1560    1514    1383    1009    434     223     
304    1967 -999999 -999999 -999999 -999999 -999999 1583    1071    -999999 299     526     596     1100    1401    1678    1671    1431    1152    626     216     
304    1968 -999999 -999999 -999999 -999999 736     1621    1009    4       -8      373     801     1004    1577    1521    1770    1417    1050    527     -31     
304    1969 -999999 -999999 -999999 -999999 -999999 1684    -999999 67      -999999 53      557     968     1468    1759    1812    1511    1122    526     -226    
304    1970 -999999 -999999 -999999 -999999 543     1648    -999999 -252    -303    74      378     1178    1737    1557    1656    1313    961     584     311     
304    1971 -999999 -999999 -999999 -999999 671     1612    -999999 50      281     158     664     1191    1442    1659    1728    1355    1026    -999999 531     
304    1972 -999999 -999999 -999999 -999999 -999999 -999999 861     -134    -999999 391     667     1198    1323    1835    1624    1170    851     573     385     
304    1973 -999999 -999999 -999999 -999999 699     1620    -999999 235     276     488     549     1074    1480    1763    1623    1399    748     496     170     
304    1974 -999999 -999999 -999999 -999999 -999999 1475    893     326     386     426     809     1054    1388    1484    1550    1388    725     598     544     
304    1975 -999999 -999999 -999999 -999999 634     1684    1006    536     176     336     532     1054    1394    1657    1974    1536    928     540     426     
304    1976 -999999 -999999 -999999 -999999 539     1640    -999999 162     -999999 69      520     1044    1443    1791    1681    1318    990     593     17      
304    1977 -999999 -999999 -999999 -999999 656     -999999 -999999 -30     41      420     481     1045    1407    1556    1560    1256    1090    644     309     
304    1978 -999999 -999999 -999999 -999999 649     1484    1051    194     -173    306     500     1121    1475    1416    1562    1263    1029    839     -999999 
304    1979 -999999 -999999 -999999 -999999 505     -999999 945     -435    -307    105     499     898     -999999 1381    1518    1364    891     550     320     
304    1980 -999999 -999999 -999999 -999999 -999999 1549    -999999 -143    -12     143     622     1063    1498    1564    1582    1446    868     444     308     
304    1981 -999999 -999999 -999999 -999999 731     -999999 -999999 51      65      300     591     1290    1321    1534    1537    1455    852     570     -386    
304    1982 -999999 -999999 -999999 -999999 -999999 1671    -999999 -331    -999999 350     582     1009    1516    1702    1780    1409    1071    719     352     
304    1983 -999999 -999999 -999999 -999999 -999999 1601    -999999 513     -999999 363     676     1052    1418    1719    1670    1389    1034    556     199     
304    1984 -999999 -999999 -999999 -999999 -999999 1505    -999999 -999999 51      172     628     1128    1325    1450    1728    1267    1145    649     -999999 
304    1985 -999999 -999999 -999999 -999999 -999999 1515    -999999 -537    -328    138     510     1157    1307    1602    1616    1267    1073    276     279     
304    1986 -999999 -999999 -999999 -999999 -999999 1482    986     -114    -496    125     487     1147    1408    1544    1490    1156    1019    779     390     
304    1987 -999999 -999999 -999999 -999999 -999999 -999999 1009    -360    -25     -56     695     926     1160    1534    1461    1362    998     653     338     
304    1988 -999999 -999999 -999999 -999999 699     1585    982     -999999 334     293     569     1274    1520    1660    1571    1432    936     535     447     
304    1989 -999999 -999999 -999999 -999999 792     -999999 -999999 526     524     601     622     1141    1487    1684    1566    1480    1135    512     327     
304    1990 -999999 -999999 -999999 -999999 921     1594    -999999 441     581     661     828     1250    1448    1596    1733    1288    1085    -999999 310     
304    1991 -999999 -999999 -999999 -999999 699     1597    1000    303     -82     487     702     903     1197    1812    1771    1475    981     543     390     
304    1992 -999999 -999999 -999999 -999999 826     1739    917     351     403     449     655     1350    1775    1757    1682    1416    736     583     335     
304    1993 -999999 -999999 -999999 -999999 804     -999999 731     220     -999999 321     835     1325    1361    1437    1477    1177    771     227     328     
304    1994 -999999 -999999 -999999 -999999 -999999 -999999 -999999 -999999 -63     350     757     1152    1306    1990    1715    1368    855     750     470     
304    1995 -999999 -999999 -999999 -999999 -999999 1706    1059    123     415     398     733     1015    1441    1804    1855    1449    1218    435     -229    
304    1996 -999999 -999999 -999999 -999999 -999999 1583    971     -206    -322    81      641     882     1356    1517    1869    1253    1072    535     -999999 
304    1997 -999999 -999999 -999999 -999999 704     -999999 -999999 -152    317     416     621     1056    -999999 1822    2148    1462    833     473     296     
304    1998 -999999 -999999 -999999 -999999 -999999 1540    870     281     466     458     740     1312    1502    1532    1582    1421    938     247     174     
304    1999 -999999 -999999 -999999 -999999 -999999 -999999 1146    266     137     449     823     1123    1330    1760    1780    1764    1038    604     296     
304    2000 -999999 -999999 -999999 357     921     -999999 1102    362     412     484     864     1421    1443    1561    1657    1415    1157    744     425     
304    2001 -999999 -999999 -999999 -999999 700     1662    1103    167     -999999 159     633     1266    1347    1844    1785    1348    1304    642     138     
304    2002 -999999 -999999 -999999 -999999 -999999 1821    -999999 319     486     458     845     1388    1644    1721    2088    1558    770     427     53      
304    2003 -999999 -999999 -999999 -999999 808     1819    936     -999999 -999999 427     827     1182    1657    1897    1881    1434    698     684     412     
304    2004 -999999 412     -999999 239     -999999 1646    1013    12      298     367     -999999 1195    1441    1595    1897    1446    979     615     488     
304    2005 -999999 482     -999999 346     -999999 1619    1164    429     96      250     -999999 1138    1462    1809    1581    1549    1193    749     335     
304    2006 1033    415     1528    157     673     1811    1326    -21     157     64      702     1255    1526    2082    1815    1772    1321    886     773     
304    2007 -999999 772     -999999 573     985     -999999 -999999 593     330     691     1083    1183    1743    1654    -999999 -999999 965     575     445     
304    2008 -999999 -999999 -999999 -999999 -999999 -999999 -999999 -999999 -999999 -999999 -999999 -999999 -999999 -999999 -999999 -999999 -999999 -999999 -999999 
304    2009 -999999 -999999 -999999 -999999 -999999 -999999 -999999 -999999 -999999 -999999 -999999 -999999 -999999 -999999 -999999 -999999 -999999 -999999 -999999 
304    2010 -999999 -999999 1273    -999999 613     1581    853     -349    -194    275     698     867     1306    1791    1636    1292    941     308     -350    
304    2011 -999999 -999999 -999999 -999999 -999999 -999999 -999999 59      -45     300     881     -999999 -999999 -999999 -999999 -999999 -999999 -999999 -999999 
