EUROPEAN CLIMATE ASSESSMENT & DATASET (ECA&D), file created on: 10-05-2011
THESE DATA CAN BE USED FREELY PROVIDED THAT THE FOLLOWING SOURCE IS ACKNOWLEDGED: 

Klein Tank, A.M.G. and Coauthors, 2002. Daily dataset of 20th-century surface
air temperature and precipitation series for the European Climate Assessment.
Int. J. of Climatol., 22, 1441-1453.
Data and metadata available at http://eca.knmi.nl

FILE FORMAT (MISSING VALUE CODE = -999999):

THIS FILE HOLDS DATA FOR STATION ITALY                                    RIMINI                                   (STAID:   1736)
LATITUDE: dd:mm:ss +44:03:30
LONGITUDE: ddd:mm:ss +012:34:46
ELEVATION: m    7

DATA IS FOR INDEX Mean of daily mean temperature (TG) with unit 0.01 Temperature (&#176;C)

01-06 SOUID: Source identifier
08-11 YEAR : YYYY
13-20 ANNUAL DATA VALUES
21-28 WINTER HALF YEAR DATA VALUES
29-36 SUMMER HALF YEAR DATA VALUES
37-44 WINTER (DJF) DATA VALUES
45-52 SPRING (MAM) DATA VALUES
53-60 SUMMER (JJA) DATA VALUES
61-68 AUTUMN (SON) DATA VALUES
69-76 JANUARY DATA VALUES
etc. 
157-164 DECEMBER DATA VALUES

1736   1951 1394    -999999 1872    -999999 1213    2143    1535    650     865     908     1149    1581    2001    2161    2263    2066    1380    1165    422     
1736   1952 1333    -999999 1943    386     1201    2279    1384    369     369     703     1295    1609    2089    2370    2373    1903    1477    769     514     
1736   1953 1289    -999999 1843    373     1175    2078    1437    293     312     621     1279    1610    1876    2252    2100    1932    1652    737     693     
1736   1954 -999999 -999999 1798    350     1154    2084    1415    77      253     888     1062    1507    2051    2119    2079    1958    1368    902     645     
1736   1955 -999999 -999999 1744    630     1010    2063    1355    584     666     588     996     1458    1930    2216    2034    1809    1422    833     530     
1736   1956 -999999 -999999 1893    240     1128    2180    1435    391     -216    600     1117    1649    1870    2259    2400    2036    1404    845     387     
1736   1957 -999999 -999999 1861    476     1178    2210    1454    347     741     898     1193    1444    2071    2315    2239    1894    1428    1042    502     
1736   1958 -999999 779     1930    546     1142    2227    1576    338     826     544     1044    1815    2020    2305    2348    2023    1547    1113    667     
1736   1959 -999999 -999999 1876    545     1286    2191    1370    489     473     1002    1298    1559    2009    2355    2203    1811    1327    960     792     
1736   1960 1335    -999999 1818    534     1214    2098    1495    261     551     860     1209    1559    2037    2073    2183    1834    1546    1102    683     
1736   1961 -999999 875     1878    537     1298    2108    1533    318     624     951     1381    1565    1996    2179    2146    1993    1586    981     411     
1736   1962 -999999 -999999 1832    -999999 1084    2117    1454    472     454     584     1110    1528    1840    2136    2366    1968    1465    871     309     
1736   1963 -999999 -999999 1885    -999999 1166    2174    1590    -8      141     694     1226    1565    1995    2283    2238    1956    1438    1382    288     
1736   1964 -999999 -999999 1885    -999999 1238    2172    -999999 21      366     783     1267    1623    2130    2203    2180    1898    1493    -999999 560     
1736   1965 -999999 -999999 1799    -999999 1139    2099    1405    484     317     821     1051    1553    1966    2255    2073    1848    1361    980     490     
1736   1966 -999999 -999999 1889    423     1279    2123    1526    29      791     842     1365    1646    2063    2163    2140    1937    1769    816     456     
1736   1967 1320    -999999 1855    333     1260    2128    1525    43      522     978     1095    1701    1866    2266    2242    1938    1579    1041    442     
1736   1968 -999999 -999999 -999999 -999999 1275    2050    1415    155     701     877     1366    1571    1916    2161    2059    1872    1470    897     311     
1736   1969 -999999 -999999 -999999 -999999 1258    2078    1516    303     -999999 812     1125    1809    1871    2160    2203    1921    1480    1150    320     
1736   1970 -999999 -999999 1856    -999999 1124    2168    1473    420     548     735     1132    1492    2071    2193    2239    2013    1399    1012    370     
1736   1971 -999999 -999999 1895    -999999 1219    2209    1301    420     503     627     1301    1675    1974    2250    2396    1748    1283    889     421     
1736   1972 -999999 -999999 -999999 559     1278    2110    1289    525     749     1057    1205    1561    1970    2254    2110    1657    1276    894     536     
1736   1973 -999999 -999999 1850    489     1102    2160    1440    411     524     690     1034    1580    2018    2262    2200    2018    1494    735     398     
1736   1974 -999999 -999999 1854    -999999 1202    2151    1317    543     835     899     1118    1573    1911    2249    2285    1944    1090    865     464     
1736   1975 -999999 -999999 -999999 527     1224    2129    1466    530     593     842     1141    1659    1929    2243    2207    2041    1439    898     466     
1736   1976 -999999 -999999 -999999 -999999 1094    2077    1431    143     542     526     1159    1578    2008    2266    1949    1752    1530    975     526     
1736   1977 -999999 -999999 1850    -999999 1291    2182    1406    554     748     1045    1187    1621    2058    2310    2173    1738    1541    934     429     
1736   1978 -999999 -999999 -999999 483     1215    2103    1316    524     498     939     1134    1565    2003    2140    2162    1883    1411    650     -999999 
1736   1979 -999999 -999999 1882    -999999 1258    2223    -999999 180     -999999 1024    1079    1649    2224    2270    2178    1893    1523    810     549     
1736   1980 -999999 -999999 -999999 -999999 -999999 2175    -999999 -999999 510     845     1009    1461    2012    2195    2308    1972    1519    -999999 -999999 
1736   1981 -999999 -999999 -999999 -999999 1279    2145    1447    230     371     989     1244    1595    1988    2205    2233    2025    1587    718     570     
1736   1982 -999999 -999999 -999999 -999999 1160    2300    -999999 331     -999999 730     1072    1679    2186    2417    2293    2177    1454    954     -999999 
1736   1983 -999999 -999999 -999999 -999999 1302    2284    -999999 341     335     831     1328    1732    2034    2525    2284    2006    1468    -999999 451     
1736   1984 -999999 -999999 1798    -999999 1094    2103    1457    411     443     746     1117    1443    1946    2219    2140    1884    1530    920     606     
1736   1985 -999999 -999999 1956    -999999 1247    2227    1501    -50     306     714     1261    1730    1997    2358    2322    2054    1535    824     573     
1736   1986 -999999 -999999 -999999 -999999 -999999 2176    1447    403     270     -999999 1320    1860    1967    2182    2365    1894    1509    935     475     
1736   1987 -999999 -999999 -999999 -999999 1088    2225    1597    212     -999999 549     1210    1508    1973    2402    2292    2221    1653    979     485     
1736   1988 -999999 891     -999999 603     1259    2267    -999999 668     656     881     1200    1706    1967    2448    2352    1916    -999999 685     490     
1736   1989 -999999 -999999 -999999 -999999 -999999 2171    -999999 197     587     1019    1328    1684    1983    2274    2248    1879    1246    -999999 -999999 
1736   1990 -999999 -999999 -999999 -999999 -999999 -999999 -999999 328     -999999 -999999 -999999 1691    2045    2256    2249    1909    -999999 -999999 -999999 
1736   1991 -999999 -999999 -999999 -999999 -999999 2285    -999999 365     214     -999999 -999999 1356    2051    2391    2372    -999999 -999999 865     297     
1736   1992 -999999 -999999 -999999 -999999 -999999 2281    1535    -999999 -999999 821     1266    1736    2004    2268    2544    2015    1552    1023    606     
1736   1993 1364    -999999 1973    453     1245    2276    1459    394     370     699     1199    1837    2162    2256    2405    1970    1581    824     631     
1736   1994 -999999 884     -999999 602     1312    2374    -999999 669     491     1055    1180    1709    2082    2480    2535    2055    1402    1040    554     
1736   1995 -999999 -999999 -999999 -999999 1181    2179    1371    500     735     761     1128    1653    1883    2434    2204    1794    1494    816     545     
1736   1996 -999999 -999999 -999999 -999999 -999999 2215    -999999 479     392     569     1240    1738    2184    2210    2248    -999999 1416    1078    488     
1736   1997 -999999 -999999 1921    -999999 1243    2251    1520    456     661     965     1002    1755    2144    2302    2301    2025    1485    998     597     
1736   1998 -999999 -999999 -999999 587     1268    2365    1401    497     669     836     1314    1659    2183    2447    2447    1888    1509    819     362     
1736   1999 -999999 -999999 -999999 419     1369    2327    -999999 432     471     925     1295    1865    2173    2377    2433    2103    1534    873     598     
1736   2000 -999999 -999999 1983    -999999 1373    2244    1565    352     599     880     1364    1843    2137    2264    2332    1952    1575    1140    625     
1736   2001 -999999 -999999 -999999 -999999 -999999 -999999 -999999 -999999 661     -999999 1162    1856    2068    2369    2512    1776    1725    893     392     
1736   2002 1436    -999999 1925    448     1314    2248    1590    242     740     991     1225    1713    2198    2288    2257    1853    1580    1338    762     
1736   2003 -999999 -999999 -999999 494     1276    2550    1485    401     286     831     1156    1836    2479    2502    2667    1908    1428    1119    681     
1736   2004 -999999 835     -999999 549     1202    2316    1592    402     564     801     1276    1534    2085    2396    2467    2003    1755    1028    682     
1736   2005 -999999 -999999 1944    465     1268    2236    -999999 356     336     802     1168    1787    2172    2380    2155    2010    1493    943     430     
1736   2006 -999999 -999999 -999999 -999999 1282    2299    1669    -999999 497     731     1304    1743    2143    2496    2245    2075    1749    1143    -999999 
1736   2007 -999999 -999999 2027    -999999 1419    2356    1391    -999999 788     991     1386    1853    2222    2497    2344    1852    1461    861     516     
1736   2008 1467    -999999 -999999 557     1312    2404    1600    562     590     1006    1261    1692    2210    2515    2479    1993    1708    1097    530     
1736   2009 -999999 -999999 2105    528     1425    2383    1574    450     617     1000    1332    1936    2194    2379    2568    2178    1481    1071    486     
1736   2010 1400    -999999 2021    468     1285    2386    1479    342     591     837     1208    1793    2247    2576    2329    1950    1434    1056    373     
1736   2011 -999999 -999999 -999999 440     -999999 -999999 -999999 359     603     889     1432    -999999 -999999 -999999 -999999 -999999 -999999 -999999 -999999 
