EUROPEAN CLIMATE ASSESSMENT & DATASET (ECA&D), file created on: 10-05-2011
THESE DATA CAN BE USED FREELY PROVIDED THAT THE FOLLOWING SOURCE IS ACKNOWLEDGED: 

Klein Tank, A.M.G. and Coauthors, 2002. Daily dataset of 20th-century surface
air temperature and precipitation series for the European Climate Assessment.
Int. J. of Climatol., 22, 1441-1453.
Data and metadata available at http://eca.knmi.nl

FILE FORMAT (MISSING VALUE CODE = -999999):

THIS FILE HOLDS DATA FOR STATION IRELAND                                  DUBLIN (MERRION SQUARE)                  (STAID:   1715)
LATITUDE: dd:mm:ss +53:20:20
LONGITUDE: ddd:mm:ss -006:15:11
ELEVATION: m   13

DATA IS FOR INDEX Mean of daily mean temperature (TG) with unit 0.01 Temperature (&#176;C)

01-06 SOUID: Source identifier
08-11 YEAR : YYYY
13-20 ANNUAL DATA VALUES
21-28 WINTER HALF YEAR DATA VALUES
29-36 SUMMER HALF YEAR DATA VALUES
37-44 WINTER (DJF) DATA VALUES
45-52 SPRING (MAM) DATA VALUES
53-60 SUMMER (JJA) DATA VALUES
61-68 AUTUMN (SON) DATA VALUES
69-76 JANUARY DATA VALUES
etc. 
157-164 DECEMBER DATA VALUES

1715   1881 843     -999999 1173    -999999 767     1367    971     -46     411     546     679     1072    1258    1517    1322    1176    805     938     417     
1715   1882 909     709     1168    586     844     1374    861     653     698     750     741     1036    1235    1450    1432    1098    922     562     294     
1715   1883 859     535     1151    473     659     1343    894     545     584     300     709     969     1255    1354    1418    1191    904     588     482     
1715   1884 925     641     1218    569     759     1440    940     666     560     643     640     991     1302    1477    1535    1350    926     545     446     
1715   1885 827     557     1104    476     653     1318    846     438     551     437     716     807     1182    1483    1284    1146    703     695     474     
1715   1886 847     486     1181    360     679     1421    1002    245     361     434     680     922     1295    1501    1461    1213    1050    740     237     
1715   1887 860     562     1225    388     647     1555    801     448     490     407     596     936     1530    1632    1503    1138    766     501     353     
1715   1888 839     459     1116    375     667     1301    946     490     277     359     664     977     1232    1315    1354    1147    887     807     544     
1715   1889 899     619     1199    475     801     1375    924     504     367     587     689     1125    1349    1367    1408    1247    804     724     574     
1715   1890 906     638     1198    549     813     1312    1040    623     441     646     740     1050    1358    1288    1292    1455    1009    656     287     
1715   1891 858     554     1164    407     620     1408    909     356     597     425     606     828     1397    1424    1403    1321    876     531     524     
1715   1892 803     490     1151    413     675     1332    849     281     435     288     677     1061    1230    1306    1455    1164    651     738     343     
1715   1893 970     570     1321    422     968     1518    894     415     519     754     911     1236    1406    1542    1602    1215    910     557     542     
1715   1894 894     615     1146    530     788     1354    898     423     634     622     904     843     1258    1451    1350    1066    865     766     542     
1715   1895 842     489     1243    233     809     1407    942     121     16      591     761     1073    1355    1404    1461    1393    686     756     439     
1715   1896 926     621     1277    537     903     1458    811     570     608     675     921     1116    1524    1495    1356    1245    648     545     411     
1715   1897 944     522     1206    429     751     1480    1028    234     665     645     694     914     1406    1523    1508    1183    1085    816     645     
1715   1898 988     724     1258    654     768     1430    1054    775     529     477     868     961     1298    1488    1501    1429    1063    670     763     
1715   1899 953     694     1252    597     771     1525    1023    491     531     627     793     894     1420    1579    1571    1245    894     933     434     
1715   1900 900     556     1237    384     719     1451    941     501     199     354     841     965     1332    1623    1394    1259    916     650     712     
1715   1901 871     586     1225    502     728     1430    935     470     305     436     771     978     1229    1616    1438    1305    897     603     367     
1715   1902 887     571     1128    403     755     1322    991     513     320     702     691     869     1249    1384    1331    1239    988     747     564     
1715   1903 876     690     1112    582     753     1296    926     453     745     649     624     983     1179    1428    1276    1169    981     628     383     
1715   1904 890     557     1203    416     761     1392    932     477     387     475     822     988     1270    1482    1418    1225    960     611     541     
1715   1905 911     641     1208    549     780     1452    786     559     546     618     696     1024    1359    1629    1365    1161    708     492     738     
1715   1906 906     571     1208    549     717     1480    983     572     314     575     618     955     1361    1465    1609    1226    970     755     405     
1715   1907 871     605     1144    408     750     1320    948     467     347     670     696     884     1167    1417    1370    1325    920     600     551     
1715   1908 937     603     1191    545     733     1392    1072    441     650     460     581     1155    1247    1521    1403    1225    1193    795     557     
1715   1909 861     664     1163    524     744     1355    855     519     493     413     809     1012    1154    1441    1465    1082    960     519     434     
1715   1910 877     573     1161    454     743     1378    864     410     524     584     665     977     1333    1375    1426    1179    1000    409     610     
1715   1911 941     587     1275    523     812     1505    916     440     520     533     785     1117    1296    1648    1565    1221    941     587     607     
1715   1912 884     644     1123    538     866     1261    839     449     558     715     805     1076    1252    1397    1134    1070    790     659     686     
1715   1913 916     618     1177    575     762     1354    1027    514     519     533     739     1015    1277    1364    1418    1239    1041    801     512     
1715   1914 939     690     1242    570     812     1450    958     529     680     581     840     1014    1311    1502    1533    1240    988     646     390     
1715   1915 842     556     1166    375     757     1341    846     369     365     562     784     924     1256    1363    1400    1261    897     377     504     
1715   1916 913     560     1215    572     704     1413    1034    782     420     367     723     1023    1137    1497    1595    1297    1067    737     288     
1715   1917 850     507     1216    269     688     1438    963     258     260     416     564     1081    1317    1521    1471    1325    714     858     378     
1715   1918 918     639     1157    552     766     1384    854     504     797     607     595     1091    1239    1380    1528    1091    863     608     701     
1715   1919 846     546     1203    475     764     1371    796     384     326     376     750     1167    1310    1297    1503    1182    880     324     610     
1715   1920 945     620     1180    618     828     1332    1044    562     687     655     757     1071    1306    1365    1323    1250    1025    858     481     
1715   1921 1023    740     1256    613     816     1489    1079    774     582     711     724     1011    1342    1719    1401    1326    1181    727     737     
1715   1922 865     709     1107    598     724     1291    909     478     578     543     461     1160    1252    1313    1308    1135    881     713     533     
1715   1923 900     670     1174    594     722     1446    831     624     630     638     690     836     1295    1614    1424    1177    948     363     529     
1715   1924 907     550     1166    518     695     1380    966     591     429     424     631     1028    1337    1426    1376    1185    924     790     726     
1715   1925 887     672     1204    597     736     1474    850     613     438     524     678     1003    1390    1530    1499    1111    1023    410     388     
1715   1926 950     628     1268    554     816     1490    895     598     688     659     855     936     1266    1604    1592    1345    789     556     498     
1715   1927 909     598     1189    500     848     1382    929     492     512     732     804     1006    1131    1520    1487    1169    1009    608     406     
1715   1928 926     637     1172    536     766     1373    998     561     649     588     723     985     1213    1502    1398    1201    1039    752     487     
1715   1929 906     615     1215    423     773     1403    997     369     412     613     675     1029    1234    1492    1477    1373    938     682     547     
1715   1930 891     575     1215    425     770     1421    947     475     233     547     750     1011    1353    1477    1430    1257    1008    574     528     
1715   1931 899     573     1197    462     753     1415    926     384     476     460     775     1024    1416    1464    1366    1129    900     751     619     
1715   1932 932     652     1221    585     709     1494    917     695     432     507     646     974     1376    1564    1538    1216    830     707     680     
1715   1933 995     618     1399    478     949     1614    1015    313     438     722     959     1167    1445    1718    1672    1421    1028    596     424     
1715   1934 1013    625     1313    510     809     1552    1025    619     484     581     731     1111    1482    1717    1453    1374    1045    656     853     
1715   1935 949     741     1265    670     810     1527    947     544     607     725     735     968     1392    1593    1593    1298    945     597     363     
1715   1936 925     569     1232    382     786     1470    977     343     443     714     627     1011    1359    1463    1585    1338    1035    555     604     
1715   1937 919     601     1283    572     772     1471    938     572     536     299     901     1121    1337    1519    1554    1254    908     654     347     
1715   1938 992     676     1216    519     895     1403    1103    600     620     923     723     1034    1324    1421    1462    1324    1052    934     457     
1715   1939 962     696     1273    504     876     1453    1028    411     659     669     854     1104    1349    1485    1520    1314    890     884     396     
1715   1940 942     583     1297    348     904     1494    980     108     553     677     902     1134    1539    1401    1545    1252    999     690     502     
1715   1941 909     547     1233    345     711     1445    1074    140     397     547     652     931     1401    1504    1430    1472    1070    679     656     
1715   1942 929     637     1261    462     880     1446    894     422     292     672     912     1057    1339    1485    1510    1256    945     479     731     
1715   1943 979     682     1268    655     907     1441    996     567     669     690     996     1037    1342    1507    1471    1245    1064    676     470     
1715   1944 961     661     1286    547     886     1482    908     709     455     580     1002    1080    1287    1557    1594    1181    891     654     522     
1715   1945 1038    651     1324    486     994     1484    1120    162     804     891     970     1121    1394    1553    1504    1393    1168    797     687     
1715   1946 926     723     1205    587     805     1362    1053    446     631     604     852     960     1240    1490    1351    1329    1041    789     372     
1715   1947 944     521     1321    278     808     1520    1094    385     56      450     851     1126    1401    1480    1675    1381    1113    787     555     
1715   1948 991     728     1235    523     911     1412    1092    462     556     889     837     1003    1280    1490    1462    1330    1048    899     622     
1715   1949 1042    755     1351    646     884     1532    1117    623     697     640     978     1036    1429    1601    1564    1494    1141    715     570     
1715   1950 936     721     1267    571     871     1505    908     575     567     744     748     1117    1507    1545    1464    1210    981     532     208     
1715   1951 908     497     1205    328     684     1428    1063    431     346     473     663     915     1334    1538    1410    1362    1083    743     562     
1715   1952 923     636     1286    421     954     1496    859     289     412     716     913     1232    1353    1599    1532    1069    949     554     429     
1715   1953 991     594     1280    487     838     1456    1076    468     570     590     678     1240    1372    1483    1510    1386    1004    841     723     
1715   1954 927     684     1172    538     826     1339    996     451     429     638     774     1065    1277    1392    1345    1167    1153    661     731     
1715   1955 937     592     1318    448     754     1529    1034    382     207     382     924     962     1297    1607    1675    1432    878     796     653     
1715   1956 919     608     1224    415     868     1360    1017    383     195     724     748     1128    1278    1500    1299    1385    963     705     693     
1715   1957 984     746     1242    602     945     1457    976     599     507     987     807     1036    1360    1536    1470    1233    1028    665     536     
1715   1958 948     612     1262    506     750     1441    1098    458     526     452     775     1023    1323    1505    1491    1447    1069    781     504     
1715   1959 1042    682     1362    476     953     1572    1111    293     646     801     901     1155    1448    1629    1635    1391    1208    731     632     
1715   1960 967     700     1312    512     951     1478    1004    503     394     712     911     1229    1501    1500    1435    1290    998     723     393     
1715   1961 1006    716     1302    552     991     1445    1041    487     800     901     976     1095    1405    1453    1475    1405    1028    691     345     
1715   1962 895     586     1183    475     709     1375    973     515     574     367     749     1012    1285    1415    1423    1202    1058    656     466     
1715   1963 883     524     1219    235     852     1411    1026    55      179     698     843     1013    1356    1441    1435    1218    1111    747     451     
1715   1964 985     667     1318    525     896     1462    1041    610     513     565     870     1252    1351    1554    1478    1394    931     801     485     
1715   1965 914     610     1227    424     872     1403    940     397     385     643     851     1123    1411    1331    1467    1174    1119    521     506     
1715   1966 1063    716     1369    597     963     1559    1058    574     723     847     816     1222    1570    1578    1530    1492    1011    673     700     
1715   1967 1056    752     1350    672     923     1581    1062    642     672     802     973     996     1526    1677    1537    1387    1099    698     635     
1715   1968 1049    714     1324    572     889     1539    1212    676     392     765     854     1047    1501    1526    1588    1421    1335    874     587     
1715   1969 987     711     1318    507     843     1595    1034    645     265     522     866     1142    1443    1711    1625    1102    1393    594     469     
1715   1970 1060    682     1403    498     914     1600    1164    566     456     589     808     1342    1621    1596    1584    1457    1179    856     625     
1715   1971 1103    785     1363    661     905     1534    1224    673     688     683     860     1172    1328    1683    1584    1542    1335    791     862     
1715   1972 1026    812     1281    676     924     1450    1072    558     604     710     955     1107    1249    1589    1506    1265    1189    758     793     
1715   1973 1072    808     1367    711     911     1593    1109    721     610     755     825     1150    1570    1595    1615    1437    1079    811     667     
1715   1974 1041    786     1294    708     903     1505    954     772     681     696     876     1135    1385    1572    1553    1228    890     746     922     
1715   1975 1104    780     1396    804     874     1680    1128    783     695     636     946     1043    1529    1758    1749    1340    1194    847     693     
1715   1976 1082    814     1438    712     941     1715    1053    743     701     700     916     1205    1721    1723    1701    1355    1052    753     407     
1715   1977 1057    686     1332    486     938     1530    1129    427     640     838     848     1127    1346    1645    1594    1417    1296    667     796     
1715   1978 1064    760     1335    601     924     1499    1276    510     486     777     764     1226    1394    1540    1559    1514    1299    1016    639     
1715   1979 992     706     1313    448     793     1558    1159    296     404     564     811     1004    1464    1679    1526    1387    1199    890     645     
1715   1980 1047    763     1356    614     925     1500    1115    482     722     640     966     1171    1407    1487    1603    1496    996     855     735     
1715   1981 1050    800     1372    670     986     1563    1090    706     558     927     854     1172    1417    1578    1688    1512    842     926     394     
1715   1982 1076    688     1397    544     971     1582    1128    541     714     722     1002    1190    1487    1653    1601    1442    1115    828     601     
1715   1983 1107    765     1386    595     875     1697    1180    744     425     845     732     1043    1461    1851    1770    1441    1155    945     815     
1715   1984 1079    778     1415    647     894     1667    1144    485     641     622     967     1095    1524    1731    1741    1419    1183    827     699     
1715   1985 1020    718     1346    546     917     1475    1107    383     555     647     981     1125    1314    1638    1468    1543    1180    597     773     
1715   1986 982     672     1252    515     849     1466    1110    520     224     691     683     1167    1469    1612    1316    1256    1174    898     709     
1715   1987 1043    741     1367    576     940     1546    1055    459     559     638     1055    1131    1324    1678    1629    1373    993     802     837     
1715   1988 1083    780     1357    695     988     1533    1082    647     593     794     964     1207    1523    1534    1542    1364    1117    764     913     
1715   1989 1149    873     1428    836     964     1682    1192    845     742     839     754     1293    1473    1866    1701    1461    1260    854     656     
1715   1990 1141    891     1412    746     1067    1634    1128    786     800     980     898     1316    1422    1702    1771    1347    1217    817     595     
1715   1991 1071    740     1403    511     1011    1585    1118    490     442     855     904     1270    1326    1699    1722    1478    1072    806     740     
1715   1992 1091    829     1399    729     1062    1597    1023    661     789     902     953     1328    1588    1665    1535    1312    872     891     590     
1715   1993 1053    782     1337    706     982     1532    965     762     773     805     1044    1098    1507    1582    1506    1279    894     726     648     
1715   1994 1087    721     1319    608     936     1555    1180    639     528     871     871     1064    1478    1647    1538    1308    1127    1106    824     
1715   1995 1148    850     1473    732     956     1742    1236    613     764     666     990     1212    1492    1833    1892    1401    1387    916     574     
1715   1996 1041    790     1352    599     858     1575    1130    711     507     629     940     1006    1505    1637    1581    1437    1238    712     568     
1715   1997 1169    811     1446    639     1094    1625    1226    566     799     979     1101    1201    1407    1697    1765    1492    1212    975     803     
1715   1998 1149    936     1399    822     1034    1597    1142    714     964     954     824     1318    1480    1610    1697    1449    1159    817     786     
1715   1999 1143    847     1448    739     1073    1593    1220    691     738     878     1022    1317    1403    1762    1609    1564    1178    919     610     
1715   2000 1097    834     1391    673     975     1600    1110    645     771     881     805     1233    1483    1623    1691    1496    1091    742     685     
1715   2001 1078    705     1394    588     941     1583    1228    510     565     623     896     1303    1443    1665    1637    1407    1361    911     578     
1715   2002 1143    884     1395    717     1024    1568    1178    808     771     863     983     1225    1450    1576    1675    1448    1096    992     801     
1715   2003 1174    866     1527    722     1124    1730    1150    703     655     932     1108    1331    1650    1782    1754    1529    1016    908     672     
1715   2004 1103    778     1383    655     985     1565    1148    655     638     772     954     1228    1546    1527    1621    1417    1057    974     833     
1715   2005 1145    852     1447    739     993     1674    1198    766     603     858     943     1175    1627    1691    1702    1539    1286    767     740     
1715   2006 1158    796     1493    680     951     1711    1272    668     628     670     954     1230    1627    1871    1634    1637    1307    871     767     
1715   2007 1144    866     1425    742     1082    1543    1212    763     692     779     1212    1260    1455    1565    1604    1448    1224    964     740     
1715   2008 1062    852     1374    734     964     1564    1051    757     703     716     881     1294    1447    1605    1636    1366    999     789     542     
1715   2009 1080    712     1402    552     1006    1595    1175    518     601     814     973     1230    1501    1607    1675    1414    1237    873     487     
1715   2010 -999999 677     -999999 414     917     -999999 -999999 346     409     690     1002    1067    -999999 -999999 -999999 -999999 -999999 -999999 -999999 
