EUROPEAN CLIMATE ASSESSMENT & DATASET (ECA&D), file created on: 10-05-2011
THESE DATA CAN BE USED FREELY PROVIDED THAT THE FOLLOWING SOURCE IS ACKNOWLEDGED: 

Klein Tank, A.M.G. and Coauthors, 2002. Daily dataset of 20th-century surface
air temperature and precipitation series for the European Climate Assessment.
Int. J. of Climatol., 22, 1441-1453.
Data and metadata available at http://eca.knmi.nl

FILE FORMAT (MISSING VALUE CODE = -999999):

THIS FILE HOLDS DATA FOR STATION UNITED KINGDOM                           WRITTLE                                  (STAID:   1845)
LATITUDE: dd:mm:ss +51:43:54
LONGITUDE: ddd:mm:ss +000:25:51
ELEVATION: m   32

DATA IS FOR INDEX Mean of daily mean temperature (TG) with unit 0.01 Temperature (&#176;C)

01-06 SOUID: Source identifier
08-11 YEAR : YYYY
13-20 ANNUAL DATA VALUES
21-28 WINTER HALF YEAR DATA VALUES
29-36 SUMMER HALF YEAR DATA VALUES
37-44 WINTER (DJF) DATA VALUES
45-52 SPRING (MAM) DATA VALUES
53-60 SUMMER (JJA) DATA VALUES
61-68 AUTUMN (SON) DATA VALUES
69-76 JANUARY DATA VALUES
etc. 
157-164 DECEMBER DATA VALUES

1845   1960 -999999 -999999 1352    -999999 919     1546    -999999 -999999 440     606     881     1238    1552    1561    1526    1343    1060    750     361     
1845   1961 -999999 -999999 -999999 -999999 965     1574    -999999 360     703     771     1016    1106    1501    1590    1629    1496    1057    552     -999999 
1845   1962 -999999 -999999 -999999 -999999 688     1439    -999999 424     -999999 238     795     1039    1298    1469    1547    1298    1067    541     86      
1845   1963 -999999 -999999 -999999 -999999 855     1521    -999999 -293    -183    621     853     1082    1498    1560    1504    1357    1078    788     233     
1845   1964 -999999 -999999 -999999 -999999 -999999 1563    1023    219     420     399     887     1333    1420    1704    1560    1439    845     774     295     
1845   1965 -999999 -999999 -999999 -999999 855     1472    -999999 347     -999999 543     799     1178    1432    1442    1539    1269    1052    -999999 424     
1845   1966 -999999 -999999 -999999 -999999 849     1542    1058    216     656     623     817     1110    1595    1531    1500    1462    1142    542     494     
1845   1967 -999999 -999999 -999999 -999999 863     1577    -999999 437     510     761     716     1096    1366    1746    1606    1385    1132    514     -999999 
1845   1968 -999999 -999999 -999999 -999999 -999999 -999999 -999999 311     210     624     766     976     1460    1476    1581    1424    1260    593     188     
1845   1969 -999999 -999999 -999999 -999999 742     1577    -999999 530     -999999 326     720     1178    1357    1740    1628    1466    1293    554     328     
1845   1970 -999999 -999999 -999999 -999999 762     1614    -999999 328     268     310     658     1294    1611    1591    1637    1479    1099    785     354     
1845   1971 -999999 -999999 -999999 -999999 791     -999999 -999999 450     430     482     718     1159    1304    1667    1628    1377    1124    -999999 598     
1845   1972 -999999 -999999 -999999 -999999 876     1461    967     325     439     668     863     1099    1222    1613    1539    1215    1058    591     471     
1845   1973 -999999 -999999 -999999 -999999 844     1596    -999999 423     347     593     738     1187    1507    1575    1702    1509    918     489     442     
1845   1974 -999999 -999999 -999999 -999999 817     1524    903     613     572     583     771     1085    1408    1603    1557    1261    729     701     -999999 
1845   1975 -999999 -999999 -999999 -999999 771     1675    -999999 675     432     476     838     976     1374    1739    1900    1422    981     -999999 351     
1845   1976 -999999 -999999 -999999 -999999 858     1766    -999999 541     403     460     801     1258    1726    1846    1723    1404    1120    627     166     
1845   1977 -999999 -999999 -999999 -999999 826     -999999 -999999 -999999 527     692     716     1070    1220    1599    1522    1340    1175    673     564     
1845   1978 -999999 -999999 -999999 -999999 -999999 1476    -999999 295     -999999 640     608     1119    1389    1521    1514    1458    1154    762     397     
1845   1979 -999999 -999999 -999999 -999999 -999999 1544    1046    -81     127     490     791     1088    1441    1639    1555    1373    1130    603     601     
1845   1980 -999999 -999999 -999999 460     790     1529    -999999 245     559     499     801     1043    1463    1485    1637    1514    882     589     458     
1845   1981 -999999 -999999 -999999 -999999 -999999 -999999 -999999 374     224     852     752     1130    1367    1568    1638    1484    866     700     -33     
1845   1982 -999999 -999999 -999999 -999999 841     1656    -999999 255     436     572     790     1149    1599    1698    1671    1475    999     780     383     
1845   1983 -999999 -999999 -999999 -999999 806     1767    -999999 648     181     629     714     1055    1492    1991    1799    1443    1040    706     510     
1845   1984 -999999 -999999 -999999 -999999 701     1613    -999999 364     333     458     732     911     1435    1635    1750    1352    1149    827     429     
1845   1985 -999999 -999999 -999999 -999999 797     1506    -999999 68      -999999 460     859     1088    1327    1661    1527    1506    1107    307     -999999 
1845   1986 -999999 -999999 -999999 -999999 760     1538    -999999 324     -149    498     623     1138    1482    1666    1471    1104    1160    752     576     
1845   1987 -999999 -999999 -999999 -999999 794     1515    -999999 -13     295     342     1001    1015    1355    1592    1603    1455    1042    613     540     
1845   1988 -999999 -999999 -999999 -999999 900     1534    -999999 -999999 458     665     812     1213    1410    1566    1612    1373    1096    440     680     
1845   1989 -999999 -999999 -999999 -999999 923     1659    1142    518     546     786     663     1290    1466    1799    1713    1550    1253    581     501     
1845   1990 -999999 -999999 -999999 -999999 949     1644    1100    630     -999999 816     790     1216    1368    1683    1872    1345    1257    667     431     
1845   1991 -999999 -999999 -999999 -999999 859     1596    -999999 390     70      789     802     988     1302    1740    1761    1463    1005    644     365     
1845   1992 -999999 -999999 -999999 -999999 998     1667    988     356     474     728     887     1367    1569    1736    1692    1401    818     747     354     
1845   1993 -999999 -999999 -999999 -999999 947     1547    -999999 590     -999999 617     1002    1233    1520    1601    1519    1250    905     448     556     
1845   1994 -999999 -999999 -999999 -999999 903     1696    -999999 526     316     778     850     1077    1483    1877    1719    1334    981     956     609     
1845   1995 -999999 -999999 -999999 -999999 -999999 1756    1140    385     677     564     921     1162    1426    1931    1910    1391    1277    710     -999999 
1845   1996 -999999 -999999 -999999 -999999 -999999 1600    1025    416     199     366     807     904     1464    1651    1678    1371    1140    543     287     
1845   1997 -999999 -999999 -999999 -999999 948     1740    -999999 134     658     855     818     1162    1498    1694    2018    1501    955     -999999 575     
1845   1998 -999999 -999999 -999999 -999999 993     1608    -999999 539     658     774     852     1338    1524    1638    1657    1552    1057    501     535     
1845   1999 -999999 -999999 -999999 -999999 1008    1660    -999999 561     444     726     954     1322    1418    1853    1701    1624    1080    727     -999999 
1845   2000 -999999 -999999 -999999 -999999 951     1634    1120    427     603     725     833     1280    1595    1545    1751    1571    1077    699     -999999 
1845   2001 -999999 -999999 -999999 -999999 888     1685    -999999 322     -999999 577     818     1260    1453    1787    1803    1339    1388    645     250     
1845   2002 -999999 -999999 1421    -999999 971     1652    1101    534     -999999 736     933     1229    1496    1684    1771    1416    1022    848     606     
1845   2003 -999999 -999999 -999999 -999999 949     1800    -999999 390     -999999 701     903     1228    1685    1796    1915    1362    914     813     465     
1845   2004 -999999 -999999 -999999 -999999 930     1709    -999999 499     -999999 678     926     1215    1610    1668    1845    1543    1132    723     481     
1845   2005 1074    -999999 1457    497     940     1673    1198    597     404     703     926     1192    1607    1764    1645    1603    1370    615     414     
1845   2006 1129    624     1555    411     902     1781    1328    412     407     507     904     1296    1593    2065    1680    1782    1363    837     654     
1845   2007 1097    824     1462    661     1048    1633    1079    726     595     748     1122    1277    1593    1676    1628    1466    1066    705     527     
1845   2008 1050    704     1427    595     948     1659    1041    711     544     660     852     1329    1509    1705    1758    1389    985     751     388     
1845   2009 -999999 588     -999999 359     1007    -999999 -999999 281     413     700     1038    1282    1523    -999999 -999999 -999999 -999999 -999999 -999999 
