EUROPEAN CLIMATE ASSESSMENT & DATASET (ECA&D), file created on: 10-05-2011
THESE DATA CAN BE USED FREELY PROVIDED THAT THE FOLLOWING SOURCE IS ACKNOWLEDGED: 

Klein Tank, A.M.G. and Coauthors, 2002. Daily dataset of 20th-century surface
air temperature and precipitation series for the European Climate Assessment.
Int. J. of Climatol., 22, 1441-1453.
Data and metadata available at http://eca.knmi.nl

FILE FORMAT (MISSING VALUE CODE = -999999):

THIS FILE HOLDS DATA FOR STATION SWEDEN                                   HAPARANDA                                (STAID:    339)
LATITUDE: dd:mm:ss +65:49:37
LONGITUDE: ddd:mm:ss +024:08:38
ELEVATION: m    5

DATA IS FOR INDEX Mean of daily mean temperature (TG) with unit 0.01 Temperature (&#176;C)

01-06 SOUID: Source identifier
08-11 YEAR : YYYY
13-20 ANNUAL DATA VALUES
21-28 WINTER HALF YEAR DATA VALUES
29-36 SUMMER HALF YEAR DATA VALUES
37-44 WINTER (DJF) DATA VALUES
45-52 SPRING (MAM) DATA VALUES
53-60 SUMMER (JJA) DATA VALUES
61-68 AUTUMN (SON) DATA VALUES
69-76 JANUARY DATA VALUES
etc. 
157-164 DECEMBER DATA VALUES

339    1961 293     -999999 943     -999999 -4      1489    558     -937    -598    -359    -221    560     1421    1715    1342    865     784     20      -1037   
339    1962 52      -622    842     -1034   -242    1186    340     -1116   -938    -1456   133     609     1083    1339    1134    737     404     -123    -1229   
339    1963 107     -796    996     -1313   -96     1338    321     -1374   -1338   -1147   18      846     1164    1409    1437    1081    333     -452    -791    
339    1964 169     -569    855     -824    -105    1284    329     -455    -1256   -835    -114    635     1043    1457    1344    734     582     -336    -844    
339    1965 34      -567    837     -953    -184    1252    153     -1013   -1007   -821    -91     363     1212    1375    1169    979     278     -801    -1297   
339    1966 -57     -1156   847     -1757   -341    1439    215     -1910   -2096   -1187   -308    473     1430    1600    1287    577     97      -26     -756    
339    1967 146     -592    973     -1137   117     1401    477     -1846   -774    -246    8       585     1211    1483    1504    1026    294     117     -1642   
339    1968 -24     -864    816     -1680   -79     1308    -105    -1852   -1536   -577    -11     354     1274    1406    1244    610     -275    -644    -340    
339    1969 55      -870    931     -1102   -215    1475    219     -1328   -1695   -1009   -111    478     1332    1534    1554    776     348     -472    -871    
339    1970 108     -730    954     -1265   -48     1517    127     -1174   -1803   -501    -248    597     1459    1654    1437    796     249     -668    -653    
339    1971 59      -702    863     -892    -274    1371    14      -892    -1156   -1135   -226    540     1304    1454    1352    730     149     -840    -668    
339    1972 259     -660    1027    -908    3       1583    159     -1047   -1016   -568    31      545     1448    1873    1423    818     241     -585    -119    
339    1973 148     -367    962     -465    38      1534    -91     -447    -868    -478    4       587     1405    1933    1261    552     -154    -670    -1430   
339    1974 330     -661    1021    -900    61      1464    303     -647    -595    -464    82      565     1443    1565    1384    1074    205     -367    -341    
339    1975 275     -331    908     -548    155     1256    385     -782    -517    -205    -59     722     1105    1410    1248    998     304     -143    -834    
339    1976 51      -672    887     -1105   -47     1340    20      -1561   -909    -886    -53     798     1210    1410    1396    526     -8      -457    -881    
339    1977 93      -689    800     -1061   -68     1264    175     -1002   -1324   -514    -174    479     1115    1423    1250    682     170     -328    -764    
339    1978 -1      -690    891     -1141   9       1329    126     -1099   -1605   -590    -146    759     1278    1458    1251    722     137     -480    -1809   
339    1979 123     -918    942     -1591   -11     1476    205     -1602   -1337   -442    -125    529     1337    1629    1457    796     49      -224    -689    
339    1980 42      -769    1038    -1171   -55     1509    38      -1336   -1509   -935    165     611     1526    1649    1352    910     103     -900    -1186   
339    1981 -16     -912    831     -1152   -244    1240    203     -1010   -1273   -1239   -9      523     998     1504    1210    732     280     -404    -1577   
339    1982 177     -743    884     -1355   83      1302    323     -1662   -769    -316    34      531     970     1540    1384    819     228     -74     -614    
339    1983 160     -475    1007    -820    162     1346    92      -775    -1096   -566    218     836     1230    1571    1234    930     244     -903    -1095   
339    1984 194     -764    959     -1011   30      1344    211     -1287   -624    -914    81      926     1334    1429    1270    692     313     -374    -535    
339    1985 -97     -886    891     -1536   -156    1428    219     -2012   -2119   -694    -240    464     1288    1589    1402    816     342     -504    -1631   
339    1986 88      -817    856     -1511   93      1348    304     -1582   -1299   -263    -80     616     1468    1508    1071    532     388     -11     -1377   
339    1987 -19     -858    816     -1554   -149    1223    322     -1945   -1319   -905    -112    571     1179    1387    1103    749     676     -472    -1215   
339    1988 189     -565    1027    -1020   -5      1545    184     -868    -972    -559    -133    672     1475    1830    1327    966     244     -661    -1096   
339    1989 313     -467    1017    -762    265     1403    284     -560    -615    -136    219     710     1329    1478    1400    946     137     -227    -983    
339    1990 289     -482    982     -821    146     1439    144     -1275   -141    -365    100     702     1309    1564    1439    756     341     -671    -317    
339    1991 214     -583    919     -857    -19     1414    326     -881    -1428   -625    79      492     1127    1599    1507    683     323     -27     -410    
339    1992 243     -216    905     -474    123     1295    -50     -550    -462    -182    -200    741     1407    1335    1146    981     -484    -632    -213    
339    1993 193     -515    845     -521    83      1305    93      -693    -671    -415    -96     754     1038    1594    1275    471     -7      -182    -820    
339    1994 148     -775    980     -1268   10      1448    194     -1393   -1625   -683    204     515     1258    1640    1440    799     177     -393    -293    
339    1995 201     -340    909     -533    74      1396    174     -694    -621    -243    -49     510     1464    1384    1343    784     394     -662    -1258   
339    1996 187     -668    912     -1065   -31     1401    325     -667    -1282   -573    -36     515     1163    1430    1601    771     439     -238    -946    
339    1997 242     -469    998     -890    -31     1582    198     -894    -826    -380    -202    485     1372    1849    1518    938     54      -394    -697    
339    1998 142     -641    916     -910    -113    1390    199     -808    -1260   -792    -149    601     1237    1660    1269    852     290     -549    -755    
339    1999 200     -650    980     -1053   61      1392    470     -1313   -1095   -517    164     540     1403    1581    1191    988     368     57      -1032   
339    2000 345     -443    1017    -872    134     1441    530     -816    -762    -480    114     767     1271    1667    1380    875     631     82      -630    
339    2001 209     -412    1030    -791    -53     1492    307     -564    -1220   -833    58      620     1439    1642    1394    1010    326     -415    -1042   
339    2002 194     -570    1143    -928    169     1650    -70     -1108   -602    -575    248     836     1568    1737    1642    798     -129    -876    -1255   
339    2003 271     -776    1043    -1182   197     1560    290     -1593   -645    -148    0       733     1284    1952    1435    822     210     -161    -696    
339    2004 250     -517    1022    -879    107     1441    236     -968    -980    -524    103     743     1250    1652    1415    946     220     -456    -454    
339    2005 336     -464    1051    -590    -37     1557    498     -551    -783    -793    139     548     1391    1767    1506    932     467     95      -756    
339    2006 261     -520    1080    -893    -30     1524    233     -769    -1181   -1023   179     759     1293    1566    1706    947     53      -294    -206    
339    2007 299     -504    996     -855    193     1455    345     -946    -1475   -244    153     668     1351    1569    1440    772     537     -281    -99     
339    2008 300     -251    908     -401    55      1326    244     -547    -570    -566    66      664     1231    1517    1228    717     341     -331    -196    
339    2009 235     -400    985     -635    40      1420    334     -724    -1023   -526    -111    751     1246    1531    1472    1003    5       6       -859    
339    2010 75      -750    1034    -1253   137     1375    149     -1392   -1536   -774    175     1011    1198    1637    1283    874     358     -791    -1265   
339    2011 -999999 -812    -999999 -1324   -999999 -999999 -999999 -1118   -1615   -519    285     -999999 -999999 -999999 -999999 -999999 -999999 -999999 -999999 
