EUROPEAN CLIMATE ASSESSMENT & DATASET (ECA&D), file created on: 10-05-2011
THESE DATA CAN BE USED FREELY PROVIDED THAT THE FOLLOWING SOURCE IS ACKNOWLEDGED: 

Klein Tank, A.M.G. and Coauthors, 2002. Daily dataset of 20th-century surface
air temperature and precipitation series for the European Climate Assessment.
Int. J. of Climatol., 22, 1441-1453.
Data and metadata available at http://eca.knmi.nl

FILE FORMAT (MISSING VALUE CODE = -999999):

THIS FILE HOLDS DATA FOR STATION TURKEY                                   VAN                                      (STAID:   1439)
LATITUDE: dd:mm:ss +38:27:00
LONGITUDE: ddd:mm:ss +043:19:12
ELEVATION: m 1662

DATA IS FOR INDEX Mean of daily mean temperature (TG) with unit 0.01 Temperature (&#176;C)

01-06 SOUID: Source identifier
08-11 YEAR : YYYY
13-20 ANNUAL DATA VALUES
21-28 WINTER HALF YEAR DATA VALUES
29-36 SUMMER HALF YEAR DATA VALUES
37-44 WINTER (DJF) DATA VALUES
45-52 SPRING (MAM) DATA VALUES
53-60 SUMMER (JJA) DATA VALUES
61-68 AUTUMN (SON) DATA VALUES
69-76 JANUARY DATA VALUES
etc. 
157-164 DECEMBER DATA VALUES

1439   1957 -999999 -999999 -999999 -999999 -999999 -999999 1127    -999999 -999999 -999999 -999999 -999999 -999999 2016    2118    1824    1031    528     -61     
1439   1958 -999999 237     -999999 -174    -999999 1898    1039    -110    -370    356     -999999 1325    1619    1998    2106    1671    1090    355     -218    
1439   1959 -999999 -999999 -999999 -999999 -999999 -999999 -999999 -999999 -999999 -999999 -999999 -999999 -999999 -999999 -999999 -999999 -999999 -999999 -999999 
1439   1960 -999999 -999999 -999999 -999999 -999999 -999999 -999999 -999999 -999999 -999999 -999999 -999999 -999999 -999999 -999999 -999999 -999999 -999999 -999999 
1439   1961 -999999 -999999 -999999 -999999 -999999 -999999 -999999 -999999 -999999 -999999 -999999 -999999 -999999 -999999 -999999 -999999 -999999 -999999 -999999 
1439   1962 -999999 -999999 -999999 -999999 -999999 -999999 -999999 -999999 -999999 -999999 -999999 -999999 -999999 -999999 -999999 -999999 -999999 -999999 -999999 
1439   1963 -999999 -999999 -999999 -999999 597     1938    -999999 -999999 59      -17     720     1116    1570    2129    2105    1788    1296    590     -72     
1439   1964 -999999 -999999 -999999 -494    610     -999999 1029    -894    -517    149     497     1198    -999999 2081    1888    1618    972     498     -289    
1439   1965 -999999 -999999 -999999 -999999 -999999 -999999 983     -999999 -999999 -999999 560     1230    1724    2114    2193    1685    786     421     -30     
1439   1966 -999999 -999999 -999999 85      725     1993    1114    248     30      211     752     1163    1654    2092    2167    1611    1043    690     88      
1439   1967 -999999 43      -999999 -423    486     1763    -999999 -533    -867    -234    -999999 1218    1421    1879    1978    1519    1037    -999999 -190    
1439   1968 -999999 -999999 1480    -999999 679     1745    1151    -618    -552    0       748     1291    1455    1972    1800    1592    1167    622     -71     
1439   1969 -999999 -999999 -999999 -999999 -999999 -999999 -999999 -999999 -999999 -999999 -999999 -999999 -999999 -999999 -999999 -999999 -999999 -999999 -999999 
1439   1970 -999999 -999999 -999999 -999999 -999999 -999999 -999999 -999999 -999999 -999999 -999999 -999999 -999999 -999999 -999999 -999999 -999999 -999999 -999999 
1439   1971 -999999 -999999 -999999 -999999 -999999 -999999 -999999 -999999 -999999 -999999 -999999 -999999 -999999 -999999 -999999 -999999 -999999 -999999 -999999 
1439   1972 -999999 -999999 -999999 -999999 -999999 -999999 -999999 -999999 -999999 -999999 -999999 -999999 -999999 -999999 -999999 -999999 -999999 -999999 -999999 
1439   1973 780     -999999 1526    -999999 617     1872    997     -539    -304    65      600     1185    1538    1953    2113    1713    1211    28      -316    
1439   1974 -999999 -999999 -999999 -492    735     -999999 1101    -627    -536    293     533     1352    1762    1974    1868    1448    1265    548     -79     
1439   1975 -999999 -999999 -999999 -358    708     1980    1038    -595    -404    65      903     1211    1770    2110    2034    1662    985     448     -461    
1439   1976 -999999 -999999 -999999 -484    554     1928    1079    -353    -650    -127    660     1152    1710    1911    2157    1627    1085    523     236     
1439   1977 -999999 -999999 -999999 -999999 -999999 -999999 -999999 -427    13      -999999 771     1157    1670    2052    -999999 1860    927     596     -75     
1439   1978 -999999 -999999 -999999 -55     -999999 -999999 -999999 -182    107     377     742     1281    1550    2162    -999999 -999999 1214    139     125     
1439   1979 -999999 -999999 -999999 -999999 -999999 -999999 -999999 -24     -999999 325     828     -999999 1609    -999999 -999999 -999999 1150    -999999 109     
1439   1980 -999999 -999999 -999999 -999999 -999999 -999999 1132    -402    -298    32      689     -999999 1765    -999999 -999999 1705    1090    584     296     
1439   1981 966     -999999 1585    -999999 653     1999    1165    -90     -86     310     583     1065    1665    2160    2168    1870    1245    350     284     
1439   1982 -999999 -999999 -999999 -205    703     1913    -999999 -304    -641    -29     879     1264    1691    2053    1995    1697    1125    228     -227    
1439   1983 -999999 -999999 1579    -404    760     1888    1199    -597    -393    199     799     1302    1624    2033    2000    1685    1176    666     32      
1439   1984 -999999 -999999 1617    -171    816     1980    1138    -305    -243    384     916     1108    1749    2248    1936    1732    1115    504     -271    
1439   1985 -999999 -999999 1674    -262    685     1994    -999999 -161    -362    -311    950     1391    1828    2037    2110    1712    1188    911     -139    
1439   1986 -999999 -999999 1699    -178    824     2013    1232    -380    -20     235     1059    1147    1633    2235    2160    1944    1366    358     -140    
1439   1987 -999999 -999999 1577    -38     698     1939    1062    5       15      -48     669     1375    1744    2050    2015    1586    1072    509     62      
1439   1988 -999999 -999999 1499    -161    718     1827    1064    -281    -268    192     681     1280    1550    1987    1935    1529    1264    359     54      
1439   1989 -999999 -999999 1743    -488    1047    2049    1188    -873    -603    518     1228    1390    1754    2293    2090    1667    1190    632     -13     
1439   1990 -999999 -999999 -999999 -307    746     1978    1237    -572    -326    135     851     1260    1731    2162    2035    1713    1282    695     49      
1439   1991 -999999 -999999 -999999 -999999 866     2053    1262    -266    -279    336     1047    1185    1756    2128    2265    1771    1309    642     -126    
1439   1992 -999999 -999999 -999999 -424    517     1846    1103    -671    -468    -281    686     1131    1581    1928    2019    1647    1251    357     -172    
1439   1993 -999999 -999999 1584    -298    591     1961    1089    -411    -313    -142    687     1142    1660    2096    2118    1722    1249    273     109     
1439   1994 -999999 -999999 1651    51      914     1938    1155    108     -83     360     1087    1253    1666    2077    2063    1726    1242    493     -377    
1439   1995 -999999 -999999 1640    -233    824     1997    1078    -189    -123    303     762     1354    1766    2111    2105    1694    1085    453     -87     
1439   1996 1031    -999999 1682    -78     846     2059    1134    -99     -45     327     737     1439    1665    2244    2255    1725    1075    606     351     
1439   1997 -999999 249     1616    -17     608     2005    1111    -126    -309    -156    623     1358    1831    2047    2133    1618    1178    516     15      
1439   1998 1018    -999999 1726    -296    774     2143    1319    -348    -581    157     844     1304    1935    2244    2244    1766    1261    920     330     
1439   1999 1036    -999999 1702    160     830     2109    1091    77      63      286     841     1346    1842    2188    2289    1685    1147    439     127     
1439   2000 904     202     1628    -132    714     1996    1058    -241    -292    7       893     1247    1651    2263    2062    1631    1065    477     44      
1439   2001 993     332     1643    -36     854     2014    1090    -112    -42     526     888     1149    1753    2116    2165    1768    1120    380     135     
1439   2002 897     262     1542    -94     707     1914    1183    -344    -70     324     690     1106    1668    2050    2017    1700    1276    570     -284    
1439   2003 925     220     1591    -182    692     1952    1108    -112    -148    -5      769     1315    1645    2094    2106    1595    1260    465     32      
1439   2004 -999999 -999999 -999999 -25     -999999 1880    1151    -91     -20     354     642     1163    1647    1955    2020    1668    1246    542     -335    
1439   2005 -999999 -999999 -999999 -999999 823     2024    -999999 -229    -249    268     860     1286    1664    2212    2161    1680    1151    472     273     
1439   2006 -999999 -999999 -999999 -11     -999999 2099    -999999 -211    -98     326     979     1344    1948    2069    2271    1710    1244    463     -177    
1439   2007 -999999 -999999 -999999 -999999 -999999 2007    1176    -442    -117    302     596     1500    1801    2086    2127    1787    1250    535     -43     
1439   2008 -999999 -999999 1743    -263    996     2086    1212    -479    -275    636     1099    1234    1816    2114    2320    1863    1199    551     -104    
1439   2009 899     276     1466    -127    699     1813    1055    -307    48      262     627     1206    1626    1913    1895    1508    1096    575     283     
1439   2010 -999999 -999999 1670    189     876     2018    1235    103     181     577     782     1262    1812    2127    2110    1888    1323    514     273     
1439   2011 -999999 351     -999999 18      -999999 -999999 -999999 -149    -80     187     840     -999999 -999999 -999999 -999999 -999999 -999999 -999999 -999999 
