EUROPEAN CLIMATE ASSESSMENT & DATASET (ECA&D), file created on: 10-05-2011
THESE DATA CAN BE USED FREELY PROVIDED THAT THE FOLLOWING SOURCE IS ACKNOWLEDGED: 

Klein Tank, A.M.G. and Coauthors, 2002. Daily dataset of 20th-century surface
air temperature and precipitation series for the European Climate Assessment.
Int. J. of Climatol., 22, 1441-1453.
Data and metadata available at http://eca.knmi.nl

FILE FORMAT (MISSING VALUE CODE = -999999):

THIS FILE HOLDS DATA FOR STATION ISRAEL                                   HAR KENAAN                               (STAID:    130)
LATITUDE: dd:mm:ss +32:58:00
LONGITUDE: ddd:mm:ss +035:30:00
ELEVATION: m  934

DATA IS FOR INDEX Mean of daily mean temperature (TG) with unit 0.01 Temperature (&#176;C)

01-06 SOUID: Source identifier
08-11 YEAR : YYYY
13-20 ANNUAL DATA VALUES
21-28 WINTER HALF YEAR DATA VALUES
29-36 SUMMER HALF YEAR DATA VALUES
37-44 WINTER (DJF) DATA VALUES
45-52 SPRING (MAM) DATA VALUES
53-60 SUMMER (JJA) DATA VALUES
61-68 AUTUMN (SON) DATA VALUES
69-76 JANUARY DATA VALUES
etc. 
157-164 DECEMBER DATA VALUES

130    1964 -999999 -999999 -999999 -999999 -999999 -999999 -999999 -999999 -999999 -999999 -999999 -999999 -999999 -999999 -999999 2154    2193    -999999 906     
130    1965 1657    -999999 2179    798     1459    2509    1823    651     840     1195    1297    1880    2504    2503    2520    2358    1708    1406    979     
130    1966 1706    1163    2157    928     1505    2442    1953    876     930     1061    1559    1896    2398    2440    2487    2151    1964    1743    929     
130    1967 1512    1101    2024    708     1278    2310    1751    623     559     756     1323    1757    2120    2384    2419    2128    1892    1230    888     
130    1968 1625    1041    2191    729     1552    2408    1789    548     752     923     1632    2104    2304    2568    2349    2172    1792    1404    928     
130    1969 1660    1141    2150    815     1497    2390    1889    599     929     1182    1268    2032    2429    2292    2449    2419    1833    1417    1031    
130    1970 1650    1209    2133    931     1592    2323    1839    831     930     1190    1691    1897    2242    2318    2405    2239    1789    1491    739     
130    1971 1569    1142    2047    829     1437    2256    1774    999     742     1064    1213    2026    2182    2235    2348    2265    1778    1278    636     
130    1972 1582    992     2087    621     1481    2251    1908    627     600     1016    1624    1809    2152    2201    2397    2338    2034    1329    769     
130    1973 1609    -999999 2091    822     1428    2323    1803    694     1019    993     1333    1955    2151    2470    2342    2280    2038    1084    905     
130    1974 1568    1055    2041    686     1420    2317    1889    426     733     1112    1312    1834    2250    2428    2270    2140    2111    1409    737     
130    1975 1547    1116    2049    686     1507    2239    1749    639     680     1088    1672    1766    2146    2355    2215    2133    1810    1302    712     
130    1976 1538    1013    1959    659     1386    2164    1843    672     588     975     1302    1876    2146    2190    2156    2070    1931    1524    992     
130    1977 1585    1182    2082    887     1404    2370    1754    570     1121    961     1334    1916    2196    2422    2488    2119    1691    1455    727     
130    1978 1630    1102    2102    793     1510    2347    1783    725     941     1068    1396    2063    2193    2623    2221    2099    2081    1160    931     
130    1979 1674    1202    2125    918     1539    2350    1938    825     1008    1190    1574    1855    2330    2340    2379    2269    1957    1586    749     
130    1980 1610    1083    2118    659     1450    2402    1857    568     661     966     1376    2005    2395    2421    2390    2104    1963    1501    936     
130    1981 1602    1134    2093    735     1415    2350    1857    574     689     1108    1410    1728    2277    2401    2370    2362    2082    1120    1037    
130    1982 1536    1091    2074    823     1406    2278    1740    810     600     852     1579    1792    2220    2274    2338    2235    1916    1064    690     
130    1983 1524    914     2037    530     1354    2281    1817    368     533     882     1323    1855    2184    2346    2311    2189    1786    1477    969     
130    1984 1589    1165    2045    877     1452    2234    1866    731     934     1085    1261    2003    2165    2325    2210    2290    2023    1281    739     
130    1985 1647    1106    2159    743     1514    2404    1848    891     582     1074    1465    2000    2228    2386    2592    2266    1692    1591    924     
130    1986 1604    1187    2121    873     1513    2328    1760    781     918     1201    1730    1616    2194    2408    2378    2401    1854    1022    712     
130    1987 -999999 1017    -999999 849     1290    2382    1806    865     983     661     1258    1950    2186    2481    2479    2332    1759    1399    883     
130    1988 1574    1039    -999999 739     1468    2402    1710    662     668     848     1472    2083    2261    2530    2406    2313    1717    1100    805     
130    1989 1636    974     2238    647     1724    2343    1785    431     713     1055    2039    2108    2173    2450    2399    2238    1764    1354    890     
130    1990 -999999 1034    -999999 684     -999999 2377    1994    547     609     1007    1539    1859    2282    2417    2429    2192    2089    1699    1135    
130    1991 1625    -999999 2118    869     1553    2309    1913    693     762     1135    1601    1910    2331    2301    2296    2261    2033    1440    620     
130    1992 1512    937     2082    452     1345    2328    1920    393     336     775     1412    1849    2227    2273    2481    2239    2193    1319    584     
130    1993 1645    1050    2163    574     1463    2433    1898    593     543     1012    1601    1780    2360    2420    2516    2291    2148    1245    1152    
130    1994 1682    1215    2245    930     1644    2373    1945    877     742     1078    1767    2090    2223    2394    2496    2490    2194    1143    625     
130    1995 1665    1124    2189    759     1538    2424    1826    793     869     1100    1405    2106    2393    2399    2479    2336    1910    1230    908     
130    1996 1681    1095    2208    832     1479    2471    1868    722     870     922     1340    2171    2332    2546    2530    2308    1811    1488    1101    
130    1997 1613    1127    2103    883     1407    2343    1859    915     605     805     1249    2161    2306    2471    2250    2164    1990    1418    946     
130    1998 1738    1123    2268    809     1500    2525    2074    681     799     879     1610    2014    2323    2566    2688    2418    2090    1714    1083    
130    1999 1744    1324    2199    985     1609    2409    1921    925     943     1162    1503    2159    2252    2466    2504    2291    1966    1505    1186    
130    2000 1657    1160    2232    845     1492    2534    1836    588     754     944     1622    1915    2375    2773    2449    2246    1786    1478    925     
130    2001 1733    1248    2212    886     1709    2470    1855    890     839     1535    1626    1963    2390    2547    2471    2265    1961    1335    906     
130    2002 1689    1192    2138    852     1487    2425    1999    603     1068    1268    1358    1832    2233    2582    2455    2356    2135    1502    838     
130    2003 1668    1144    2209    798     1519    2434    1898    924     615     811     1469    2274    2319    2460    2521    2192    2023    1475    853     
130    2004 1677    1202    2153    780     1587    2396    1948    680     808     1353    1542    1864    2235    2573    2375    2319    2131    1388    831     
130    2005 1676    1186    2156    791     1546    2396    1826    785     755     1190    1582    1867    2188    2512    2481    2296    1855    1327    1212    
130    2006 -999999 1206    2179    959     1530    2427    1866    746     916     1157    1469    1962    2365    2377    2537    2350    1868    1303    868     
130    2007 1703    -999999 2195    834     1509    2465    1966    776     861     1050    1371    2102    2359    2550    2483    2285    2122    1488    928     
130    2008 1749    -999999 2262    752     1728    2520    1910    494     852     1491    1797    1899    2444    2536    2577    2312    1895    1522    1059    
130    2009 1716    1203    2190    934     1483    2492    1936    845     895     982     1539    1929    2487    2508    2480    2193    2244    1361    1095    
130    2010 1904    1380    2299    1079    1720    2534    2216    1054    1090    1406    1684    2069    2332    2495    2767    2431    2239    1977    1255    
130    2011 -999999 1397    -999999 1010    -999999 -999999 -999999 895     866     1108    1407    -999999 -999999 -999999 -999999 -999999 -999999 -999999 -999999 
