EUROPEAN CLIMATE ASSESSMENT & DATASET (ECA&D), file created on: 10-05-2011
THESE DATA CAN BE USED FREELY PROVIDED THAT THE FOLLOWING SOURCE IS ACKNOWLEDGED: 

Klein Tank, A.M.G. and Coauthors, 2002. Daily dataset of 20th-century surface
air temperature and precipitation series for the European Climate Assessment.
Int. J. of Climatol., 22, 1441-1453.
Data and metadata available at http://eca.knmi.nl

FILE FORMAT (MISSING VALUE CODE = -999999):

THIS FILE HOLDS DATA FOR STATION GREECE                                   SKYROS                                   (STAID:    839)
LATITUDE: dd:mm:ss +38:54:00
LONGITUDE: ddd:mm:ss +024:33:00
ELEVATION: m   18

DATA IS FOR INDEX Mean of daily mean temperature (TG) with unit 0.01 Temperature (&#176;C)

01-06 SOUID: Source identifier
08-11 YEAR : YYYY
13-20 ANNUAL DATA VALUES
21-28 WINTER HALF YEAR DATA VALUES
29-36 SUMMER HALF YEAR DATA VALUES
37-44 WINTER (DJF) DATA VALUES
45-52 SPRING (MAM) DATA VALUES
53-60 SUMMER (JJA) DATA VALUES
61-68 AUTUMN (SON) DATA VALUES
69-76 JANUARY DATA VALUES
etc. 
157-164 DECEMBER DATA VALUES

839    1958 1713    -999999 2110    -999999 1532    2414    1714    1046    1251    1147    1449    1997    2333    2474    2431    1960    1731    1451    1251    
839    1959 1639    1226    2066    1000    1465    2360    1682    934     794     1163    1451    1782    2146    2437    2489    2076    1593    1378    1356    
839    1960 1778    1286    2114    1210    1463    2416    1964    1112    1159    1112    1413    1863    2165    2487    2588    2148    2023    1720    1510    
839    1961 1708    1415    2109    1158    1602    2344    1820    1022    920     1256    1628    1922    2245    2371    2412    2066    1723    1675    1209    
839    1962 1742    1324    2143    1067    1604    2388    1920    1084    891     1332    1495    1981    2207    2420    2531    2210    1825    1728    1143    
839    1963 1732    1330    2123    1107    1414    2425    1919    1018    1165    1098    1362    1780    2270    2478    2521    2311    1832    1617    1292    
839    1964 1638    1254    2030    985     1411    2344    1814    762     894     1117    1416    1701    2256    2388    2384    2021    1915    1503    1265    
839    1965 1660    1287    2052    1055    1420    2337    1799    1043    835     1126    1408    1725    2285    2447    2276    2161    1680    1562    1320    
839    1966 1795    1361    2151    1224    1568    2438    1973    1020    1345    1246    1651    1810    2151    2557    2595    2125    2111    1679    1215    
839    1967 1709    1337    2144    1009    1515    2433    1855    929     869     1185    1428    1931    2289    2488    2515    2193    1905    1465    1246    
839    1968 1726    1313    2183    1115    1620    2386    1828    927     1175    1155    1565    2137    2255    2512    2386    2225    1740    1521    1100    
839    1969 1721    1269    2134    1077    1490    2380    1861    897     1250    1110    1371    1986    2400    2321    2420    2296    1737    1553    1290    
839    1970 1764    1389    2169    1244    1614    2435    1803    1193    1249    1305    1655    1882    2241    2545    2512    2165    1760    1487    1134    
839    1971 1672    1295    2087    1112    1482    2372    1736    1185    1007    1176    1365    1903    2296    2361    2458    2127    1648    1434    1053    
839    1972 1674    1185    2159    985     1485    2455    1763    961     937     1069    1564    1825    2310    2505    2544    2193    1647    1452    1056    
839    1973 1677    1195    2109    1038    1427    2379    1789    925     1141    952     1477    1853    2198    2556    2377    2178    1873    1312    1245    
839    1974 1683    1249    2074    1071    1414    2347    1932    857     1114    1081    1340    1819    2239    2391    2409    2233    2038    1523    1114    
839    1975 1689    1318    2119    992     1561    2367    1840    993     856     1345    1472    1862    2232    2527    2336    2270    1865    1384    1068    
839    1976 1631    1228    2031    1003    1440    2287    1777    1036    898     1101    1452    1766    2190    2431    2236    2097    1776    1457    1103    
839    1977 1680    1277    2092    1105    1425    2424    1785    946     1283    1106    1390    1777    2252    2513    2501    2103    1626    1632    1016    
839    1978 1686    1275    2082    1027    1533    2371    1698    926     1152    1295    1495    1808    2330    2448    2334    2062    1730    1301    1307    
839    1979 1708    1304    2101    1157    1507    2397    1795    1065    1094    1304    1445    1769    2365    2393    2430    2194    1728    1465    1205    
839    1980 1674    1206    2060    976     1410    2388    1900    845     870     1112    1362    1756    2242    2437    2480    2069    1985    1644    1251    
839    1981 1671    1340    2063    1031    1485    2361    1779    855     984     1298    1455    1702    2316    2400    2366    2131    2000    1199    1297    
839    1982 1613    1220    2035    1026    1340    2340    1785    992     763     1022    1320    1676    2281    2340    2396    2189    1829    1337    1153    
839    1983 1629    1193    2106    954     1537    2332    1672    904     788     1114    1531    1966    2151    2481    2357    2132    1626    1259    1181    
839    1984 1680    1205    2079    1091    1448    2314    1904    1079    1009    1065    1298    1975    2268    2365    2308    2249    2003    1456    1060    
839    1985 1694    1242    2175    972     1589    2401    1740    1062    776     1055    1711    2004    2359    2383    2460    2119    1578    1529    1230    
839    1986 1684    1276    2140    1152    1495    2428    1730    1124    1096    1091    1585    1812    2348    2432    2502    2148    1772    1269    995     
839    1987 1656    1167    2117    1056    1330    2404    1785    1105    1068    785     1422    1786    2292    2501    2415    2275    1665    1421    1108    
839    1988 1673    1231    2175    1039    1476    2523    1680    1064    937     1181    1370    1873    2406    2686    2473    2227    1717    1095    1012    
839    1989 1662    1133    2152    923     1559    2388    1769    786     978     1195    1673    1811    2231    2467    2460    2260    1706    1343    995     
839    1990 1713    1194    2121    939     1566    2384    1880    817     1013    1275    1601    1823    2317    2455    2378    2143    1822    1678    1195    
839    1991 1619    1272    2077    1011    1408    2392    1811    886     944     1085    1393    1747    2282    2439    2452    2138    1806    1488    728     
839    1992 1629    1121    2043    788     1380    2351    1926    871     765     1059    1451    1633    2272    2317    2463    2111    2186    1472    925     
839    1993 1621    1190    2074    816     1412    2348    1791    837     671     1009    1425    1802    2285    2316    2441    2164    1930    1276    1221    
839    1994 1761    1301    2224    1127    1592    2452    1913    1154    993     1205    1576    1994    2304    2505    2542    2412    1959    1366    1072    
839    1995 1701    1301    2159    1092    1491    2461    1706    1034    1178    1190    1405    1876    2432    2499    2450    2278    1655    1186    1198    
839    1996 1629    1114    2093    1005    1358    2367    1760    889     920     827     1216    2026    2264    2422    2412    2199    1635    1449    1258    
839    1997 1627    1220    2039    1083    1319    2422    1670    1039    936     979     1109    1863    2295    2563    2404    1979    1687    1342    1225    
839    1998 -999999 -999999 -999999 -999999 -999999 -999999 -999999 -999999 1040    886     1605    -999999 -999999 -999999 2542    -999999 1828    -999999 -999999 
839    1999 -999999 -999999 -999999 -999999 -999999 -999999 1879    -999999 -999999 1156    1579    1914    2411    2545    2529    2241    1924    1439    -999999 
839    2000 -999999 -999999 -999999 -999999 -999999 -999999 -999999 732     1004    1038    1554    1868    2199    2595    2494    -999999 -999999 -999999 -999999 
839    2001 -999999 -999999 -999999 -999999 -999999 2496    -999999 -999999 -999999 -999999 1514    1813    2290    2630    2571    -999999 -999999 -999999 -999999 
839    2002 -999999 -999999 -999999 -999999 -999999 2522    -999999 863     1215    1301    1316    1853    2361    2586    2601    2168    1860    -999999 -999999 
839    2003 -999999 -999999 -999999 -999999 1295    -999999 -999999 1157    611     847     1162    1856    2305    2555    2595    2113    1937    1494    1064    
839    2004 -999999 -999999 -999999 -999999 -999999 -999999 1862    -999999 1014    1215    1474    1806    2246    2457    2461    2181    1946    1423    1226    
839    2005 -999999 -999999 -999999 1028    1504    2393    1734    973     880     1125    1467    1882    2129    2507    2514    2221    1687    1327    1181    
839    2006 -999999 -999999 -999999 949     1514    -999999 1731    772     906     1188    1494    1849    2295    2382    2653    2155    1769    1270    1033    
839    2007 -999999 -999999 -999999 -999999 1514    2538    1818    1119    -999999 1219    1389    1924    2411    2633    2563    2189    1850    1403    974     
839    2008 1754    -999999 2186    945     1657    2473    1847    922     939     1437    1645    1888    2335    2545    2538    2172    1842    1528    1233    
839    2009 -999999 -999999 -999999 1117    1492    2462    1850    1118    992     1183    1383    1885    2306    2599    2470    2121    1910    1516    1384    
839    2010 1821    -999999 2242    1227    1593    2548    1935    1071    1232    1254    1541    1983    2348    2563    2727    2283    1769    1752    1293    
839    2011 -999999 -999999 -999999 1105    -999999 -999999 -999999 1011    993     1118    1286    -999999 -999999 -999999 -999999 -999999 -999999 -999999 -999999 
