EUROPEAN CLIMATE ASSESSMENT & DATASET (ECA&D), file created on: 10-05-2011
THESE DATA CAN BE USED FREELY PROVIDED THAT THE FOLLOWING SOURCE IS ACKNOWLEDGED: 

Klein Tank, A.M.G. and Coauthors, 2002. Daily dataset of 20th-century surface
air temperature and precipitation series for the European Climate Assessment.
Int. J. of Climatol., 22, 1441-1453.
Data and metadata available at http://eca.knmi.nl

FILE FORMAT (MISSING VALUE CODE = -999999):

THIS FILE HOLDS DATA FOR STATION FINLAND                                  AHTARI MYLLYMAKI                         (STAID:    718)
LATITUDE: dd:mm:ss +62:31:48
LONGITUDE: ddd:mm:ss +024:13:12
ELEVATION: m  157

DATA IS FOR INDEX Mean of daily mean temperature (TG) with unit 0.01 Temperature (&#176;C)

01-06 SOUID: Source identifier
08-11 YEAR : YYYY
13-20 ANNUAL DATA VALUES
21-28 WINTER HALF YEAR DATA VALUES
29-36 SUMMER HALF YEAR DATA VALUES
37-44 WINTER (DJF) DATA VALUES
45-52 SPRING (MAM) DATA VALUES
53-60 SUMMER (JJA) DATA VALUES
61-68 AUTUMN (SON) DATA VALUES
69-76 JANUARY DATA VALUES
etc. 
157-164 DECEMBER DATA VALUES

718    1959 343     -999999 1028    -999999 297     1475    321     -883    -464    -95     199     784     1331    1613    1475    742     318     -97     -857    
718    1960 287     -552    1125    -1029   203     1581    219     -1140   -1092   -460    112     955     1534    1765    1443    917     55      -310    -385    
718    1961 423     -301    1036    -454    217     1500    551     -635    -332    -205    17      835     1595    1566    1342    841     769     36      -796    
718    1962 186     -439    910     -783    -23     1197    434     -744    -813    -1104   315     732     1089    1320    1177    810     522     -33     -1085   
718    1963 220     -695    1105    -1209   74      1399    449     -1222   -1333   -1058   143     1139    1200    1499    1490    1130    429     -213    -666    
718    1964 271     -471    970     -777    87      1337    374     -465    -1227   -723    166     819     1248    1452    1307    808     573     -265    -510    
718    1965 210     -386    959     -672    8       1325    252     -581    -954    -632    157     504     1321    1350    1304    1109    399     -759    -785    
718    1966 120     -863    968     -1423   23      1482    336     -1724   -1798   -597    -162    821     1539    1611    1298    674     296     39      -685    
718    1967 295     -428    1050    -971    288     1448    595     -1444   -765    -27     110     775     1257    1514    1568    1051    566     169     -1292   
718    1968 146     -601    962     -1334   140     1394    76      -1843   -834    -362    240     545     1454    1366    1364    791     -86     -472    -433    
718    1969 -999999 -999999 907     -971    -42     1320    261     -1240   -1280   -886    112     629     1208    1398    1350    695     325     -256    -1090   
718    1970 176     -686    973     -1280   143     1408    215     -1180   -1601   -375    30      769     1410    1536    1279    794     245     -394    -534    
718    1971 186     -482    882     -651    -42     1311    101     -524    -922    -805    -83     759     1187    1420    1321    662     207     -570    -512    
718    1972 360     -506    1059    -741    115     1575    308     -1007   -702    -466    66      744     1508    1786    1429    797     287     -159    -3      
718    1973 238     -205    983     -357    223     1462    5       -414    -686    -302    152     818     1425    1707    1255    514     -2      -498    -1178   
718    1974 404     -455    948     -650    73      1373    446     -525    -205    -297    0       515     1274    1479    1361    1044    344     -46     -136    
718    1975 369     -160    993     -367    303     1267    405     -459    -523    -173    163     914     1078    1418    1299    1068    290     -137    -568    
718    1976 80      -606    860     -998    24      1227    105     -1515   -905    -804    1       875     1086    1319    1272    579     -48     -211    -715    
718    1977 217     -535    887     -855    96      1293    320     -772    -1101   -408    -39     729     1258    1413    1205    729     286     -54     -737    
718    1978 79      -572    902     -1071   112     1295    275     -952    -1574   -480    -1      812     1289    1412    1183    691     182     -46     -1680   
718    1979 231     -691    999     -1354   238     1406    285     -1156   -1213   -265    -2      973     1359    1405    1452    777     171     -88     -746    
718    1980 161     -639    1023    -1045   35      1436    198     -1215   -1184   -787    314     588     1487    1514    1308    915     333     -658    -727    
718    1981 185     -614    950     -808    -26     1332    327     -739    -974    -955    -32     908     1194    1588    1209    806     425     -253    -1043   
718    1982 240     -570    901     -1160   218     1258    383     -1581   -825    -156    67      737     902     1495    1364    813     212     129     -355    
718    1983 278     -367    1072    -681    279     1350    251     -527    -1213   -516    378     979     1219    1558    1268    1013    373     -637    -670    
718    1984 327     -524    1038    -732    254     1309    403     -862    -658    -701    335     1131    1212    1465    1246    815     508     -116    -484    
718    1985 36      -704    919     -1448   59      1387    323     -2025   -1875   -328    -177    674     1250    1432    1475    836     497     -369    -1092   
718    1986 186     -642    956     -1298   283     1390    377     -1380   -1434   -144    28      956     1492    1508    1171    553     407     171     -1211   
718    1987 31      -787    846     -1514   -26     1200    337     -2219   -1069   -798    80      642     1212    1345    1044    735     575     -307    -924    
718    1988 284     -403    1078    -748    112     1564    203     -627    -689    -462    -52     845     1506    1830    1353    957     300     -652    -947    
718    1989 443     -299    1092    -485    421     1426    351     -259    -224    -16     406     871     1437    1484    1357    981     270     -195    -827    
718    1990 367     -306    983     -589    314     1365    195     -835    -52     -166    347     763     1229    1470    1392    674     351     -444    -351    
718    1991 340     -391    965     -666    171     1410    446     -683    -995    -283    235     562     1177    1566    1481    744     453     141     -415    
718    1992 332     -148    1000    -478    278     1354    65      -525    -497    -59     -68     951     1362    1408    1292    1033    -303    -523    -132    
718    1993 272     -355    900     -375    341     1240    34      -455    -556    -186    128     1073    992     1467    1252    451     138     -491    -635    
718    1994 250     -616    1001    -962    136     1410    261     -772    -1536   -487    341     561     1165    1682    1375    863     248     -329    -252    
718    1995 318     -238    1001    -413    231     1431    324     -573    -416    -129    94      725     1597    1348    1354    877     585     -500    -1195   
718    1996 233     -595    932     -1064   120     1348    398     -703    -1308   -493    148     706     1216    1329    1495    675     468     47      -853    
718    1997 296     -374    1016    -824    53      1563    264     -897    -710    -315    -130    597     1425    1707    1551    919     93      -214    -545    
718    1998 245     -461    954     -628    -15     1354    270     -479    -884    -767    3       721     1269    1551    1240    922     386     -501    -605    
718    1999 338     -485    1053    -843    203     1473    489     -985    -948    -300    388     528     1680    1561    1186    972     479     17      -586    
718    2000 451     -289    1035    -590    248     1405    569     -634    -547    -471    293     922     1293    1595    1323    762     725     214     -100    
718    2001 301     -222    1099    -508    98      1495    433     -405    -1074   -758    373     689     1305    1772    1403    1035    542     -281    -1082   
718    2002 308     -367    1161    -729    336     1601    22      -699    -373    -305    360     954     1444    1726    1627    830     -165    -593    -1155   
718    2003 -999999 -721    -999999 -1149   275     1457    377     -1430   -830    -161    66      913     1145    1870    1424    928     196     13      -430    
718    2004 -999999 -999999 1025    -695    264     1331    367     -983    -721    -281    264     825     1092    1503    1391    1049    316     -262    -348    
718    2005 -999999 -999999 1085    -479    78      1476    583     -362    -753    -917    269     825     1293    1654    1477    966     532     266     -629    
718    2006 394     -999999 1146    -786    54      1533    510     -707    -1041   -974    288     856     1384    1546    1663    1121    495     -86     85      
718    2007 405     -229    1066    -632    440     1439    382     -697    -1355   80      341     896     1275    1538    1500    822     521     -200    -8      
718    2008 429     -94     -999999 -187    257     1312    379     -284    -275    -331    325     781     1213    1465    1256    699     520     -65     -167    
718    2009 -999999 -254    1060    -541    279     1350    388     -734    -741    -378    265     972     1209    1458    1377    1055    57      63      -812    
718    2010 -999999 -999999 -999999 -999999 263     -999999 258     -1502   -1190   -511    328     1050    1218    1956    -999999 932     330     -489    -1475   
718    2011 -999999 -726    -999999 -1277   -999999 -999999 -999999 -888    -1486   -416    431     -999999 -999999 -999999 -999999 -999999 -999999 -999999 -999999 
