EUROPEAN CLIMATE ASSESSMENT & DATASET (ECA&D), file created on: 10-05-2011
THESE DATA CAN BE USED FREELY PROVIDED THAT THE FOLLOWING SOURCE IS ACKNOWLEDGED: 

Klein Tank, A.M.G. and Coauthors, 2002. Daily dataset of 20th-century surface
air temperature and precipitation series for the European Climate Assessment.
Int. J. of Climatol., 22, 1441-1453.
Data and metadata available at http://eca.knmi.nl

FILE FORMAT (MISSING VALUE CODE = -999999):

THIS FILE HOLDS DATA FOR STATION NETHERLANDS                              CABAUW                                   (STAID:    438)
LATITUDE: dd:mm:ss +51:58:09
LONGITUDE: ddd:mm:ss +004:55:32
ELEVATION: m   -1

DATA IS FOR INDEX Mean of daily mean temperature (TG) with unit 0.01 Temperature (&#176;C)

01-06 SOUID: Source identifier
08-11 YEAR : YYYY
13-20 ANNUAL DATA VALUES
21-28 WINTER HALF YEAR DATA VALUES
29-36 SUMMER HALF YEAR DATA VALUES
37-44 WINTER (DJF) DATA VALUES
45-52 SPRING (MAM) DATA VALUES
53-60 SUMMER (JJA) DATA VALUES
61-68 AUTUMN (SON) DATA VALUES
69-76 JANUARY DATA VALUES
etc. 
157-164 DECEMBER DATA VALUES

438    1901 896     -999999 1437    -999999 825     1672    1007    -31     -91     350     908     1221    1468    1874    1669    1467    1026    527     294     
438    1902 835     473     1286    247     771     1536    847     459     -38     525     853     936     1576    1551    1482    1311    855     374     79      
438    1903 928     478     1301    302     853     1504    1042    292     561     712     558     1280    1429    1556    1525    1440    1115    568     78      
438    1904 907     418     1379    146     848     1616    902     74      295     373     966     1208    1438    1804    1601    1238    918     549     402     
438    1905 884     494     1375    294     819     1697    769     127     360     595     665     1191    1692    1798    1599    1288    647     376     234     
438    1906 932     376     1364    277     801     1610    1101    357     235     395     757     1249    1431    1700    1692    1337    1177    788     16      
438    1907 872     453     1280    86      828     1429    1029    168     74      471     755     1255    1369    1391    1525    1374    1129    580     315     
438    1908 858     439     1356    185     762     1610    936     -115    367     357     611     1314    1634    1670    1528    1363    991     451     113     
438    1909 843     337     1292    87      762     1480    961     85      61      298     857     1135    1325    1485    1625    1315    1110    452     318     
438    1910 953     529     1364    357     858     1593    907     354     404     520     785     1266    1641    1528    1612    1341    1034    343     568     
438    1911 994     491     1477    346     879     1761    994     117     354     515     716     1402    1475    1859    1941    1446    950     589     515     
438    1912 929     568     1318    370     932     1591    804     197     401     748     875     1172    1516    1841    1414    1073    792     548     545     
438    1913 970     530     1330    374     948     1482    1106    231     344     702     867     1271    1432    1482    1531    1386    1095    839     417     
438    1914 974     584     1417    317     922     1654    962     -5      564     601     1010    1157    1428    1785    1740    1370    1002    513     498     
438    1915 887     513     1332    379     802     1561    783     321     313     414     750     1241    1567    1556    1561    1306    756     286     525     
438    1916 927     482     1322    468     874     1469    984     596     272     440     876     1306    1224    1533    1642    1333    1032    586     258     
438    1917 841     315     1423    20      711     1709    997     -65     -149    194     461     1470    1834    1673    1623    1462    806     729     -3      
438    1918 935     445     1351    222     893     1521    890     283     404     456     828     1391    1349    1617    1593    1313    926     430     583     
438    1919 818     435     1315    275     809     1477    772     191     27      414     631     1376    1445    1388    1598    1438    701     178     365     
438    1920 933     490     1360    438     983     1538    818     417     537     731     929     1288    1579    1620    1415    1320    817     316     209     
438    1921 999     493     1438    380     964     1665    936     617     307     666     881     1342    1480    1814    1694    1399    1274    125     323     
438    1922 832     395     1289    175     788     1506    797     35      166     417     607     1335    1519    1515    1485    1257    647     493     460     
438    1923 879     495     1295    390     823     1548    888     401     299     651     782     1035    1163    1888    1580    1299    1068    291     38      
438    1924 858     299     1328    28      775     1522    986     9       37      331     662     1329    1495    1634    1437    1398    1063    495     379     
438    1925 917     527     1397    410     850     1666    814     383     475     358     808     1381    1520    1840    1632    1179    982     276     135     
438    1926 969     470     1407    318     884     1610    1000    220     628     585     1004    1067    1391    1778    1655    1538    799     668     287     
438    1927 896     516     1344    319     859     1576    955     386     281     655     778     1142    1322    1710    1686    1410    1044    409     -125    
438    1928 933     436     1322    233     789     1577    1007    360     481     448     833     1087    1399    1716    1608    1273    983     766     228     
438    1929 839     288     1359    -137    727     1575    1077    -136    -542    361     546     1268    1382    1715    1620    1603    1019    612     517     
438    1930 972     550     1421    390     847     1684    1053    474     158     484     887     1173    1780    1619    1657    1403    1027    728     222     
438    1931 880     436     1337    203     775     1588    904     257     122     239     726     1357    1527    1657    1577    1155    890     667     326     
438    1932 941     461     1430    298     754     1714    984     405     154     313     726     1222    1495    1748    1893    1479    926     548     349     
438    1933 902     467     1443    209     914     1703    957     8       276     682     845     1212    1552    1814    1738    1482    994     394     -215    
438    1934 1025    370     1471    108     907     1661    1091    225     335     483     1032    1209    1590    1766    1624    1600    1130    541     718     
438    1935 969     604     1408    482     794     1712    1031    290     433     495     785     1102    1652    1768    1715    1415    971     710     259     
438    1936 949     549     1386    318     858     1660    933     470     218     652     617     1297    1649    1644    1685    1409    872     521     325     
438    1937 951     466     1437    351     879     1658    961     261     480     338     878     1419    1570    1666    1736    1338    1087    455     157     
438    1938 969     539     1374    297     858     1647    1101    401     336     773     685     1112    1538    1613    1786    1496    946     866     37      
438    1939 962     513     1453    268     855     1695    996     429     347     449     921     1198    1630    1696    1757    1509    757     731     97      
438    1940 813     239     1379    -195    912     1584    949     -551    -127    518     898     1320    1660    1578    1517    1293    885     671     75      
438    1941 872     336     1366    -13     704     1703    942     -251    155     473     675     965     1684    1922    1501    1441    970     414     472     
438    1942 837     207     1409    -146    803     1611    1075    -512    -424    269     928     1215    1439    1601    1787    1472    1186    565     425     
438    1943 967     590     1431    377     1009    1614    953     270     443     637     1048    1344    1442    1716    1678    1343    1041    471     131     
438    1944 947     454     1409    279     820     1676    967     518     182     361     949     1156    1406    1685    1928    1315    950     636     249     
438    1945 1001    499     1477    219     1039    1673    1032    -156    600     731     1023    1362    1597    1779    1641    1452    1149    490     324     
438    1946 911     477     1414    261     910     1571    1009    21      458     418     1027    1289    1392    1744    1572    1448    931     650     -33     
438    1947 958     207     1619    -231    911     1870    1107    -145    -546    326     900     1508    1749    1881    1976    1680    933     713     416     
438    1948 989     593     1427    412     982     1611    969     512     301     671     1002    1275    1528    1658    1643    1444    974     490     347     
438    1949 1007    496     1466    365     858     1634    1128    371     377     405     1040    1135    1443    1745    1709    1717    1144    524     442     
438    1950 939     569     1429    358     902     1724    949     105     546     649     769     1282    1730    1731    1711    1336    920     591     -121    
438    1951 981     436     1393    226     786     1624    1083    415     400     413     729     1216    1534    1698    1639    1533    873     850     443     
438    1952 902     528     1422    314     968     1651    765     250     247     499     1061    1347    1511    1740    1697    1157    828     309     154     
438    1953 995     365     1422    177     896     1649    1114    136     246     506     868     1313    1584    1709    1651    1393    1175    771     535     
438    1954 916     523     1314    190     867     1507    1083    43      -30     597     682     1317    1514    1429    1578    1351    1203    690     545     
438    1955 899     454     1393    205     694     1673    1035    27      25      202     869     1015    1449    1775    1788    1447    977     682     477     
438    1956 825     392     1274    36      797     1443    998     224     -637    570     593     1222    1284    1618    1421    1490    985     518     532     
438    1957 974     623     1331    463     896     1617    984     360     501     826     859     1003    1585    1727    1536    1264    1058    627     307     
438    1958 918     470     1361    301     682     1594    1036    224     381     218     626     1202    1442    1639    1696    1547    1079    480     449     
438    1959 1000    493     1503    231     984     1733    1051    161     66      683     963     1306    1598    1835    1762    1543    1122    486     406     
438    1960 957     524     1371    318     916     1562    1056    254     292     568     896     1283    1606    1525    1557    1352    1072    742     316     
438    1961 974     604     1405    362     944     1555    1075    201     591     707     1039    1088    1546    1543    1576    1635    1120    467     169     
438    1962 812     432     1244    265     644     1474    937     345     281     197     783     956     1402    1495    1523    1298    1078    429     -74     
438    1963 789     171     1359    -314    805     1584    1072    -531    -341    422     894     1100    1575    1638    1539    1402    972     845     -105    
438    1964 888     396     1400    98      843     1580    913     66      348     258     864     1408    1510    1655    1573    1377    762     606     217     
438    1965 855     414     1275    223     793     1483    832     248     203     435     764     1179    1467    1477    1505    1250    972     270     444     
438    1966 941     442     1386    296     875     1602    978     43      413     505     827     1291    1675    1557    1576    1378    1119    432     436     
438    1967 990     581     1390    413     893     1635    1039    303     511     673     736     1265    1438    1814    1648    1421    1186    506     343     
438    1968 913     503     1380    236     866     1614    1045    216     143     604     914     1081    1523    1618    1698    1437    1177    518     4       
438    1969 958     411     1480    166     789     1739    1170    461     20      250     810     1308    1549    1849    1814    1531    1303    670     -135    
438    1970 910     392     1392    10      747     1666    1074    65      110     319     612     1305    1749    1569    1683    1424    1057    743     236     
438    1971 952     487     1392    279     818     1611    982     229     381     274     806     1374    1390    1724    1713    1327    1045    573     544     
438    1972 886     535     1294    318     858     1539    894     53      361     622     772     1178    1341    1723    1546    1186    899     596     327     
438    1973 931     491     1396    301     780     1691    956     285     289     530     607     1196    1599    1705    1767    1487    874     510     274     
438    1974 971     534     1335    417     879     1553    870     519     461     560     913     1165    1477    1539    1640    1268    696     651     725     
438    1975 985     582     1444    559     774     1761    963     620     309     468     745     1109    1506    1781    1987    1520    848     524     353     
438    1976 999     457     1500    354     792     1844    1060    415     289     300     745     1328    1798    1934    1798    1376    1116    687     170     
438    1977 987     579     1331    314     858     1590    1060    296     494     707     667     1192    1458    1699    1611    1341    1153    684     500     
438    1978 906     574     1311    308     856     1525    1032    298     106     659     690     1214    1501    1539    1535    1374    1088    631     175     
438    1979 855     330     1327    -79     798     1547    1014    -323    -91     468     778     1146    1492    1592    1555    1390    1087    561     541     
438    1980 925     527     1390    344     832     1593    987     16      483     470     797     1229    1499    1580    1698    1527    943     493     356     
438    1981 926     511     1397    265     992     1581    996     274     154     814     831     1326    1435    1632    1671    1469    852     673     -70     
438    1982 1008    393     1483    99      857     1759    1161    108     275     520     762     1285    1662    1892    1721    1560    1109    815     339     
438    1983 1015    598     1469    357     829     1822    1025    617     89      574     852     1062    1636    2012    1813    1421    1038    614     377     
438    1984 947     497     1331    308     746     1595    1114    344     198     396     785     1056    1376    1589    1812    1352    1169    817     433     
438    1985 859     417     1389    25      863     1570    912     -305    -60     415     855     1319    1374    1741    1590    1440    1028    265     574     
438    1986 904     373     1336    168     791     1631    1031    239     -361    420     617     1330    1636    1710    1547    1156    1145    788     515     
438    1987 877     435     1365    147     753     1553    1074    -265    196     219     1055    995     1368    1675    1609    1485    1072    664     419     
438    1988 1016    607     1388    471     908     1560    1030    566     426     485     845     1392    1454    1581    1643    1400    1093    596     686     
438    1989 1055    687     1445    540     965     1672    1109    421     511     794     676     1416    1527    1777    1707    1548    1228    547     454     
438    1990 1059    716     1411    570     1000    1651    1028    542     728     795     842     1357    1469    1653    1826    1296    1187    595     387     
438    1991 929     545     1360    202     874     1632    1005    292     -101    847     813     959     1251    1864    1768    1490    1009    515     349     
438    1992 1025    539     1502    345     1002    1736    1004    238     453     662     835     1504    1686    1776    1744    1452    784     784     368     
438    1993 948     538     1410    364     1011    1556    806     484     226     561     1075    1399    1563    1595    1509    1310    883     222     493     
438    1994 1044    498     1451    385     908     1777    1086    496     144     709     806     1206    1486    2079    1755    1352    933     980     508     
438    1995 1027    658     1487    504     885     1785    1119    375     642     516     880     1258    1431    1983    1930    1417    1269    666     -71     
438    1996 853     372     1358    -9      766     1628    976     -1      49      310     930     1061    1543    1611    1727    1264    1086    574     58      
438    1997 1014    491     1467    159     930     1788    1021    -133    593     781     751     1253    1582    1728    2047    1423    983     658     471     
438    1998 1028    647     1457    499     1041    1611    955     450     586     731     924     1465    1571    1621    1640    1512    983     370     446     
438    1999 1082    558     1538    420     1030    1705    1154    508     294     716     970     1401    1484    1884    1740    1734    1070    661     460     
438    2000 1082    642     1486    483     1037    1623    1168    425     568     664     976     1468    1591    1534    1742    1596    1136    772     503     
438    2001 1036    607     1464    403     909     1734    1159    265     447     507     821     1395    1507    1840    1849    1348    1420    701     281     
438    2002 1077    707     1501    460     990     1757    1080    430     692     718     920     1330    1642    1750    1874    1475    973     796     300     
438    2003 1040    541     1555    249     1006    1856    996     244     199     708     976     1333    1797    1880    1889    1442    774     781     407     
438    2004 1028    557     1483    406     930     1714    1086    350     465     569     1022    1201    1563    1686    1888    1524    1124    610     313     
438    2005 1055    573     1478    350     958     1681    1197    494     232     634     1012    1228    1668    1759    1617    1579    1332    675     376     
438    2006 1108    536     1590    268     889     1823    1349    147     281     385     861     1419    1631    2212    1621    1782    1359    905     633     
438    2007 1109    828     1528    639     1145    1703    1026    693     586     772     1263    1403    1726    1684    1699    1386    1016    677     375     
438    2008 1052    634     1496    505     1011    1718    1017    636     504     588     874     1566    1628    1791    1732    1366    1001    685     224     
438    2009 1046    486     1551    198     1059    1741    1169    65      319     614     1188    1378    1555    1803    1859    1511    1072    927     226     
438    2010 906     493     1435    107     859     1758    1002    -48     147     615     932     1032    1633    1964    1673    1364    1055    585     -127    
438    2011 -999999 486     -999999 215     -999999 -999999 -999999 329     468     610     1301    -999999 -999999 -999999 -999999 -999999 -999999 -999999 -999999 
