EUROPEAN CLIMATE ASSESSMENT & DATASET (ECA&D), file created on: 10-05-2011
THESE DATA CAN BE USED FREELY PROVIDED THAT THE FOLLOWING SOURCE IS ACKNOWLEDGED: 

Klein Tank, A.M.G. and Coauthors, 2002. Daily dataset of 20th-century surface
air temperature and precipitation series for the European Climate Assessment.
Int. J. of Climatol., 22, 1441-1453.
Data and metadata available at http://eca.knmi.nl

FILE FORMAT (MISSING VALUE CODE = -999999):

THIS FILE HOLDS DATA FOR STATION FRANCE                                   MILLAU                                   (STAID:   2200)
LATITUDE: dd:mm:ss +44:07:12
LONGITUDE: ddd:mm:ss +003:01:12
ELEVATION: m  720

DATA IS FOR INDEX Mean of daily mean temperature (TG) with unit 0.01 Temperature (&#176;C)

01-06 SOUID: Source identifier
08-11 YEAR : YYYY
13-20 ANNUAL DATA VALUES
21-28 WINTER HALF YEAR DATA VALUES
29-36 SUMMER HALF YEAR DATA VALUES
37-44 WINTER (DJF) DATA VALUES
45-52 SPRING (MAM) DATA VALUES
53-60 SUMMER (JJA) DATA VALUES
61-68 AUTUMN (SON) DATA VALUES
69-76 JANUARY DATA VALUES
etc. 
157-164 DECEMBER DATA VALUES

2200   1956 1026    -999999 1563    -999999 1057    1730    1121    491     -422    752     901     1513    1523    1880    1780    1763    1089    511     461     
2200   1957 1127    673     1558    459     1079    1835    1149    215     728     1036    997     1201    1671    1908    1920    1641    1194    612     371     
2200   1958 1174    651     1646    471     1019    1849    1284    393     668     669     819     1561    1657    1849    2034    1940    1205    709     547     
2200   1959 1216    747     1660    523     1135    1932    1237    378     656     977     1018    1405    1750    2137    1901    1734    1259    719     619     
2200   1960 1146    741     1616    527     1163    1849    1170    351     618     873     1042    1569    1888    1852    1808    1522    1171    817     233     
2200   1961 1267    717     1735    462     1191    1918    1349    335     858     905     1276    1396    1851    1956    1946    1983    1325    741     623     
2200   1962 1146    714     1665    563     933     1960    1245    596     459     515     976     1311    1751    1993    2131    1811    1356    564     243     
2200   1963 1078    525     1561    147     1011    1832    1268    128     62      753     979     1301    1689    2047    1754    1582    1251    973     348     
2200   1964 1060    695     1575    424     975     1849    1035    284     654     666     821     1432    1682    2049    1811    1635    875     602     194     
2200   1965 969     415     1414    140     867     1717    1055    186     29      572     760     1267    1685    1715    1750    1291    1283    584     434     
2200   1966 1019    627     1490    454     911     1663    1075    259     692     515     964     1255    1650    1639    1699    1732    1173    317     320     
2200   1967 1028    515     1503    305     887     1842    1200    189     419     658     847     1156    1510    2102    1904    1479    1339    776     -86     
2200   1968 997     534     1402    168     864     1661    1170    216     388     572     914     1106    1534    1805    1640    1403    1416    682     265     
2200   1969 945     563     1418    225     876     1663    1117    331     62      577     823     1225    1362    1870    1746    1464    1285    597     -76     
2200   1970 1008    456     1515    193     711     1814    1216    385     277     254     667     1209    1725    1852    1864    1759    1109    783     168     
2200   1971 991     446     1521    202     809     1768    1041    225     214     166     1048    1220    1433    1938    1921    1547    1274    295     542     
2200   1972 975     585     1327    412     827     1626    1036    235     462     685     729     1064    1377    1820    1674    1278    1084    744     521     
2200   1973 1001    539     1529    300     822     1834    1123    237     125     490     664     1307    1631    1824    2042    1688    1025    660     259     
2200   1974 978     567     1435    369     859     1749    833     510     335     592     800     1184    1557    1805    1878    1367    537     605     514     
2200   1975 995     496     1473    499     770     1782    1020    466     517     345     827     1139    1503    1909    1926    1513    1014    535     209     
2200   1976 1031    523     1530    315     914     1901    928     252     497     632     780     1326    1923    1928    1854    1353    978     453     373     
2200   1977 1013    573     1347    412     880     1564    1132    295     585     752     810     1076    1389    1699    1597    1500    1280    611     525     
2200   1978 978     584     1399    337     757     1687    1137    152     333     579     637     1052    1437    1762    1855    1638    1114    661     473     
2200   1979 1004    552     1467    311     803     1788    1123    96      368     585     649     1169    1681    1965    1716    1604    1216    546     411     
2200   1980 935     565     1400    373     751     1658    1067    145     576     494     686     1071    1391    1665    1909    1663    1034    506     74      
2200   1981 1030    467     1491    140     977     1742    1145    183     164     811     1032    1088    1598    1679    1945    1597    1058    782     362     
2200   1982 1105    625     1601    471     909     1902    1135    555     500     486     932     1311    1778    2169    1754    1645    1049    714     328     
2200   1983 1086    547     1567    289     837     1953    1209    448     71      634     772     1104    1689    2311    1851    1655    1150    823     449     
2200   1984 976     546     1407    298     752     1751    1118    235     203     405     958     901     1559    1955    1735    1321    1153    879     385     
2200   1985 1011    516     1559    225     794     1812    1194    -252    577     370     932     1083    1500    2057    1869    1903    1371    303     392     
2200   1986 1041    470     1546    189     838     1874    1234    177     -21     548     503     1451    1718    2000    1897    1680    1311    709     428     
2200   1987 1040    505     1573    183     847     1786    1267    -172    303     438     1043    1066    1492    1872    1986    1970    1220    614     609     
2200   1988 1089    638     1540    497     907     1795    1215    525     347     495     937     1288    1569    1857    1953    1617    1368    654     426     
2200   1989 1172    725     1591    483     1031    1912    1159    464     567     854     702     1526    1656    2072    1999    1567    1175    735     686     
2200   1990 1138    794     1587    652     1049    1884    1156    499     782     882     762     1494    1588    2023    2031    1600    1274    591     100     
2200   1991 1047    559     1553    209     892     1900    1078    305     225     829     768     1076    1500    2040    2147    1767    935     538     368     
2200   1992 -999999 -999999 -999999 -999999 1048    1831    1094    -999999 522     750     937     1474    1464    1921    2099    1567    901     813     514     
2200   1993 1098    -999999 1567    451     1012    1862    1051    428     404     696     946     1391    1738    1808    2031    1473    1091    603     518     
2200   1994 1191    661     1634    428     1043    2061    1206    332     431     958     754     1407    1750    2273    2150    1440    1192    986     524     
2200   1995 1115    695     1536    482     938     1876    1163    286     653     534     990     1292    1601    2115    1901    1292    1478    708     486     
2200   1996 1035    674     1485    425     911     1805    986     625     135     560     960     1215    1736    1911    1766    1309    1086    561     485     
2200   1997 1206    719     1619    541     1156    1832    1299    431     725     1022    1035    1406    1561    1816    2111    1768    1326    803     436     
2200   1998 1098    754     1553    547     976     1861    999     456     772     736     783     1402    1679    1930    1968    1532    1055    408     420     
2200   1999 1097    544     1628    355     1042    1881    1133    416     216     713     915     1494    1630    2040    1965    1707    1247    479     308     
2200   2000 1112    604     1569    387     1009    1815    1123    257     609     717     890     1417    1717    1701    2024    1651    1059    661     622     
2200   2001 1095    697     1528    509     1047    1866    1106    440     459     919     799     1413    1692    1902    1994    1347    1511    448     170     
2200   2002 1138    663     -999999 384     1015    1843    1178    461     537     832     1010    1203    1838    1865    1827    1477    1218    847     557     
2200   2003 1208    644     1828    299     1106    2301    1139    151     178     871     1006    1438    2257    2199    2445    1604    993     827     461     
2200   2004 1105    604     1585    409     897     1908    1199    297     474     574     847     1267    1850    1959    1915    1659    1326    608     463     
2200   2005 1073    563     1646    270     991     1953    1203    291     33      606     936     1429    1972    2038    1851    1638    1337    643     55      
2200   2006 1192    533     1705    176     1048    1986    1409    279     196     660     1062    1423    1921    2346    1700    1789    1458    978     462     
2200   2007 -999999 784     -999999 525     1135    1788    1040    508     614     676     1356    1389    1692    1808    1860    1536    1118    483     404     
2200   2008 1102    622     1579    529     964     1862    1089    561     629     550     909     1432    1697    1940    1945    1530    1146    589     272     
2200   2009 1185    -999999 1728    276     1087    2036    1282    234     328     732     949     1576    1825    2064    2212    1722    1261    864     328     
2200   2010 1037    548     1624    202     947     1957    1071    58      222     532     1124    1192    1677    2181    1994    1561    1072    578     218     
2200   2011 -999999 570     -999999 334     -999999 -999999 -999999 283     520     747     1338    -999999 -999999 -999999 -999999 -999999 -999999 -999999 -999999 
