EUROPEAN CLIMATE ASSESSMENT & DATASET (ECA&D), file created on: 10-05-2011
THESE DATA CAN BE USED FREELY PROVIDED THAT THE FOLLOWING SOURCE IS ACKNOWLEDGED: 

Klein Tank, A.M.G. and Coauthors, 2002. Daily dataset of 20th-century surface
air temperature and precipitation series for the European Climate Assessment.
Int. J. of Climatol., 22, 1441-1453.
Data and metadata available at http://eca.knmi.nl

FILE FORMAT (MISSING VALUE CODE = -999999):

THIS FILE HOLDS DATA FOR STATION RUSSIAN FEDERATION                       ALATYR                                   (STAID:   1233)
LATITUDE: dd:mm:ss +54:54:00
LONGITUDE: ddd:mm:ss +046:36:00
ELEVATION: m  180

DATA IS FOR INDEX Mean of daily mean temperature (TG) with unit 0.01 Temperature (&#176;C)

01-06 SOUID: Source identifier
08-11 YEAR : YYYY
13-20 ANNUAL DATA VALUES
21-28 WINTER HALF YEAR DATA VALUES
29-36 SUMMER HALF YEAR DATA VALUES
37-44 WINTER (DJF) DATA VALUES
45-52 SPRING (MAM) DATA VALUES
53-60 SUMMER (JJA) DATA VALUES
61-68 AUTUMN (SON) DATA VALUES
69-76 JANUARY DATA VALUES
etc. 
157-164 DECEMBER DATA VALUES

1233   1995 -999999 -999999 -999999 -999999 -999999 -999999 -999999 -913    -366    -128    1085    1541    2085    1914    -999999 1410    618     -999999 -1150   
1233   1996 -999999 -999999 -999999 -999999 -999999 -999999 -999999 -1364   -1087   -663    340     1690    -999999 1950    1764    -999999 368     -999999 -963    
1233   1997 -999999 -999999 -999999 -999999 451     -999999 -999999 -1314   -1018   -341    500     1222    2019    1853    1684    -999999 383     -370    -999999 
1233   1998 -999999 -999999 -999999 -999999 -999999 -999999 -999999 -962    -1299   -258    170     -999999 2116    2142    1676    1225    494     -904    -776    
1233   1999 -999999 -999999 -999999 -999999 -999999 1940    -999999 -999999 -698    -532    750     866     1974    2148    1671    1143    685     -829    -482    
1233   2000 -999999 -999999 -999999 -999999 457     1853    -999999 -819    -568    -309    853     855     1792    1996    1760    1036    546     -367    -738    
1233   2001 -999999 -999999 -999999 -999999 644     1848    -999999 -522    -904    -298    875     1323    1635    2192    1699    1260    -999999 -96     -1221   
1233   2002 -999999 -999999 -999999 -736    518     -999999 -999999 -733    -203    -1      542     1067    1638    2293    1502    1239    358     -87     -1839   
1233   2003 -999999 -999999 -999999 -999999 -999999 -999999 -999999 -911    -1109   -634    -999999 1473    -999999 2010    1828    1185    532     -999999 -388    
1233   2004 -999999 -999999 -999999 -999999 562     -999999 -999999 -814    -986    -41     379     1363    1664    -999999 1858    -999999 -999999 -124    -999999 
1233   2005 -999999 -999999 -999999 -999999 -999999 1796    660     -698    -1119   -853    594     1596    1669    1925    1792    1331    631     46      -480    
1233   2006 -999999 -999999 -999999 -999999 431     1838    536     -1615   -1487   -549    589     1286    1972    1724    1827    1386    521     -239    -237    
1233   2007 -999999 -999999 -999999 -595    701     1933    487     -251    -1363   -32     568     1536    1628    1941    2220    1266    600     -406    -951    
1233   2008 -999999 -999999 -999999 -881    769     1840    660     -1105   -577    88      949     1268    1566    2019    1931    1041    820     125     -474    
1233   2009 -999999 -999999 1506    -761    537     1885    675     -1002   -819    -227    452     1382    1964    2011    1685    1506    636     -115    -1038   
1233   2010 -999999 -999999 1788    -1335   657     2320    610     -1703   -1237   -450    711     1711    2114    2555    2282    1315    349     168     -861    
1233   2011 -999999 -999999 -999999 -1196   -999999 -999999 -999999 -1172   -1580   -651    373     -999999 -999999 -999999 -999999 -999999 -999999 -999999 -999999 
