EUROPEAN CLIMATE ASSESSMENT & DATASET (ECA&D), file created on: 10-05-2011
THESE DATA CAN BE USED FREELY PROVIDED THAT THE FOLLOWING SOURCE IS ACKNOWLEDGED: 

Klein Tank, A.M.G. and Coauthors, 2002. Daily dataset of 20th-century surface
air temperature and precipitation series for the European Climate Assessment.
Int. J. of Climatol., 22, 1441-1453.
Data and metadata available at http://eca.knmi.nl

FILE FORMAT (MISSING VALUE CODE = -999999):

THIS FILE HOLDS DATA FOR STATION FRANCE                                   PERPIGNAN                                (STAID:     36)
LATITUDE: dd:mm:ss +42:44:17
LONGITUDE: ddd:mm:ss +002:52:23
ELEVATION: m   42

DATA IS FOR INDEX Mean of daily mean temperature (TG) with unit 0.01 Temperature (&#176;C)

01-06 SOUID: Source identifier
08-11 YEAR : YYYY
13-20 ANNUAL DATA VALUES
21-28 WINTER HALF YEAR DATA VALUES
29-36 SUMMER HALF YEAR DATA VALUES
37-44 WINTER (DJF) DATA VALUES
45-52 SPRING (MAM) DATA VALUES
53-60 SUMMER (JJA) DATA VALUES
61-68 AUTUMN (SON) DATA VALUES
69-76 JANUARY DATA VALUES
etc. 
157-164 DECEMBER DATA VALUES

36     1924 -999999 -999999 -999999 -999999 -999999 -999999 -999999 -999999 -999999 -999999 -999999 -999999 -999999 -999999 -999999 -999999 -999999 -999999 965     
36     1925 1521    -999999 1978    932     1267    2315    1577    865     971     809     1328    1667    2311    2316    2319    1914    1767    1042    906     
36     1926 1618    1185    2023    997     1427    2275    1799    919     1183    1286    1404    1591    2004    2328    2484    2316    1813    1267    794     
36     1927 1600    1155    2056    877     1536    2279    1665    903     941     1193    1560    1856    2096    2394    2342    2072    1676    1246    877     
36     1928 1588    1169    2028    977     1381    2351    1647    941     1124    1151    1425    1567    2004    2581    2456    2117    1611    1214    850     
36     1929 1537    995     2062    670     1408    2358    1625    484     676     1111    1361    1749    2290    2435    2347    2179    1605    1091    1061    
36     1930 1547    1089    1967    901     1370    2226    1715    941     680     1118    1296    1694    2170    2269    2237    2124    1706    1316    957     
36     1931 1498    1137    1926    865     1417    2230    1551    814     819     1183    1365    1701    2224    2281    2185    1787    1626    1238    714     
36     1932 1500    1028    1912    739     1306    2140    1707    942     549     1075    1242    1599    1893    2134    2385    2210    1583    1332    1020    
36     1933 1534    1109    2068    861     1503    2308    1605    674     893     1141    1580    1789    1935    2443    2535    2109    1690    1012    557     
36     1934 1579    979     2072    693     1466    2319    1635    698     838     1066    1358    1972    2200    2502    2250    2136    1788    976     1106    
36     1935 1526    1104    2004    927     1338    2317    1594    701     980     1056    1390    1569    2161    2525    2260    2111    1496    1178    862     
36     1936 1493    1095    1926    921     1348    2183    1520    949     954     1122    1286    1635    1976    2229    2336    2077    1348    1140    840     
36     1937 1614    1084    2099    993     1435    2408    1635    983     1174    1027    1494    1785    2210    2466    2541    2082    1590    1234    753     
36     1938 1552    1102    1939    813     1411    2251    1666    886     798     1324    1396    1513    2127    2316    2306    1964    1641    1395    907     
36     1939 1500    1124    1890    924     1285    2131    1650    924     944     926     1350    1580    1941    2188    2257    2015    1571    1366    904     
36     1940 1489    1127    1948    881     1407    2204    1545    679     1071    1173    1357    1689    2029    2225    2354    2019    1457    1163    645     
36     1941 1453    991     1875    696     1310    2208    1532    540     924     1214    1247    1468    2033    2413    2171    1905    1582    1109    794     
36     1942 -999999 988     2037    663     1454    2293    1738    562     631     1218    1422    1723    2195    2368    2312    2192    1897    1121    -999999 
36     1943 -999999 -999999 -999999 -999999 -999999 -999999 -999999 -999999 -999999 -999999 -999999 -999999 -999999 -999999 -999999 -999999 -999999 -999999 -999999 
36     1944 -999999 -999999 -999999 -999999 -999999 -999999 -999999 -999999 -999999 -999999 -999999 -999999 -999999 -999999 -999999 -999999 -999999 -999999 -999999 
36     1945 -999999 -999999 2120    -999999 1542    2371    1666    -999999 -999999 1180    1663    1786    2279    2501    2330    2150    1713    1133    961     
36     1946 1513    1083    2000    881     1363    2248    1644    644     1057    988     1470    1634    1977    2417    2343    2144    1688    1099    672     
36     1947 1609    999     2124    665     1467    2441    1797    575     756     1183    1460    1756    2250    2491    2576    2198    1727    1467    816     
36     1948 1603    1213    2003    891     1538    2246    1678    951     906     1400    1456    1756    2130    2238    2367    2058    1666    1311    964     
36     1949 1651    1145    2156    945     1402    2476    1767    896     977     1044    1544    1623    2230    2660    2530    2334    1798    1168    963     
36     1950 1610    1162    2103    934     1428    2478    1704    793     1059    1181    1295    1803    2326    2670    2432    2074    1707    1331    618     
36     1951 1505    1069    1930    768     1283    2220    1625    841     852     1050    1327    1475    2081    2355    2220    2112    1458    1309    941     
36     1952 1596    1088    2114    785     1583    2457    1561    660     753     1393    1449    1903    2356    2586    2426    1942    1671    1068    901     
36     1953 1552    1006    2014    724     1484    2212    1661    559     711     1099    1374    1976    1923    2275    2428    2088    1672    1224    1229    
36     1954 1510    1098    1927    847     1358    2177    1690    661     629     1129    1308    1635    2083    2267    2177    2082    1659    1332    1103    
36     1955 1585    1180    2054    1026    1422    2312    1571    1097    861     1001    1510    1759    2075    2452    2403    2111    1571    1030    1095    
36     1956 1443    993     1945    743     1394    2158    1531    889     194     1103    1276    1799    1953    2275    2239    2113    1533    946     886     
36     1957 1524    1094    1925    903     1432    2183    1577    769     1070    1354    1322    1616    1919    2349    2270    2057    1589    1086    847     
36     1958 1556    1056    2000    854     1378    2216    1716    765     960     1080    1273    1778    2021    2278    2344    2294    1651    1206    989     
36     1959 1576    1142    2032    908     1467    2331    1585    760     981     1252    1421    1727    2157    2518    2313    2042    1578    1134    986     
36     1960 1533    1115    2007    906     1547    2243    1537    795     938     1246    1439    1951    2252    2255    2220    1912    1515    1186    668     
36     1961 1625    1100    2078    852     1568    2283    1666    700     1224    1322    1546    1837    2185    2380    2282    2228    1627    1144    1008    
36     1962 1518    1092    2006    948     1311    2312    1591    970     856     925     1320    1688    2091    2375    2463    2081    1710    977     706     
36     1963 1460    915     1950    569     1400    2206    1640    478     520     1065    1397    1739    2067    2420    2126    1934    1672    1313    726     
36     1964 1549    1049    2091    776     1422    2363    1628    640     976     970     1380    1915    2261    2510    2316    2151    1466    1272    722     
36     1965 1509    990     1953    701     1422    2225    1567    780     591     1077    1374    1814    2143    2271    2259    1841    1698    1157    1031    
36     1966 1569    1169    2000    999     1448    2215    1598    818     1164    1146    1473    1725    2171    2267    2205    2151    1649    990     1041    
36     1967 1577    1115    2007    915     1443    2312    1713    743     967     1284    1399    1646    2021    2512    2392    2055    1806    1274    775     
36     1968 1531    1109    1939    835     1374    2174    1677    891     838     1057    1386    1679    2029    2267    2222    2042    1794    1191    952     
36     1969 1489    1106    1949    844     1397    2218    1584    870     697     1096    1383    1711    1913    2375    2357    1933    1711    1103    651     
36     1970 1542    1051    2007    870     1279    2300    1697    950     1023    867     1305    1666    2201    2380    2316    2162    1580    1352    679     
36     1971 1519    1021    2025    797     1326    2299    1566    788     937     793     1442    1745    2032    2399    2456    2058    1688    949     901     
36     1972 1462    1066    1850    871     1347    2151    1488    782     933     1131    1310    1600    1915    2358    2172    1724    1545    1195    857     
36     1973 1503    1021    1997    817     1299    2312    1575    782     811     919     1248    1727    2107    2390    2433    2062    1485    1181    841     
36     1974 1491    1073    1907    890     1334    2231    1411    942     887     1087    1247    1666    2054    2348    2285    1826    1217    1196    1087    
36     1975 1512    1088    1948    1052    1288    2273    1530    1046    1021    958     1320    1588    2047    2371    2394    1949    1511    1132    771     
36     1976 1520    1061    1985    871     1352    2350    1466    932     913     1098    1245    1710    2337    2455    2256    1890    1502    1006    866     
36     1977 1494    1079    1828    906     1362    2056    1608    780     1090    1228    1330    1526    1864    2171    2127    1938    1767    1113    964     
36     1978 1466    1112    1859    866     1303    2094    1593    719     919     1169    1164    1572    1878    2188    2210    2133    1558    1090    948     
36     1979 1504    1067    1931    862     1340    2262    1549    745     895     1149    1225    1643    2135    2416    2232    1919    1629    1095    920     
36     1980 1442    1065    1905    883     1265    2173    1527    668     1072    1006    1231    1557    1927    2137    2447    2114    1544    922     670     
36     1981 1514    983     1940    741     1379    2195    1629    826     726     1181    1387    1569    2140    2133    2311    2097    1642    1146    959     
36     1982 1608    1137    2057    999     1379    2362    1666    1059    975     1027    1443    1668    2205    2575    2302    2136    1600    1265    999     
36     1983 1591    1123    2034    885     1391    2353    1742    955     681     1203    1345    1622    2106    2579    2366    2172    1721    1334    934     
36     1984 1477    1112    1876    881     1216    2213    1608    909     796     964     1269    1417    1993    2344    2296    1922    1551    1352    888     
36     1985 1506    1032    1998    763     1320    2246    1644    407     1018    985     1427    1552    2006    2458    2267    2269    1753    907     994     
36     1986 1547    1057    1978    841     1345    2263    1747    861     650     1137    1089    1800    2075    2416    2292    2176    1770    1293    933     
36     1987 1541    1079    2006    794     1336    2252    1735    545     915     1008    1435    1568    1995    2369    2383    2278    1745    1181    1033    
36     1988 1567    1179    1983    995     1420    2255    1625    1059    887     1150    1387    1721    2053    2318    2388    2014    1717    1139    942     
36     1989 1615    1143    2060    905     1451    2414    1633    817     960     1263    1255    1828    2202    2544    2490    2020    1650    1230    1063    
36     1990 1603    1219    2045    1062    1475    2322    1685    890     1251    1231    1312    1877    2075    2436    2448    2100    1754    1197    643     
36     1991 1536    1068    2024    722     1356    2349    1620    774     751     1260    1261    1543    2015    2476    2545    2286    1487    1091    882     
36     1992 1501    1016    1949    769     1459    2189    1566    605     822     1195    1354    1824    1868    2312    2376    1940    1430    1332    920     
36     1993 1512    1083    1959    873     1401    2251    1468    871     821     1104    1319    1776    2153    2246    2349    1892    1454    1059    1043    
36     1994 1639    1141    2043    968     1480    2421    1680    932     926     1409    1256    1767    2174    2563    2517    1960    1627    1454    1019    
36     1995 1602    1200    2017    1002    1397    2361    1667    855     1146    1105    1417    1671    2099    2513    2463    1922    1828    1246    925     
36     1996 1547    1150    1983    921     1389    2299    1569    1027    802     1049    1420    1698    2206    2416    2271    1870    1631    1206    933     
36     1997 1646    1198    2036    965     1568    2280    1743    861     1116    1435    1484    1784    2047    2342    2445    2102    1829    1296    971     
36     1998 1585    1224    2038    967     1471    2364    1557    934     998     1295    1276    1835    2170    2461    2454    2011    1602    1056    875     
36     1999 1588    1101    2069    899     1488    2340    1619    895     930     1229    1447    1785    2128    2435    2449    2155    1660    1040    854     
36     2000 1600    1119    2017    906     1490    2260    1657    770     1107    1282    1330    1852    2125    2234    2415    2129    1657    1186    1094    
36     2001 1624    1204    2083    1007    1554    2396    1649    884     1047    1342    1431    1884    2255    2426    2502    1978    1855    1107    725     
36     2002 1600    1166    1986    900     1502    2252    1644    866     1131    1309    1527    1672    2165    2296    2286    1973    1674    1283    1024    
36     2003 1647    1116    2200    844     1474    2627    1648    744     755     1184    1415    1822    2507    2612    2757    2070    1593    1282    954     
36     2004 1595    1108    2066    904     1356    2406    1695    915     839     1055    1353    1660    2302    2409    2503    2155    1778    1150    988     
36     2005 1533    1054    2083    805     1376    2412    1657    775     637     957     1366    1805    2360    2513    2360    2083    1775    1110    589     
36     2006 1662    1040    2167    727     1525    2477    1806    758     847     1147    1538    1889    2269    2761    2395    2134    1893    1373    878     
36     2007 1646    1250    2089    1004    1571    2315    1655    1029    1116    1205    1618    1892    2234    2407    2302    2068    1700    1196    953     
36     2008 1623    1199    2072    1022    1509    2368    1624    1059    1057    1217    1459    1850    2247    2408    2445    2008    1682    1180    844     
36     2009 1655    1098    2151    827     1508    2481    1775    730     915     1220    1389    1912    2319    2501    2619    2151    1802    1372    881     
36     2010 1535    1080    2083    760     1396    2418    1599    673     721     1005    1509    1678    2185    2603    2460    2050    1620    1128    737     
36     2011 -999999 1074    -999999 836     -999999 -999999 -999999 781     1005    1166    1644    -999999 -999999 -999999 -999999 -999999 -999999 -999999 -999999 
