EUROPEAN CLIMATE ASSESSMENT & DATASET (ECA&D), file created on: 10-05-2011
THESE DATA CAN BE USED FREELY PROVIDED THAT THE FOLLOWING SOURCE IS ACKNOWLEDGED: 

Klein Tank, A.M.G. and Coauthors, 2002. Daily dataset of 20th-century surface
air temperature and precipitation series for the European Climate Assessment.
Int. J. of Climatol., 22, 1441-1453.
Data and metadata available at http://eca.knmi.nl

FILE FORMAT (MISSING VALUE CODE = -999999):

THIS FILE HOLDS DATA FOR STATION FRANCE                                   MONTELIMAR                               (STAID:    786)
LATITUDE: dd:mm:ss +44:34:54
LONGITUDE: ddd:mm:ss +004:44:17
ELEVATION: m   73

DATA IS FOR INDEX Mean of daily mean temperature (TG) with unit 0.01 Temperature (&#176;C)

01-06 SOUID: Source identifier
08-11 YEAR : YYYY
13-20 ANNUAL DATA VALUES
21-28 WINTER HALF YEAR DATA VALUES
29-36 SUMMER HALF YEAR DATA VALUES
37-44 WINTER (DJF) DATA VALUES
45-52 SPRING (MAM) DATA VALUES
53-60 SUMMER (JJA) DATA VALUES
61-68 AUTUMN (SON) DATA VALUES
69-76 JANUARY DATA VALUES
etc. 
157-164 DECEMBER DATA VALUES

786    1925 1247    -999999 1755    -999999 1091    2081    1197    636     699     560     1162    1552    2021    2119    2101    1560    1402    623     493     
786    1926 1339    825     1790    619     1213    2037    1521    422     978     1043    1226    1371    1707    2164    2228    2028    1484    1051    349     
786    1927 1276    817     1778    479     1288    1992    1296    481     621     905     1288    1670    1895    2065    2012    1722    1266    902     444     
786    1928 1344    812     1863    601     1117    2276    1368    631     736     889     1112    1348    1905    2512    2398    1881    1322    903     463     
786    1929 1303    662     1890    275     1176    2205    1449    175     173     884     1048    1593    2089    2339    2184    2072    1390    887     685     
786    1930 1333    856     1801    615     1202    2093    1456    729     412     988     1156    1459    2111    2041    2126    1908    1375    1087    539     
786    1931 1234    797     1742    471     1197    2088    1242    450     419     885     1098    1604    2095    2159    2010    1469    1277    979     313     
786    1932 1249    685     1751    352     1082    2006    1415    535     198     789     1027    1427    1781    1978    2250    2026    1265    958     707     
786    1933 1289    797     1882    519     1282    2155    1394    284     573     981     1309    1555    1732    2292    2428    1956    1458    767     81      
786    1934 1307    663     1867    298     1251    2109    1316    396     430     827     1211    1712    1970    2351    2002    1938    1360    649     772     
786    1935 1280    764     1804    571     1122    2142    1358    278     671     838     1124    1405    2002    2338    2080    1861    1267    948     513     
786    1936 1311    854     1809    655     1202    2076    1287    794     659     935     1089    1576    1857    2125    2237    1954    1084    829     559     
786    1937 1370    803     1907    709     1219    2208    1383    729     853     768     1190    1699    2040    2294    2286    1915    1420    811     403     
786    1938 1286    785     1758    446     1182    2105    1413    467     471     1108    1063    1370    2028    2147    2136    1793    1316    1134    352     
786    1939 1254    775     1731    523     1063    2018    1383    598     631     619     1252    1324    1876    2043    2130    1752    1313    1088    390     
786    1940 1193    741     1744    361     1229    1970    1321    43      670     950     1161    1574    1847    1998    2061    1808    1285    872     43      
786    1941 1178    628     1687    219     1074    2046    1252    18      635     923     1023    1274    1904    2236    1993    1677    1213    866     346     
786    1942 1304    618     1912    172     1297    2199    1451    18      149     1080    1269    1540    2053    2291    2248    2057    1581    711     572     
786    1943 1401    880     1929    634     1384    2184    1393    650     686     1057    1344    1750    2012    2260    2273    1920    1560    693     544     
786    1944 1294    759     1901    513     1239    2211    1260    621     363     746     1385    1590    1943    2187    2494    1790    1182    809     387     
786    1945 1351    677     1960    344     1365    2256    1356    -147    841     1013    1406    1679    2148    2460    2155    1897    1432    737     567     
786    1946 1294    780     1865    530     1278    2122    1320    241     811     893     1400    1545    1864    2312    2181    1875    1315    770     303     
786    1947 1363    659     1975    291     1327    2295    1477    184     396     964     1335    1683    2110    2382    2386    1935    1435    1061    428     
786    1948 1333    899     1791    558     1388    2015    1322    619     634     1196    1273    1692    1924    2005    2112    1727    1378    859     525     
786    1949 1402    791     1987    587     1197    2280    1490    575     669     728     1419    1451    2042    2441    2349    2212    1520    737     634     
786    1950 1351    836     1930    587     1240    2333    1370    425     716     970     1066    1679    2184    2521    2290    1814    1368    927     211     
786    1951 1303    763     1778    488     1125    2063    1407    583     689     798     1173    1405    1928    2180    2077    1894    1287    1044    548     
786    1952 1323    773     1925    401     1347    2314    1234    259     394     1087    1290    1662    2178    2528    2231    1640    1345    714     501     
786    1953 1322    682     1882    363     1301    2116    1375    156     438     918     1250    1733    1860    2213    2268    1948    1425    749     832     
786    1954 1258    765     1736    482     1160    2018    1389    324     270     944     1058    1474    1968    2076    2010    1816    1355    999     734     
786    1955 1305    843     1820    652     1185    2087    1292    628     588     735     1300    1525    1890    2197    2167    1825    1238    814     700     
786    1956 1181    661     1760    350     1194    1975    1224    600     -314    841     1041    1696    1736    2119    2064    1887    1165    623     583     
786    1957 1304    785     1768    585     1252    2058    1332    361     834     1141    1199    1414    1889    2172    2106    1817    1356    822     510     
786    1958 1298    773     1833    573     1153    2081    1348    505     717     722     1016    1717    1852    2150    2233    2008    1283    754     577     
786    1959 1360    789     1886    530     1287    2191    1377    422     598     1078    1192    1587    1989    2420    2157    1951    1392    787     690     
786    1960 1294    834     1795    599     1331    2031    1312    429     685     1009    1210    1770    2095    2019    1982    1681    1328    928     375     
786    1961 1396    829     1922    560     1333    2127    1470    427     912     1016    1461    1526    2028    2182    2167    2164    1466    780     603     
786    1962 1253    778     1835    589     1088    2168    1303    669     484     638     1185    1445    1898    2241    2357    1868    1370    668     155     
786    1963 1207    552     1784    125     1237    2030    1399    41      183     860     1272    1580    1879    2249    1956    1756    1347    1097    205     
786    1964 1298    746     1892    406     1253    2174    1281    295     740     804     1248    1708    2048    2388    2081    1863    1152    833     403     
786    1965 1260    683     1750    413     1185    2059    1303    522     305     851     1130    1572    1977    2096    2100    1609    1444    852     586     
786    1966 1326    822     1846    594     1251    2033    1415    339     886     831     1292    1629    2000    2042    2057    2047    1565    628     579     
786    1967 1322    820     1822    561     1235    2144    1431    429     688     1009    1165    1528    1854    2387    2181    1793    1596    899     289     
786    1968 1250    777     1737    417     1198    2013    1332    297     682     896     1255    1445    1896    2169    1969    1672    1524    792     382     
786    1969 1244    759     1773    446     1197    2019    1396    554     399     872     1141    1577    1741    2190    2117    1854    1465    868     86      
786    1970 1264    695     1814    404     1035    2147    1388    601     536     602     1003    1498    2086    2187    2165    1930    1288    950     285     
786    1971 1227    607     1828    312     1108    2092    1297    153     519     448     1315    1568    1800    2237    2228    1800    1417    668     525     
786    1972 1264    818     1702    615     1204    1997    1252    549     782     959     1155    1495    1777    2201    2004    1560    1306    889     467     
786    1973 1275    711     1846    428     1124    2166    1357    369     450     767     966     1635    1982    2188    2323    1965    1249    863     483     
786    1974 1306    836     1761    646     1189    2087    1163    777     682     948     1100    1515    1852    2179    2222    1674    925     896     829     
786    1975 1275    798     1798    738     1119    2099    1275    706     677     748     1120    1490    1800    2222    2265    1874    1154    803     403     
786    1976 1292    729     1834    529     1188    2199    1238    545     648     818     1082    1659    2176    2332    2088    1646    1295    771     418     
786    1977 1274    807     1672    574     1198    1933    1317    516     812     1028    1121    1441    1782    2059    1954    1661    1475    809     595     
786    1978 1227    787     1701    500     1100    1984    1303    424     478     913     983     1401    1777    2126    2043    1862    1306    741     611     
786    1979 1331    763     1841    494     1221    2170    1418    260     625     1018    1079    1560    2054    2303    2149    1885    1552    813     623     
786    1980 1251    847     1776    619     1115    2061    1320    430     817     843     1062    1437    1855    2048    2273    1970    1282    711     273     
786    1981 1296    688     1834    340     1285    2098    1356    351     401     1083    1286    1486    1955    2087    2247    1932    1344    792     525     
786    1982 1393    814     1933    645     1184    2269    1446    686     733     796     1145    1610    2148    2479    2175    2027    1324    992     561     
786    1983 1343    793     1904    499     1186    2283    1396    622     294     922     1174    1461    1998    2558    2282    1928    1413    845     541     
786    1984 1245    731     1723    481     1021    2070    1397    447     454     673     1095    1299    1857    2249    2097    1726    1384    1081    557     
786    1985 1276    725     1866    392     1143    2117    1396    -40     687     687     1266    1480    1827    2377    2137    2097    1506    582     673     
786    1986 1349    735     1890    469     1202    2216    1519    484     228     886     973     1738    2008    2363    2269    1963    1584    1007    589     
786    1987 1329    768     1894    422     1150    2173    1524    59      638     726     1294    1435    1910    2300    2302    2113    1553    904     681     
786    1988 1386    917     1883    703     1303    2151    1382    798     625     924     1297    1690    1958    2244    2244    1849    1526    765     675     
786    1989 1416    902     1928    650     1331    2263    1416    562     721     1140    1101    1745    2017    2398    2366    1919    1446    882     636     
786    1990 1439    938     1953    719     1350    2275    1482    494     1060    1119    1107    1816    1998    2422    2396    1951    1615    876     380     
786    1991 1363    846     1932    459     1255    2289    1421    535     462     1171    1138    1453    1978    2444    2434    2125    1273    871     405     
786    1992 1359    770     1900    482     1364    2165    1316    387     666     1015    1275    1798    1827    2245    2411    1820    1144    991     697     
786    1993 1333    807     1880    609     1286    2187    1244    674     438     871     1274    1712    2075    2141    2341    1717    1324    689     666     
786    1994 1466    879     1944    663     1330    2373    1457    605     724     1245    1069    1667    2085    2568    2455    1792    1391    1191    739     
786    1995 1388    920     1881    714     1208    2254    1426    498     925     785     1265    1577    1954    2483    2315    1666    1685    919     551     
786    1996 1320    878     1806    600     1236    2113    1305    774     468     848     1287    1573    2060    2170    2106    1624    1428    860     609     
786    1997 1437    893     1929    587     1428    2189    1507    367     807     1277    1260    1741    1985    2157    2420    1991    1500    1031    666     
786    1998 1356    917     1901    661     1272    2229    1286    564     763     965     1138    1710    2024    2343    2315    1857    1362    635     552     
786    1999 1404    795     1977    565     1379    2229    1419    583     561     1050    1223    1858    1962    2379    2338    2079    1469    708     567     
786    2000 1437    851     1952    615     1390    2199    1457    475     815     1064    1275    1826    2101    2110    2383    1999    1409    965     802     
786    2001 1413    973     1902    750     1394    2246    1390    693     755     1195    1172    1808    2029    2319    2384    1674    1731    754     379     
786    2002 1433    902     1880    599     1343    2192    1445    562     883     1099    1351    1579    2139    2238    2197    1766    1453    1116    782     
786    2003 1494    903     2143    580     1418    2602    1397    428     524     1084    1315    1850    2547    2525    2732    1864    1294    1038    653     
786    2004 1390    830     1946    588     1238    2284    1486    525     587     874     1224    1616    2171    2369    2309    1972    1596    887     523     
786    2005 1382    807     1975    476     1283    2302    1488    511     385     903     1205    1740    2280    2427    2199    1986    1650    799     377     
786    2006 1455    -999999 2021    417     1342    2303    1661    373     507     916     1388    1724    2162    2652    2090    2094    1718    1169    611     
786    2007 -999999 1025    -999999 734     1475    2193    1399    753     849     1038    1597    1794    2103    2260    2202    1843    1468    904     495     
786    2008 -999999 897     -999999 707     1298    2176    1338    788     847     913     1257    1770    2072    2245    2210    1728    1362    924     540     
786    2009 1490    809     2105    509     1471    2403    1525    342     661     1019    1457    1937    2183    2488    2531    2013    1479    1084    634     
786    2010 1362    831     1960    501     1283    2317    1387    319     549     885     1398    1572    2084    2551    2308    1833    1388    940     428     
786    2011 -999999 849     -999999 564     -999999 -999999 -999999 570     709     1052    1584    -999999 -999999 -999999 -999999 -999999 -999999 -999999 -999999 
