EUROPEAN CLIMATE ASSESSMENT & DATASET (ECA&D), file created on: 10-05-2011
THESE DATA CAN BE USED FREELY PROVIDED THAT THE FOLLOWING SOURCE IS ACKNOWLEDGED: 

Klein Tank, A.M.G. and Coauthors, 2002. Daily dataset of 20th-century surface
air temperature and precipitation series for the European Climate Assessment.
Int. J. of Climatol., 22, 1441-1453.
Data and metadata available at http://eca.knmi.nl

FILE FORMAT (MISSING VALUE CODE = -999999):

THIS FILE HOLDS DATA FOR STATION CROATIA                                  OSIJEK                                   (STAID:   1685)
LATITUDE: dd:mm:ss +45:31:59
LONGITUDE: ddd:mm:ss +018:37:59
ELEVATION: m   88

DATA IS FOR INDEX Mean of daily mean temperature (TG) with unit 0.01 Temperature (&#176;C)

01-06 SOUID: Source identifier
08-11 YEAR : YYYY
13-20 ANNUAL DATA VALUES
21-28 WINTER HALF YEAR DATA VALUES
29-36 SUMMER HALF YEAR DATA VALUES
37-44 WINTER (DJF) DATA VALUES
45-52 SPRING (MAM) DATA VALUES
53-60 SUMMER (JJA) DATA VALUES
61-68 AUTUMN (SON) DATA VALUES
69-76 JANUARY DATA VALUES
etc. 
157-164 DECEMBER DATA VALUES

1685   1899 -999999 -999999 1739    -999999 1086    1989    1098    -999999 -999999 456     1248    1559    1831    2104    2028    1649    995     652     -322    
1685   1900 1177    405     1797    126     1030    2121    1248    140     606     385     1107    1599    2047    2291    2023    1699    1210    836     154     
1685   1901 1036    365     1739    -205    1153    2025    1049    -591    -174    716     1147    1595    1959    2171    1944    1599    1222    320     429     
1685   1902 1047    541     1693    369     991     2030    1028    292     387     576     1141    1260    1830    2057    2196    1656    1212    211     -294    
1685   1903 1073    358     1635    -32     1066    1913    1131    -152    389     781     842     1566    1773    1992    1969    1647    1167    578     277     
1685   1904 1108    497     1786    181     1165    2121    991     -115    396     674     1177    1644    1937    2310    2109    1516    1153    299     172     
1685   1905 1077    326     1831    -69     1082    2199    1068    -443    80      673     942     1627    1989    2322    2279    1803    651     763     181     
1685   1906 1051    363     1715    37      1163    1989    1092    -124    55      632     1212    1646    1838    2141    1983    1448    1052    777     -105    
1685   1907 1066    265     1757    -168    994     2044    1227    -213    -187    238     832     1907    2027    2011    2095    1645    1562    464     311     
1685   1908 992     451     1786    45      1169    2074    798     -262    88      518     1005    1979    2181    2141    1902    1488    920     -17     -75     
1685   1909 1041    133     1729    -252    1100    1995    1122    -358    -330    611     1156    1535    1876    2000    2105    1689    1276    394     440     
1685   1910 1150    573     1719    360     1114    2038    1057    163     490     661     1104    1578    2014    2041    2058    1500    1142    525     475     
1685   1911 1125    473     1748    160     1073    2075    1220    -1      -9      663     994     1558    1840    2226    2152    1695    1149    817     334     
1685   1912 990     552     1580    150     1089    1981    775     -243    372     878     834     1546    2014    2088    1841    1131    900     291     197     
1685   1913 1055    365     1644    22      1185    1855    1166    -160    30      894     1164    1496    1910    1822    1836    1628    1160    710     110     
1685   1914 978     292     1693    -288    1150    1958    967     -643    -336    705     1217    1530    1802    2024    2042    1528    1022    350     394     
1685   1915 1093    461     1700    294     1055    2034    908     208     279     493     1018    1652    2094    2114    1897    1406    906     413     574     
1685   1916 1219    582     1782    363     1300    2102    1116    303     202     1064    1152    1679    2017    2234    2054    1534    1064    752     524     
1685   1917 1074    404     1861    39      1064    2210    1189    80      -544    468     1019    1704    2182    2199    2247    1798    1188    580     -149    
1685   1918 1105    389     1790    -33     1226    1952    1128    15      42      630     1427    1627    1715    2139    1993    1828    1110    445     219     
1685   1919 1065    495     1652    221     988     1953    1124    319     116     724     1059    1183    1882    1977    1998    1808    989     580     91      
1685   1920 1143    522     1843    242     1366    2018    877     339     299     818     1452    1830    1858    2204    1988    1709    811     112     262     
1685   1921 1147    444     1826    304     1228    2138    1004    436     204     804     1074    1803    1809    2351    2244    1647    1127    234     -53     
1685   1922 1034    273     1764    -194    1166    2080    970     -195    -349    814     1063    1617    1988    2136    2114    1650    933     329     210     
1685   1923 1163    410     1752    154     1193    1967    1340    121     128     707     1082    1785    1636    2152    2103    1731    1434    851     148     
1685   1924 1027    415     1793    -103    1142    1997    1099    -369    -87     495     1090    1839    2027    2097    1868    1819    1128    350     35      
1685   1925 1123    464     1742    242     1165    1985    1128    102     628     554     1256    1689    1787    2144    2017    1538    1161    684     -110    
1685   1926 1179    487     1714    153     1152    1880    1413    38      573     593     1312    1556    1801    1962    1874    1773    1265    1206    178     
1685   1927 1197    661     1893    188     1235    2228    1245    275     104     904     1188    1610    2156    2325    2199    1866    1109    766     -206    
1685   1928 -999999 -999999 1850    -999999 1100    2240    1209    -64     -999999 527     1279    1390    1947    2520    2243    1703    1119    808     85      
1685   1929 993     158     1764    -440    961     2119    1229    -524    -928    304     830     1746    1961    2157    2233    1628    1232    826     302     
1685   1930 1191    585     1843    198     1222    2130    1242    60      235     831     1263    1573    2153    2214    2023    1820    1112    799     163     
1685   1931 1068    451     1788    159     1034    2197    948     121     199     299     935     1864    2200    2306    2083    1307    995     539     -89     
1685   1932 1037    130     1861    -246    922     2108    1279    -125    -544    -28     1115    1684    1852    2289    2175    2030    1277    530     137     
1685   1933 981     405     1649    -20     990     1992    1135    -288    101     645     895     1425    1754    2149    2065    1582    1186    636     -430    
1685   1934 1220    392     1874    -163    1413    2056    1225    -131    98      971     1451    1817    1895    2137    2130    1798    1142    740     518     
1685   1935 1111    422     1801    56      1042    2167    1229    -361    6       460     1147    1523    2219    2186    2096    1621    1477    580     303     
1685   1936 1171    689     1818    378     1289    2108    952     534     291     922     1211    1730    1946    2374    2000    1622    699     543     140     
1685   1937 1169    400     1838    79      1256    2113    1194    -170    289     891     1052    1820    2118    2155    2067    1797    1169    616     171     
1685   1938 1101    480     1736    76      1067    2164    1141    -108    176     833     852     1508    2218    2235    2040    1543    1193    686     -22     
1685   1939 1154    468     1850    176     1136    2135    1132    255     309     376     1459    1582    2023    2287    2091    1646    1106    644     28      
1685   1940 886     147     1666    -417    994     1906    1201    -798    -487    364     1151    1472    1883    2080    1754    1645    1110    851     -422    
1685   1941 1004    416     1627    -72     1066    1966    865     -140    391     715     1106    1378    1890    2067    1937    1368    960     265     70      
1685   1942 1027    81      1858    -369    1015    2124    1245    -851    -321    334     969     1742    2030    2194    2144    2053    1236    446     263     
1685   1943 1162    459     1832    107     1164    2095    1254    -264    344     715     1291    1489    1803    2150    2324    1918    1325    517     286     
1685   1944 1103    440     1797    163     1008    2135    1154    224     -32     294     1225    1511    1956    2173    2269    1628    1217    613     121     
1685   1945 1164    452     1910    4       1334    2198    1083    -363    282     832     1234    1934    2142    2313    2139    1675    1054    520     156     
1685   1946 1186    415     2017    41      1360    2289    1103    -287    275     760     1402    1919    2187    2361    2316    1900    781     639     -61     
1685   1947 1158    250     1953    -282    1365    2178    1226    -655    -115    889     1419    1789    2114    2271    2147    1965    947     777     282     
1685   1948 1147    569     1802    333     1269    1978    1160    553     152     685     1314    1810    1812    1965    2150    1742    1242    495     -191    
1685   1949 1120    364     1760    49      1097    1913    1241    176     174     274     1308    1716    1745    2043    1946    1789    1175    762     279     
1685   1950 1186    455     1954    11      1280    2284    1109    -365    132     726     1259    1855    2178    2412    2259    1739    933     661     377     
1685   1951 1211    571     1830    375     1162    2118    1217    298     457     690     1139    1656    2006    2125    2219    1820    1006    833     246     
1685   1952 1171    460     1931    171     1157    2281    1094    117     147     404     1465    1613    2036    2391    2409    1652    1132    496     155     
1685   1953 1092    409     1793    93      1095    2074    1133    80      40      517     1252    1521    2014    2245    1962    1750    1286    358     6       
1685   1954 995     179     1741    -415    1032    2052    1149    -603    -672    625     921     1546    2116    1973    2070    1809    1080    561     394     
1685   1955 1063    469     1658    265     906     1970    1099    97      307     361     830     1524    1942    2041    1927    1664    1130    503     384     
1685   1956 940     260     1749    -82     938     2031    1007    225     -908    158     1094    1569    1844    2135    2108    1724    1058    236     -45     
1685   1957 1106    369     1749    44      1079    2136    1110    -265    484     751     1144    1344    2167    2217    2025    1586    1081    665     54      
1685   1958 1127    362     1813    86      1006    2102    1163    -161    396     149     886     1979    1887    2224    2187    1681    1151    658     430     
1685   1959 1085    515     1705    129     1194    2010    979     -31     -25     860     1142    1580    1864    2178    1983    1463    940     535     446     
1685   1960 1090    389     1686    62      1074    2000    1209    -315    54      658     1087    1476    1990    1948    2062    1540    1301    785     464     
1685   1961 1161    618     1786    257     1237    2011    1266    -22     335     825     1443    1451    2012    2010    2012    1783    1334    678     28      
1685   1962 1015    378     1738    26      1006    1992    1099    9       43      152     1250    1625    1817    1967    2188    1560    1138    598     -219    
1685   1963 1023    142     1869    -433    1092    2183    1277    -687    -389    377     1233    1672    2118    2271    2159    1746    1086    1006    -392    
1685   1964 1014    209     1772    -394    1035    2075    1169    -766    3       326     1205    1579    2211    2098    1921    1608    1161    740     75      
1685   1965 1039    407     1702    -53     1040    2007    1044    -23     -229    669     966     1483    1955    2151    1912    1733    993     408     355     
1685   1966 1160    424     1799    198     1175    2019    1276    -384    669     525     1332    1672    1973    2064    2021    1722    1566    530     211     
1685   1967 1108    498     1790    30      1150    2079    1234    -348    247     760     1039    1648    1895    2256    2080    1803    1306    590     -34     
1685   1968 1116    451     1799    54      1246    2020    1151    -160    375     626     1350    1765    2065    2095    1903    1603    1144    706     -84     
1685   1969 1024    306     1751    -161    1134    1937    1218    -362    -23     440     1074    1887    1820    2059    1929    1714    1108    835     -248    
1685   1970 1043    350     1708    -138    1010    2055    1113    -185    36      537     1079    1415    2045    2059    2061    1578    1003    761     69      
1685   1971 1084    392     1792    84      1113    2095    954     -137    347     316     1211    1815    1899    2143    2236    1422    924     517     264     
1685   1972 1104    477     1743    185     1241    2059    963     -39     340     851     1221    1650    2094    2122    1964    1389    889     612     130     
1685   1973 1049    402     1758    119     1095    2030    975     -51     295     536     956     1788    1951    2100    2035    1696    953     276     2       
1685   1974 1106    456     1699    227     1099    2002    977     166     545     796     1028    1471    1790    2040    2170    1674    750     515     294     
1685   1975 1139    465     1799    223     1240    1998    1134    241     123     832     1108    1775    1909    2101    1982    1901    1063    442     124     
1685   1976 1043    334     1689    59      1036    1933    1134    55      -6      307     1171    1635    1855    2168    1773    1517    1140    745     120     
1685   1977 1117    614     1686    282     1209    2000    1048    169     587     922     1002    1695    1969    2015    2014    1398    1153    588     -146    
1685   1978 1007    402     1625    -34     1067    1915    948     40      8       735     1027    1437    1866    1959    1919    1526    1100    213     179     
1685   1979 1128    405     1757    74      1199    2042    1089    -191    251     858     993     1739    2197    1955    1978    1670    982     620     427     
1685   1980 971     420     1610    108     915     1964    1060    -328    234     582     815     1345    1921    1968    2000    1593    1155    428     -84     
1685   1981 1093    379     1760    -92     1226    2025    1140    -273    100     924     1116    1634    2008    2037    2030    1723    1246    448     60      
1685   1982 1114    350     1803    -69     1035    2095    1269    -201    -65     579     815     1704    2076    2151    2059    1994    1284    529     364     
1685   1983 1142    559     1856    251     1311    2101    991     347     19      758     1354    1822    1901    2290    2105    1646    1087    238     43      
1685   1984 1040    328     1676    34      1032    1912    1191    13      49      519     1044    1534    1808    1933    1990    1735    1266    570     -15     
1685   1985 1007    224     1775    -334    1149    1995    1016    -598    -394    468     1179    1800    1716    2167    2093    1668    1008    371     496     
1685   1986 1062    350     1827    93      1210    2030    1069    79      -336    415     1337    1883    1922    1994    2172    1636    1048    523     -24     
1685   1987 1065    204     1831    -135    889     2116    1288    -397    32      37      1160    1479    1999    2380    1964    1995    1234    636     210     
1685   1988 1115    552     1812    293     1095    2146    920     317     358     547     1039    1698    1959    2323    2152    1675    1053    27      189     
1685   1989 1157    449     1765    206     1285    2010    1094    -27     483     957     1355    1544    1783    2176    2065    1651    1137    494     225     
1685   1990 1178    578     1758    284     1280    2052    1116    52      606     952     1121    1763    1952    2086    2114    1488    1216    641     100     
1685   1991 -999999 457     1725    -7      1044    2100    -999999 113     -258    867     972     1291    2004    2247    2046    1774    -999999 598     -999999 
1685   1992 -999999 -999999 1868    -999999 1189    2199    1164    -999999 -999999 653     1205    1711    1988    2156    2445    1681    1105    707     59      
1685   1993 1092    375     1830    -24     1189    2074    1044    -26     -114    480     1186    1902    1997    2109    2114    1648    1290    187     233     
1685   1994 1226    505     1917    196     1268    2225    1210    200     151     924     1176    1701    2023    2388    2257    1936    993     709     183     
1685   1995 1112    500     1749    248     1086    2083    1025    -14     611     538     1172    1550    1871    2352    2020    1503    1209    358     139     
1685   1996 1027    278     1739    -68     1077    2052    1093    -115    -239    287     1145    1800    2110    1989    2060    1308    1153    815     -26     
1685   1997 1082    460     1727    55      1057    2052    1040    -133    351     597     785     1780    2082    2024    2051    1617    890     620     274     
1685   1998 1133    506     1837    345     1117    2181    1073    277     499     481     1256    1617    2143    2218    2179    1594    1226    395     -325    
1685   1999 1158    382     1872    -63     1267    2118    1149    41      111     816     1259    1725    2028    2192    2132    1882    1167    398     73      
1685   2000 1288    433     1966    103     1341    2261    1357    -161    416     700     1485    1842    2245    2168    2369    1669    1407    995     304     
1685   2001 1146    735     1780    328     1307    2081    1080    269     420     993     1084    1838    1806    2163    2266    1493    1388    347     -379    
1685   2002 -999999 -999999 -999999 -999999 -999999 -999999 1274    -999999 -999999 -999999 -999999 -999999 -999999 2318    -999999 1644    1217    964     108     
1685   2003 1142    399     1958    -143    1243    2333    1091    -240    -304    590     1132    2005    2426    2212    2363    1590    935     752     140     
1685   2004 1098    416     1730    73      1069    2059    1163    -139    229     574     1173    1463    1919    2154    2100    1551    1316    616     194     
1685   2005 1050    378     1767    -34     1086    2012    1125    0       -325    410     1149    1701    1951    2153    1929    1706    1171    495     167     
1685   2006 1157    392     1828    39      1140    2097    1286    -157    114     535     1270    1620    2011    2351    1925    1776    1302    778     298     
1685   2007 1247    738     1910    492     1336    2277    960     577     613     851     1332    1825    2233    2380    2217    1453    1028    398     11      
1685   2008 1250    473     1860    213     1271    2173    1205    152     493     755     1249    1809    2151    2185    2184    1565    1302    746     383     
1685   2009 -999999 565     -999999 189     1343    2187    1366    -100    293     748     1478    1844    1961    2294    2299    1964    1264    873     305     
1685   2010 1173    563     1857    145     1232    2191    1182    -45     178     774     1259    1678    2043    2337    2189    1609    974     963     33      
1685   2011 -999999 -999999 -999999 96      -999999 -999999 -999999 138     121     703     1371    -999999 -999999 -999999 -999999 -999999 -999999 -999999 -999999 
