EUROPEAN CLIMATE ASSESSMENT & DATASET (ECA&D), file created on: 10-05-2011
THESE DATA CAN BE USED FREELY PROVIDED THAT THE FOLLOWING SOURCE IS ACKNOWLEDGED: 

Klein Tank, A.M.G. and Coauthors, 2002. Daily dataset of 20th-century surface
air temperature and precipitation series for the European Climate Assessment.
Int. J. of Climatol., 22, 1441-1453.
Data and metadata available at http://eca.knmi.nl

FILE FORMAT (MISSING VALUE CODE = -999999):

THIS FILE HOLDS DATA FOR STATION SLOVENIA                                 KREDARICA                                (STAID:   1752)
LATITUDE: dd:mm:ss +46:22:45
LONGITUDE: ddd:mm:ss +013:51:14
ELEVATION: m 2514

DATA IS FOR INDEX Mean of daily mean temperature (TG) with unit 0.01 Temperature (&#176;C)

01-06 SOUID: Source identifier
08-11 YEAR : YYYY
13-20 ANNUAL DATA VALUES
21-28 WINTER HALF YEAR DATA VALUES
29-36 SUMMER HALF YEAR DATA VALUES
37-44 WINTER (DJF) DATA VALUES
45-52 SPRING (MAM) DATA VALUES
53-60 SUMMER (JJA) DATA VALUES
61-68 AUTUMN (SON) DATA VALUES
69-76 JANUARY DATA VALUES
etc. 
157-164 DECEMBER DATA VALUES

1752   1955 -199    -999999 161     -999999 -462    427     -113    -515    -979    -795    -546    -49     295     571     411     270     -129    -480    -503    
1752   1956 -263    -745    246     -1001   -466    470     -37     -828    -1718   -865    -552    16      169     610     621     596     -34     -671    -573    
1752   1957 -110    -501    198     -672    -330    524     68      -813    -625    -309    -441    -244    487     599     485     296     163     -259    -696    
1752   1958 -113    -534    316     -682    -450    564     81      -790    -546    -1070   -672    385     290     665     727     471     47      -274    -626    
1752   1959 -129    -468    244     -726    -265    500     -41     -1005   -526    -424    -358    -17     333     680     482     330     7       -463    -616    
1752   1960 -178    -558    199     -745    -363    492     -105    -866    -751    -667    -455    29      413     452     609     131     -118    -327    -607    
1752   1961 -49     -476    353     -649    -228    520     195     -762    -572    -472    -82     -126    479     430     648     770     144     -327    -736    
1752   1962 -264    -615    192     -814    -553    478     -80     -693    -1036   -1071   -450    -136    154     479     791     296     83      -624    -1020   
1752   1963 -203    -818    292     -1231   -361    554     110     -1467   -1201   -707    -314    -60     429     645     584     460     31      -159    -731    
1752   1964 -113    -498    308     -730    -301    567     -37     -676    -789    -670    -336    103     511     631     556     372     -182    -298    -597    
1752   1965 -251    -668    147     -945    -471    450     -11     -847    -1438   -709    -562    -145    393     533     421     229     261     -533    -712    
1752   1966 -177    -566    282     -740    -388    463     -7      -1088   -384    -921    -241    2       459     446     484     540     131     -697    -848    
1752   1967 -120    -623    265     -856    -376    552     208     -891    -826    -627    -554    46      286     721     640     429     376     -186    -914    
1752   1968 -200    -542    201     -932    -302    401     45      -1112   -759    -661    -231    -11     318     496     386     239     255     -367    -962    
1752   1969 -205    -615    230     -951    -335    401     97      -740    -1173   -752    -494    235     192     605     398     425     236     -374    -1096   
1752   1970 -213    -674    187     -985    -626    534     93      -718    -1158   -971    -614    -294    454     515     629     424     13      -155    -740    
1752   1971 -164    -627    264     -839    -422    539     -95     -828    -960    -1105   -269    113     187     606     812     112     128     -532    -306    
1752   1972 -175    -436    139     -574    -336    478     -211    -806    -611    -505    -412    -94     337     568     524     -110    -217    -305    -489    
1752   1973 -180    -593    254     -726    -492    535     40      -720    -993    -863    -738    117     431     473     698     525     15      -419    -744    
1752   1974 -202    -492    186     -674    -407    477     -293    -492    -797    -542    -575    -110    148     528     745     361     -682    -547    -515    
1752   1975 -120    -621    255     -595    -362    437     -7      -459    -833    -708    -457    77      199     582     522     596     -72     -544    -409    
1752   1976 -227    -572    166     -632    -445    421     -88     -857    -631    -919    -468    51      377     637     248     139     134     -545    -902    
1752   1977 -124    -503    168     -784    -249    443     -35     -741    -703    -285    -452    -17     311     534     481     133     273     -523    -553    
1752   1978 -200    -525    104     -761    -469    365     63      -870    -871    -639    -569    -203    226     412     452     294     66      -172    -568    
1752   1979 -192    -534    194     -839    -406    453     0       -1094   -858    -599    -621    -5      476     446     436     424     53      -478    -530    
1752   1980 -238    -577    153     -779    -563    453     35      -1039   -769    -706    -738    -252    195     439     715     544     -63     -373    -830    
1752   1981 -208    -632    262     -1020   -207    508     -79     -1202   -1029   -327    -304    5       449     461     612     341     -37     -541    -975    
1752   1982 -97     -632    323     -804    -465    617     139     -595    -846    -814    -629    44      495     736     617     662     -37     -203    -646    
1752   1983 -59     -486    362     -727    -260    657     75      -426    -1150   -507    -298    23      396     983     584     470     78      -323    -632    
1752   1984 -234    -646    124     -888    -587    431     96      -894    -1154   -975    -585    -201    239     550     499     229     124     -66     -608    
1752   1985 -159    -579    303     -928    -393    539     27      -1280   -892    -765    -475    57      173     757     675     613     120     -656    -303    
1752   1986 -126    -605    307     -837    -244    502     178     -1006   -1241   -609    -418    289     320     518     662     452     242     -163    -645    
1752   1987 -140    -578    298     -788    -568    537     155     -1026   -684    -1189   -313    -193    280     709     613     682     203     -421    -370    
1752   1988 -114    -492    317     -608    -381    593     23      -550    -924    -918    -324    103     290     745     736     334     260     -533    -637    
1752   1989 -31     -315    220     -438    -244    466     14      -269    -404    -324    -377    -35     166     631     592     326     156     -444    -427    
1752   1990 -60     -290    252     -386    -234    559     -3      -428    -294    -311    -507    108     362     635     672     219     251     -486    -971    
1752   1991 -159    -533    219     -862    -461    590     10      -630    -998    -405    -609    -375    325     727     708     526     -108    -384    -750    
1752   1992 -21     -501    382     -634    -295    703     55      -484    -670    -616    -392    118     323     746     1027    441     -121    -149    -514    
1752   1993 -104    -458    300     -562    -313    569     -106    -442    -749    -789    -326    176     428     561     715     226     52      -602    -559    
1752   1994 -8      -476    362     -691    -221    712     106     -643    -892    -256    -508    93      470     798     861     439     -23     -93     -411    
1752   1995 -138    -469    243     -617    -379    546     -7      -970    -456    -845    -335    45      249     855     523     102     460     -598    -723    
1752   1996 -192    -567    215     -781    -375    515     -172    -604    -1032   -935    -295    108     506     507     531     -84     -61     -375    -605    
1752   1997 -59     -397    276     -501    -331    524     79      -402    -496    -450    -649    97      414     527     627     625     -30     -353    -653    
1752   1998 -90     -450    341     -515    -366    695     -169    -615    -252    -773    -375    49      564     723     794     275     -15     -772    -701    
1752   1999 -90     -608    373     -760    -206    570     39      -544    -1063   -604    -320    303     376     635     694     530     85      -499    -752    
1752   2000 -2      -531    418     -740    -152    649     120     -796    -668    -566    -157    268     654     444     849     442     178     -262    -426    
1752   2001 -98     -389    288     -637    -190    628     18      -718    -782    -360    -476    257     327     690     857     40      470     -471    -1083   
1752   2002 -17     -407    322     -703    -193    663     -31     -538    -464    -365    -410    189     679     696     615     148     38      -281    -552    
1752   2003 -42     -538    486     -833    -213    903     -33     -856    -1117   -505    -489    345     893     795     1020    325     -255    -160    -584    
1752   2004 -111    -561    276     -773    -379    583     78      -1027   -703    -634    -369    -133    408     632     704     404     231     -406    -463    
1752   2005 -165    -559    314     -860    -257    553     67      -847    -1312   -625    -329    182     490     696     472     358     270     -435    -986    
1752   2006 -29     -622    373     -943    -320    591     309     -882    -964    -760    -268    68      508     913     351     660     376     -110    -306    
1752   2007 -26     -250    405     -402    -101    663     -136    -362    -553    -570    44      228     564     747     675     160     -3      -569    -716    
1752   2008 -64     -502    315     -575    -330    658     -13     -490    -515    -723    -436    166     569     655     749     164     193     -402    -722    
1752   2009 -72     -571    441     -837    -185    677     85      -766    -1044   -727    -145    317     372     767     882     431     -41     -132    -850    
1752   2010 -182    -607    310     -914    -368    658     -63     -1014   -874    -743    -318    -42     499     823     646     234     -60     -364    -1008   
1752   2011 -999999 -570    -999999 -815    -999999 -999999 -999999 -776    -645    -565    -127    -999999 -999999 -999999 -999999 -999999 -999999 -999999 -999999 
