EUROPEAN CLIMATE ASSESSMENT & DATASET (ECA&D), file created on: 10-05-2011
THESE DATA CAN BE USED FREELY PROVIDED THAT THE FOLLOWING SOURCE IS ACKNOWLEDGED: 

Klein Tank, A.M.G. and Coauthors, 2002. Daily dataset of 20th-century surface
air temperature and precipitation series for the European Climate Assessment.
Int. J. of Climatol., 22, 1441-1453.
Data and metadata available at http://eca.knmi.nl

FILE FORMAT (MISSING VALUE CODE = -999999):

THIS FILE HOLDS DATA FOR STATION POLAND                                   BIELSKO-BIALA                            (STAID:    930)
LATITUDE: dd:mm:ss +49:48:00
LONGITUDE: ddd:mm:ss +019:00:00
ELEVATION: m  398

DATA IS FOR INDEX Mean of daily mean temperature (TG) with unit 0.01 Temperature (&#176;C)

01-06 SOUID: Source identifier
08-11 YEAR : YYYY
13-20 ANNUAL DATA VALUES
21-28 WINTER HALF YEAR DATA VALUES
29-36 SUMMER HALF YEAR DATA VALUES
37-44 WINTER (DJF) DATA VALUES
45-52 SPRING (MAM) DATA VALUES
53-60 SUMMER (JJA) DATA VALUES
61-68 AUTUMN (SON) DATA VALUES
69-76 JANUARY DATA VALUES
etc. 
157-164 DECEMBER DATA VALUES

930    1961 857     -999999 1437    -999999 921     1634    1008    -249    160     565     1103    1101    1673    1577    1653    1513    1137    371     -342    
930    1962 690     136     1308    -194    603     1550    822     35      -284    -133    954     1001    1356    1532    1755    1237    826     404     -456    
930    1963 690     -173    1470    -781    718     1729    1058    -1094   -794    33      848     1277    1599    1808    1775    1497    831     853     -427    
930    1964 716     43      1405    -412    619     1675    848     -544    -255    -195    821     1238    1782    1717    1529    1332    840     371     -64     
930    1965 697     135     1289    -227    610     1548    779     -36     -619    251     605     975     1519    1620    1504    1504    788     45      106     
930    1966 852     169     1398    -26     808     1620    1011    -579    441     235     955     1238    1586    1651    1622    1326    1354    341     42      
930    1967 891     351     1458    -44     851     1711    1085    -253    92      503     706     1340    1561    1883    1684    1556    1231    464     -133    
930    1968 800     292     1395    -113    830     1630    922     -328    137     375     926     1192    1699    1592    1601    1351    898     520     -358    
930    1969 724     72      1408    -303    715     1604    981     -368    -169    -97     735     1506    1481    1745    1582    1380    932     634     -716    
930    1970 734     54      1321    -461    638     1632    863     -355    -295    107     719     1091    1608    1656    1630    1207    785     600     -7      
930    1971 801     205     1392    -57     749     1668    738     -177    22      3       827     1419    1458    1699    1839    1085    837     288     250     
930    1972 775     276     1334    -11     838     1650    701     -453    182     544     728     1237    1616    1783    1549    1071    566     472     -13     
930    1973 770     209     1341    -35     722     1598    764     -136    53      303     616     1243    1453    1646    1689    1379    709     205     33      
930    1974 843     324     1308    153     788     1564    774     100     345     552     720     1088    1329    1567    1786    1336    551     443     268     
930    1975 866     334     1429    173     820     1644    886     356     -136    482     682     1292    1471    1753    1702    1656    786     221     53      
930    1976 741     104     1308    -109    624     1548    932     -178    -208    -67     720     1223    1483    1741    1416    1250    1004    539     -59     
930    1977 837     385     1294    31      823     1615    882     -7      172     644     612     1205    1640    1616    1590    1083    1020    539     -117    
930    1978 727     287     1214    -110    696     1494    812     -15     -207    460     548     1076    1443    1514    1523    1165    919     350     -118    
930    1979 786     158     1353    -266    801     1602    809     -442    -234    442     623     1332    1726    1489    1595    1343    732     356     399     
930    1980 661     182     1209    -31     503     1534    779     -492    3       88      494     926     1442    1569    1589    1220    899     213     -35     
930    1981 803     216     1386    -161    860     1651    890     -325    -117    632     625     1315    1637    1673    1643    1408    953     307     -179    
930    1982 846     163     1424    -246    743     1711    1053    -388    -163    419     491     1310    1588    1758    1784    1595    988     578     120     
930    1983 912     365     1527    50      986     1722    890     287     -290    450     1029    1480    1568    1864    1730    1476    947     246     63      
930    1984 769     206     1314    -27     693     1531    934     12      -164    111     728     1242    1414    1508    1668    1311    1091    395     -119    
930    1985 694     49      1368    -511    820     1570    708     -734    -700    300     800     1358    1309    1713    1679    1328    793     0       373     
930    1986 776     86      1410    -182    898     1599    895     -115    -870    237     1009    1450    1496    1612    1685    1191    904     589     7       
930    1987 702     37      1368    -338    507     1642    966     -953    -38     -277    742     1064    1563    1819    1542    1467    966     464     37      
930    1988 832     337     1417    164     725     1680    743     309     146     94      721     1360    1473    1817    1744    1363    909     -48     57      
930    1989 900     323     1390    150     926     1593    889     93      317     599     944     1237    1371    1693    1706    1376    1089    196     138     
930    1990 900     460     1335    261     892     1630    863     110     565     666     701     1302    1540    1620    1727    1096    986     504     -46     
930    1991 763     273     1345    -151    711     1684    858     -7      -427    570     638     922     1508    1840    1699    1448    740     390     -246    
930    1992 892     222     1540    -56     803     1946    824     -35     124     358     790     1262    1709    1912    2209    1334    696     446     -124    
930    1993 818     185     1414    -63     824     1611    748     94      -168    139     826     1506    1499    1642    1689    1305    955     -23     270     
930    1994 934     332     1514    164     870     1828    895     302     -105    538     821     1250    1583    2058    1835    1513    736     441     149     
930    1995 812     301     1405    119     726     1741    812     -147    380     261     753     1165    1545    1986    1685    1273    1072    80      -335    
930    1996 657     -51     1330    -432    634     1638    859     -481    -483    -184    729     1359    1629    1599    1685    954     957     661     -574    
930    1997 783     179     1360    -301    707     1677    792     -514    236     327     442     1345    1639    1633    1756    1321    679     379     117     
930    1998 861     314     1489    206     856     1739    716     107     413     199     1031    1343    1721    1770    1725    1331    862     -48     -150    
930    1999 914     205     1522    -34     921     1737    935     152     -112    487     956     1322    1572    1921    1711    1637    896     273     73      
930    2000 999     283     1516    59      1005    1725    1152    -164    282     337     1177    1507    1719    1594    1862    1224    1340    886     209     
930    2001 835     482     1434    74      878     1726    875     -53     65      416     762     1454    1411    1855    1902    1194    1240    180     -468    
930    2002 925     309     1535    -54     1013    1840    869     -105    462     556     832     1645    1705    1930    1883    1186    756     667     -433    
930    2003 871     109     1563    -359    861     1882    879     -213    -440    283     730     1565    1877    1836    1932    1418    572     658     143     
930    2004 856     228     1436    -59     801     1714    969     -354    41      308     917     1181    1573    1739    1825    1364    1134    405     109     
930    2005 847     259     1496    -37     799     1711    960     34      -277    102     928     1373    1586    1899    1644    1535    1008    336     -77     
930    2006 929     85      1578    -314    786     1844    1201    -598    -262    80      971     1313    1687    2128    1711    1646    1240    717     442     
930    2007 986     621     1596    379     1047    1908    767     407     278     614     1006    1519    1865    1968    1888    1306    825     167     -62     
930    2008 1019    329     1528    178     900     1862    1034    287     320     429     921     1352    1823    1892    1871    1293    1126    679     210     
930    2009 931     336     1608    -28     951     1821    1022    -215    -83     267     1224    1372    1583    1975    1898    1582    811     680     24      
930    2010 824     212     1492    -210    838     1851    898     -587    -51     386     884     1245    1697    1988    1862    1254    688     759     -285    
930    2011 -999999 243     -999999 -156    -999999 -999999 -999999 27      -215    457     1043    -999999 -999999 -999999 -999999 -999999 -999999 -999999 -999999 
