EUROPEAN CLIMATE ASSESSMENT & DATASET (ECA&D), file created on: 10-05-2011
THESE DATA CAN BE USED FREELY PROVIDED THAT THE FOLLOWING SOURCE IS ACKNOWLEDGED: 

Klein Tank, A.M.G. and Coauthors, 2002. Daily dataset of 20th-century surface
air temperature and precipitation series for the European Climate Assessment.
Int. J. of Climatol., 22, 1441-1453.
Data and metadata available at http://eca.knmi.nl

FILE FORMAT (MISSING VALUE CODE = -999999):

THIS FILE HOLDS DATA FOR STATION FRANCE                                   VICHY-CHARMEIL                           (STAID:    803)
LATITUDE: dd:mm:ss +46:10:00
LONGITUDE: ddd:mm:ss +003:24:00
ELEVATION: m  249

DATA IS FOR INDEX Mean of daily mean temperature (TG) with unit 0.01 Temperature (&#176;C)

01-06 SOUID: Source identifier
08-11 YEAR : YYYY
13-20 ANNUAL DATA VALUES
21-28 WINTER HALF YEAR DATA VALUES
29-36 SUMMER HALF YEAR DATA VALUES
37-44 WINTER (DJF) DATA VALUES
45-52 SPRING (MAM) DATA VALUES
53-60 SUMMER (JJA) DATA VALUES
61-68 AUTUMN (SON) DATA VALUES
69-76 JANUARY DATA VALUES
etc. 
157-164 DECEMBER DATA VALUES

803    1956 932     -999999 1469    -999999 969     1617    1043    440     -732    663     829     1412    1455    1755    1635    1716    1005    410     511     
803    1957 1057    646     1474    479     972     1800    1072    195     757     999     880     1035    1714    1904    1779    1524    1100    590     195     
803    1958 1079    569     1557    402     904     1788    1120    359     680     499     745     1463    1597    1840    1921    1758    1054    550     452     
803    1959 1177    629     1646    417     1111    1890    1217    332     474     897     1065    1370    1727    2089    1847    1763    1199    689     615     
803    1960 1070    691     1501    469     1064    1740    1132    235     563     837     893     1455    1740    1691    1789    1421    1128    845     229     
803    1961 1162    677     1625    452     1067    1759    1301    343     819     714     1284    1209    1730    1785    1760    1988    1261    654     390     
803    1962 961     569     1476    373     818     1740    1034    474     243     362     907     1187    1501    1771    1939    1534    1108    458     -1      
803    1963 918     284     1475    -210    948     1740    1179    -407    -224    728     952     1164    1634    1888    1693    1505    1086    949     -21     
803    1964 1050    520     1629    154     1022    1847    1103    -35     543     610     1008    1446    1725    1987    1824    1773    900     644     170     
803    1965 1027    460     1446    179     909     1734    1126    338     14      658     849     1219    1718    1777    1706    1395    1272    706     592     
803    1966 1087    688     1538    551     981     1694    1145    241     850     485     1115    1348    1707    1673    1703    1680    1306    445     494     
803    1967 1062    641     1490    427     952     1776    1218    273     525     784     818     1250    1517    2018    1786    1530    1419    698     85      
803    1968 1025    593     1442    262     938     1663    1174    274     439     637     1007    1171    1560    1761    1665    1475    1372    667     254     
803    1969 1025    614     1512    308     991     1729    1160    450     212     692     915     1363    1475    1926    1779    1597    1217    663     -49     
803    1970 1033    515     1524    258     818     1822    1190    376     466     415     777     1260    1825    1771    1870    1630    1068    874     45      
803    1971 999     446     1557    161     895     1812    1021    177     273     238     1035    1416    1571    1966    1892    1438    1191    427     312     
803    1972 1003    613     1367    428     928     1661    978     357     629     758     846     1178    1465    1802    1709    1183    992     761     336     
803    1973 1022    509     1571    267     876     1870    1079    207     258     487     697     1437    1700    1829    2077    1668    946     629     281     
803    1974 1074    628     1475    466     960     1751    985     632     489     776     897     1205    1572    1771    1905    1483    707     776     639     
803    1975 1030    615     1518    567     857     1803    1077    624     424     507     872     1193    1543    1837    2021    1625    975     635     62      
803    1976 1070    508     1575    295     923     1918    1063    296     541     547     848     1371    1875    2047    1831    1459    1169    556     279     
803    1977 1084    677     1406    477     985     1668    1131    443     733     886     829     1233    1547    1793    1659    1359    1347    680     472     
803    1978 1027    667     1419    414     893     1681    1048    300     478     708     770     1195    1560    1786    1693    1497    1096    550     646     
803    1979 1045    583     1490    360     961     1751    1145    -9      451     752     852     1274    1707    1831    1715    1550    1304    577     498     
803    1980 980     645     1447    458     841     1694    1050    198     694     601     768     1150    1501    1682    1892    1676    1049    425     119     
803    1981 1062    503     1504    161     1118    1700    1128    200     165     1021    1033    1297    1535    1781    1778    1587    1188    607     485     
803    1982 1161    669     1613    545     915     1900    1276    598     553     570     818     1353    1828    2067    1802    1797    1156    881     475     
803    1983 1108    650     1632    388     939     1991    1143    475     196     679     925     1213    1764    2292    1908    1671    1134    626     344     
803    1984 1032    546     1435    347     782     1749    1230    420     272     463     831     1054    1559    1895    1787    1471    1179    1041    388     
803    1985 1018    544     1587    169     933     1819    1097    -254    396     515     1065    1224    1582    2017    1849    1773    1194    320     491     
803    1986 1088    524     1543    314     939     1838    1253    425     -5      663     695     1451    1741    1942    1826    1584    1365    805     476     
803    1987 1076    543     1620    181     924     1842    1328    -287    373     518     1099    1162    1606    1964    1949    1935    1354    694     512     
803    1988 1147    750     1592    577     1097    1804    1121    739     473     705     1129    1457    1631    1841    1935    1544    1302    509     467     
803    1989 1134    689     1559    447     1105    1815    1141    326     560     948     857     1503    1568    1986    1884    1535    1291    591     502     
803    1990 1155    761     1575    615     1066    1855    1182    424     951     818     813     1558    1634    1920    2005    1492    1327    721     179     
803    1991 1067    633     1574    241     956     1920    1146    364     174     989     808     1065    1635    2046    2068    1804    1000    638     142     
803    1992 1111    491     1627    190     1073    1889    1167    68      372     721     956     1539    1617    1952    2091    1582    972     953     489     
803    1993 1109    648     1607    428     1080    1853    1002    544     231     666     1105    1469    1800    1847    1910    1496    1090    418     653     
803    1994 1253    706     1668    568     1121    2023    1287    486     564     1004    892     1458    1761    2211    2087    1571    1265    1026    647     
803    1995 1166    808     1581    634     1006    1901    1215    474     796     645     972     1398    1594    2138    1960    1396    1584    653     347     
803    1996 1050    669     1508    395     958     1819    1030    558     270     575     987     1315    1751    1876    1827    1278    1158    649     318     
803    1997 1187    649     1643    393     1086    1935    1233    142     753     882     891     1479    1684    1886    2228    1665    1148    888     573     
803    1998 1115    724     1606    519     1055    1884    1038    451     533     738     973     1451    1753    1959    1936    1544    1162    404     421     
803    1999 1176    624     1695    435     1173    1880    1190    512     364     847     1038    1631    1608    2019    2004    1850    1229    490     454     
803    2000 1211    635     1658    454     1107    1875    1280    273     648     715     1035    1569    1832    1765    2026    1705    1237    900     806     
803    2001 1139    854     1578    647     1143    1897    1103    592     532     1026    881     1513    1647    1981    2054    1365    1525    405     81      
803    2002 1202    684     1574    417     1066    1886    1203    444     761     887     979     1328    1889    1887    1881    1467    1229    912     735     
803    2003 1228    711     1846    413     1147    2293    1155    171     325     865     1069    1504    2326    2134    2420    1605    1056    806     393     
803    2004 1119    620     1591    411     930     1899    1241    437     402     614     932     1245    1815    1894    1987    1664    1431    621     355     
803    2005 1151    614     1691    286     1110    1947    1299    334     157     739     1120    1471    1977    2043    1821    1706    1590    591     188     
803    2006 1233    614     1760    228     1112    2024    1471    253     245     778     1031    1525    1930    2376    1764    1919    1573    917     415     
803    2007 1182    835     1684    584     1245    1886    1051    569     786     747     1388    1604    1885    1936    1837    1450    1146    555     285     
803    2008 1161    655     1633    505     1115    1907    1109    597     641     705     1010    1628    1817    1955    1944    1423    1166    735     283     
803    2009 1191    561     1743    257     1159    1996    1275    145     352     673     1188    1617    1804    2065    2113    1653    1167    1008    459     
803    2010 1087    641     1632    315     1044    1961    1128    102     392     711     1124    1287    1771    2166    1941    1487    1133    763     113     
803    2011 -999999 609     -999999 313     -999999 -999999 -999999 332     514     794     1310    -999999 -999999 -999999 -999999 -999999 -999999 -999999 -999999 
