EUROPEAN CLIMATE ASSESSMENT & DATASET (ECA&D), file created on: 10-05-2011
THESE DATA CAN BE USED FREELY PROVIDED THAT THE FOLLOWING SOURCE IS ACKNOWLEDGED: 

Klein Tank, A.M.G. and Coauthors, 2002. Daily dataset of 20th-century surface
air temperature and precipitation series for the European Climate Assessment.
Int. J. of Climatol., 22, 1441-1453.
Data and metadata available at http://eca.knmi.nl

FILE FORMAT (MISSING VALUE CODE = -999999):

THIS FILE HOLDS DATA FOR STATION RUSSIAN FEDERATION                       MOSCOW                                   (STAID:     87)
LATITUDE: dd:mm:ss +55:49:59
LONGITUDE: ddd:mm:ss +037:37:00
ELEVATION: m  156

DATA IS FOR INDEX Mean of daily mean temperature (TG) with unit 0.01 Temperature (&#176;C)

01-06 SOUID: Source identifier
08-11 YEAR : YYYY
13-20 ANNUAL DATA VALUES
21-28 WINTER HALF YEAR DATA VALUES
29-36 SUMMER HALF YEAR DATA VALUES
37-44 WINTER (DJF) DATA VALUES
45-52 SPRING (MAM) DATA VALUES
53-60 SUMMER (JJA) DATA VALUES
61-68 AUTUMN (SON) DATA VALUES
69-76 JANUARY DATA VALUES
etc. 
157-164 DECEMBER DATA VALUES

87     1948 -999999 -999999 -999999 -999999 -999999 1791    463     -999999 -999999 -999999 -999999 -999999 2017    1628    1735    1077    456     -145    -455    
87     1949 573     -246    1362    -512    559     1682    529     -367    -734    -278    428     1523    1697    1743    1607    1151    480     -42     -432    
87     1950 420     -448    1304    -980    615     1513    543     -1802   -676    -223    904     1174    1512    1618    1408    1199    475     -43     -550    
87     1951 452     -484    1415    -989    468     1821    331     -1214   -1226   -400    840     974     1771    1859    1833    1199    278     -481    -125    
87     1952 472     -390    1332    -410    211     1735    496     -414    -710    -911    517     1036    1734    1787    1685    1214    393     -113    -588    
87     1953 452     -514    1410    -1047   539     1850    424     -1040   -1561   -261    718     1165    1919    1903    1729    1005    579     -316    -563    
87     1954 461     -567    1447    -1122   418     1945    549     -1431   -1400   -343    303     1288    1896    2103    1835    1229    574     -157    -497    
87     1955 417     -304    1284    -600    245     1699    620     -631    -679    -466    147     1051    1510    1791    1792    1386    771     -302    -1431   
87     1956 304     -700    1226    -1449   367     1675    266     -1092   -1850   -360    394     1066    2057    1519    1463    842     467     -518    -425    
87     1957 586     -316    1409    -409    490     1698    555     -604    -176    -632    664     1444    1524    1855    1709    1231    524     -89     -462    
87     1958 443     -344    1262    -638    375     1633    479     -693    -771    -608    406     1329    1489    1837    1570    908     604     -79     -764    
87     1959 469     -223    1350    -583    555     1813    180     -434    -549    -143    663     1149    1689    2054    1693    825     223     -511    -1099   
87     1960 492     -605    1374    -937    372     1856    283     -935    -765    -548    505     1163    1849    2101    1619    980     234     -362    17      
87     1961 589     -154    1361    -280    555     1845    493     -617    -234    25      431     1206    1917    1937    1683    969     659     -155    -807    
87     1962 518     -302    1275    -613    524     1492    620     -425    -606    -501    759     1323    1351    1636    1483    1079    645     134     -735    
87     1963 389     -580    1416    -1115   383     1686    621     -1593   -1006   -943    389     1702    1354    1913    1780    1322    565     -22     -875    
87     1964 505     -456    1379    -891    317     1832    548     -807    -998    -619    421     1153    1898    1999    1601    1181    689     -231    -286    
87     1965 402     -343    1230    -740    299     1614    365     -953    -1007   -330    252     974     1602    1666    1574    1292    381     -579    -149    
87     1966 527     -357    1439    -660    804     1748    492     -966    -886    1       872     1542    1654    1921    1665    954     609     -90     -1053   
87     1967 536     -482    1462    -1167   797     1752    695     -1392   -1044   34      657     1695    1645    1771    1836    1135    900     42      -958    
87     1968 430     -414    1352    -1120   580     1724    373     -1555   -827    -100    602     1238    1833    1573    1771    1079    295     -253    -532    
87     1969 317     -682    1276    -1158   337     1635    556     -1617   -1344   -691    597     1113    1474    1780    1645    1022    469     179     -916    
87     1970 483     -400    1353    -932    519     1715    489     -1037   -833    -285    583     1260    1582    1932    1626    1109    539     -182    -589    
87     1971 490     -315    1304    -618    415     1686    444     -354    -942    -416    383     1277    1638    1747    1673    1078    322     -63     -565    
87     1972 593     -464    1530    -935    530     2069    532     -1487   -740    -254    588     1257    1898    2241    2063    1098    517     -19     -91     
87     1973 521     -174    1352    -490    669     1737    310     -1025   -339    -102    788     1325    1824    1798    1591    763     372     -206    -586    
87     1974 607     -281    1280    -599    415     1684    786     -1022   -146    -62     340     964     1645    1818    1587    1310    868     178     -234    
87     1975 662     -2      1513    -406    897     1709    481     -367    -639    124     1007    1564    1778    1850    1502    1366    409     -330    -403    
87     1976 328     -485    1180    -919    469     1478    259     -1224   -1146   -256    572     1093    1371    1610    1450    965     -95     -80     -369    
87     1977 509     -396    1374    -712    680     1715    476     -1125   -633    -85     703     1423    1684    1876    1583    951     310     173     -817    
87     1978 388     -321    1192    -828    517     1549    500     -727    -950    39      461     1049    1431    1635    1577    972     334     200     -1451   
87     1979 513     -478    1387    -1117   655     1692    487     -995    -883    -88     331     1711    1715    1667    1694    1173    384     -91     -566    
87     1980 407     -459    1244    -806    258     1658    457     -1131   -715    -637    585     837     1787    1720    1471    1054    519     -204    -425    
87     1981 650     -238    1453    -485    476     1957    603     -539    -491    -314    334     1402    1981    2151    1740    1082    781     -58     -351    
87     1982 536     -256    1304    -744    556     1633    593     -1016   -879    -65     534     1198    1386    1840    1665    1175    406     203     -114    
87     1983 634     -114    1434    -390    782     1619    572     -397    -688    -140    929     1561    1455    1794    1603    1241    620     -147    -318    
87     1984 512     -250    1406    -586    702     1610    524     -441    -1027   -235    747     1597    1559    1757    1513    1241    680     -354    -959    
87     1985 412     -544    1321    -1111   508     1686    431     -1001   -1401   -307    535     1297    1466    1644    1942    1012    607     -333    -654    
87     1986 498     -383    1368    -878    683     1764    422     -673    -1354   16      668     1365    1863    1780    1652    858     417     -9      -745    
87     1987 324     -539    1242    -1048   345     1652    300     -1751   -606    -531    281     1283    1774    1676    1509    905     359     -365    -698    
87     1988 564     -354    1472    -679    608     1919    391     -724    -611    -99     535     1385    1953    2159    1647    1128    487     -444    -694    
87     1989 716     -118    1481    -327    768     1847    496     -211    -50     199     766     1340    2005    1916    1625    1218    533     -263    -529    
87     1990 629     -100    1274    -366    696     1602    498     -567    38      198     812     1080    1451    1754    1595    932     536     25      -339    
87     1991 621     -192    1409    -540    639     1764    616     -624    -668    -122    703     1339    1878    1808    1609    1097    654     97      -397    
87     1992 594     -70     1397    -452    625     1780    423     -527    -431    165     514     1193    1669    1862    1804    1315    215     -253    -440    
87     1993 473     -263    1240    -455    610     1567    121     -442    -488    -193    573     1449    1402    1751    1543    687     465     -800    -361    
87     1994 472     -396    1314    -594    469     1601    536     -342    -1130   -293    723     985     1455    1756    1587    1368    496     -253    -795    
87     1995 658     -196    1509    -502    805     1799    558     -587    -85     59      912     1447    1968    1755    1679    1282    668     -282    -951    
87     1996 544     -469    1417    -974    635     1758    659     -1002   -969    -305    640     1570    1653    1890    1727    988     605     386     -702    
87     1997 505     -172    1303    -654    494     1789    379     -773    -468    -93     465     1109    1783    1873    1712    852     370     -84     -751    
87     1998 513     -300    1380    -659    542     1808    280     -473    -764    -136    390     1367    1998    1885    1546    1070    565     -803    -587    
87     1999 663     -325    1494    -554    578     1983    477     -458    -625    -84     968     861     2142    2172    1640    1177    737     -493    -171    
87     2000 663     -143    1408    -353    703     1745    574     -611    -270    -70     1111    1083    1624    1933    1675    1004    718     -5      -263    
87     2001 596     -144    1513    -463    665     1876    548     -431    -719    -213    1097    1125    1627    2297    1696    1219    481     -53     -1058   
87     2002 623     -157    1487    -541    738     1902    435     -475    -43     223     718     1273    1731    2264    1704    1203    255     -148    -1256   
87     2003 575     -500    1373    -955    584     1685    601     -735    -865    -273    467     1554    1282    2064    1695    1133    557     115     -206    
87     2004 589     -119    1351    -514    578     1759    551     -646    -701    135     456     1141    1528    1902    1838    1213    594     -156    -294    
87     2005 624     -265    1480    -481    529     1783    683     -300    -890    -603    712     1483    1651    1931    1764    1312    602     137     -415    
87     2006 567     -397    1427    -928    490     1790    703     -1079   -1331   -372    602     1243    1820    1798    1754    1330    700     77      118     
87     2007 725     30      1507    -363    874     1886    563     -161    -1101   440     585     1586    1742    1893    2019    1183    698     -197    -173    
87     2008 735     -35     1402    -307    750     1745    740     -586    -148    182     945     1129    1564    1915    1749    1090    893     232     -173    
87     2009 -999999 -26     1412    -427    604     1734    749     -558    -567    -43     502     1350    1734    1881    1598    1420    595     220     -639    
87     2010 658     -367    1718    -977    800     2193    618     -1434   -846    -106    832     1675    1868    2557    2145    1190    405     266     -749    
87     2011 -999999 -338    -999999 -856    -999999 -999999 -999999 -735    -1104   -178    668     -999999 -999999 -999999 -999999 -999999 -999999 -999999 -999999 
