EUROPEAN CLIMATE ASSESSMENT & DATASET (ECA&D), file created on: 10-05-2011
THESE DATA CAN BE USED FREELY PROVIDED THAT THE FOLLOWING SOURCE IS ACKNOWLEDGED: 

Klein Tank, A.M.G. and Coauthors, 2002. Daily dataset of 20th-century surface
air temperature and precipitation series for the European Climate Assessment.
Int. J. of Climatol., 22, 1441-1453.
Data and metadata available at http://eca.knmi.nl

FILE FORMAT (MISSING VALUE CODE = -999999):

THIS FILE HOLDS DATA FOR STATION FRANCE                                   TARBES                                   (STAID:    756)
LATITUDE: dd:mm:ss +43:11:12
LONGITUDE: ddd:mm:ss -000:00:18
ELEVATION: m  360

DATA IS FOR INDEX Mean of daily mean temperature (TG) with unit 0.01 Temperature (&#176;C)

01-06 SOUID: Source identifier
08-11 YEAR : YYYY
13-20 ANNUAL DATA VALUES
21-28 WINTER HALF YEAR DATA VALUES
29-36 SUMMER HALF YEAR DATA VALUES
37-44 WINTER (DJF) DATA VALUES
45-52 SPRING (MAM) DATA VALUES
53-60 SUMMER (JJA) DATA VALUES
61-68 AUTUMN (SON) DATA VALUES
69-76 JANUARY DATA VALUES
etc. 
157-164 DECEMBER DATA VALUES

756    1958 1209    -999999 1621    -999999 1031    1792    1327    487     844     732     864     1491    1641    1830    1899    1992    1226    765     712     
756    1959 1246    820     1653    643     1154    1895    1276    583     634     977     1070    1412    1723    2036    1919    1747    1319    759     725     
756    1960 1165    832     1562    650     1163    1769    1187    496     735     951     1006    1527    1797    1745    1764    1522    1129    912     386     
756    1961 1267    802     1654    599     1195    1793    1329    495     950     958     1237    1390    1730    1838    1808    1919    1344    724     803     
756    1962 1134    762     1596    623     965     1832    1274    613     436     617     1005    1275    1642    1874    1973    1795    1425    598     304     
756    1963 1086    612     1504    269     1031    1729    1286    208     299     811     1037    1245    1649    1887    1649    1550    1287    1020    340     
756    1964 1190    721     1711    429     1105    1893    1301    365     592     722     1044    1545    1681    2057    1934    1991    1099    820     414     
756    1965 1134    653     1499    374     1049    1745    1239    488     202     857     952     1336    1660    1768    1804    1460    1403    849     753     
756    1966 1204    882     1590    775     1056    1742    1265    639     950     705     1143    1324    1698    1722    1806    1848    1294    653     660     
756    1967 1182    775     1573    591     1064    1833    1352    513     603     909     956     1324    1601    2015    1875    1649    1528    871     299     
756    1968 1197    775     1546    507     1010    1773    1382    577     654     714     1102    1216    1631    1861    1823    1632    1576    931     625     
756    1969 1132    824     1547    528     1062    1785    1230    601     340     824     985     1374    1506    2005    1836    1558    1374    755     363     
756    1970 1163    708     1594    526     898     1851    1380    634     589     522     857     1315    1787    1866    1898    1834    1199    1112    317     
756    1971 1147    688     1613    477     963     1828    1228    578     541     382     1153    1362    1504    2053    1917    1675    1465    535     549     
756    1972 1080    742     1394    533     952     1654    1159    413     644     832     887     1135    1410    1845    1701    1371    1208    897     595     
756    1973 1139    692     1611    472     978     1874    1249    424     390     616     861     1451    1665    1855    2097    1719    1195    834     505     
756    1974 1164    774     1554    610     1024    1831    1101    711     616     767     969     1334    1709    1873    1907    1518    875     918     735     
756    1975 1175    769     1594    737     943     1893    1246    754     719     616     983     1233    1635    2005    2030    1665    1300    770     356     
756    1976 1187    730     1642    491     1034    1994    1156    449     681     821     926     1353    2013    2025    1945    1575    1196    695     543     
756    1977 1173    796     1452    644     1019    1652    1295    518     894     935     970     1150    1532    1706    1713    1631    1449    798     754     
756    1978 1176    845     1529    644     1001    1766    1283    439     749     868     865     1267    1581    1831    1880    1736    1277    837     752     
756    1979 1171    797     1538    618     978     1794    1272    477     626     795     870     1265    1631    1941    1806    1700    1340    773     790     
756    1980 1129    820     1513    686     936     1731    1285    526     746     739     861     1205    1492    1749    1944    1819    1221    819     424     
756    1981 1222    752     1594    447     1171    1809    1337    503     410     1105    1092    1313    1696    1778    1949    1726    1327    959     749     
756    1982 1270    886     1666    756     1069    1897    1368    812     703     749     1039    1418    1823    2062    1805    1839    1262    1008    685     
756    1983 1268    819     1687    596     1049    2008    1419    646     441     840     1054    1253    1841    2220    1959    1786    1375    1097    645     
756    1984 1166    800     1562    566     948     1864    1297    610     434     627     1165    1060    1690    2021    1875    1553    1294    1044    595     
756    1985 1214    751     1680    506     1011    1886    1417    92      865     639     1149    1249    1676    2105    1870    2023    1577    648     667     
756    1986 1204    790     1582    556     996     1853    1370    576     412     822     709     1447    1687    1960    1907    1760    1482    865     755     
756    1987 1228    792     1680    523     1107    1848    1412    251     569     812     1245    1270    1617    1898    2020    2026    1357    854     780     
756    1988 1231    849     1638    714     1073    1888    1328    778     576     732     1102    1388    1686    1922    2049    1668    1423    889     533     
756    1989 1318    846     1700    575     1205    1990    1345    489     718     1012    861     1730    1848    2084    2035    1618    1400    1016    949     
756    1990 1316    1019    1739    902     1202    1981    1380    680     1097    982     969     1647    1725    2066    2144    1861    1418    859     326     
756    1991 1206    781     1645    450     1062    1920    1299    473     562     1027    922     1233    1601    1968    2180    1949    1115    839     552     
756    1992 1234    721     1658    516     1171    1872    1313    352     652     817     1047    1645    1529    1977    2100    1627    1143    1173    725     
756    1993 1220    862     1621    661     1140    1861    1162    740     503     865     1070    1484    1797    1820    1963    1579    1120    788     849     
756    1994 1324    868     1684    725     1163    2039    1392    605     720     1110    885     1485    1789    2175    2145    1598    1425    1151    746     
756    1995 1314    928     1688    728     1123    1993    1404    569     885     796     1047    1523    1707    2177    2086    1560    1652    990     740     
756    1996 1235    921     1637    676     1133    1902    1267    803     473     839     1141    1418    1872    1983    1851    1544    1337    919     608     
756    1997 1381    933     1754    719     1343    1916    1493    577     1000    1163    1248    1617    1697    1855    2188    1908    1547    1021    731     
756    1998 1274    976     1665    757     1168    1916    1272    671     882     998     990     1509    1747    1938    2056    1732    1316    765     646     
756    1999 1270    812     1743    616     1230    1943    1293    679     512     923     1121    1643    1778    2018    2029    1856    1381    639     595     
756    2000 1270    789     1686    620     1176    1882    1317    404     878     837     1079    1610    1814    1869    1961    1769    1284    900     833     
756    2001 1253    925     1654    722     1236    1946    1277    690     636     1181    1021    1500    1840    1936    2062    1561    1629    640     321     
756    2002 1287    840     1615    588     1168    1857    1341    667     795     1005    1125    1375    1864    1880    1827    1612    1423    984     857     
756    2003 1374    886     1917    597     1285    2295    1353    447     469     1087    1242    1523    2238    2170    2477    1835    1234    995     675     
756    2004 1267    824     1709    666     1039    2015    1361    672     650     713     984     1419    2004    1989    2051    1798    1526    754     625     
756    2005 -999999 -999999 -999999 485     1203    2020    1323    515     282     907     1118    1584    2059    2083    1913    1712    1495    757     375     
756    2006 -999999 762     -999999 408     1309    2063    1577    433     417     1053    1198    1672    1963    2344    1867    1947    1634    1147    594     
756    2007 1260    951     1703    696     1224    1908    1213    634     879     821     1337    1522    1830    1953    1940    1611    1312    717     549     
756    2008 1282    -999999 1685    735     1197    1913    1263    775     891     860     1141    1565    1823    1949    1961    1661    1322    805     601     
756    2009 -999999 790     -999999 572     1180    2065    1495    516     600     877     1086    1596    1969    2074    2146    1827    1506    1126    659     
756    2010 -999999 -999999 1717    566     1146    1984    1287    478     563     844     1240    1356    1791    2145    2011    1723    1286    852     447     
756    2011 -999999 800     -999999 567     -999999 -999999 -999999 503     769     939     1460    -999999 -999999 -999999 -999999 -999999 -999999 -999999 -999999 
