EUROPEAN CLIMATE ASSESSMENT & DATASET (ECA&D), file created on: 10-05-2011
THESE DATA CAN BE USED FREELY PROVIDED THAT THE FOLLOWING SOURCE IS ACKNOWLEDGED: 

Klein Tank, A.M.G. and Coauthors, 2002. Daily dataset of 20th-century surface
air temperature and precipitation series for the European Climate Assessment.
Int. J. of Climatol., 22, 1441-1453.
Data and metadata available at http://eca.knmi.nl

FILE FORMAT (MISSING VALUE CODE = -999999):

THIS FILE HOLDS DATA FOR STATION FRANCE                                   PTE DE LA HAGUE                          (STAID:    793)
LATITUDE: dd:mm:ss +49:43:36
LONGITUDE: ddd:mm:ss -001:56:24
ELEVATION: m    3

DATA IS FOR INDEX Mean of daily mean temperature (TG) with unit 0.01 Temperature (&#176;C)

01-06 SOUID: Source identifier
08-11 YEAR : YYYY
13-20 ANNUAL DATA VALUES
21-28 WINTER HALF YEAR DATA VALUES
29-36 SUMMER HALF YEAR DATA VALUES
37-44 WINTER (DJF) DATA VALUES
45-52 SPRING (MAM) DATA VALUES
53-60 SUMMER (JJA) DATA VALUES
61-68 AUTUMN (SON) DATA VALUES
69-76 JANUARY DATA VALUES
etc. 
157-164 DECEMBER DATA VALUES

793    1962 1091    -999999 1357    -999999 842     1541    1288    738     683     548     882     1097    1385    1603    1631    1533    1380    948     638     
793    1963 1004    690     1300    359     866     1475    1319    204     222     712     838     1046    1350    1530    1541    1489    1325    1143    595     
793    1964 1128    827     1439    612     949     1598    1291    564     682     652     934     1261    1446    1637    1705    1643    1188    1046    767     
793    1965 1101    826     1343    665     927     1519    1243    698     515     716     882     1180    1369    1542    1640    1435    1407    881     893     
793    1966 1181    921     1434    789     1039    1569    1305    593     893     857     1056    1205    1503    1572    1628    1634    1351    928     933     
793    1967 1156    928     1399    805     978     1585    1298    742     733     859     899     1172    1409    1662    1678    1566    1359    965     793     
793    1968 1117    872     1361    698     934     1530    1340    741     550     805     919     1077    1392    1571    1623    1577    1474    963     688     
793    1969 1151    868     1413    684     943     1573    1388    821     527     706     922     1201    1390    1622    1701    1632    1540    987     714     
793    1970 1098    877     1332    707     841     1496    1341    750     650     602     792     1128    1390    1515    1580    1578    1313    1132    716     
793    1971 1139    867     1388    700     901     1547    1358    700     681     648     892     1162    1300    1633    1701    1628    1434    1009    846     
793    1972 1103    922     1313    746     978     1446    1245    665     724     841     967     1125    1268    1476    1587    1449    1303    981     831     
793    1973 1138    878     1391    731     938     1568    1303    684     672     783     841     1188    1428    1558    1715    1604    1279    1027    845     
793    1974 1136    915     1360    811     952     1542    1175    802     782     748     957     1150    1406    1574    1640    1424    1084    1021    1016    
793    1975 1165    927     1404    917     873     1640    1298    938     785     709     846     1063    1439    1670    1805    1588    1278    1029    799     
793    1976 1151    878     1455    753     912     1703    1293    800     652     698     840     1195    1555    1759    1791    1576    1322    980     620     
793    1977 1102    857     1290    657     928     1443    1311    604     756     856     842     1084    1250    1526    1545    1480    1445    1004    801     
793    1978 1099    881     1300    671     897     1455    1377    647     555     805     775     1107    1333    1465    1564    1547    1434    1148    774     
793    1979 1086    826     1329    554     868     1506    1356    417     462     695     876     1034    1330    1568    1614    1544    1436    1086    929     
793    1980 1124    925     1403    768     946     1550    1261    561     816     716     989     1135    1424    1545    1678    1644    1232    908     835     
793    1981 1130    881     1379    736     993     1528    1312    785     571     925     891     1161    1352    1554    1671    1639    1228    1072    672     
793    1982 1165    858     1427    697     956     1598    1355    720     699     751     932     1183    1474    1639    1676    1652    1302    1113    813     
793    1983 1164    913     1418    745     933     1641    1327    878     521     817     853     1125    1443    1741    1733    1602    1310    1070    821     
793    1984 1128    880     1368    735     859     1579    1347    744     635     688     888     1003    1369    1625    1735    1578    1343    1119    793     
793    1985 1083    808     1373    567     907     1530    1267    406     496     672     947     1103    1347    1609    1627    1597    1342    861     941     
793    1986 1068    804     1290    641     845     1498    1291    727     215     680     717     1133    1392    1565    1533    1389    1396    1085    913     
793    1987 1077    814     1394    590     904     1549    1297    289     566     619     1004    1092    1339    1603    1699    1620    1281    992     787     
793    1988 1160    901     1384    772     989     1541    1271    811     716     813     938     1215    1421    1581    1617    1524    1352    934     972     
793    1989 1247    969     1491    856     1037    1690    1431    785     807     949     885     1273    1482    1752    1830    1713    1516    1060    870     
793    1990 1234    1047    1451    897     1076    1631    1366    870     956     1000    946     1278    1434    1660    1797    1589    1479    1026    763     
793    1991 1106    880     1370    614     963     1529    1316    623     441     908     915     1063    1303    1593    1684    1653    1291    1005    738     
793    1992 1169    883     1437    706     1037    1614    1284    656     726     873     941     1295    1496    1656    1687    1536    1181    1138    823     
793    1993 1142    925     1412    794     1051    1557    1129    889     656     845     1040    1266    1461    1589    1619    1489    1157    741     909     
793    1994 1222    890     1427    828     1033    1625    1361    844     721     947     964     1185    1444    1719    1708    1532    1297    1257    1013    
793    1995 1242    1020    1500    915     1029    1702    1420    798     935     816     981     1287    1475    1735    1888    1620    1554    1080    714     
793    1996 1144    902     1421    695     911     1637    1331    785     578     686     981     1068    1498    1643    1766    1560    1433    997     705     
793    1997 1224    897     1489    667     1060    1667    1419    491     821     931     986     1261    1500    1645    1849    1683    1419    1156    918     
793    1998 1228    1021    1483    858     1097    1636    1325    786     872     965     979     1344    1523    1644    1738    1659    1383    932     887     
793    1999 1270    962     1543    846     1113    1689    1418    872     773     906     1071    1361    1492    1772    1796    1757    1385    1112    900     
793    2000 1221    991     1464    845     1023    1637    1365    764     874     905     951     1211    1504    1631    1772    1706    1347    1042    939     
793    2001 1236    948     1492    810     1037    1686    1449    719     768     861     997     1253    1527    1724    1802    1641    1588    1113    805     
793    2002 1276    1041    1508    856     1127    1643    1427    832     941     960     1087    1332    1517    1646    1762    1700    1406    1178    934     
793    2003 1243    976     1551    789     1063    1767    1374    728     694     893     1039    1256    1619    1786    1892    1705    1267    1154    846     
793    2004 1240    948     1509    820     1027    1694    1404    843     767     807     1026    1249    1598    1662    1820    1694    1390    1126    888     
793    2005 -999999 -999999 -999999 826     -999999 -999999 1467    918     665     829     -999999 1246    -999999 1770    1794    1740    1595    1060    805     
793    2006 -999999 917     1506    704     979     1683    1525    690     607     714     961     1253    1488    1791    1764    1779    1605    1196    962     
793    2007 1264    -999999 1486    -999999 1116    1633    1369    979     940     922     1124    1302    1546    1654    1697    1589    1371    1147    853     
793    2008 1217    997     1468    856     1072    1640    1330    922     789     890     967     1354    1491    1687    1736    1562    1314    1115    755     
793    2009 -999999 885     -999999 681     1029    -999999 1453    612     674     827     1049    1211    -999999 1694    1751    1671    1475    1212    -999999 
793    2010 -999999 -999999 1432    -999999 958     1626    1322    534     654     790     964     1121    1408    1736    1727    1630    1374    962     538     
793    2011 -999999 -999999 -999999 704     -999999 -999999 -999999 724     841     801     1124    -999999 -999999 -999999 -999999 -999999 -999999 -999999 -999999 
