EUROPEAN CLIMATE ASSESSMENT & DATASET (ECA&D), file created on: 10-05-2011
THESE DATA CAN BE USED FREELY PROVIDED THAT THE FOLLOWING SOURCE IS ACKNOWLEDGED: 

Klein Tank, A.M.G. and Coauthors, 2002. Daily dataset of 20th-century surface
air temperature and precipitation series for the European Climate Assessment.
Int. J. of Climatol., 22, 1441-1453.
Data and metadata available at http://eca.knmi.nl

FILE FORMAT (MISSING VALUE CODE = -999999):

THIS FILE HOLDS DATA FOR STATION ROMANIA                                  DROBETA TURNU SEVERIN                    (STAID:    223)
LATITUDE: dd:mm:ss +44:37:59
LONGITUDE: ddd:mm:ss +022:37:59
ELEVATION: m   77

DATA IS FOR INDEX Mean of daily mean temperature (TG) with unit 0.01 Temperature (&#176;C)

01-06 SOUID: Source identifier
08-11 YEAR : YYYY
13-20 ANNUAL DATA VALUES
21-28 WINTER HALF YEAR DATA VALUES
29-36 SUMMER HALF YEAR DATA VALUES
37-44 WINTER (DJF) DATA VALUES
45-52 SPRING (MAM) DATA VALUES
53-60 SUMMER (JJA) DATA VALUES
61-68 AUTUMN (SON) DATA VALUES
69-76 JANUARY DATA VALUES
etc. 
157-164 DECEMBER DATA VALUES

223    1896 1432    -999999 2189    -999999 1355    2603    1632    -88     308     1016    1140    1901    2364    2718    2721    2266    1923    697     165     
223    1897 1400    730     2204    225     1478    2514    1358    4       537     1036    1504    1895    2348    2590    2599    2275    1360    440     165     
223    1898 1484    591     2202    270     1488    2493    1563    286     369     899     1541    2028    2402    2506    2570    2152    1564    973     444     
223    1899 1464    833     2211    562     1489    2444    1530    507     754     751     1637    2085    2243    2638    2445    2201    1513    875     -112    
223    1900 1457    578     2178    165     1290    2545    1576    64      583     553     1367    1953    2376    2715    2538    2093    1699    933     553     
223    1901 1464    755     2230    269     1571    2543    1433    -17     271     1051    1570    2092    2483    2648    2495    2074    1452    772     597     
223    1902 1412    787     2188    524     1397    2560    1384    518     448     901     1440    1851    2355    2662    2658    2144    1477    528     -110    
223    1903 1564    692     2219    320     1511    2526    1692    281     840     1143    1353    2033    2264    2623    2681    2338    1732    1003    425     
223    1904 1459    754     2273    358     1415    2715    1327    22      644     700     1458    2090    2499    2858    2782    1923    1551    499     448     
223    1905 1474    558     2369    196     1377    2761    1546    -108    254     671     1368    2092    2442    2870    2960    2454    1195    1002    408     
223    1906 1445    708     2193    315     1560    2515    1436    158     387     1077    1580    2024    2339    2673    2526    1992    1341    979     195     
223    1907 1430    478     2270    10      1331    2632    1613    -129    -41     491     1094    2399    2445    2699    2747    2199    1920    709     513     
223    1908 1478    768     2332    371     1541    2673    1365    69      542     837     1391    2391    2677    2695    2648    2168    1486    437     356     
223    1909 1432    437     2321    -24     1439    2673    1601    -255    -189    725     1623    1974    2465    2720    2829    2294    1709    796     382     
223    1910 1485    810     2223    467     1436    2614    1394    361     680     918     1413    1977    2415    2635    2787    2084    1357    743     398     
223    1911 1484    641     2219    318     1391    2576    1637    388     151     762     1428    1984    2440    2670    2615    2159    1638    1114    368     
223    1912 1399    795     2128    248     1487    2603    1178    -150    546     1246    1207    2000    2649    2637    2523    1725    1136    674     556     
223    1913 1435    670     2088    298     1574    2307    1558    118     214     1277    1501    1940    2312    2298    2311    2154    1576    944     489     
223    1914 1326    679     2131    156     1535    2423    1238    -141    117     1043    1586    1977    2216    2516    2531    1941    1246    526     267     
223    1915 1389    602     2063    365     1324    2425    1277    438     391     718     1325    1928    2431    2542    2303    1831    1274    727     682     
223    1916 -999999 804     2155    571     1517    2536    -999999 562     462     1092    1478    1981    2463    2628    2514    1846    1487    -999999 -999999 
223    1917 -999999 -999999 -999999 -999999 -999999 2708    1733    -999999 -999999 -999999 -999999 -999999 2491    2696    2931    2432    1693    1076    209     
223    1918 1576    813     2343    379     1529    2615    1679    460     477     940     1715    1939    2424    2716    2698    2554    1731    750     438     
223    1919 1369    738     2116    346     1277    2443    1454    384     202     870     1473    1493    2400    2465    2462    2404    1317    645     248     
223    1920 -999999 653     -999999 299     1732    -999999 -999999 366     281     1038    1914    2249    2336    -999999 -999999 -999999 -999999 -999999 -999999 
223    1921 -999999 -999999 -999999 -999999 -999999 2673    -999999 -999999 -999999 -999999 -999999 -999999 2289    2860    2857    -999999 -999999 -999999 -999999 
223    1922 -999999 -999999 -999999 -999999 1440    -999999 1279    -999999 -999999 774     1414    2133    2625    -999999 2793    2089    1200    552     176     
223    1923 -999999 559     -999999 206     1551    2441    -999999 197     250     951     1318    2377    2256    2471    2592    -999999 -999999 -999999 -999999 
223    1924 -999999 -999999 -999999 -999999 -999999 -999999 -999999 -999999 -999999 -999999 -999999 -999999 -999999 -999999 2461    2311    -999999 -999999 29      
223    1925 1346    -999999 1927    389     1492    2011    1504    355     813     977     1534    1966    2118    1367    2551    2024    1520    966     -54     
223    1926 -999999 615     -999999 147     1446    -999999 1645    84      439     729     1707    1911    2211    -999999 2272    2162    1608    1166    489     
223    1927 1556    832     2448    275     1708    2826    1612    272     43      1346    1730    2050    2744    2869    2862    2420    1500    920     -181    
223    1928 1410    445     2286    -40     1181    2727    1632    -73     145     357     1530    1668    2357    2947    2865    2328    1453    1120    196     
223    1929 -999999 349     -999999 -195    -999999 2541    1343    -116    -715    78      -999999 -999999 2306    2585    2726    1962    1203    867     431     
223    1930 1486    677     2216    264     1528    2511    1649    11      360     1168    1524    1893    2341    2618    2570    2339    1526    1086    329     
223    1931 1386    675     2223    250     1376    2713    1247    202     216     657     1280    2188    2582    2852    2699    1703    1374    659     133     
223    1932 1378    380     2277    24      1189    2588    1663    67      -141    160     1410    2005    2429    2711    2619    2470    1828    686     245     
223    1933 1277    580     2056    37      1293    2414    1505    -406    299     806     1221    1848    2088    2559    2585    2005    1575    933     -242    
223    1934 1527    572     2309    -65     1719    2528    1644    -236    320     1071    1778    2310    2403    2579    2596    2168    1664    1100    499     
223    1935 1411    631     2232    121     1327    2597    1627    -209    67      626     1474    1886    2517    2624    2647    2226    1995    648     342     
223    1936 1536    865     2283    443     1647    2609    1412    575     409     1187    1697    2059    2349    2955    2515    2102    1244    894     398     
223    1937 1451    655     2219    180     1505    2562    1524    -112    261     1214    1141    2149    2482    2675    2526    2317    1437    820     417     
223    1938 1473    721     2200    278     1422    2668    1607    -15     447     1197    1229    1833    2569    2821    2612    2115    1707    997     99      
223    1939 1449    735     2223    338     1435    2529    1386    314     629     664     1712    1938    2416    2650    2518    2091    1390    677     342     
223    1940 1250    424     2086    -63     1270    2357    1595    -395    -141    641     1472    1704    2183    2569    2313    2264    1476    1048    -163    
223    1941 1295    603     2056    26      1429    2425    1112    -160    440     975     1514    1800    2290    2477    2503    1730    1304    297     303     
223    1942 1280    222     2254    -202    1237    2547    1554    -741    -163    298     1261    2151    2428    2582    2626    2459    1589    614     165     
223    1943 1484    610     2268    179     1473    2549    1612    -174    586     876     1697    1854    2181    2590    2864    2402    1553    884     446     
223    1944 1356    692     2106    339     1314    2433    1437    325     239     679     1433    1836    2340    2446    2509    2056    1506    746     124     
223    1945 1482    590     2371    81      1582    2718    1522    -182    323     1000    1453    2287    2561    2769    2819    2312    1456    801     114     
223    1946 1567    610     2557    135     1673    2896    1527    -140    464     959     1823    2243    2625    3014    3038    2580    1216    796     132     
223    1947 1486    477     2378    -115    1735    2595    1567    -489    25      1150    1872    2188    2529    2716    2539    2412    1309    989     510     
223    1948 1508    825     2291    532     1622    2527    1612    707     367     1044    1700    2123    2306    2535    2732    2330    1716    786     -288    
223    1949 1467    604     2190    204     1434    2382    1526    311     631     474     1643    2193    2116    2594    2427    2144    1536    899     583     
223    1950 1564    697     2451    242     1628    2777    1560    -242    402     981     1772    2134    2505    2944    2875    2459    1498    727     646     
223    1951 1484    735     2275    392     1543    2570    1463    276     240     974     1589    2069    2398    2564    2742    2268    1197    931     477     
223    1952 1534    682     2381    432     1414    2794    1529    335     487     659     1718    1876    2425    2891    3053    2302    1513    772     341     
223    1953 1473    702     2288    327     1461    2639    1480    286     357     912     1557    1917    2458    2804    2649    2328    1487    624     224     
223    1954 1313    318     2238    -241    1229    2584    1577    -388    -593    474     1254    1962    2548    2581    2621    2446    1509    778     441     
223    1955 1398    654     2109    310     1289    2429    1501    140     354     678     1125    2058    2308    2545    2429    2167    1584    750     562     
223    1956 1315    491     2235    133     1199    2574    1432    284     -487    199     1519    1891    2313    2573    2827    2269    1591    430     297     
223    1957 1432    699     2158    357     1441    2515    1475    67      745     1062    1534    1729    2450    2571    2523    2127    1410    888     54      
223    1958 1514    657     2278    378     1374    2618    1489    196     936     489     1257    2371    2356    2708    2783    2157    1500    808     561     
223    1959 1344    666     2108    233     1441    2449    1299    63      56      955     1450    1920    2243    2620    2477    1917    1310    670     356     
223    1960 1436    580     2083    270     1301    2447    1576    125     332     671     1365    1871    2324    2418    2595    1907    1656    1162    768     
223    1961 1505    910     2200    448     1585    2484    1656    51      532     1260    1704    1794    2389    2467    2594    2243    1634    1093    253     
223    1962 1421    626     2302    197     1362    2622    1592    208     122     413     1536    2144    2339    2642    2875    2253    1560    965     -89     
223    1963 1399    431     2318    -205    1391    2714    1624    -556    56      629     1445    2101    2523    2777    2836    2202    1508    1166    26      
223    1964 1375    539     2188    0       1316    2571    1513    -196    180     548     1569    1840    2622    2622    2470    1994    1581    963     285     
223    1965 1406    652     2163    177     1292    2507    1570    171     64      801     1152    1920    2359    2706    2451    2368    1565    777     437     
223    1966 1497    746     2192    385     1550    2431    1627    -50     808     949     1709    1998    2197    2528    2561    2146    1895    832     360     
223    1967 1503    763     2241    247     1521    2553    1691    8       387     1065    1439    2055    2247    2666    2736    2277    1785    1008    288     
223    1968 1464    784     2241    317     1663    2443    1486    117     562     935     1788    2269    2465    2559    2305    2049    1519    888     99      
223    1969 1320    432     2153    -53     1354    2352    1583    -317    71      314     1412    2339    2190    2388    2474    2090    1518    1144    144     
223    1970 1408    666     2151    137     1427    2449    1511    14      266     888     1557    1839    2369    2518    2458    2154    1353    1031    389     
223    1971 1439    690     2165    339     1455    2499    1369    133     514     713     1453    2198    2302    2571    2618    1817    1423    864     598     
223    1972 1426    678     2249    266     1583    2623    1330    -16     211     962     1763    2032    2577    2715    2574    1815    1224    954     271     
223    1973 1414    619     2212    250     1423    2498    1492    -24     530     760     1434    2075    2380    2565    2545    2258    1497    721     181     
223    1974 1413    657     2139    268     1320    2490    1420    101     550     884     1268    1806    2203    2545    2714    2275    1337    649     564     
223    1975 1483    767     2214    457     1626    2430    1445    387     415     1214    1568    2093    2339    2557    2392    2324    1477    533     416     
223    1976 1315    590     2040    288     1401    2243    1363    434     -4      644     1597    1968    2104    2498    2122    1938    1288    867     283     
223    1977 1449    741     2147    359     1557    2479    1493    41      794     1183    1412    2071    2388    2578    2469    1944    1485    1051    -54     
223    1978 1384    646     2091    99      1397    2442    1429    186     173     1004    1362    1824    2261    2528    2531    2020    1603    658     368     
223    1979 1417    669     2137    220     1487    2388    1451    72      220     1050    1386    2020    2448    2363    2355    2236    1252    872     657     
223    1980 1366    613     2106    271     1302    2448    1532    -193    353     727     1423    1759    2325    2538    2477    2098    1647    847     368     
223    1981 1459    755     2178    297     1482    2521    1542    68      472     1102    1443    1900    2500    2519    2544    2149    1607    867     276     
223    1982 1423    637     2214    182     1405    2481    1495    65      209     765     1298    2149    2458    2472    2511    2378    1493    614     579     
223    1983 1542    835     2305    570     1710    2542    1460    682     436     1160    1755    2216    2278    2710    2628    2218    1539    620     179     
223    1984 1429    602     2178    262     1361    2432    1646    414     186     647     1396    2043    2302    2502    2487    2323    1812    798     192     
223    1985 1376    471     2290    -111    1461    2566    1418    -395    -130    504     1647    2238    2273    2724    2691    2141    1481    629     601     
223    1986 1439    603     2300    295     1538    2480    1513    336     -89     595     1784    2242    2385    2352    2701    2324    1503    711     318     
223    1987 1435    536     2296    192     1202    2656    1621    -51     321     396     1403    1814    2470    2939    2552    2587    1352    933     455     
223    1988 1481    766     2281    463     1410    2718    1317    423     513     909     1308    2010    2393    2942    2809    2194    1391    363     468     
223    1989 1538    784     2208    550     1663    2495    1439    422     782     1263    1788    1942    2193    2631    2650    2021    1541    750     414     
223    1990 1569    853     2249    453     1658    2629    1555    208     768     1425    1502    2041    2465    2740    2676    2043    1556    1065    288     
223    1991 1381    706     2140    255     1315    2506    1485    414     43      815     1408    1724    2450    2617    2450    2183    1492    780     113     
223    1992 1557    741     2332    371     1573    2701    1552    404     610     1038    1609    2073    2363    2612    3118    2190    1474    995     172     
223    1993 1459    689     2263    290     1407    2657    1441    223     497     765     1365    2091    2432    2592    2939    2134    1684    498     130     
223    1994 1361    -999999 2064    260     1362    2326    1427    336     311     973     1314    1798    2085    2440    2446    2283    1250    755     266     
223    1995 1207    600     -999999 277     1211    2284    1129    -61     662     737     1245    1653    2113    2467    2265    1738    1344    337     -17     
223    1996 -999999 268     -999999 -104    1146    2314    1211    -148    -149    214     1208    1958    2283    2324    2331    1546    1259    838     123     
223    1997 -999999 -999999 -999999 189     1116    2180    1148    -14     479     681     866     1786    2121    2224    2194    1708    1071    687     266     
223    1998 1240    593     1959    384     1236    2316    1148    256     653     623     1386    1705    2227    2355    2362    1701    1347    389     -185    
223    1999 1270    475     1978    81      1271    2288    1281    181     265     830     1318    1678    2170    2381    2304    1998    1285    558     250     
223    2000 1363    550     2090    218     1392    2417    1362    -77     489     771     1561    1864    2250    2429    2567    1841    1352    894     364     
223    2001 1293    711     1980    340     1336    2344    1310    218     450     972     1217    1817    1974    2454    2593    1798    1538    588     -168    
223    2002 1349    645     2057    219     1428    2418    1291    117     761     1043    1212    2024    2374    2605    2275    1831    1214    832     -132    
223    2003 1251    385     2090    -116    1271    2487    1228    -30     -194    579     1136    2094    2373    2421    2664    1823    1077    789     176     
223    2004 1258    506     1930    126     1230    2263    1367    -115    329     778     1298    1616    2072    2359    2352    1866    1418    816     282     
223    2005 1200    545     1905    166     1179    2178    1240    302     -113    513     1209    1816    2029    2309    2190    1859    1309    549     325     
223    2006 1206    430     1917    36      1202    2209    1345    -236    17      581     1286    1741    2067    2397    2157    1835    1381    817     348     
223    2007 1349    764     2077    488     1428    2460    1107    611     508     894     1425    1965    2345    2640    2391    1673    1203    443     27      
223    2008 1294    474     2002    100     1342    2373    1260    -157    452     874     1296    1856    2243    2359    2512    1721    1320    737     294     
223    2009 1304    553     2057    176     1318    2356    1376    3       239     700     1356    1900    2161    2456    2444    2004    1291    837     186     
223    2010 1278    539     2036    103     1297    2391    1337    -85     220     764     1338    1792    2208    2443    2515    1899    1030    1093    59      
223    2011 -999999 499     -999999 78      -999999 -999999 -999999 66      112     614     1350    -999999 -999999 -999999 -999999 -999999 -999999 -999999 -999999 
