EUROPEAN CLIMATE ASSESSMENT & DATASET (ECA&D), file created on: 10-05-2011
THESE DATA CAN BE USED FREELY PROVIDED THAT THE FOLLOWING SOURCE IS ACKNOWLEDGED: 

Klein Tank, A.M.G. and Coauthors, 2002. Daily dataset of 20th-century surface
air temperature and precipitation series for the European Climate Assessment.
Int. J. of Climatol., 22, 1441-1453.
Data and metadata available at http://eca.knmi.nl

FILE FORMAT (MISSING VALUE CODE = -999999):

THIS FILE HOLDS DATA FOR STATION DENMARK                                  HAMMER ODDE FYR-1                        (STAID:    117)
LATITUDE: dd:mm:ss +55:18:00
LONGITUDE: ddd:mm:ss +014:46:59
ELEVATION: m   11

DATA IS FOR INDEX Mean of daily mean temperature (TG) with unit 0.01 Temperature (&#176;C)

01-06 SOUID: Source identifier
08-11 YEAR : YYYY
13-20 ANNUAL DATA VALUES
21-28 WINTER HALF YEAR DATA VALUES
29-36 SUMMER HALF YEAR DATA VALUES
37-44 WINTER (DJF) DATA VALUES
45-52 SPRING (MAM) DATA VALUES
53-60 SUMMER (JJA) DATA VALUES
61-68 AUTUMN (SON) DATA VALUES
69-76 JANUARY DATA VALUES
etc. 
157-164 DECEMBER DATA VALUES

117    1874 -999999 -999999 -999999 -999999 -999999 1616    1044    -999999 -999999 -999999 -999999 -999999 1392    1787    1663    1467    1185    475     124     
117    1875 706     257     1277    -25     383     1660    833     -26     -183    -73     315     903     1493    1685    1797    1451    795     254     -5      
117    1876 725     176     1258    -47     460     1665    830     -132    -2      139     545     699     1510    1739    1742    1302    1006    177     -45     
117    1877 696     199     1107    21      275     1553    833     100     7       -69     253     641     1482    1647    1529    1075    752     673     223     
117    1878 829     347     1282    149     571     1557    1062    75      149     203     542     966     1363    1587    1714    1504    1116    563     117     
117    1879 672     253     1192    -52     377     1518    897     -145    -138    -26     317     839     1452    1468    1631    1436    912     344     -74     
117    1880 779     217     1311    -31     536     1620    883     -43     29      127     565     918     1282    1779    1787    1519    715     421     219     
117    1881 644     117     1142    -101    313     1520    811     -288    -248    -141    184     892     1396    1661    1499    1202    698     536     271     
117    1882 848     406     1315    246     679     1606    929     244     222     452     634     951     1411    1771    1628    1483    900     404     33      
117    1883 739     197     1221    13      325     1600    940     -50     60      -175    267     880     1490    1763    1544    1365    938     518     225     
117    1884 817     398     1264    227     524     1569    938     207     251     245     349     971     1326    1726    1649    1547    957     310     240     
117    1885 768     316     1230    140     531     1559    836     3       183     191     563     839     1414    1759    1498    1290    824     396     219     
117    1886 785     203     1302    27      495     1571    1033    8       -165    -95     583     998     1400    1640    1667    1507    961     633     218     
117    1887 758     315     1251    68      479     1572    911     -40     20      82      495     860     1334    1722    1653    1428    798     510     183     
117    1888 -999999 176     -999999 -7      257     -999999 842     -44     -170    -236    206     800     1208    1485    -999999 1348    751     429     320     
117    1889 734     195     1245    25      393     1667    906     -65     -202    -95     303     968     1785    1681    1539    1177    955     584     112     
117    1890 778     364     1255    123     582     1531    931     244     0       262     514     967     1346    1583    1659    1447    860     488     -86     
117    1891 766     199     1212    -90     446     1527    1022    -158    -20     98      349     888     1229    1758    1583    1442    1156    462     342     
117    1892 726     328     1224    107     444     1510    944     -33     7       15      431     899     1371    1478    1677    1463    917     452     22      
117    1893 728     126     1263    -252    495     1647    901     -541    -236    119     514     853     1423    1794    1717    1260    1033    406     317     
117    1894 830     372     1276    142     645     1624    887     -31     140     344     632     960     1454    1785    1627    1180    835     648     334     
117    1895 727     247     1276    -7      502     1573    917     -49     -336    10      479     1015    1442    1656    1615    1436    814     505     66      
117    1896 834     295     1350    39      601     1748    932     7       43      322     473     1002    1774    1809    1661    1365    1042    385     89      
117    1897 786     243     1292    -70     545     1667    919     -166    -140    214     484     935     1504    1656    1835    1322    918     516     283     
117    1898 813     395     1180    242     496     1479    959     282     152     199     393     893     1383    1419    1632    1344    886     648     477     
117    1899 804     422     1235    291     541     1522    1001    184     203     118     602     906     1199    1776    1579    1329    912     766     32      
117    1900 780     290     1233    17      429     1586    945     28      -12     -1      428     859     1341    1727    1680    1343    923     570     417     
117    1901 773     269     1302    18      490     1665    995     -137    -252    54      524     893     1383    1828    1774    1390    1133    457     155     
117    1902 679     353     1082    114     415     1399    801     264     -96     163     317     762     1297    1514    1382    1204    809     390     82      
117    1903 781     339     1192    109     620     1517    843     30      226     488     375     990     1413    1683    1452    1222    848     458     147     
117    1904 779     273     1222    73      508     1522    932     60      9       107     526     893     1355    1628    1577    1340    935     520     365     
117    1905 771     371     1259    162     561     1613    779     20      96      268     375     1033    1498    1709    1626    1294    587     462     235     
117    1906 823     265     1306    150     594     1586    1015    120     88      85      631     1069    1452    1644    1656    1367    950     729     46      
117    1907 725     285     1127    -46     484     1395    1013    -66     -125    150     398     901     1268    1475    1436    1271    1252    507     167     
117    1908 755     375     1222    110     449     1610    860     39      127     146     370     827     1407    1784    1631    1291    961     325     128     
117    1909 708     200     1146    -28     364     1491    943     -3      -228    -17     370     740     1368    1523    1576    1285    1170    368     272     
117    1910 832     415     1259    208     609     1555    921     143     210     307     601     917     1434    1604    1622    1363    1012    386     340     
117    1911 -999999 -999999 1343    -999999 614     1634    1027    -999999 69      222     598     1023    1403    1639    1852    1530    946     608     345     
117    1912 760     334     1233    23      598     1603    779     -132    -155    365     455     969     1359    1829    1614    1148    781     407     431     
117    1913 872     362     1283    199     671     1545    1063    26      135     368     577     1066    1439    1620    1574    1409    1005    778     416     
117    1914 913     494     1393    284     704     1711    931     60      386     320     731     1061    1384    1956    1781    1427    893     474     444     
117    1915 732     313     1228    174     456     1537    846     -6      75      -20     508     883     1403    1639    1563    1356    766     419     155     
117    1916 782     299     1193    160     562     1448    907     241     77      127     588     972     1202    1578    1555    1246    847     629     292     
117    1917 751     234     1299    37      329     1734    963     -16     -188    -189    308     868     1657    1713    1827    1416    879     598     109     
117    1918 787     299     1236    47      557     1528    933     11      20      158     494     1018    1288    1612    1678    1305    954     540     309     
117    1919 706     345     1196    165     470     1480    779     181     -13     70      479     861     1441    1562    1436    1386    772     181     69      
117    1920 831     289     1306    111     722     1572    880     52      219     436     659     1069    1346    1758    1603    1380    802     462     168     
117    1921 870     395     1319    190     805     1564    892     254     145     519     635     1257    1407    1676    1604    1315    1041    316     213     
117    1922 708     243     1196    -16     549     1478    765     -125    -149    128     450     1067    1384    1555    1492    1211    679     410     325     
117    1923 722     302     1125    163     503     1402    916     231     -92     225     388     893     1068    1683    1445    1253    1033    457     12      
117    1924 710     164     1172    -162    377     1478    1015    -195    -311    -31     269     890     1269    1523    1636    1426    1037    580     385     
117    1925 849     475     1337    369     616     1670    834     375     346     116     606     1124    1446    1815    1741    1270    841     390     80      
117    1926 832     283     1306    79      584     1635    951     69      90      213     600     940     1372    1832    1693    1380    792     687     266     
117    1927 755     410     1211    178     564     1547    847     187     71      434     505     752     1174    1717    1737    1360    876     303     -106    
117    1928 745     220     1136    7       441     1421    998     47      87      108     408     807     1154    1549    1552    1333    933     732     211     
117    1929 702     207     1158    -163    380     1468    1035    -175    -564    47      166     919     1215    1539    1644    1447    1027    633     430     
117    1930 866     457     1294    282     593     1615    1020    321     76      223     524     1031    1519    1662    1660    1352    1050    656     262     
117    1931 710     315     1158    93      430     1458    848     59      -58     -105    341     1051    1257    1562    1549    1164    847     534     254     
117    1932 886     340     1381    201     543     1736    1011    273     68      55      564     1010    1397    1901    1899    1491    959     584     396     
117    1933 864     397     1347    163     626     1696    1033    28      55      334     527     1015    1470    1833    1776    1443    1103    550     174     
117    1934 997     454     1442    216     785     1685    1175    205     275     401     732     1219    1464    1814    1770    1637    1179    708     507     
117    1935 880     495     1317    266     580     1658    1065    76      208     269     613     859     1567    1728    1674    1453    1101    640     327     
117    1936 837     436     1288    205     536     1675    908     315     -44     253     498     855     1533    1831    1655    1339    778     612     386     
117    1937 845     315     1384    122     605     1697    1040    -66     39      123     526     1164    1455    1774    1854    1511    1094    513     98      
117    1938 922     443     1335    165     683     1669    1146    195     205     529     529     985     1440    1684    1875    1481    1110    849     127     
117    1939 887     468     1391    214     582     1749    975     240     279     195     646     907     1543    1788    1910    1536    805     588     174     
117    1940 641     112     1192    -208    361     1602    837     -264    -557    -103    360     826     1518    1777    1509    1142    790     582     71      
117    1941 660     158     1162    -161    305     1608    802     -342    -216    43      255     614     1342    1867    1608    1264    865     277     271     
117    1942 647     -999999 1193    -204    230     1516    999     -374    -555    -443    342     795     1225    1551    1762    1463    1046    486     316     
117    1943 907     413     1382    187     750     1653    1021    -48     305     367     745     1136    1500    1743    1710    1441    1095    526     330     
117    1944 888     438     1371    270     557     1769    991     316     157     190     573     908     1375    1868    2053    1428    1008    537     210     
117    1945 888     376     1367    117     679     1678    1042    -44     193     341     658     1038    1472    1780    1777    1461    1052    614     273     
117    1946 805     370     1318    129     590     1615    916     50      56      150     715     910     1387    1834    1616    1435    808     509     143     
117    1947 -999999 95      1424    -182    419     1777    -999999 -201    -519    -214    497     977     1628    1803    1895    1732    -999999 555     316     
117    1948 -999999 -999999 1383    164     -999999 1686    1009    120     47      -999999 723     1005    1545    1737    1772    1504    964     559     386     
117    1949 963     433     1418    295     697     1622    1196    210     289     177     753     1161    1391    1819    1649    1720    1179    691     475     
117    1950 878     475     1381    205     698     1691    1000    -43     180     346     666     1083    1603    1693    1774    1456    971     573     197     
117    1951 -999999 335     -999999 133     500     1616    -999999 80      121     57      660     788     1379    1645    1816    -999999 -999999 794     493     
117    1952 785     -999999 1288    268     589     1592    805     185     114     61      752     961     1342    1707    1719    1230    801     384     145     
117    1953 907     298     1374    90      691     1706    1060    122     -6      319     760     998     1550    1840    1723    1359    1139    680     338     
117    1954 -999999 333     -999999 33      -999999 1527    911     22      -293    63      -999999 926     1521    1510    1550    1346    932     455     383     
117    1955 759     271     1249    90      389     1579    1015    -1      -134    -45     369     843     1189    1672    1863    1539    956     554     239     
117    1956 667     233     1133    -43     365     1469    840     53      -448    7       189     894     1376    1599    1430    1295    886     339     325     
117    1957 814     371     1219    252     500     1627    890     186     243     235     414     848     1438    1752    1685    1153    920     595     255     
117    1958 749     271     1179    74      343     1494    1050    9       -55     -121    281     865     1273    1637    1565    1438    1076    635     322     
117    1959 905     434     1394    159     687     1741    1033    103     43      393     683     984     1502    1863    1850    1463    1054    580     277     
117    1960 797     344     1243    97      491     1588    966     85      -83     132     435     905     1501    1603    1657    1342    918     641     391     
117    1961 885     463     1302    248     721     1548    1089    67      289     459     681     1022    1541    1582    1521    1461    1181    622     165     
117    1962 729     381     1142    164     440     1427    903     225     96      -26     504     845     1331    1480    1468    1212    967     526     79      
117    1963 714     141     1266    -186    397     1631    998     -318    -335    -109    363     936     1444    1765    1676    1394    885     719     80      
117    1964 790     272     1291    31      530     1585    940     65      -57     -68     601     1059    1531    1615    1607    1316    880     626     282     
117    1965 730     344     1160    138     452     1442    915     157     -42     135     490     733     1414    1400    1510    1405    1022    314     167     
117    1966 -999999 248     -999999 -7      459     -999999 949     -116    -79     152     231     986     1479    -999999 -999999 1308    1056    480     225     
117    1967 873     395     1320    116     651     1635    1085    -5      131     459     467     1021    1371    1766    1758    1517    1158    577     193     
117    1968 835     369     1321    56      630     1617    1055    -29     0       300     647     943     1569    1583    1699    1477    1019    669     120     
117    1969 760     276     1298    -13     421     1663    1037    -43     -126    -12     422     853     1439    1781    1761    1513    1021    576     -118    
117    1970 706     178     1181    -190    351     1567    943     -164    -300    19      318     715     1446    1610    1642    1340    976     513     282     
117    1971 -999999 -999999 -999999 -999999 -999999 1583    -999999 97      -999999 29      -999999 975     1328    1692    1739    1323    1010    524     462     
117    1972 -999999 -999999 -999999 -999999 -999999 1688    -999999 -999999 103     243     566     893     1452    1850    1745    1346    1003    686     422     
117    1973 -999999 -999999 -999999 -999999 656     -999999 -999999 182     246     422     495     1044    1540    1899    1737    1388    832     -999999 171     
117    1974 -999999 -999999 -999999 -999999 -999999 1525    -999999 227     287     281     567     876     1331    1571    1672    1475    825     592     450     
117    1975 -999999 -999999 -999999 -999999 -999999 -999999 -999999 449     242     322     511     904     1266    1761    1956    1616    994     527     412     
117    1976 -999999 -999999 -999999 -999999 -999999 1629    -999999 -999999 37      20      368     957     1371    1787    1723    1398    908     625     148     
117    1977 -999999 -999999 -999999 -999999 -999999 -999999 -999999 80      -999999 257     354     919     1415    1545    1610    1302    1046    690     335     
117    1978 -999999 -999999 -999999 -999999 -999999 1563    -999999 150     -999999 178     333     773     1441    1546    1684    1192    949     755     147     
117    1979 -999999 -999999 -999999 -999999 -999999 1471    -999999 -232    -222    -999999 345     975     1466    1407    1541    1251    903     485     323     
117    1980 -999999 -999999 -999999 -999999 -999999 1524    -999999 -100    -92     -17     369     719     1356    1605    1624    1418    963     457     243     
117    1981 -999999 -999999 -999999 -999999 -999999 -999999 -999999 41      -999999 182     441     973     1361    1621    1610    1391    921     561     -86     
117    1982 -999999 -999999 -999999 -999999 -999999 -999999 -999999 -182    -108    275     498     933     1302    1719    1827    1442    1147    -999999 360     
117    1983 -999999 -999999 -999999 -999999 -999999 -999999 -999999 435     61      325     523     873     1410    1769    1737    1456    970     -999999 197     
117    1984 -999999 -999999 -999999 -999999 -999999 1485    -999999 216     67      102     447     888     1220    1508    1724    1275    1122    589     282     
117    1985 -999999 -999999 -999999 -999999 -999999 1530    -999999 -228    -448    11      396     732     1279    1683    1602    1144    1031    384     334     
117    1986 -999999 -999999 -999999 -999999 449     -999999 927     -10     -999999 119     292     960     1366    1662    1610    1113    945     714     264     
117    1987 -999999 -999999 -999999 -999999 -999999 1368    983     -363    -999999 -226    357     772     1139    1463    1488    1316    1044    588     345     
117    1988 858     456     1314    316     548     1651    924     341     259     151     518     975     1494    1794    1659    1429    920     423     305     
117    1989 990     493     1389    366     767     1668    1114    384     415     504     636     1156    1550    1765    1685    1539    1152    649     425     
117    1990 1007    640     1399    475     860     1685    1029    415     598     596     743     1239    1571    1657    1823    1343    1078    665     324     
117    1991 865     462     1269    217     578     1582    1043    323     -18     359     574     801     1227    1716    1791    1486    1039    590     415     
117    1992 942     514     1419    342     717     1795    925     307     301     422     613     1112    1652    1891    1838    1391    821     567     365     
117    1993 805     411     1215    257     637     1493    832     248     148     299     538     1072    1392    1544    1541    1188    896     410     325     
117    1994 891     362     1351    193     600     1725    987     286     -56     273     640     887     1337    1959    1868    1390    890     685     459     
117    1995 884     472     1324    316     560     1707    1065    139     354     301     485     891     1420    1745    1948    1437    1244    509     93      
117    1996 731     265     1186    -54     414     1528    1014    -53     -211    -14     546     713     1373    1463    1742    1265    1100    673     139     
117    1997 882     413     1365    123     550     1766    1002    15      226     313     470     865     1391    1775    2120    1546    922     542     353     
117    1998 845     472     1266    359     640     1510    917     365     358     286     583     1048    1417    1546    1565    1426    995     326     187     
117    1999 929     366     1399    176     627     1714    1125    245     87      331     618     933     1467    1864    1802    1698    1042    637     369     
117    2000 973     500     1351    323     763     1585    1168    267     335     347     709     1232    1510    1555    1686    1399    1265    835     510     
117    2001 -999999 -999999 -999999 337     623     1701    1092    259     -999999 200     555     1137    1422    1885    1795    1389    1237    645     220     
117    2002 -999999 -999999 -999999 -999999 -999999 1785    1049    261     -999999 434     618     1072    1533    1758    2038    1665    929     578     120     
117    2003 -999999 -999999 -999999 -999999 -999999 1745    1028    43      -999999 268     491     1190    1542    1817    1867    1520    881     705     457     
117    2004 -999999 -999999 -999999 202     -999999 1577    1034    -51     173     309     675     993     1334    1534    1848    1459    1039    605     410     
117    2005 915     432     1367    284     590     1632    1172    342     80      85      598     1087    1419    1842    1627    1616    1213    687     321     
117    2006 960     368     1449    85      513     1833    1269    -76     2       34      520     987     1545    2114    1833    1676    1325    806     691     
117    2007 957     672     1382    465     808     1665    976     495     180     493     752     1178    1614    1636    1744    1356    985     586     405     
117    2008 -999999 -999999 -999999 394     746     1696    1089    370     407     388     631     1204    1551    1780    1751    1455    1091    709     375     
117    2009 -999999 -999999 -999999 209     -999999 -999999 -999999 172     68      272     736     1026    1291    1803    1829    1519    820     703     231     
117    2010 -999999 -999999 -999999 -999999 -999999 -999999 -999999 -189    -999999 165     540     814     1331    1989    1768    1379    904     576     -135    
117    2011 -999999 -999999 -999999 -41     -999999 -999999 -999999 87      -78     216     698     -999999 -999999 -999999 -999999 -999999 -999999 -999999 -999999 
