EUROPEAN CLIMATE ASSESSMENT & DATASET (ECA&D), file created on: 10-05-2011
THESE DATA CAN BE USED FREELY PROVIDED THAT THE FOLLOWING SOURCE IS ACKNOWLEDGED: 

Klein Tank, A.M.G. and Coauthors, 2002. Daily dataset of 20th-century surface
air temperature and precipitation series for the European Climate Assessment.
Int. J. of Climatol., 22, 1441-1453.
Data and metadata available at http://eca.knmi.nl

FILE FORMAT (MISSING VALUE CODE = -999999):

THIS FILE HOLDS DATA FOR STATION FRANCE                                   TOURS                                    (STAID:   2190)
LATITUDE: dd:mm:ss +47:27:00
LONGITUDE: ddd:mm:ss +000:43:48
ELEVATION: m  108

DATA IS FOR INDEX Mean of daily mean temperature (TG) with unit 0.01 Temperature (&#176;C)

01-06 SOUID: Source identifier
08-11 YEAR : YYYY
13-20 ANNUAL DATA VALUES
21-28 WINTER HALF YEAR DATA VALUES
29-36 SUMMER HALF YEAR DATA VALUES
37-44 WINTER (DJF) DATA VALUES
45-52 SPRING (MAM) DATA VALUES
53-60 SUMMER (JJA) DATA VALUES
61-68 AUTUMN (SON) DATA VALUES
69-76 JANUARY DATA VALUES
etc. 
157-164 DECEMBER DATA VALUES

2190   1956 1028    -999999 1500    -999999 1057    1639    1138    475     -327    815     880     1469    1436    1824    1650    1724    1146    543     626     
2190   1957 1157    764     1554    574     1129    1838    1153    312     806     1146    1057    1181    1813    1907    1793    1565    1248    643     394     
2190   1958 1132    669     1570    517     969     1766    1207    455     721     555     903     1446    1604    1810    1878    1764    1176    683     562     
2190   1959 1259    727     1731    509     1189    1964    1323    408     561     955     1117    1492    1762    2129    1995    1877    1344    748     668     
2190   1960 1127    760     1550    521     1148    1755    1180    362     535     887     1048    1505    1822    1694    1751    1472    1159    909     361     
2190   1961 1216    761     1670    523     1161    1828    1297    426     811     907     1253    1325    1713    1879    1889    1955    1263    673     483     
2190   1962 1049    633     1530    481     853     1818    1134    517     440     407     960     1195    1667    1844    1937    1564    1222    613     178     
2190   1963 994     421     1514    -38     1019    1742    1243    -213    -90     754     1025    1277    1688    1869    1667    1550    1208    971     121     
2190   1964 1104    594     1664    252     1041    1890    1156    96      559     621     992     1508    1694    2023    1947    1802    975     698     327     
2190   1965 1038    567     1418    313     991     1645    1084    420     177     771     894     1306    1601    1658    1675    1361    1227    660     636     
2190   1966 1129    725     1545    602     1024    1709    1166    312     886     644     1134    1298    1726    1677    1724    1708    1278    507     647     
2190   1967 1104    715     1511    566     987     1783    1180    424     633     785     917     1256    1563    1978    1800    1533    1345    658     321     
2190   1968 1084    665     1501    409     988     1740    1202    458     450     745     1026    1193    1641    1787    1788    1561    1380    660     301     
2190   1969 1119    673     1576    404     1049    1803    1249    598     303     760     1028    1360    1525    1984    1890    1652    1354    738     178     
2190   1970 1091    628     1551    375     900     1808    1253    427     534     534     800     1363    1797    1757    1868    1707    1124    932     228     
2190   1971 1078    597     1575    360     1000    1763    1107    411     450     435     1140    1429    1491    1998    1790    1582    1184    551     422     
2190   1972 1060    676     1419    472     1016    1663    1061    375     628     891     951     1205    1390    1860    1730    1358    1101    722     487     
2190   1973 1083    605     1592    374     950     1873    1156    299     330     668     807     1371    1715    1836    2064    1743    1051    678     386     
2190   1974 1121    703     1499    567     998     1773    1011    707     611     776     990     1227    1623    1784    1907    1448    788     805     746     
2190   1975 1110    710     1574    697     918     1881    1105    665     676     582     986     1187    1597    1932    2105    1622    1005    693     244     
2190   1976 1180    597     1711    408     1017    2109    1145    441     548     651     947     1451    2100    2129    2097    1521    1267    642     338     
2190   1977 1124    716     1452    488     1005    1698    1201    402     750     896     869     1245    1533    1837    1718    1495    1363    739     604     
2190   1978 1090    742     1459    504     994     1663    1174    381     529     814     837     1327    1538    1772    1676    1592    1246    680     641     
2190   1979 1114    658     1531    414     997     1768    1242    90      523     758     937     1293    1687    1873    1743    1644    1321    757     707     
2190   1980 1089    738     1540    554     961     1750    1187    240     726     677     952     1255    1573    1708    1964    1777    1171    614     411     
2190   1981 1220    715     1637    456     1211    1844    1286    544     409     1111    1140    1379    1648    1865    2013    1763    1248    847     605     
2190   1982 1207    801     1627    661     1012    1876    1285    709     671     714     934     1385    1833    2012    1782    1808    1175    875     549     
2190   1983 1152    717     1629    493     965     2002    1179    598     314     756     935     1202    1806    2258    1935    1622    1164    752     421     
2190   1984 1095    643     1488    447     877     1796    1229    512     406     590     997     1048    1645    1901    1837    1489    1204    996     489     
2190   1985 1025    590     1547    253     966     1727    1133    -76     355     565     1068    1268    1536    1942    1698    1762    1209    425     505     
2190   1986 1051    514     1475    272     889     1786    1214    474     -209    605     705     1352    1782    1835    1742    1417    1398    820     591     
2190   1987 1063    589     1589    248     974     1773    1271    -226    394     545     1202    1183    1586    1877    1849    1833    1292    686     509     
2190   1988 1172    759     1565    606     1095    1749    1183    751     556     744     1073    1467    1657    1725    1863    1594    1325    625     657     
2190   1989 1231    786     1659    575     1172    1917    1279    441     632     1015    841     1649    1738    2062    1945    1698    1418    716     556     
2190   1990 1252    864     1667    706     1186    1920    1252    602     987     915     970     1666    1587    2019    2142    1589    1405    756     354     
2190   1991 1109    681     1595    308     1039    1862    1210    438     115     966     952     1195    1484    1964    2126    1832    1100    701     359     
2190   1992 1172    650     1639    408     1130    1919    1162    309     566     860     958     1566    1736    1968    2048    1536    969     988     537     
2190   1993 1115    721     1569    527     1102    1799    969     720     303     776     1116    1414    1768    1791    1836    1477    1009    420     683     
2190   1994 1267    728     1634    643     1118    1977    1293    608     639     990     940     1417    1731    2176    2015    1503    1277    1099    752     
2190   1995 1217    875     1629    714     1038    1975    1245    541     863     726     994     1391    1624    2177    2111    1451    1535    741     413     
2190   1996 1101    722     1558    441     1000    1858    1148    556     349     713     1049    1238    1810    1898    1865    1476    1250    714     264     
2190   1997 1220    682     1657    375     1142    1920    1305    135     764     977     1009    1435    1624    1894    2234    1729    1261    927     620     
2190   1998 1180    817     1623    605     1131    1856    1142    547     654     880     964     1542    1729    1854    1979    1653    1214    556     544     
2190   1999 1238    733     1701    573     1192    1900    1248    636     535     887     1101    1584    1662    2077    1954    1815    1293    635     616     
2190   2000 1237    753     1650    593     1126    1868    1278    437     736     796     1032    1546    1825    1772    2006    1705    1228    904     837     
2190   2001 1200    857     1616    672     1159    1917    1221    570     602     975     946     1550    1753    1972    2019    1432    1573    646     298     
2190   2002 1246    817     1592    587     1102    1843    1281    653     834     891     1083    1332    1781    1862    1884    1599    1292    952     768     
2190   2003 1271    808     1825    509     1221    2206    1207    311     440     1056    1158    1448    2111    2057    2448    1711    1020    896     539     
2190   2004 1189    712     1662    547     1044    1928    1285    547     556     709     1057    1366    1841    1932    2010    1753    1334    765     377     
2190   2005 1227    709     1714    434     1125    1982    1368    545     372     828     1104    1441    1968    2059    1918    1787    1642    665     334     
2190   2006 1269    690     1787    355     1096    2057    1494    370     361     736     1085    1480    1942    2425    1801    1968    1537    976     493     
2190   2007 1234    905     1673    692     1274    1834    1141    756     842     823     1456    1548    1821    1864    1818    1522    1216    682     444     
2190   2008 -999999 755     -999999 614     1144    1928    1177    661     745     782     987     1659    1810    2017    1957    1524    1187    820     439     
2190   2009 -999999 -999999 -999999 377     1201    2019    1377    211     498     803     1231    1642    1854    2047    2152    1756    1306    1068    515     
2190   2010 -999999 -999999 1703    384     1120    2015    1192    172     482     792     1202    1368    1894    2189    1953    1618    1198    760     200     
2190   2011 -999999 720     -999999 456     -999999 -999999 -999999 487     706     965     1439    -999999 -999999 -999999 -999999 -999999 -999999 -999999 -999999 
