EUROPEAN CLIMATE ASSESSMENT & DATASET (ECA&D), file created on: 10-05-2011
THESE DATA CAN BE USED FREELY PROVIDED THAT THE FOLLOWING SOURCE IS ACKNOWLEDGED: 

Klein Tank, A.M.G. and Coauthors, 2002. Daily dataset of 20th-century surface
air temperature and precipitation series for the European Climate Assessment.
Int. J. of Climatol., 22, 1441-1453.
Data and metadata available at http://eca.knmi.nl

FILE FORMAT (MISSING VALUE CODE = -999999):

THIS FILE HOLDS DATA FOR STATION RUSSIAN FEDERATION                       VEL-SK                                   (STAID:   1126)
LATITUDE: dd:mm:ss +61:06:00
LONGITUDE: ddd:mm:ss +042:06:00
ELEVATION: m   91

DATA IS FOR INDEX Mean of daily mean temperature (TG) with unit 0.01 Temperature (&#176;C)

01-06 SOUID: Source identifier
08-11 YEAR : YYYY
13-20 ANNUAL DATA VALUES
21-28 WINTER HALF YEAR DATA VALUES
29-36 SUMMER HALF YEAR DATA VALUES
37-44 WINTER (DJF) DATA VALUES
45-52 SPRING (MAM) DATA VALUES
53-60 SUMMER (JJA) DATA VALUES
61-68 AUTUMN (SON) DATA VALUES
69-76 JANUARY DATA VALUES
etc. 
157-164 DECEMBER DATA VALUES

1126   1995 -999999 -999999 -999999 -999999 558     1602    -999999 -811    -303    -80     620     1179    1768    1544    1503    1102    483     -636    -1253   
1126   1996 -999999 -999999 -999999 -999999 150     1546    329     -1228   -1258   -498    82      821     1442    1704    1490    597     300     108     -912    
1126   1997 -999999 -999999 -999999 -999999 144     -999999 161     -1556   -915    -404    169     748     1590    1673    1470    861     100     -546    -1355   
1126   1998 -999999 -999999 1132    -1361   123     1651    170     -878    -1904   -465    -200    1026    1718    1824    1413    978     413     -861    -970    
1126   1999 -999999 -999999 -999999 -1176   171     1727    236     -1491   -1049   -490    502     500     1873    1904    1419    994     608     -947    -477    
1126   2000 -999999 -999999 1272    -747    454     1696    337     -1183   -604    -223    710     899     1581    2032    1473    893     567     -432    -1130   
1126   2001 -999999 -999999 -999999 -1096   308     1639    212     -791    -1386   -680    739     899     1541    1979    1390    1074    180     -531    -1514   
1126   2002 -999999 -999999 -999999 -939    345     -999999 11      -830    -433    -221    371     886     1503    1938    1287    886     -26     -887    -1550   
1126   2003 -999999 -999999 1209    -1404   337     1629    443     -1601   -1028   -348    228     1127    1112    2033    1731    1015    425     -150    -441    
1126   2004 -999999 -999999 -999999 -895    319     1556    353     -1181   -1094   -155    54      1094    1318    1858    1483    1075    404     -444    -644    
1126   2005 -999999 -999999 -999999 -801    262     1622    631     -658    -1145   -907    416     1311    1519    1838    1521    1108    582     200     -1053   
1126   2006 -999999 -999999 -999999 -1351   179     -999999 366     -1410   -1615   -790    354     1039    1819    1606    1523    1136    256     -342    -101    
1126   2007 -999999 -999999 -999999 -999999 -999999 1636    355     -715    -999999 -999999 401     1174    1229    1892    1784    1065    480     -460    -324    
1126   2008 -999999 -343    -999999 -602    275     1533    523     -969    -517    -308    394     759     1328    1783    1491    815     655     94      -333    
1126   2009 -999999 -272    -999999 -694    269     1603    463     -1034   -705    -339    86      1055    1562    1709    1532    1261    192     -37     -1147   
1126   2010 264     -999999 1420    -1422   465     1843    302     -1789   -1332   -563    522     1437    1517    2285    1706    1016    282     -416    -1647   
1126   2011 -999999 -999999 -999999 -1496   -999999 -999999 -999999 -1231   -1639   -320    434     -999999 -999999 -999999 -999999 -999999 -999999 -999999 -999999 
