EUROPEAN CLIMATE ASSESSMENT & DATASET (ECA&D), file created on: 10-05-2011
THESE DATA CAN BE USED FREELY PROVIDED THAT THE FOLLOWING SOURCE IS ACKNOWLEDGED: 

Klein Tank, A.M.G. and Coauthors, 2002. Daily dataset of 20th-century surface
air temperature and precipitation series for the European Climate Assessment.
Int. J. of Climatol., 22, 1441-1453.
Data and metadata available at http://eca.knmi.nl

FILE FORMAT (MISSING VALUE CODE = -999999):

THIS FILE HOLDS DATA FOR STATION ITALY                                    BEDONIA                                  (STAID:    854)
LATITUDE: dd:mm:ss +44:30:27
LONGITUDE: ddd:mm:ss +009:37:36
ELEVATION: m  521

DATA IS FOR INDEX Mean of daily mean temperature (TG) with unit 0.01 Temperature (&#176;C)

01-06 SOUID: Source identifier
08-11 YEAR : YYYY
13-20 ANNUAL DATA VALUES
21-28 WINTER HALF YEAR DATA VALUES
29-36 SUMMER HALF YEAR DATA VALUES
37-44 WINTER (DJF) DATA VALUES
45-52 SPRING (MAM) DATA VALUES
53-60 SUMMER (JJA) DATA VALUES
61-68 AUTUMN (SON) DATA VALUES
69-76 JANUARY DATA VALUES
etc. 
157-164 DECEMBER DATA VALUES

854    1961 1106    -999999 1646    -999999 1070    1864    1224    -37     543     761     1187    1265    1768    1881    1940    1828    1210    633     276     
854    1962 -999999 483     -999999 257     841     1929    1084    290     198     266     962     1300    1658    1983    2147    1665    1137    448     53      
854    1963 952     288     1544    -117    891     1820    1212    -260    -146    461     907     1306    1620    2016    1818    1582    1090    968     0       
854    1964 -999999 466     -999999 87      984     1917    1141    -2      274     471     1076    1423    1893    2015    1842    1622    1060    743     290     
854    1965 989     439     1508    128     850     1808    1113    79      4       424     793     1331    1650    1939    1832    1497    1181    660     431     
854    1966 1055    535     1621    259     978     1865    1165    -247    629     571     937     1426    1825    1824    1945    1760    1352    378     235     
854    1967 1082    520     1601    196     999     1921    1224    103     256     765     840     1387    1631    2104    2018    1601    1295    774     141     
854    1968 1006    541     1525    185     976     1766    1103    110     312     606     1065    1260    1680    1905    1711    1517    1185    605     100     
854    1969 988     403     1542    52      904     1792    1211    83      -36     444     791     1473    1580    1964    1825    1599    1266    752     30      
854    1970 1059    -999999 1606    167     771     1933    1291    187     296     323     810     1166    1750    1964    2079    1852    1176    849     193     
854    1971 1066    494     1622    197     924     1895    1117    84      330     322     1092    1363    1569    2014    2091    1582    1179    588     506     
854    1972 1009    594     1463    347     951     1813    1011    127     411     742     913     1195    1683    1900    1850    1215    1048    769     237     
854    1973 1095    521     1646    255     913     1954    1235    208     325     526     765     1441    1828    1939    2092    1790    1249    667     260     
854    1974 1126    641     1637    407     982     1975    1010    399     578     687     916     1339    1735    2036    2145    1627    764     647     599     
854    1975 1148    575     1686    487     988     1940    1233    529     315     575     1013    1376    1677    2086    2049    1898    1185    618     395     
854    1976 1091    571     1593    373     953     1905    1128    345     380     489     921     1449    1861    2073    1780    1459    1225    696     386     
854    1977 1139    686     1558    429     1063    1843    1233    235     690     884     1015    1290    1662    1997    1864    1501    1420    771     312     
854    1978 -999999 649     -999999 299     973     -999999 -999999 380     196     776     837     1303    -999999 1940    1983    -999999 1229    682     383     
854    1979 1102    577     1608    257     979     1950    1154    30      367     755     767     1401    1863    2020    1965    1585    1202    674     532     
854    1980 -999999 -999999 -999999 401     -999999 1842    1175    142     540     -999999 747     -999999 1678    1789    2053    1782    1067    603     267     
854    1981 1120    -999999 1646    194     1090    1908    1245    90      229     823     1103    1344    1837    1891    1994    1699    1281    755     332     
854    1982 1162    599     1739    326     957     2092    1227    347     297     556     904     1410    1928    2257    2086    1828    1138    701     417     
854    1983 -999999 -999999 -999999 378     -999999 -999999 1183    554     138     734     -999999 1363    -999999 2325    1990    1740    1224    584     251     
854    1984 1040    503     1535    212     848     1903    1148    188     198     539     908     1098    1700    2043    1959    1483    1239    718     367     
854    1985 1109    488     1724    137     973     1999    1238    -265    328     530     1064    1326    1721    2194    2073    1949    1283    482     572     
854    1986 -999999 510     -999999 240     1044    -999999 1378    112     12      549     888     1691    1804    -999999 2439    1975    1473    684     366     
854    1987 1040    522     1622    218     825     1885    1226    36      256     294     977     1208    1588    2051    2007    1885    1173    622     331     
854    1988 1067    569     1587    359     966     1869    1079    382     363     534     970     1392    1567    2027    2002    1544    1322    348     292     
854    1989 1101    -999999 1607    337     1052    1936    1044    242     494     856     940     1357    1663    2057    2079    1525    1121    484     344     
854    1990 951     596     1440    385     965     1718    933     240     590     792     678     1416    1566    1844    1738    1378    1068    349     -277    
854    1991 821     257     1400    -167    681     1779    906     -48     -179    588     569     881     1477    1910    1942    1605    767     351     -85     
854    1992 894     291     1420    58      832     1693    945     32      239     440     761     1291    1400    1743    1933    1382    869     587     36      
854    1993 860     319     1420    43      761     1725    845     134     -50     300     740     1242    1616    1658    1897    1349    972     226     183     
854    1994 965     395     1476    150     877     1828    975     199     56      686     650     1289    1504    1977    1992    1415    817     699     194     
854    1995 819     370     1339    142     725     1648    798     -66     316     267     755     1155    1344    1940    1652    1164    919     306     37      
854    1996 753     174     1316    -122    683     1652    789     -157    -254    169     731     1151    1597    1688    1670    1040    831     493     43      
854    1997 867     357     1371    66      807     1665    904     -85     259     596     621     1197    1520    1686    1785    1397    882     433     42      
854    1998 862     357     1427    142     759     1787    793     101     294     379     676     1221    1621    1850    1886    1287    915     173     -100    
854    1999 1042    250     1678    -31     976     1981    1094    17      -9      476     865     1584    1810    2057    2071    1659    1155    465     277     
854    2000 1151    528     1683    281     1117    1939    1191    106     471     690     1026    1631    1891    1859    2065    1611    1225    735     480     
