EUROPEAN CLIMATE ASSESSMENT & DATASET (ECA&D), file created on: 10-05-2011
THESE DATA CAN BE USED FREELY PROVIDED THAT THE FOLLOWING SOURCE IS ACKNOWLEDGED: 

Klein Tank, A.M.G. and Coauthors, 2002. Daily dataset of 20th-century surface
air temperature and precipitation series for the European Climate Assessment.
Int. J. of Climatol., 22, 1441-1453.
Data and metadata available at http://eca.knmi.nl

FILE FORMAT (MISSING VALUE CODE = -999999):

THIS FILE HOLDS DATA FOR STATION ESTONIA                                  VORU                                     (STAID:    268)
LATITUDE: dd:mm:ss +57:50:45
LONGITUDE: ddd:mm:ss +027:01:09
ELEVATION: m   82

DATA IS FOR INDEX Mean of daily mean temperature (TG) with unit 0.01 Temperature (&#176;C)

01-06 SOUID: Source identifier
08-11 YEAR : YYYY
13-20 ANNUAL DATA VALUES
21-28 WINTER HALF YEAR DATA VALUES
29-36 SUMMER HALF YEAR DATA VALUES
37-44 WINTER (DJF) DATA VALUES
45-52 SPRING (MAM) DATA VALUES
53-60 SUMMER (JJA) DATA VALUES
61-68 AUTUMN (SON) DATA VALUES
69-76 JANUARY DATA VALUES
etc. 
157-164 DECEMBER DATA VALUES

268    1923 -999999 -999999 -999999 -999999 -999999 -999999 752     -999999 -999999 -999999 -999999 -999999 -999999 -999999 1383    1224    728     304     -405    
268    1924 524     -259    1271    -728    316     1638    775     -1032   -750    -414    152     1205    1545    1691    1675    1335    770     219     -154    
268    1925 615     104     1328    -23     574     1616    413     38      54      -303    717     1313    1382    1906    1553    1073    389     -223    -554    
268    1926 487     -388    1292    -739    442     1675    583     -1006   -648    -308    351     1280    1687    1839    1500    1073    307     379     -670    
268    1927 494     -199    1295    -665    404     1819    457     -751    -564    87      363     760     1490    2164    1792    1172    455     -256    -860    
268    1928 494     -348    1123    -647    379     1376    714     -525    -551    -360    392     1105    1123    1526    1470    1097    583     464     -462    
268    1929 451     -393    1187    -1022   313     1561    725     -1004   -1641   -394    -52     1372    1351    1683    1644    1089    764     321     108     
268    1930 638     89      1333    -173    646     1685    607     -65     -604    -51     694     1295    1637    1759    1656    931     671     217     -575    
268    1931 -999999 -307    -999999 -703    -999999 1611    440     -664    -886    -656    306     -999999 1327    1865    1632    866     461     -8      -392    
268    1932 602     -282    1367    -505    383     1722    637     -131    -1024   -638    459     1331    1419    2051    1685    1223    560     129     68      
268    1933 430     -154    1222    -499    362     1644    483     -922    -638    -153    308     929     1586    1888    1456    1147    566     -269    -812    
268    1934 723     -191    1426    -464    658     1683    884     -268    -296    -76     688     1340    1540    1857    1646    1465    857     331     -501    
268    1935 541     -114    -999999 -571    364     1625    674     -842    -349    -189    443     842     1744    1515    1630    1115    844     58      -245    
268    1936 671     -65     1435    -466    642     1898    507     -228    -956    81      520     1321    2027    2063    1608    1049    286     193     20      
268    1937 602     -181    1476    -474    640     1794    725     -935    -509    -159    684     1397    1883    1719    1784    1373    641     162     -870    
268    1938 685     -98     1375    -544    530     1813    840     -465    -268    191     331     1063    1496    2017    1915    1398    741     386     -683    
268    1939 581     -63     1332    -431    376     1885    411     -547    -22     -236    387     978     1682    1928    2039    947     175     121     -507    
268    1940 -999999 -632    -999999 -1148   300     -999999 602     -1518   -1447   -670    267     1302    -999999 1967    1582    1091    504     215     -590    
268    1941 -999999 -460    -999999 -975    62      -999999 -999999 -1466   -856    -581    97      670     1307    -999999 -999999 -999999 -999999 -999999 -999999 
268    1942 -999999 -999999 -999999 -999999 -999999 -999999 -999999 -999999 -999999 -999999 -999999 -999999 -999999 -999999 -999999 -999999 -999999 -999999 -999999 
268    1943 -999999 -999999 -999999 -999999 -999999 -999999 -999999 -999999 -999999 -999999 -999999 -999999 -999999 -999999 -999999 -999999 -999999 -999999 -999999 
268    1944 -999999 -999999 -999999 -999999 -999999 -999999 -999999 -999999 -999999 -999999 -999999 -999999 -999999 -999999 -999999 -999999 -999999 -999999 -999999 
268    1945 488     -999999 1258    -999999 358     1715    430     -658    -310    -337    464     952     1454    1941    1742    965     382     -56     -729    
268    1946 518     -311    1347    -632    461     1712    412     -473    -703    -321    577     1130    1629    1854    1651    1222    204     -182    -458    
268    1947 469     -511    1348    -884    374     1724    572     -887    -1351   -462    451     1135    1758    1767    1649    1313    459     -51     -305    
268    1948 603     -230    1366    -552    626     1657    608     -494    -870    -155    614     1418    1665    1693    1612    1173    560     92      -125    
268    1949 685     -7      1329    -165    575     1549    731     -180    -194    -213    565     1372    1446    1727    1470    1373    644     180     -28     
268    1950 491     -206    1260    -650    587     1488    575     -1505   -393    -142    804     1106    1462    1514    1489    1172    538     16      -204    
268    1951 465     -280    1209    -569    278     1580    491     -854    -657    -545    611     780     1465    1561    1709    1114    447     -85     -31     
268    1952 426     -242    1162    -239    128     1513    403     -192    -511    -1095   630     865     1378    1626    1531    923     385     -98     -355    
268    1953 506     -332    1271    -700    475     1641    599     -776    -998    -205    579     1056    1659    1741    1523    1050    737     4       -403    
268    1954 479     -330    1254    -906    469     1623    593     -997    -1362   -48     221     1226    1629    1691    1550    1187    619     -27     -82     
268    1955 437     -193    1174    -421    88      1622    701     -515    -691    -504    -25     789     1300    1760    1794    1395    744     -36     -846    
268    1956 334     -455    1086    -988    175     1534    384     -677    -1472   -495    62      953     1803    1490    1318    871     533     -256    -203    
268    1957 577     -139    1205    -200    336     1555    612     -212    -183    -521    437     1095    1407    1735    1517    1015    666     154     -232    
268    1958 447     -241    1150    -530    221     1494    663     -646    -732    -692    232     1122    1401    1622    1458    1041    729     215     -467    
268    1959 592     0       1290    -354    560     1753    461     -303    -284    87      575     1019    1598    1932    1725    866     502     13      -690    
268    1960 490     -400    1262    -807    339     1678    457     -920    -811    -505    367     1155    1639    1825    1568    990     325     62      141     
268    1961 651     60      1244    -46     567     1615    647     -263    -11     101     493     1104    1762    1625    1465    998     780     160     -438    
268    1962 470     -162    1131    -388    270     1390    627     -246    -488    -759    635     946     1255    1525    1385    1026    685     166     -549    
268    1963 416     -492    1368    -971    305     1683    664     -1279   -1097   -914    303     1525    1428    1852    1760    1304    652     37      -678    
268    1964 514     -309    1260    -649    312     1634    600     -360    -926    -609    451     1099    1730    1713    1462    1089    698     10      -239    
268    1965 437     -182    1174    -512    291     1510    452     -448    -886    -291    386     782     1547    1483    1501    1341    529     -517    -280    
268    1966 438     -420    1239    -840    479     1656    548     -1222   -1036   -58     250     1237    1729    1763    1479    951     666     24      -634    
268    1967 558     -245    1296    -797    622     1589    855     -1255   -470    187     434     1239    1454    1726    1581    1319    949     293     -826    
268    1968 473     -251    1257    -917    497     1634    480     -1356   -546    -22     538     975     1682    1488    1735    1111    390     -57     -281    
268    1969 375     -445    1234    -785    259     1617    595     -1232   -848    -669    447     1004    1533    1735    1579    1082    566     137     -897    
268    1970 455     -403    1274    -1016   507     1639    518     -1183   -964    -114    482     1152    1627    1723    1565    1073    452     31      -472    
268    1971 574     -170    1270    -381    431     1638    483     -185    -498    -374    426     1239    1500    1709    1700    1021    537     -112    -167    
268    1972 601     -241    1372    -581    450     1875    561     -1220   -342    -146    384     1109    1781    2023    1818    1089    471     124     94      
268    1973 557     -8      1276    -231    551     1732    358     -456    -342    35      492     1125    1722    1918    1556    820     356     -102    -509    
268    1974 635     -117    1180    -321    362     1556    735     -405    -20     -14     306     793     1480    1639    1547    1304    686     218     44      
268    1975 716     128     1392    -97     686     1663    645     -60     -294    138     545     1371    1453    1837    1693    1432    573     -67     -107    
268    1976 383     -261    1132    -574    355     1460    379     -848    -779    -363    336     1091    1258    1659    1458    964     67      116     -401    
268    1977 509     -280    1207    -584    506     1542    602     -662    -699    -130    450     1195    1570    1574    1483    946     584     276     -561    
268    1978 395     -195    1138    -702    466     1514    582     -585    -989    41      349     1004    1441    1562    1537    911     441     398     -1454   
268    1979 520     -408    1275    -1095   545     1622    567     -928    -883    -43     322     1347    1727    1469    1674    1088    499     116     -250    
268    1980 446     -318    1220    -652    234     1642    529     -887    -829    -575    544     743     1774    1670    1487    1095    632     -144    -197    
268    1981 554     -157    1261    -362    389     1626    652     -437    -461    -361    227     1296    1564    1796    1515    1138    766     48      -513    
268    1982 573     -183    1215    -657    524     1540    700     -868    -584    23      421     1125    1233    1750    1627    1104    608     390     -39     
268    1983 662     0       1391    -265    639     1640    665     -41     -763    -215    727     1407    1461    1767    1686    1275    699     18      -195    
268    1984 -999999 -106    -999999 -357    613     -999999 633     -291    -600    -297    753     1388    -999999 1596    1594    1068    859     -35     -388    
268    1985 393     -408    1228    -1067   467     1608    567     -1296   -1565   -120    332     1184    1441    1601    1776    1005    813     -126    -477    
268    1986 -999999 -228    -999999 -720    622     -999999 602     -513    -1216   60      520     1284    1729    1764    -999999 811     634     361     -630    
268    1987 350     -412    1133    -952    249     1470    525     -1726   -451    -635    315     1068    1460    1581    1369    986     589     -4      -380    
268    1988 596     -108    1387    -377    573     1752    475     -386    -366    -115    406     1423    1752    1984    1519    1212    542     -330    -527    
268    1989 749     33      1378    -113    778     1664    602     64      148     298     755     1280    1665    1797    1529    1224    602     -22     -387    
268    1990 693     88      1230    -121    714     1529    562     -205    267     285     778     1081    1459    1541    1585    921     607     157     -180    
268    1991 661     -6      1270    -290    527     1643    721     -224    -484    46      586     951     1450    1758    1713    1139    688     338     -117    
268    1992 668     143     1344    -133    613     1731    433     -124    -160    222     385     1225    1627    1827    1734    1240    201     -135    -59     
268    1993 522     -81     1183    -155    640     1459    168     -183    -231    -95     572     1440    1294    1623    1456    678     459     -641    -183    
268    1994 560     -324    1330    -547    526     1664    594     -254    -1274   -151    769     967     1371    1983    1629    1243    531     9       -249    
268    1995 647     9       1344    -212    608     1737    611     -427    65      132     536     1155    1884    1686    1645    1141    851     -168    -763    
268    1996 483     -394    1264    -904    475     1624    674     -826    -1137   -362    601     1192    1507    1561    1802    898     725     397     -624    
268    1997 589     -25     1276    -414    394     1779    523     -397    -200    -57     318     918     1622    1851    1860    1060    415     97      -472    
268    1998 558     -101    1289    -296    536     1577    369     -93     -326    -243    619     1234    1654    1656    1425    1132    593     -625    -396    
268    1999 691     -240    1436    -496    592     1848    696     -415    -696    44      890     851     1966    1977    1605    1324    682     83      -106    
268    2000 723     41      1300    -173    701     1571    737     -327    -78     -15     968     1159    1476    1655    1579    945     877     385     27      
268    2001 626     69      1421    -221    579     1781    657     -177    -545    -201    808     1136    1475    2165    1695    1222    790     -44     -896    
268    2002 647     -38     1459    -397    741     1843    413     -276    21      183     658     1379    1658    1993    1874    1161    145     -59     -1001   
268    2003 594     -382    1301    -786    526     1651    622     -743    -595    -51     361     1263    1367    2007    1570    1207    432     234     -9      
268    2004 615     -83     1317    -394    562     1647    625     -756    -418    5       618     1065    1399    1757    1777    1266    635     -27     18      
268    2005 625     -129    1370    -266    373     1712    796     -133    -728    -592    549     1166    1534    1907    1689    1351    719     320     -369    
268    2006 680     -222    1439    -656    443     1815    854     -688    -939    -426    609     1153    1729    1986    1726    1413    873     276     335     
268    2007 708     145     1387    -259    774     1766    621     -128    -1062   463     553     1299    1710    1734    1853    1151    704     7       67      
268    2008 738     141     1295    11      639     1635    706     -116    87      90      734     1096    1523    1715    1665    1015    849     247     -72     
268    2009 616     37      1330    -277    587     1604    671     -308    -470    -65     643     1184    1443    1777    1588    1327    436     256     -480    
268    2010 590     -315    1555    -861    698     1986    620     -1388   -700    -36     737     1395    1620    2332    1995    1218    514     132     -826    
268    2011 -999999 -273    -999999 -751    -999999 -999999 -999999 -440    -1013   -63     748     -999999 -999999 -999999 -999999 -999999 -999999 -999999 -999999 
