EUROPEAN CLIMATE ASSESSMENT & DATASET (ECA&D), file created on: 10-05-2011
THESE DATA CAN BE USED FREELY PROVIDED THAT THE FOLLOWING SOURCE IS ACKNOWLEDGED: 

Klein Tank, A.M.G. and Coauthors, 2002. Daily dataset of 20th-century surface
air temperature and precipitation series for the European Climate Assessment.
Int. J. of Climatol., 22, 1441-1453.
Data and metadata available at http://eca.knmi.nl

FILE FORMAT (MISSING VALUE CODE = -999999):

THIS FILE HOLDS DATA FOR STATION LITHUANIA                                LAUKUVA                                  (STAID:   1006)
LATITUDE: dd:mm:ss +55:36:00
LONGITUDE: ddd:mm:ss +022:12:00
ELEVATION: m  165

DATA IS FOR INDEX Mean of daily mean temperature (TG) with unit 0.01 Temperature (&#176;C)

01-06 SOUID: Source identifier
08-11 YEAR : YYYY
13-20 ANNUAL DATA VALUES
21-28 WINTER HALF YEAR DATA VALUES
29-36 SUMMER HALF YEAR DATA VALUES
37-44 WINTER (DJF) DATA VALUES
45-52 SPRING (MAM) DATA VALUES
53-60 SUMMER (JJA) DATA VALUES
61-68 AUTUMN (SON) DATA VALUES
69-76 JANUARY DATA VALUES
etc. 
157-164 DECEMBER DATA VALUES

1006   1995 -999999 -999999 -999999 -999999 -999999 -999999 -999999 -999999 -999999 -999999 -999999 -999999 -999999 -999999 1640    -999999 -999999 -999999 -999999 
1006   1996 -999999 -999999 -999999 -999999 -999999 1524    -999999 -999999 -999999 -999999 665     1176    1389    1411    1778    1009    798     384     -720    
1006   1997 -999999 -999999 -999999 -999999 443     1740    645     -440    -21     40      298     998     1546    1785    1887    1176    572     152     -337    
1006   1998 -999999 -999999 -999999 -999999 636     1463    464     -26     49      -77     768     1245    1485    1501    1405    1178    655     -480    -371    
1006   1999 -999999 -999999 -999999 -324    647     1705    734     -219    -391    259     788     899     1694    1847    1577    1372    693     139     -999999 
1006   2000 -999999 -999999 -999999 -999999 814     1504    820     -235    34      136     1058    1229    1422    1561    1528    1001    968     505     103     
1006   2001 -999999 -999999 -999999 -122    592     -999999 -999999 -152    -347    -21     684     1133    1315    1987    -999999 -999999 915     -999999 -999999 
1006   2002 -999999 -999999 -999999 -999999 -999999 -999999 589     -999999 -999999 -999999 -999999 -999999 -999999 -999999 1917    1246    410     117     -864    
1006   2003 645     -223    1322    -659    543     1680    673     -559    -551    64      416     1162    1421    1948    1663    1262    420     347     43      
1006   2004 624     -29     1255    -333    575     1533    703     -746    -281    39      674     1014    1285    1556    1750    1235    769     83      47      
1006   2005 -999999 -999999 -999999 -176    440     1603    784     -74     -526    -396    642     1108    1403    1796    1609    1341    734     261     -195    
1006   2006 -999999 -999999 -999999 -530    411     1751    944     -774    -629    -442    558     1100    1492    1987    1768    1462    923     447     405     
1006   2007 -999999 -999999 -999999 -27     786     1695    679     76      -643    487     597     1266    1685    1611    1789    1218    707     90      83      
1006   2008 782     200     1328    63      699     1640    755     -56     168     196     754     1150    1521    1717    1677    1131    863     267     -22     
1006   2009 -999999 83      1350    -227    668     1595    721     -311    -360    24      825     1158    1406    1758    1602    1339    472     347     -347    
1006   2010 580     -999999 1414    -641    612     1812    616     -1048   -501    -47     662     1223    1486    2084    1857    1142    467     245     -754    
1006   2011 -999999 -999999 -999999 -607    -999999 -999999 -999999 -321    -768    -35     794     -999999 -999999 -999999 -999999 -999999 -999999 -999999 -999999 
