EUROPEAN CLIMATE ASSESSMENT & DATASET (ECA&D), file created on: 10-05-2011
THESE DATA CAN BE USED FREELY PROVIDED THAT THE FOLLOWING SOURCE IS ACKNOWLEDGED: 

Klein Tank, A.M.G. and Coauthors, 2002. Daily dataset of 20th-century surface
air temperature and precipitation series for the European Climate Assessment.
Int. J. of Climatol., 22, 1441-1453.
Data and metadata available at http://eca.knmi.nl

FILE FORMAT (MISSING VALUE CODE = -999999):

THIS FILE HOLDS DATA FOR STATION NORWAY                                   SLETTNES FYR                             (STAID:   2216)
LATITUDE: dd:mm:ss +71:05:02
LONGITUDE: ddd:mm:ss +028:13:04
ELEVATION: m    8

DATA IS FOR INDEX Mean of daily mean temperature (TG) with unit 0.01 Temperature (&#176;C)

01-06 SOUID: Source identifier
08-11 YEAR : YYYY
13-20 ANNUAL DATA VALUES
21-28 WINTER HALF YEAR DATA VALUES
29-36 SUMMER HALF YEAR DATA VALUES
37-44 WINTER (DJF) DATA VALUES
45-52 SPRING (MAM) DATA VALUES
53-60 SUMMER (JJA) DATA VALUES
61-68 AUTUMN (SON) DATA VALUES
69-76 JANUARY DATA VALUES
etc. 
157-164 DECEMBER DATA VALUES

2216   1956 -999999 -999999 -999999 -999999 -999999 -999999 188     -999999 -999999 -999999 -999999 -999999 -999999 -999999 -999999 555     166     -155    -75     
2216   1957 244     -144    602     -169    -20     867     365     -210    -226    -373    28      285     555     1024    1012    692     299     107     -302    
2216   1958 127     -222    490     -437    -148    765     369     -591    -416    -437    -143    135     583     844     862     645     328     135     -453    
2216   1959 283     -62     611     -290    119     914     316     -401    14      16      -58     395     755     1008    973     578     256     115     -276    
2216   1960 264     -155    777     -404    225     1026    214     -384    -563    -95     251     529     635     1354    1076    788     15      -154    -309    
2216   1961 261     -220    611     -318    -62     957     483     -303    -345    -233    -214    257     856     1007    1005    742     625     77      -390    
2216   1962 121     -189    472     -410    -182    690     336     -440    -398    -618    -53     131     498     805     761     679     244     87      -265    
2216   1963 151     -279    609     -451    -32     750     354     -466    -640    -656    -62     621     531     823     890     834     379     -150    -352    
2216   1964 243     -139    608     -366    103     907     293     -224    -534    20      -123    405     663     1125    925     631     440     -195    -264    
2216   1965 79      -224    451     -384    -139    670     223     -431    -465    -449    -60     95      558     675     772     659     199     -189    -446    
2216   1966 24      -416    467     -601    -283    834     155     -583    -791    -716    -230    100     660     996     840     419     5       46      -513    
2216   1967 240     -244    639     -472    67      896     407     -530    -363    -112    16      295     743     921     1020    831     203     195     -368    
2216   1968 35      -247    381     -499    -185    674     73      -710    -412    -387    -212    45      497     656     863     423     -94     -104    -154    
2216   1969 121     -331    511     -472    -119    788     310     -547    -742    -374    -145    161     513     905     937     678     360     -109    -250    
2216   1970 204     -209    609     -393    -73     942     288     -184    -783    -338    -257    372     761     996     1064    700     334     -171    -139    
2216   1971 60      -251    467     -400    -175    750     116     -473    -609    -481    -219    174     431     945     863     589     117     -357    -320    
2216   1972 316     -195    707     -256    17      1094    266     -140    -310    -172    -89     310     947     1184    1147    726     294     -222    84      
2216   1973 177     -132    623     -174    -5      950     144     -203    -428    -346    2       330     698     1196    949     541     57      -165    -558    
2216   1974 284     -200    682     -391    143     960     282     -338    -266    67      36      323     720     1142    1010    845     165     -160    -184    
2216   1975 198     -140    536     -266    98      704     314     -381    -229    -60     -11     360     504     849     753     748     165     34      -385    
2216   1976 163     -222    568     -431    35      854     147     -613    -286    -244    -24     372     574     998     982     483     133     -174    -265    
2216   1977 138     -275    486     -404    -139    771     288     -502    -451    -403    -245    228     559     871     877     609     184     74      -183    
2216   1978 68      -254    467     -447    -102    699     212     -548    -627    -451    -206    348     498     736     855     556     147     -66     -483    
2216   1979 145     -323    567     -561    -80     850     239     -687    -508    -349    -167    274     582     943     1016    736     102     -115    -138    
2216   1980 145     -239    577     -338    -42     804     255     -427    -456    -409    58      229     658     783     967     763     255     -253    -446    
2216   1981 91      -345    491     -489    -192    735     317     -557    -461    -616    -184    224     498     869     830     692     295     -35     -499    
2216   1982 176     -219    522     -429    -22     767     244     -488    -287    -301    -39     275     413     1065    813     586     175     -27     -109    
2216   1983 229     -100    637     -214    90      868     293     -225    -318    -118    104     285     691     1050    857     822     283     -225    -500    
2216   1984 241     -232    609     -377    81      809     275     -471    -146    -326    67      501     673     843     907     647     267     -88     3       
2216   1985 122     -204    527     -410    -69     811     338     -575    -686    -190    -186    165     576     929     921     745     297     -28     -560    
2216   1986 173     -241    554     -537    28      876     311     -495    -557    -124    -168    369     808     890     928     477     353     102     -558    
2216   1987 101     -274    457     -573    -97     649     363     -490    -681    -400    -120    229     464     778     699     678     646     -245    -409    
2216   1988 128     -219    559     -450    -125    865     237     -462    -483    -380    -294    293     655     1007    925     749     246     -286    -468    
2216   1989 320     -200    760     -363    248     976     352     -302    -316    -91     324     515     930     962     1035    785     209     67      -318    
2216   1990 307     -124    697     -288    88      966     354     -501    -18     -167    196     239     718     1051    1123    843     334     -113    -34     
2216   1991 270     -83     623     -135    37      901     300     -291    -75     -319    114     318     683     941     1072    596     320     -18     -124    
2216   1992 267     -19     640     -116    106     857     193     -85     -142    -74     -115    499     725     927     915     872     -18     -269    -57     
2216   1993 184     -156    509     -139    0       779     197     -150    -216    -237    -88     322     497     825     1005    472     86      38      -371    
2216   1994 227     -232    651     -420    82      896     244     -556    -324    -266    218     297     615     1008    1055    698     167     -132    -95     
2216   1995 196     -125    582     -219    68      824     206     -264    -306    -136    -7      343     718     874     875     676     180     -236    -399    
2216   1996 218     -184    522     -315    -53     839     359     -33     -528    -110    -188    134     638     817     1055    664     397     14      -282    
2216   1997 206     -162    576     -400    -54     834     384     -463    -463    -200    -282    311     527     869     1095    916     290     -51     -139    
2216   1998 87      -265    506     -484    -101    772     190     -442    -912    -395    -170    259     506     854     947     620     239     -290    -254    
2216   1999 215     -278    613     -457    -29     870     478     -606    -518    -264    -1      180     777     938     892     883     470     81      -295    
2216   2000 277     -103    621     -300    9       886     502     -256    -352    -276    -44     345     649     1024    977     761     652     89      -274    
2216   2001 219     -95     631     -298    -87     904     330     -123    -518    -432    -80     250     768     1025    916     899     261     -167    -224    
2216   2002 225     -190    646     -337    109     895     244     -331    -470    -235    185     381     663     1054    962     619     200     -85     -292    
2216   2003 254     -185    626     -370    113     864     396     -641    -155    -128    36      427     517     1072    992     694     328     167     -285    
2216   2004 321     -105    745     -345    180     1012    366     -318    -438    -95     217     421     677     1293    1055    792     330     -22     -96     
2216   2005 299     -115    651     -225    17      929     473     -333    -249    -331    30      352     746     960     1077    729     499     190     -130    
2216   2006 309     -33     706     -211    160     925     284     -146    -369    -269    240     511     804     936     1032    699     204     -50     60      
2216   2007 308     -89     635     -251    173     866     425     -249    -611    45      80      390     737     871     987     732     588     -50     67      
2216   2008 224     -21     513     -111    -71     748     341     -146    -265    -337    -148    270     578     855     807     706     345     -27     26      
2216   2009 220     -120    592     -257    32      792     396     -321    -501    -278    -57     428     615     832     924     800     295     96      -246    
2216   2010 221     -185    639     -394    95      827     355     -377    -578    -332    138     481     639     995     840     728     437     -104    -313    
2216   2011 -999999 -999999 -999999 -435    -999999 -999999 -999999 -419    -580    -999999 274     -999999 -999999 -999999 -999999 -999999 -999999 -999999 -999999 
