EUROPEAN CLIMATE ASSESSMENT & DATASET (ECA&D), file created on: 10-05-2011
THESE DATA CAN BE USED FREELY PROVIDED THAT THE FOLLOWING SOURCE IS ACKNOWLEDGED: 

Klein Tank, A.M.G. and Coauthors, 2002. Daily dataset of 20th-century surface
air temperature and precipitation series for the European Climate Assessment.
Int. J. of Climatol., 22, 1441-1453.
Data and metadata available at http://eca.knmi.nl

FILE FORMAT (MISSING VALUE CODE = -999999):

THIS FILE HOLDS DATA FOR STATION POLAND                                   NOWY SACZ                                (STAID:    932)
LATITUDE: dd:mm:ss +49:37:00
LONGITUDE: ddd:mm:ss +020:42:00
ELEVATION: m  292

DATA IS FOR INDEX Mean of daily mean temperature (TG) with unit 0.01 Temperature (&#176;C)

01-06 SOUID: Source identifier
08-11 YEAR : YYYY
13-20 ANNUAL DATA VALUES
21-28 WINTER HALF YEAR DATA VALUES
29-36 SUMMER HALF YEAR DATA VALUES
37-44 WINTER (DJF) DATA VALUES
45-52 SPRING (MAM) DATA VALUES
53-60 SUMMER (JJA) DATA VALUES
61-68 AUTUMN (SON) DATA VALUES
69-76 JANUARY DATA VALUES
etc. 
157-164 DECEMBER DATA VALUES

932    1961 888     -999999 1490    -999999 974     1713    1046    -341    177     624     1117    1187    1759    1643    1737    1492    1155    487     -404    
932    1962 748     165     1372    -198    686     1586    917     14      -205    -85     1030    1125    1360    1597    1795    1311    871     572     -460    
932    1963 738     -169    1575    -813    772     1821    1123    -1126   -858    -56     908     1468    1663    1913    1881    1597    924     854     -402    
932    1964 756     57      1477    -436    669     1793    889     -583    -316    -135    901     1248    1935    1806    1643    1320    891     457     -113    
932    1965 724     123     1376    -288    686     1632    782     -168    -613    225     714     1119    1652    1679    1566    1520    775     53      74      
932    1966 880     167     1455    -58     879     1692    1018    -566    360     323     999     1318    1618    1766    1690    1325    1329    389     -21     
932    1967 882     303     1505    -152    903     1743    1062    -439    22      515     812     1379    1571    1926    1726    1596    1135    453     -167    
932    1968 821     250     1465    -162    880     1702    955     -415    115     374     968     1302    1763    1675    1670    1402    885     581     -468    
932    1969 735     55      1440    -373    746     1657    952     -553    -69     -42     715     1564    1560    1779    1629    1368    849     644     -658    
932    1970 766     62      1368    -439    708     1677    857     -347    -298    167     793     1167    1638    1711    1682    1202    781     590     44      
932    1971 814     189     1442    -87     798     1709    744     -345    53      14      893     1491    1517    1741    1862    1121    807     301     260     
932    1972 835     295     1429    38      912     1738    732     -397    266     532     855     1346    1696    1874    1643    1142    599     460     -10     
932    1973 795     227     1388    0       781     1634    755     -111    133     291     747     1302    1513    1699    1685    1364    745     158     -30     
932    1974 847     294     1350    106     800     1614    792     27      345     522     731     1145    1381    1616    1838    1371    614     396     149     
932    1975 884     296     1482    82      879     1716    882     274     -204    499     775     1358    1570    1810    1764    1600    857     192     25      
932    1976 744     77      1350    -188    664     1583    946     -245    -354    -37     804     1230    1514    1786    1447    1301    1003    533     -85     
932    1977 851     378     1355    17      890     1657    860     -18     168     652     704     1309    1652    1663    1657    1125    972     478     -201    
932    1978 741     241     1276    -168    750     1560    787     -90     -216    465     622     1160    1514    1598    1567    1177    933     247     -156    
932    1979 814     143     1421    -275    846     1678    822     -429    -238    465     695     1373    1813    1566    1658    1407    693     371     320     
932    1980 686     156     1277    -90     556     1617    789     -593    9       136     579     954     1535    1682    1633    1262    940     160     -78     
932    1981 830     185     1451    -206    882     1739    909     -465    -61     591     667     1379    1755    1794    1669    1426    1004    292     -149    
932    1982 852     122     1497    -333    792     1787    1040    -551    -296    396     560     1413    1676    1831    1849    1634    987     501     145     
932    1983 928     378     1570    86      1059    1753    842     264     -175    493     1104    1580    1631    1881    1743    1463    873     189     7       
932    1984 816     187     1389    -32     773     1591    968     19      -127    144     825     1352    1465    1572    1732    1374    1131    392     -126    
932    1985 716     39      1428    -557    883     1640    752     -804    -762    339     866     1442    1397    1750    1767    1327    830     96      231     
932    1986 793     104     1480    -205    941     1692    859     -135    -764    281     1064    1483    1610    1699    1764    1244    863     469     -178    
932    1987 725     -51     1439    -452    553     1730    983     -1041   -102    -308    798     1176    1690    1933    1565    1457    1002    489     12      
932    1988 847     348     1463    139     769     1747    708     229     177     170     749     1386    1563    1920    1752    1383    857     -122    65      
932    1989 921     288     1449    127     969     1649    901     4       333     585     1056    1270    1472    1754    1715    1411    1028    259     126     
932    1990 912     438     1380    207     932     1675    890     53      469     689     781     1321    1612    1697    1715    1133    961     575     -94     
932    1991 791     250     1408    -208    762     1752    903     -84     -471    552     701     1032    1607    1897    1747    1448    809     456     -294    
932    1992 883     216     1537    -131    843     1936    818     -168    82      407     831     1291    1738    1923    2140    1276    743     439     -135    
932    1993 816     150     1448    -140    814     1669    775     -85     -206    120     804     1518    1573    1694    1735    1342    1023    -50     239     
932    1994 949     330     1561    142     920     1851    922     296     -137    553     916     1292    1629    2046    1870    1596    758     418     66      
932    1995 830     316     1440    103     801     1772    776     -114    385     392     775     1237    1623    1960    1728    1297    1054    -34     -375    
932    1996 726     -42     1421    -407    751     1720    889     -441    -404    -75     781     1548    1726    1677    1757    1011    968     685     -555    
932    1997 813     172     1432    -332    770     1743    847     -579    189     340     524     1437    1697    1735    1795    1380    699     467     35      
932    1998 873     311     1536    147     889     1799    752     62      364     248     1085    1342    1816    1824    1760    1378    892     -19     -301    
932    1999 924     180     1561    -121    958     1802    918     14      -72     535     1045    1297    1747    1966    1692    1608    932     216     38      
932    2000 996     260     1530    3       1029    1748    1136    -221    206     388     1189    1515    1697    1682    1863    1220    1334    848     210     
932    2001 872     478     1504    56      940     1803    904     -72     28      490     856     1472    1516    1954    1932    1266    1206    229     -489    
932    2002 950     297     1593    -91     1043    1908    902     -180    449     576     872     1676    1788    1991    1942    1259    779     673     -451    
932    2003 866     84      1580    -410    873     1903    884     -268    -521    250     753     1612    1833    1913    1959    1382    646     631     109     
932    2004 852     232     1437    -88     826     1729    935     -422    58      371     918     1193    1612    1758    1813    1314    1086    402     94      
932    2005 879     232     1560    -89     852     1798    976     -71     -311    146     957     1455    1642    1960    1788    1542    1030    355     -24     
932    2006 915     91      1606    -325    818     1883    1151    -674    -271    105     982     1372    1707    2110    1825    1626    1191    634     296     
932    2007 1014    588     1637    322     1110    1954    799     391     275     711     976     1638    1909    2010    1940    1324    857     213     -139    
932    2008 1040    324     1572    120     956     1906    1034    205     306     498     971     1398    1865    1919    1933    1330    1085    686     256     
932    2009 959     363     1640    8       982     1871    1027    -227    -7      357     1174    1422    1668    2035    1904    1623    882     581     43      
932    2010 862     218     1578    -190    914     1925    924     -524    -79     390     936     1416    1730    2059    1979    1323    692     765     -393    
932    2011 -999999 222     -999999 -202    -999999 -999999 -999999 -33     -179    458     1080    -999999 -999999 -999999 -999999 -999999 -999999 -999999 -999999 
