EUROPEAN CLIMATE ASSESSMENT & DATASET (ECA&D), file created on: 10-05-2011
THESE DATA CAN BE USED FREELY PROVIDED THAT THE FOLLOWING SOURCE IS ACKNOWLEDGED: 

Klein Tank, A.M.G. and Coauthors, 2002. Daily dataset of 20th-century surface
air temperature and precipitation series for the European Climate Assessment.
Int. J. of Climatol., 22, 1441-1453.
Data and metadata available at http://eca.knmi.nl

FILE FORMAT (MISSING VALUE CODE = -999999):

THIS FILE HOLDS DATA FOR STATION GERMANY                                  HERSFELD;BAD (WST)                       (STAID:    818)
LATITUDE: dd:mm:ss +50:51:00
LONGITUDE: ddd:mm:ss +009:43:48
ELEVATION: m  272

DATA IS FOR INDEX Mean of daily mean temperature (TG) with unit 0.01 Temperature (&#176;C)

01-06 SOUID: Source identifier
08-11 YEAR : YYYY
13-20 ANNUAL DATA VALUES
21-28 WINTER HALF YEAR DATA VALUES
29-36 SUMMER HALF YEAR DATA VALUES
37-44 WINTER (DJF) DATA VALUES
45-52 SPRING (MAM) DATA VALUES
53-60 SUMMER (JJA) DATA VALUES
61-68 AUTUMN (SON) DATA VALUES
69-76 JANUARY DATA VALUES
etc. 
157-164 DECEMBER DATA VALUES

818    1958 847     -999999 1369    -999999 635     1618    943     17      262     -26     588     1340    1463    1680    1705    1419    914     498     267     
818    1959 900     394     1471    87      976     1779    741     -28     15      663     975     1289    1640    1986    1707    1212    711     299     258     
818    1960 860     311     1350    118     863     1578    930     5       89      490     789     1307    1659    1524    1555    1252    913     624     95      
818    1961 897     431     1412    136     917     1563    1012    -102    447     620     1105    1032    1595    1508    1587    1650    1011    373     -64     
818    1962 719     274     1269    74      623     1509    772     215     70      24      858     995     1435    1528    1562    1224    876     212     -408    
818    1963 727     -48     1423    -567    808     1674    946     -738    -552    282     876     1267    1622    1792    1605    1365    740     741     -344    
818    1964 838     163     1475    -196    777     1745    869     -302    76      77      858     1397    1745    1879    1609    1344    743     526     89      
818    1965 784     276     1304    43      724     1550    723     157     -135    244     719     1209    1620    1560    1471    1235    807     123     327     
818    1966 881     296     1407    159     881     1610    887     -255    431     352     953     1341    1710    1557    1566    1305    1139    209     239     
818    1967 909     430     1393    228     808     1688    965     169     281     523     658     1238    1497    1911    1650    1381    1156    353     42      
818    1968 828     337     1390    13      830     1636    911     -108    112     452     902     1139    1612    1669    1627    1382    1036    311     -211    
818    1969 813     194     1440    -96     735     1729    955     124     -214    81      764     1360    1541    1940    1700    1310    1013    540     -478    
818    1970 830     160     1405    -271    678     1738    963     -267    -47     189     609     1235    1803    1655    1758    1359    949     582     85      
818    1971 869     297     1437    39      802     1696    807     -151    199     117     862     1429    1426    1836    1818    1221    831     367     415     
818    1972 799     379     1295    170     821     1602    716     -161    261     555     750     1157    1465    1788    1550    1043    673     433     52      
818    1973 866     286     1450    62      767     1776    861     40      96      410     571     1314    1684    1781    1861    1471    759     357     -2      
818    1974 944     423     1368    252     897     1604    821     399     370     648     883     1161    1458    1597    1752    1342    593     536     548     
818    1975 952     453     1512    396     796     1831    902     487     128     399     764     1223    1539    1939    2004    1580    777     352     168     
818    1976 915     301     1503    158     763     1862    946     224     77      195     756     1339    1855    2065    1665    1319    984     534     -64     
818    1977 928     437     1357    136     847     1666    955     118     376     672     645     1216    1625    1720    1650    1267    1026    569     208     
818    1978 832     407     1320    83      840     1558    870     131     -108    574     729     1213    1526    1594    1553    1290    931     388     98      
818    1979 821     208     1384    -169    794     1655    867     -424    -183    408     694     1275    1761    1637    1570    1355    885     361     447     
818    1980 822     373     1346    185     752     1595    867     -198    316     422     679     1152    1514    1574    1694    1447    816     340     103     
818    1981 865     313     1434    -29     1009    1643    917     -142    -50     779     855     1388    1586    1686    1655    1420    835     498     -192    
818    1982 941     215     1530    -171    816     1849    1087    -287    -20     441     705     1298    1698    2008    1836    1615    1005    644     280     
818    1983 940     465     1523    205     858     1888    883     430     -126    507     914     1155    1729    2078    1853    1394    908     346     10      
818    1984 840     284     1313    69      663     1616    940     145     50      232     676     1080    1458    1649    1737    1263    1049    505     206     
818    1985 779     221     1406    -204    868     1599    776     -510    -320    351     826     1425    1395    1769    1627    1377    880     67      371     
818    1986 848     204     1405    -39     844     1708    892     93      -638    365     663     1498    1674    1774    1674    1121    985     566     278     
818    1987 776     194     1383    -120    640     1611    973     -589    -41     -45     972     1005    1456    1749    1624    1484    932     504     229     
818    1988 954     442     1465    294     873     1706    882     402     248     325     814     1477    1582    1754    1776    1366    970     307     383     
818    1989 979     496     1472    319     976     1710    938     263     311     717     743     1459    1579    1805    1743    1483    1048    281     263     
818    1990 994     540     1448    384     995     1741    893     324     583     736     821     1423    1599    1705    1914    1199    992     486     105     
818    1991 870     362     1415    3       785     1751    934     155     -278    656     700     998     1408    1997    1837    1532    833     442     65      
818    1992 968     385     1539    170     952     1854    857     145     309     516     808     1528    1751    1869    1939    1318    663     598     145     
818    1993 902     328     1507    95      1034    1691    688     239     -120    410     1128    1568    1699    1730    1645    1256    798     7       386     
818    1994 1018    381     1544    256     960     1902    942     335     25      689     863     1324    1716    2196    1788    1356    768     706     374     
818    1995 856     422     1398    260     758     1720    870     -33     457     274     854     1148    1384    1959    1807    1210    1143    248     -210    
818    1996 676     114     1265    -269    634     1568    792     -385    -210    83      760     1063    1489    1550    1663    1048    875     450     -300    
818    1997 860     283     1387    -99     837     1711    804     -368    420     640     609     1256    1536    1679    1911    1310    709     396     195     
818    1998 876     395     1398    252     894     1628    755     205     368     495     847     1339    1620    1600    1662    1305    817     143     79      
818    1999 929     321     1478    142     904     1676    931     307     29      521     847     1341    1498    1887    1639    1644    835     315     222     
818    2000 951     397     1431    224     989     1603    969     98      360     548     990     1428    1665    1432    1714    1345    985     576     252     
818    2001 -999999 -999999 -999999 -999999 -999999 -999999 -999999 -999999 -999999 -999999 -999999 -999999 -999999 -999999 -999999 -999999 -999999 -999999 -999999 
818    2002 -999999 -999999 -999999 -999999 -999999 -999999 -999999 -999999 -999999 -999999 -999999 -999999 -999999 -999999 -999999 -999999 -999999 -999999 -999999 
818    2003 -999999 -999999 -999999 -999999 -999999 -999999 -999999 -999999 -999999 -999999 -999999 -999999 -999999 -999999 -999999 -999999 -999999 -999999 -999999 
818    2004 913     -999999 1445    -999999 844     1723    954     52      313     455     947     1132    1577    1709    1878    1416    1026    418     22      
818    2005 946     353     1494    59      910     1712    1062    205     -62     469     955     1309    1628    1846    1660    1554    1157    471     92      
818    2006 978     277     1553    -61     779     1808    1243    -240    -31     188     840     1312    1659    2175    1584    1735    1267    726     457     
818    2007 -999999 677     -999999 470     1069    1759    841     499     452     637     1136    1437    1793    1780    1710    1278    850     362     128     
818    2008 -999999 -999999 -999999 309     935     1833    905     426     365     508     769     1486    1752    1899    1845    1263    932     506     91      
818    2009 -999999 -999999 -999999 -47     -999999 1758    1071    -344    87      433     1225    1354    1547    1870    1843    1504    898     793     55      
818    2010 820     -999999 1447    -128    833     1811    878     -362    -67     509     896     1086    1659    2057    1712    1254    858     523     -377    
818    2011 -999999 311     -999999 -32     -999999 -999999 -999999 145     154     555     1182    -999999 -999999 -999999 -999999 -999999 -999999 -999999 -999999 
