EUROPEAN CLIMATE ASSESSMENT & DATASET (ECA&D), file created on: 10-05-2011
THESE DATA CAN BE USED FREELY PROVIDED THAT THE FOLLOWING SOURCE IS ACKNOWLEDGED: 

Klein Tank, A.M.G. and Coauthors, 2002. Daily dataset of 20th-century surface
air temperature and precipitation series for the European Climate Assessment.
Int. J. of Climatol., 22, 1441-1453.
Data and metadata available at http://eca.knmi.nl

FILE FORMAT (MISSING VALUE CODE = -999999):

THIS FILE HOLDS DATA FOR STATION GERMANY                                  LINGEN (WST)                             (STAID:    806)
LATITUDE: dd:mm:ss +52:31:12
LONGITUDE: ddd:mm:ss +007:18:00
ELEVATION: m   22

DATA IS FOR INDEX Mean of daily mean temperature (TG) with unit 0.01 Temperature (&#176;C)

01-06 SOUID: Source identifier
08-11 YEAR : YYYY
13-20 ANNUAL DATA VALUES
21-28 WINTER HALF YEAR DATA VALUES
29-36 SUMMER HALF YEAR DATA VALUES
37-44 WINTER (DJF) DATA VALUES
45-52 SPRING (MAM) DATA VALUES
53-60 SUMMER (JJA) DATA VALUES
61-68 AUTUMN (SON) DATA VALUES
69-76 JANUARY DATA VALUES
etc. 
157-164 DECEMBER DATA VALUES

806    1958 927     -999999 1408    -999999 681     1653    1055    158     304     120     614     1308    1507    1704    1743    1552    1073    541     457     
806    1959 1015    505     1547    233     1021    1803    1011    143     85      690     1029    1345    1683    1925    1797    1488    1034    512     385     
806    1960 951     492     1387    289     914     1592    1041    232     246     525     888     1328    1650    1568    1560    1321    1071    732     276     
806    1961 974     587     1430    335     944     1577    1092    145     610     692     1061    1084    1631    1524    1577    1708    1107    459     87      
806    1962 795     398     1249    217     652     1468    910     335     232     153     803     1005    1414    1476    1511    1275    1045    406     -142    
806    1963 797     134     1411    -381    856     1645    1040    -609    -393    454     937     1179    1648    1705    1583    1405    893     826     -124    
806    1964 914     349     1482    50      877     1674    931     6       282     219     939     1474    1635    1766    1618    1445    762     593     220     
806    1965 852     396     1312    208     790     1519    820     268     128     384     776     1208    1553    1490    1515    1322    953     179     391     
806    1966 936     384     1423    227     911     1633    964     -27     328     471     869     1391    1744    1585    1574    1368    1115    405     377     
806    1967 1000    565     1428    402     894     1698    1030    346     492     641     719     1315    1551    1872    1667    1423    1143    520     269     
806    1968 926     463     1444    164     907     1699    1028    79      142     604     1009    1112    1675    1680    1743    1439    1116    528     -39     
806    1969 905     352     1465    107     752     1735    1080    381     -35     132     796     1329    1584    1887    1730    1446    1187    603     -241    
806    1970 892     301     1410    -91     725     1711    1050    -61     44      258     581     1333    1807    1600    1728    1395    1017    740     209     
806    1971 961     465     1431    256     840     1666    955     210     359     257     818     1444    1450    1793    1747    1310    1034    520     545     
806    1972 889     509     1326    283     868     1617    846     -60     369     635     748     1215    1449    1811    1586    1127    841     570     357     
806    1973 943     479     1434    292     808     1756    939     257     260     572     594     1251    1678    1795    1793    1477    838     506     249     
806    1974 984     528     1368    401     906     1588    878     508     452     609     929     1180    1514    1533    1714    1329    678     633     691     
806    1975 1010    579     1486    566     777     1822    982     666     317     462     723     1145    1581    1855    2023    1571    865     514     342     
806    1976 979     425     1517    305     803     1854    1035    314     254     253     777     1378    1830    1962    1770    1370    1085    648     87      
806    1977 981     540     1350    258     870     1623    1035    233     475     707     644     1250    1529    1693    1644    1324    1155    623     454     
806    1978 905     534     1339    257     888     1565    1005    281     12      633     724     1302    1534    1608    1552    1299    1074    640     133     
806    1979 858     305     1372    -123    835     1609    961     -325    -182    453     785     1265    1628    1595    1605    1341    1021    521     515     
806    1980 914     487     1412    302     843     1623    955     -24     423     463     808     1258    1550    1594    1722    1529    898     439     296     
806    1981 933     452     1473    185     1046    1658    970     156     95      793     894     1445    1538    1710    1721    1516    830     568     -121    
806    1982 1017    348     1532    47      877     1814    1174    30      251     530     774     1325    1720    1956    1764    1639    1130    755     280     
806    1983 1036    563     1545    302     889     1913    1008    571     27      569     919     1181    1752    2104    1877    1418    1030    576     326     
806    1984 936     454     1365    253     767     1627    1076    258     170     352     800     1149    1421    1630    1823    1349    1137    741     370     
806    1985 860     375     1421    -22     911     1599    868     -381    -58     412     865     1454    1426    1752    1614    1394    1002    202     559     
806    1986 917     329     1408    108     854     1704    1031    162     -451    420     658     1477    1690    1777    1646    1178    1130    782     418     
806    1987 883     381     1409    74      760     1607    1073    -392    208     137     1085    1069    1448    1741    1626    1478    1089    650     430     
806    1988 1025    602     1450    473     959     1632    982     575     409     450     893     1532    1524    1666    1702    1366    1036    540     574     
806    1989 1074    656     1504    510     1014    1748    1060    448     507     812     724     1496    1698    1816    1729    1543    1170    464     423     
806    1990 1074    690     1452    554     1049    1717    989     514     744     824     859     1457    1586    1690    1871    1227    1181    553     347     
806    1991 952     528     1419    187     910     1706    993     298     -113    841     846     1041    1305    1974    1827    1503    955     522     333     
806    1992 1048    527     1575    353     1023    1849    963     246     488     614     867     1583    1834    1891    1823    1435    730     730     323     
806    1993 933     476     1437    289     1047    1576    761     400     131     519     1137    1488    1614    1608    1509    1256    861     162     452     
806    1994 1034    457     1487    334     939     1827    1003    460     64      692     853     1268    1542    2167    1762    1307    855     853     502     
806    1995 1016    587     1527    455     894     1846    1074    279     597     445     929     1310    1506    2074    1946    1375    1276    565     -145    
806    1996 822     285     1387    -132    765     1687    929     -162    -86     245     959     1096    1583    1654    1820    1196    1052    535     -53     
806    1997 1006    456     1497    135     931     1833    949     -114    617     716     752     1318    1649    1785    2059    1398    883     568     416     
806    1998 1007    601     1461    487     1038    1628    889     446     611     679     934     1497    1597    1632    1654    1441    909     316     337     
806    1999 1091    507     1595    370     1040    1775    1137    481     284     685     1018    1416    1580    1967    1771    1806    1011    598     411     
806    2000 1084    602     1507    445     1076    1654    1136    395     536     656     1064    1506    1662    1557    1744    1498    1129    781     464     
806    2001 -999999 -999999 -999999 -999999 -999999 -999999 -999999 -999999 -999999 -999999 -999999 -999999 -999999 -999999 -999999 -999999 -999999 -999999 -999999 
806    2002 -999999 -999999 -999999 -999999 -999999 -999999 -999999 -999999 -999999 -999999 -999999 -999999 -999999 -999999 -999999 -999999 -999999 -999999 -999999 
806    2003 921     -999999 1459    -999999 909     1785    826     155     -49     603     820     1301    1690    1786    1878    1263    518     707     318     
806    2004 1047    474     1541    345     973     1779    1096    278     444     582     1083    1258    1622    1743    1968    1560    1150    577     285     
806    2005 1085    544     1555    310     995     1751    1243    440     195     586     1098    1302    1705    1873    1673    1672    1383    668     361     
806    2006 1134    506     1667    214     895     1913    1398    76      204     319     915     1451    1726    2300    1708    1885    1411    899     656     
806    2007 1131    825     1598    605     1189    1802    1013    615     536     809     1321    1442    1843    1782    1782    1412    997     631     370     
806    2008 1090    618     1567    497     1011    1832    1058    590     534     581     880     1567    1755    1907    1829    1445    1054    677     231     
806    2009 1095    497     1652    204     1149    1831    1178    87      303     617     1388    1450    1615    1906    1964    1576    1008    957     225     
806    2010 921     461     1521    45      918     1876    992     -193    110     642     1027    1091    1732    2138    1755    1370    1042    562     -272    
806    2011 -999999 437     -999999 128     -999999 -999999 -999999 296     386     609     1357    -999999 -999999 -999999 -999999 -999999 -999999 -999999 -999999 
