EUROPEAN CLIMATE ASSESSMENT & DATASET (ECA&D), file created on: 10-05-2011
THESE DATA CAN BE USED FREELY PROVIDED THAT THE FOLLOWING SOURCE IS ACKNOWLEDGED: 

Klein Tank, A.M.G. and Coauthors, 2002. Daily dataset of 20th-century surface
air temperature and precipitation series for the European Climate Assessment.
Int. J. of Climatol., 22, 1441-1453.
Data and metadata available at http://eca.knmi.nl

FILE FORMAT (MISSING VALUE CODE = -999999):

THIS FILE HOLDS DATA FOR STATION UNITED KINGDOM                           THREAVE                                  (STAID:   1802)
LATITUDE: dd:mm:ss +54:55:30
LONGITUDE: ddd:mm:ss -003:57:00
ELEVATION: m   73

DATA IS FOR INDEX Mean of daily mean temperature (TG) with unit 0.01 Temperature (&#176;C)

01-06 SOUID: Source identifier
08-11 YEAR : YYYY
13-20 ANNUAL DATA VALUES
21-28 WINTER HALF YEAR DATA VALUES
29-36 SUMMER HALF YEAR DATA VALUES
37-44 WINTER (DJF) DATA VALUES
45-52 SPRING (MAM) DATA VALUES
53-60 SUMMER (JJA) DATA VALUES
61-68 AUTUMN (SON) DATA VALUES
69-76 JANUARY DATA VALUES
etc. 
157-164 DECEMBER DATA VALUES

1802   1960 -999999 -999999 1235    -999999 840     1426    849     241     137     500     863     1126    1474    1416    1390    1141    891     476     172     
1802   1961 -999999 -999999 -999999 -999999 866     1303    -999999 256     567     727     868     995     1252    1331    1322    1338    997     -999999 46      
1802   1962 -999999 -999999 1092    -999999 601     1282    849     323     426     207     679     919     1198    1341    1305    1115    922     474     188     
1802   1963 -999999 -999999 1129    -999999 709     1321    894     -89     -138    472     727     929     1382    1286    1295    1144    944     584     245     
1802   1964 -999999 -999999 -999999 -999999 746     1318    859     316     373     352     762     1136    1205    1393    1349    1186    783     601     262     
1802   1965 -999999 -999999 -999999 -999999 662     1288    -999999 147     292     329     671     998     1298    1239    1326    1110    931     256     298     
1802   1966 -999999 -999999 -999999 -999999 700     1348    842     147     319     605     537     959     1378    1378    1285    1282    817     411     375     
1802   1967 -999999 -999999 -999999 -999999 700     1369    868     379     407     570     681     853     1291    1376    1437    1244    884     463     -999999 
1802   1968 -999999 -999999 -999999 -999999 686     1369    -999999 317     89      481     725     840     1368    1346    1393    1260    1112    478     224     
1802   1969 -999999 -999999 -999999 -999999 614     1411    -999999 369     -999999 205     625     986     1278    1434    1522    1252    1186    287     222     
1802   1970 -999999 -999999 -999999 -999999 665     1450    -999999 242     144     328     544     1116    1538    1320    1497    1255    923     563     348     
1802   1971 -999999 -999999 1181    -999999 737     1349    -999999 334     424     477     724     1009    1137    1493    1411    1294    1025    -999999 617     
1802   1972 -999999 -999999 1131    -999999 773     1313    -999999 -999999 358     559     763     996     1092    1481    1358    1078    922     413     499     
1802   1973 -999999 -999999 1193    -999999 728     1425    844     308     -999999 553     630     1006    1350    1466    1454    1241    830     403     317     
1802   1974 -999999 -999999 1144    -999999 764     1328    753     501     456     493     780     1013    1273    1329    1380    1054    679     503     615     
1802   1975 -999999 -999999 -999999 -999999 676     1528    851     523     363     406     769     859     1329    1557    1685    1141    904     506     478     
1802   1976 -999999 -999999 -999999 -999999 736     1569    -999999 469     391     415     779     1025    1423    1663    1606    1217    901     495     70      
1802   1977 -999999 -999999 -999999 -999999 737     1408    -999999 119     343     566     653     976     1233    1545    1440    1174    1109    457     450     
1802   1978 -999999 -999999 -999999 -999999 778     1363    -999999 209     154     524     618     1165    1276    1388    1423    1280    1160    715     -999999 
1802   1979 -999999 -999999 -999999 -999999 601     1337    -999999 -160    57      380     645     794     1294    1383    1331    1176    982     523     407     
1802   1980 -999999 -999999 1193    -999999 747     1321    -999999 138     401     359     801     1073    1227    1353    1380    1309    726     517     426     
1802   1981 -999999 -999999 -999999 -999999 799     1366    -999999 -999999 208     611     702     1075    1223    1408    1464    1292    599     635     -999999 
1802   1982 -999999 -999999 -999999 -999999 787     1433    916     161     446     524     817     1014    1340    1527    1432    1198    920     609     311     
1802   1983 -999999 -999999 -999999 -999999 -999999 1549    -999999 531     166     544     563     917     1297    1744    1598    1156    888     -999999 472     
1802   1984 -999999 -999999 -999999 -999999 722     1506    -999999 181     318     433     755     977     1371    1553    1586    1174    974     -999999 443     
1802   1985 -999999 -999999 -999999 -999999 730     1286    807     10      182     412     742     1036    1156    1389    1320    1261    930     210     -999999 
1802   1986 -999999 -999999 -999999 -999999 633     1314    871     197     -10     415     512     970     1331    1391    1222    999     938     668     442     
1802   1987 -999999 -999999 -999999 -999999 731     1334    -999999 12      257     356     865     949     1150    1467    1383    1182    762     515     400     
1802   1988 -999999 -999999 -999999 -999999 -999999 1399    -999999 372     416     499     699     1073    1453    1373    1371    1152    872     442     683     
1802   1989 -999999 -999999 -999999 -999999 -999999 1474    912     595     -999999 552     579     1123    1321    1663    1439    1188    1022    493     167     
1802   1990 -999999 -999999 -999999 -999999 867     1436    -999999 514     -999999 731     719     1150    1266    1499    1532    1140    993     489     344     
1802   1991 -999999 -999999 1228    -999999 823     1432    894     191     153     641     726     1088    1119    1634    1543    1265    885     520     -999999 
1802   1992 -999999 -999999 -999999 -999999 877     1428    774     253     450     633     764     1231    1498    1423    1371    1184    618     530     251     
1802   1993 -999999 -999999 -999999 -999999 793     1344    706     415     -999999 551     834     1002    1340    1366    1327    1140    657     321     279     
1802   1994 -999999 -999999 1153    -999999 723     1389    953     328     197     543     670     945     1224    1538    1393    1127    873     850     -999999 
1802   1995 -999999 -999999 -999999 -999999 738     1585    -999999 287     440     389     758     1048    1381    1644    1719    1217    1141    674     47      
1802   1996 -999999 -999999 -999999 -999999 677     1422    -999999 405     179     427     748     851     1286    1452    1522    1234    1001    348     202     
1802   1997 -999999 -999999 -999999 -999999 842     1504    -999999 169     488     688     819     1017    1274    1534    1675    1238    902     -999999 489     
1802   1998 -999999 -999999 -999999 -999999 867     1371    -999999 295     -999999 704     672     1201    1246    1425    1429    1344    849     503     451     
1802   1999 -999999 -999999 -999999 -999999 868     1416    988     406     414     611     839     1162    1244    1570    1438    1382    945     627     262     
1802   2000 -999999 -999999 -999999 -999999 823     1398    927     403     486     672     670     1107    1268    1459    1457    1344    890     537     379     
1802   2001 -999999 -999999 -999999 -999999 731     1392    -999999 124     278     396     654     1168    1233    1513    1422    1213    1189    -999999 195     
1802   2002 -999999 -999999 -999999 -999999 845     1416    924     442     -999999 653     798     1089    1308    1399    1546    1305    776     691     377     
1802   2003 -999999 -999999 -999999 -999999 860     1532    -999999 271     299     609     903     1069    1392    1614    1585    1271    753     653     378     
1802   2004 -999999 -999999 -999999 -999999 848     1473    963     386     352     557     867     1132    1381    1438    1598    1312    878     662     497     
1802   2005 925     -999999 1244    476     790     1467    995     500     429     652     760     957     1389    1549    1460    1341    1135    506     382     
1802   2006 958     533     1315    383     740     1531    1112    367     401     396     748     1075    1409    1717    1464    1465    1138    732     545     
1802   2007 947     688     1263    537     913     1417    965     574     485     637     1009    1096    1400    1432    1418    1216    995     683     394     
1802   2008 903     598     1268    457     854     1450    883     492     486     533     746     1279    1288    1549    1507    1222    847     582     283     
1802   2009 -999999 500     -999999 320     852     -999999 -999999 291     393     597     874     1085    1421    -999999 -999999 -999999 -999999 -999999 -999999 
1802   2010 -999999 -999999 -999999 -999999 -999999 -999999 933     -999999 -999999 -999999 -999999 -999999 -999999 -999999 1397    1324    990     470     37      
1802   2011 -999999 -999999 -999999 289     -999999 -999999 -999999 321     534     566     1002    -999999 -999999 -999999 -999999 -999999 -999999 -999999 -999999 
