EUROPEAN CLIMATE ASSESSMENT & DATASET (ECA&D), file created on: 10-05-2011
THESE DATA CAN BE USED FREELY PROVIDED THAT THE FOLLOWING SOURCE IS ACKNOWLEDGED: 

Klein Tank, A.M.G. and Coauthors, 2002. Daily dataset of 20th-century surface
air temperature and precipitation series for the European Climate Assessment.
Int. J. of Climatol., 22, 1441-1453.
Data and metadata available at http://eca.knmi.nl

FILE FORMAT (MISSING VALUE CODE = -999999):

THIS FILE HOLDS DATA FOR STATION UNITED KINGDOM                           WALLINGFORD                              (STAID:   1866)
LATITUDE: dd:mm:ss +51:36:11
LONGITUDE: ddd:mm:ss -001:06:29
ELEVATION: m   48

DATA IS FOR INDEX Mean of daily mean temperature (TG) with unit 0.01 Temperature (&#176;C)

01-06 SOUID: Source identifier
08-11 YEAR : YYYY
13-20 ANNUAL DATA VALUES
21-28 WINTER HALF YEAR DATA VALUES
29-36 SUMMER HALF YEAR DATA VALUES
37-44 WINTER (DJF) DATA VALUES
45-52 SPRING (MAM) DATA VALUES
53-60 SUMMER (JJA) DATA VALUES
61-68 AUTUMN (SON) DATA VALUES
69-76 JANUARY DATA VALUES
etc. 
157-164 DECEMBER DATA VALUES

1866   1853 -999999 -999999 -999999 -999999 -999999 1580    -999999 525     60      357     820     1121    1539    1654    1544    1272    1026    505     -999999 
1866   1854 -999999 -999999 -999999 -999999 872     -999999 -999999 393     412     655     874     1087    1353    1610    1538    1419    936     484     -999999 
1866   1855 -999999 -999999 -999999 -999999 -999999 1644    -999999 -999999 -157    -999999 769     921     1423    1801    1692    1439    -999999 542     255     
1866   1856 -999999 -999999 -999999 -999999 -999999 1620    -999999 436     -999999 402     808     933     1457    1666    1741    1231    991     -999999 425     
1866   1857 -999999 -999999 -999999 -999999 -999999 -999999 -999999 212     388     519     -999999 1126    1563    1730    1774    1501    1049    721     724     
1866   1858 -999999 -999999 -999999 -999999 812     -999999 -999999 285     -999999 501     820     1106    1712    1569    1602    1509    1016    405     442     
1866   1859 -999999 -999999 -999999 -999999 -999999 1735    -999999 451     595     732     708     1168    1566    1931    1701    1306    967     505     159     
1866   1860 -999999 -999999 -999999 -999999 -999999 1416    -999999 376     157     -999999 581     1209    1323    1480    1442    1107    1002    458     -999999 
1866   1861 -999999 -999999 -999999 -999999 828     1612    -999999 105     -999999 666     717     1102    1558    1582    1697    1371    -999999 459     404     
1866   1862 -999999 -999999 -999999 -999999 -999999 1477    -999999 450     -999999 646     975     1335    1388    1525    1517    1402    1063    329     637     
1866   1863 -999999 -999999 -999999 -999999 896     1531    -999999 512     573     634     928     1118    1445    1537    1620    1161    987     716     -999999 
1866   1864 -999999 -999999 -999999 -999999 -999999 1516    -999999 173     253     521     906     1256    1465    1653    1415    1386    1015    510     342     
1866   1865 -999999 -999999 -999999 -999999 882     -999999 -999999 -999999 -999999 286     1105    1319    1588    1730    1538    1660    -999999 683     563     
1866   1866 -999999 -999999 -999999 -999999 -999999 -999999 -999999 589     -999999 413     906     1024    1567    1640    1529    1349    -999999 716     591     
1866   1867 -999999 -999999 -999999 -999999 -999999 -999999 -999999 129     -999999 271     1006    1129    1424    1523    1636    1370    952     468     314     
1866   1868 -999999 -999999 -999999 428     -999999 1750    -999999 346     643     654     909     1362    1628    1915    1700    -999999 849     486     755     
1866   1869 -999999 -999999 -999999 -999999 -999999 -999999 -999999 558     -999999 383     1006    1066    1326    1824    1532    1480    -999999 -999999 276     
1866   1870 -999999 -999999 -999999 -999999 -999999 1693    -999999 353     275     438     911     1218    1630    1858    1598    1324    1003    -999999 -999999 
1866   1871 -999999 -999999 -999999 -999999 -999999 1582    -999999 -999999 619     668     939     1041    1312    1647    1776    1344    949     293     341     
1866   1872 -999999 -999999 -999999 -999999 -999999 -999999 -999999 508     726     714     895     1024    1478    1785    1615    1378    826     -999999 540     
1866   1873 -999999 -999999 -999999 -999999 -999999 -999999 -999999 -999999 198     590     -999999 1061    1486    1695    -999999 1234    -999999 650     400     
1866   1874 -999999 -999999 -999999 -999999 946     1637    -999999 548     -999999 725     1023    1084    1448    1851    1595    1449    -999999 557     28      
1866   1875 -999999 -999999 -999999 -999999 -999999 1611    -999999 707     -999999 550     804     1275    1556    1547    1729    1565    901     -999999 410     
1866   1876 -999999 -999999 -999999 -999999 -999999 -999999 -999999 226     -999999 506     852     994     1504    1877    1716    1320    1118    -999999 -999999 
1866   1877 -999999 -999999 -999999 -999999 774     -999999 -999999 619     -999999 548     814     976     1632    1561    1587    1149    927     703     478     
1866   1878 -999999 -999999 -999999 -999999 -999999 1675    -999999 484     633     536     980     1270    1532    1726    1741    1352    1019    -999999 21      
1866   1879 -999999 -999999 -999999 -999999 -999999 1428    -999999 -93     -999999 444     560     885     1360    1435    1496    1301    -999999 -999999 -17     
1866   1880 -999999 -999999 -999999 -999999 881     1546    -999999 -23     550     700     830     1111    1386    1594    1664    -999999 837     -999999 638     
1866   1881 -999999 -999999 -999999 -999999 -999999 -999999 -999999 -140    -999999 553     766     1225    1432    1694    1494    1318    771     934     451     
1866   1882 -999999 -999999 -999999 -999999 987     1485    -999999 484     -999999 803     918     1228    1359    1580    1522    1263    1024    -999999 462     
1866   1883 -999999 -999999 -999999 -999999 -999999 -999999 -999999 513     674     268     884     1138    1460    1475    1613    1372    1040    666     -999999 
1866   1884 -999999 -999999 -999999 -999999 863     -999999 -999999 696     589     651     725     1193    1444    1690    1725    1500    969     557     -999999 
1866   1885 -999999 -999999 -999999 -999999 -999999 -999999 -999999 276     671     495     787     952     1459    1673    1414    1237    781     -999999 385     
1866   1886 -999999 -999999 -999999 -999999 -999999 -999999 -999999 168     -999999 391     821     1113    1404    1664    1616    1447    -999999 654     194     
1866   1887 -999999 -999999 -999999 -999999 -999999 1667    -999999 204     382     354     646     986     1591    1811    1589    1211    684     462     287     
1866   1888 -999999 -999999 -999999 -999999 -999999 -999999 -999999 310     -999999 370     618     1124    -999999 1444    1389    1305    826     793     450     
1866   1889 -999999 -999999 -999999 -999999 -999999 -999999 -999999 222     -999999 471     717     -999999 1560    1562    1498    1246    911     682     270     
1866   1890 -999999 -999999 -999999 -999999 -999999 1467    1026    576     -999999 568     698     1179    1407    1520    1471    1486    984     610     -219    
1866   1891 -999999 -999999 -999999 -999999 670     1477    -999999 137     -999999 411     650     947     1514    1482    1437    -999999 985     560     418     
1866   1892 -999999 -999999 -999999 -999999 -999999 -999999 -999999 231     -999999 272     -999999 1143    1349    1432    1582    1280    752     607     168     
1866   1893 -999999 -999999 -999999 -999999 1063    -999999 -999999 187     494     764     1087    1338    1536    1680    1753    1340    1006    -999999 478     
1866   1894 -999999 -999999 -999999 -999999 879     -999999 -999999 298     -999999 699     994     959     1406    1614    1455    1170    933     -999999 494     
1866   1895 -999999 -999999 -999999 -999999 -999999 -999999 -999999 -999999 -175    562     852     1303    1510    1592    1601    1562    727     779     428     
1866   1896 -999999 -999999 -999999 -999999 -999999 1631    -999999 466     -999999 731     920     1193    1670    1731    1499    1385    757     454     -999999 
1866   1897 -999999 -999999 -999999 -999999 841     -999999 -999999 141     620     694     753     1059    -999999 1728    1616    1250    997     -999999 -999999 
1866   1898 -999999 -999999 -999999 -999999 -999999 -999999 -999999 608     501     419     848     1055    1406    1589    1718    1508    1112    748     747     
1866   1899 -999999 -999999 -999999 -999999 -999999 -999999 -999999 552     -999999 521     832     1060    1555    1828    1855    1423    910     -999999 218     
1866   1900 -999999 -999999 -999999 -999999 -999999 -999999 -999999 -999999 325     369     846     1035    1438    1866    1565    1425    -999999 -999999 739     
1866   1901 -999999 -999999 -999999 -999999 -999999 -999999 -999999 324     246     394     869     1188    1454    1784    1587    1429    946     471     -999999 
1866   1902 -999999 -999999 -999999 -999999 829     -999999 -999999 531     182     732     808     940     -999999 1490    1517    1321    955     -999999 471     
1866   1903 -999999 -999999 -999999 -999999 -999999 -999999 -999999 -999999 732     741     646     1145    1314    1572    1483    1351    1085    -999999 342     
1866   1904 -999999 -999999 -999999 -999999 854     1585    -999999 402     -999999 449     960     1136    1400    1804    1559    1262    912     -999999 409     
1866   1905 -999999 -999999 -999999 -999999 -999999 1631    -999999 291     -999999 739     -999999 1125    1504    1825    1554    1249    709     513     409     
1866   1906 -999999 -999999 -999999 -999999 -999999 -999999 -999999 542     344     503     769     1066    1458    1686    1761    1443    1127    -999999 320     
1866   1907 -999999 -999999 -999999 -999999 -999999 -999999 -999999 352     300     683     797     1067    1313    1450    1515    1410    -999999 682     560     
1866   1908 -999999 -999999 -999999 -999999 -999999 -999999 -999999 222     545     483     619     1283    1452    1679    1534    1303    -999999 -999999 389     
1866   1909 -999999 -999999 -999999 -999999 -999999 1467    -999999 353     -999999 393     915     -999999 1213    1564    1603    1214    1104    484     445     
1866   1910 -999999 -999999 -999999 -999999 -999999 -999999 -999999 367     542     584     755     1177    1500    1470    1570    1274    -999999 331     668     
1866   1911 -999999 -999999 -999999 -999999 898     1804    -999999 346     503     513     816     1340    1513    1946    1929    -999999 970     614     670     
1866   1912 -999999 -999999 -999999 -999999 -999999 -999999 -999999 411     -999999 744     888     1282    1418    1630    1330    1136    833     635     750     
1866   1913 -999999 -999999 -999999 -999999 900     -999999 -999999 515     -999999 664     809     1214    1466    1534    1586    1433    1154    -999999 -999999 
1866   1914 -999999 -999999 -999999 -999999 -999999 -999999 -999999 361     704     628     1023    1083    1491    1603    1695    1346    1047    -999999 523     
1866   1915 -999999 -999999 -999999 -999999 822     1559    -999999 416     -999999 538     819     1130    1507    1535    1639    1345    941     325     619     
1866   1916 -999999 -999999 -999999 -999999 -999999 1496    -999999 759     -999999 347     890     1224    1204    1593    1691    1286    1137    645     124     
1866   1917 -999999 -999999 -999999 -999999 -999999 1595    -999999 -999999 119     -999999 622     1359    1571    1639    1574    1470    775     784     132     
1866   1918 -999999 -999999 -999999 -999999 -999999 -999999 -999999 281     622     609     648     1337    1367    1589    1601    -999999 943     517     -999999 
1866   1919 -999999 -999999 -999999 -999999 -999999 -999999 -999999 261     127     376     700     1362    1494    1426    1696    -999999 682     348     566     
1866   1920 -999999 -999999 -999999 -999999 -999999 -999999 -999999 571     605     768     871     1239    1448    1454    1369    1373    1036    -999999 441     
1866   1921 -999999 -999999 -999999 -999999 -999999 -999999 -999999 736     500     770     832     1194    1504    1960    1634    1467    1341    442     615     
1866   1922 -999999 -999999 -999999 -999999 -999999 1421    -999999 408     456     -999999 593     1294    1424    1433    1405    1237    843     529     607     
1866   1923 -999999 -999999 -999999 -999999 -999999 -999999 -999999 487     619     633     805     939     1283    1745    1584    1298    999     -999999 395     
1866   1924 -999999 -999999 -999999 -999999 -999999 1498    -999999 528     -999999 455     797     1197    1457    1570    1469    1388    1048    -999999 627     
1866   1925 -999999 -999999 -999999 -999999 848     -999999 -999999 507     -999999 488     784     1233    1551    1701    1575    1197    1064    -999999 278     
1866   1926 -999999 -999999 -999999 -999999 -999999 -999999 -999999 412     733     656     954     1042    1373    1669    1677    1477    789     638     389     
1866   1927 -999999 -999999 -999999 -999999 -999999 -999999 -999999 421     -999999 742     846     1158    1310    1582    1602    -999999 1086    -999999 149     
1866   1928 -999999 -999999 -999999 -999999 -999999 1564    -999999 543     609     667     861     1032    1363    1736    1595    1332    1030    792     -999999 
1866   1929 -999999 -999999 -999999 -999999 -999999 1574    -999999 95      -999999 578     644     1174    1373    1696    1640    1696    992     696     630     
1866   1930 -999999 -999999 -999999 -999999 847     -999999 -999999 590     266     559     857     1116    1579    1589    1568    -999999 1075    -999999 400     
1866   1931 -999999 -999999 -999999 -999999 -999999 -999999 -999999 354     420     479     794     1178    1501    1573    1483    1165    875     785     470     
1866   1932 -999999 -999999 -999999 -999999 -999999 -999999 -999999 582     257     466     700     1052    1425    1620    1755    1357    947     692     -999999 
1866   1933 -999999 -999999 -999999 -999999 995     -999999 -999999 209     433     810     941     1248    1544    1840    1834    1541    1004    510     138     
1866   1934 -999999 -999999 -999999 -999999 -999999 1694    -999999 379     325     521     831     1167    1529    1916    1623    -999999 1053    608     785     
1866   1935 -999999 -999999 -999999 -999999 -999999 -999999 -999999 450     -999999 689     848     1012    1542    1782    1745    1433    981     -999999 -999999 
1866   1936 -999999 -999999 -999999 -999999 -999999 -999999 -999999 -999999 252     704     677     1108    1514    1549    1682    1476    913     542     498     
1866   1937 -999999 -999999 -999999 -999999 879     -999999 -999999 506     -999999 409     959     1252    1469    1630    1794    1362    1066    510     294     
1866   1938 -999999 -999999 -999999 -999999 -999999 1622    -999999 608     -999999 957     759     1084    1539    1635    1694    1407    1068    937     380     
1866   1939 -999999 -999999 -999999 -999999 -999999 1578    -999999 454     586     -999999 905     1179    1435    1591    1690    1466    851     922     -999999 
1866   1940 -999999 -999999 -999999 -999999 -999999 1633    -999999 -188    249     601     928     1323    1688    1576    1642    1367    950     -999999 -999999 
1866   1941 -999999 -999999 -999999 -999999 -999999 -999999 -999999 58      -999999 -999999 700     931     1574    1776    1488    -999999 1016    681     512     
1866   1942 -999999 -999999 -999999 -999999 905     -999999 -999999 43      -999999 559     970     1162    -999999 1632    1697    1412    1119    494     697     
1866   1943 -999999 -999999 -999999 -999999 1019    1640    -999999 501     589     689     1134    1258    1488    1716    1708    1328    1091    -999999 332     
1866   1944 -999999 -999999 -999999 -999999 -999999 -999999 -999999 601     -999999 482     1087    -999999 1421    1703    1799    1318    987     650     268     
1866   1945 -999999 -999999 -999999 -999999 -999999 -999999 -999999 20      -999999 849     -999999 1294    1496    1720    1626    1458    1217    -999999 -999999 
1866   1946 -999999 -999999 -999999 -999999 876     -999999 -999999 312     -999999 547     1014    1088    1363    1663    1570    1469    -999999 811     288     
1866   1947 -999999 -999999 -999999 -999999 940     -999999 -999999 -999999 -999999 432     931     1408    1573    1814    1942    1583    1045    -999999 530     
1866   1948 -999999 -999999 -999999 -999999 999     -999999 -999999 555     451     869     946     1181    1371    1565    1584    1469    954     734     613     
1866   1949 -999999 -999999 -999999 -999999 -999999 1721    -999999 543     -999999 -999999 -999999 1165    1592    1826    1757    1697    1201    646     574     
1866   1950 -999999 -999999 -999999 -999999 -999999 -999999 -999999 419     -999999 775     819     -999999 -999999 1644    1639    1362    926     -999999 -999999 
1866   1951 -999999 -999999 -999999 -999999 -999999 1582    -999999 398     402     480     669     1051    1451    1709    1582    1452    925     879     -999999 
1866   1952 -999999 -999999 -999999 -999999 -999999 -999999 -999999 307     356     690     987     1382    1491    1782    1664    -999999 907     378     -999999 
1866   1953 -999999 -999999 -999999 -999999 848     1574    -999999 306     386     555     796     1240    1458    1605    1664    1417    995     854     708     
1866   1954 -999999 -999999 -999999 -999999 -999999 1467    -999999 274     308     622     746     1086    1410    1485    1507    1347    1200    686     671     
1866   1955 -999999 -999999 -999999 -999999 -999999 1721    -999999 -999999 124     310     950     1016    1447    1783    1893    1453    -999999 -999999 545     
1866   1956 -999999 -999999 -999999 -999999 -999999 -999999 -999999 374     -90     630     718     1252    1364    1615    1450    -999999 932     560     554     
1866   1957 -999999 -999999 -999999 -999999 982     -999999 -999999 564     -999999 975     893     1073    1593    1693    1595    -999999 1141    -999999 387     
1866   1958 -999999 -999999 -999999 -999999 -999999 1582    -999999 341     -999999 340     793     1193    1490    1638    1623    1535    1107    650     445     
1866   1959 -999999 -999999 -999999 -999999 -999999 -999999 -999999 211     -999999 769     984     1245    1574    1776    1790    1562    1264    634     598     
1866   1960 -999999 -999999 -999999 -999999 -999999 1534    1046    391     -999999 -999999 835     1226    1609    1526    1471    1320    1064    743     425     
1866   1961 -999999 -999999 -999999 -999999 955     1497    1046    374     697     738     1082    1049    1412    1520    1557    1510    1088    553     191     
1866   1962 -999999 -999999 -999999 -999999 665     1446    933     369     -999999 243     744     1012    1340    1525    1472    1262    1010    516     46      
1866   1963 -999999 -999999 -999999 -999999 853     1458    -999999 -357    -130    599     893     1045    1471    1485    1418    1266    1048    784     133     
1866   1964 -999999 -999999 -999999 -999999 886     1529    988     293     404     428     859     1340    1391    1609    1583    1423    837     700     288     
1866   1965 -999999 -999999 -999999 -999999 845     1412    -999999 292     228     575     800     1151    1353    1386    1492    1217    1024    445     441     
1866   1966 -999999 -999999 -999999 -999999 822     1494    976     274     637     614     792     1064    1537    1474    1470    1376    1025    496     530     
1866   1967 -999999 -999999 -999999 487     862     1564    -999999 426     507     724     759     1088    1384    1738    1565    1395    1087    486     -999999 
1866   1968 -999999 -999999 -999999 -999999 796     1502    1122    352     191     657     757     980     1518    1444    1538    1402    1289    634     259     
1866   1969 -999999 -999999 -999999 -999999 772     1569    1070    545     -999999 401     762     1153    1363    1703    1642    1368    1273    568     302     
1866   1970 -999999 -999999 -999999 -999999 795     1574    1115    378     319     364     701     1291    1621    1518    1584    1469    1062    808     304     
1866   1971 -999999 -999999 -999999 -999999 773     1529    -999999 421     347     423     744     1163    1253    1729    1603    1387    1112    550     597     
1866   1972 -999999 -999999 1216    -999999 849     1424    930     362     448     686     801     1053    1177    1566    1521    1148    1058    542     578     
1866   1973 -999999 -999999 -999999 -999999 790     1542    973     394     354     533     684     1142    1440    1525    1667    1451    862     569     460     
1866   1974 -999999 -999999 1255    537     796     1478    880     611     536     511     789     1059    1383    1534    1511    1230    711     699     778     
1866   1975 -999999 -999999 -999999 644     -999999 1720    -999999 665     480     485     807     989     1465    1795    1890    1393    971     553     395     
1866   1976 -999999 -999999 -999999 469     840     1806    -999999 527     486     478     769     1261    1798    1889    1730    1370    1103    582     154     
1866   1977 -999999 -999999 -999999 -999999 824     1424    1053    245     595     706     712     1042    1176    1581    1510    1318    1167    623     588     
1866   1978 -999999 -999999 -999999 -999999 -999999 1480    -999999 305     261     646     638     1108    1382    1532    1525    1397    1162    826     438     
1866   1979 -999999 -999999 -999999 -999999 -999999 1513    -999999 -69     109     492     790     1044    1394    1652    1493    1317    1132    640     589     
1866   1980 -999999 -999999 -999999 -999999 810     1496    1034    206     593     495     858     1079    1384    1445    1652    1529    877     653     536     
1866   1981 -999999 -999999 -999999 423     921     1520    -999999 468     250     844     748     1146    1321    1586    1642    1482    830     714     32      
1866   1982 -999999 -999999 -999999 -999999 869     1633    -999999 310     474     609     830     1157    1603    1667    1626    1481    1022    754     402     
1866   1983 -999999 -999999 -999999 -999999 803     1739    1044    655     189     602     714     1068    1449    1995    1752    1422    1014    684     538     
1866   1984 -999999 -999999 -999999 -999999 729     1658    -999999 407     352     472     776     939     1484    1683    1801    1380    1123    820     460     
1866   1985 -999999 -999999 1292    -999999 786     1464    971     49      -999999 465     823     1074    1255    1619    1504    1448    1049    354     613     
1866   1986 -999999 -999999 -999999 -999999 760     1512    999     310     -159    579     633     1073    1488    1622    1421    1084    1114    780     597     
1866   1987 -999999 -999999 -999999 -999999 807     1505    -999999 -31     365     437     979     1005    1330    1589    1592    1404    991     608     510     
1866   1988 -999999 -999999 -999999 -999999 882     1490    950     515     460     672     799     1176    1415    1499    1549    1363    1054    438     710     
1866   1989 -999999 -999999 -999999 -999999 930     1660    -999999 582     581     795     662     1305    1447    1846    1693    1539    1189    566     517     
1866   1990 -999999 -999999 -999999 -999999 930     1660    1099    668     758     809     740     1218    1360    1726    1868    1328    1263    693     379     
1866   1991 -999999 -999999 -999999 -999999 886     1571    1056    352     127     791     783     1073    1256    1729    1744    1477    995     684     390     
1866   1992 -999999 -999999 -999999 -999999 998     1611    977     329     490     757     884     1354    1527    1670    1632    1385    760     779     366     
1866   1993 -999999 -999999 -999999 -999999 921     1524    885     610     -999999 633     946     1177    1522    1546    1504    1250    886     478     584     
1866   1994 -999999 -999999 -999999 -999999 914     1664    1123    555     355     797     846     1098    1492    1840    1661    1318    1022    1032    634     
1866   1995 -999999 -999999 1452    -999999 892     1739    1156    467     687     580     908     1180    1421    1867    1918    1359    1338    734     200     
1866   1996 -999999 -999999 -999999 -999999 728     1592    1025    470     229     463     848     876     1396    1673    1683    1340    1164    551     291     
1866   1997 -999999 -999999 -999999 -999999 966     1726    -999999 185     678     854     875     1167    1481    1700    1966    1475    983     836     598     
1866   1998 -999999 -999999 -999999 -999999 989     1577    1044    537     667     795     811     1331    1498    1598    1629    1527    1060    526     582     
1866   1999 -999999 -999999 -999999 -999999 997     1605    -999999 574     510     746     949     1304    1386    1775    1648    1581    1047    720     436     
1866   2000 -999999 -999999 -999999 -999999 934     1594    1116    440     642     738     813     1255    1524    1522    1727    1517    1095    739     589     
1866   2001 -999999 -999999 -999999 492     896     1659    1161    370     524     591     831     1256    1441    1789    1731    1364    1401    702     265     
1866   2002 -999999 -999999 1416    -999999 986     1624    1152    587     709     790     969     1206    1472    1654    1742    1435    1090    897     675     
1866   2003 -999999 -999999 -999999 -999999 983     1800    -999999 405     449     769     938     1239    1672    1794    1936    1474    934     864     521     
1866   2004 -999999 -999999 -999999 531     940     1680    -999999 560     509     669     946     1223    1570    1648    1819    1541    1148    764     463     
1866   2005 -999999 -999999 -999999 -999999 992     1736    -999999 606     -999999 773     1003    1201    1672    1779    1753    1630    1378    614     458     
1866   2006 -999999 -999999 -999999 -999999 948     1853    -999999 434     322     555     966     1322    1709    2098    1740    1745    1397    847     690     
1866   2007 -999999 -999999 -999999 -999999 1056    1635    -999999 745     672     773     1173    1227    1588    1641    1678    1462    1138    754     493     
1866   2008 -999999 -999999 -999999 -999999 -999999 1662    -999999 738     608     696     883     1372    1559    1712    1711    1398    987     726     353     
1866   2009 -999999 -999999 -999999 -999999 1062    1677    1158    290     490     781     1082    1325    1645    1675    1710    1426    1151    907     342     
1866   2010 910     579     1390    264     857     1661    973     104     354     603     889     1089    1561    1824    1594    1359    1035    506     -42     
1866   2011 -999999 539     -999999 328     -999999 -999999 -999999 402     656     687     1189    -999999 -999999 -999999 -999999 -999999 -999999 -999999 -999999 
