EUROPEAN CLIMATE ASSESSMENT & DATASET (ECA&D), file created on: 10-05-2011
THESE DATA CAN BE USED FREELY PROVIDED THAT THE FOLLOWING SOURCE IS ACKNOWLEDGED: 

Klein Tank, A.M.G. and Coauthors, 2002. Daily dataset of 20th-century surface
air temperature and precipitation series for the European Climate Assessment.
Int. J. of Climatol., 22, 1441-1453.
Data and metadata available at http://eca.knmi.nl

FILE FORMAT (MISSING VALUE CODE = -999999):

THIS FILE HOLDS DATA FOR STATION ESTONIA                                  KUNDA                                    (STAID:    682)
LATITUDE: dd:mm:ss +59:30:00
LONGITUDE: ddd:mm:ss +026:36:00
ELEVATION: m    3

DATA IS FOR INDEX Mean of daily mean temperature (TG) with unit 0.01 Temperature (&#176;C)

01-06 SOUID: Source identifier
08-11 YEAR : YYYY
13-20 ANNUAL DATA VALUES
21-28 WINTER HALF YEAR DATA VALUES
29-36 SUMMER HALF YEAR DATA VALUES
37-44 WINTER (DJF) DATA VALUES
45-52 SPRING (MAM) DATA VALUES
53-60 SUMMER (JJA) DATA VALUES
61-68 AUTUMN (SON) DATA VALUES
69-76 JANUARY DATA VALUES
etc. 
157-164 DECEMBER DATA VALUES

682    1995 -999999 -999999 -999999 -999999 -999999 -999999 -999999 -999999 -999999 -999999 -999999 -999999 -999999 -999999 -999999 -999999 -999999 -999999 -999999 
682    1996 -999999 -999999 -999999 -999999 -999999 1506    685     -999999 -999999 -999999 -999999 819     1364    1477    1672    932     723     400     -299    
682    1997 -999999 -999999 -999999 -999999 333     1636    -999999 -312    -223    -35     271     747     1453    1697    1757    1144    429     -999999 -389    
682    1998 -999999 -999999 -999999 -999999 -999999 -999999 508     -999999 -387    -392    -999999 -999999 -999999 1605    1464    1225    661     -374    -214    
682    1999 -999999 -999999 -999999 -389    -999999 1706    787     -359    -619    3       717     671     1744    1852    1517    1332    788     222     -63     
682    2000 -999999 -999999 -999999 -89     588     1493    779     -116    -90     12      748     992     1358    1563    1557    1061    893     389     106     
682    2001 -999999 -999999 -999999 -167    413     1625    773     -123    -531    -340    629     950     1287    1989    1601    1318    875     123     -635    
682    2002 624     -999999 1349    -265    589     1766    434     -189    61      159     493     1113    1555    1905    1834    1180    236     -90     -762    
682    2003 555     -363    1221    -732    360     1613    677     -840    -579    -139    160     1052    1250    1918    1660    1259    509     306     64      
682    2004 617     -31     1265    -332    492     1585    717     -668    -398    -15     446     1044    1316    1681    1750    1328    696     127     55      
682    2005 -999999 -999999 1294    -181    297     1635    890     -94     -566    -627    422     1040    1375    1814    1714    1390    871     391     -172    
682    2006 697     -999999 1406    -466    328     1757    939     -425    -837    -615    560     1046    1661    1903    1705    1547    951     319     439     
682    2007 746     223     1370    -123    748     1716    706     -59     -815    403     639     1198    1535    1776    1830    1221    799     93      198     
682    2008 741     212     1237    103     533     1594    782     -32     144     58      588     955     1494    1672    1614    1082    924     335     34      
682    2009 626     110     1292    -192    523     1574    729     -214    -419    -43     531     1079    1354    1717    1644    1406    524     265     -398    
682    2010 553     -277    1433    -774    528     1860    660     -1159   -766    -161    567     1178    1430    2248    1890    1250    557     175     -659    
682    2011 -999999 -234    -999999 -701    -999999 -999999 -999999 -416    -1063   -62     467     -999999 -999999 -999999 -999999 -999999 -999999 -999999 -999999 
