EUROPEAN CLIMATE ASSESSMENT & DATASET (ECA&D), file created on: 10-05-2011
THESE DATA CAN BE USED FREELY PROVIDED THAT THE FOLLOWING SOURCE IS ACKNOWLEDGED: 

Klein Tank, A.M.G. and Coauthors, 2002. Daily dataset of 20th-century surface
air temperature and precipitation series for the European Climate Assessment.
Int. J. of Climatol., 22, 1441-1453.
Data and metadata available at http://eca.knmi.nl

FILE FORMAT (MISSING VALUE CODE = -999999):

THIS FILE HOLDS DATA FOR STATION FINLAND                                  RUUKKI REVONLAHTI                        (STAID:    728)
LATITUDE: dd:mm:ss +64:40:48
LONGITUDE: ddd:mm:ss +025:04:48
ELEVATION: m   48

DATA IS FOR INDEX Mean of daily mean temperature (TG) with unit 0.01 Temperature (&#176;C)

01-06 SOUID: Source identifier
08-11 YEAR : YYYY
13-20 ANNUAL DATA VALUES
21-28 WINTER HALF YEAR DATA VALUES
29-36 SUMMER HALF YEAR DATA VALUES
37-44 WINTER (DJF) DATA VALUES
45-52 SPRING (MAM) DATA VALUES
53-60 SUMMER (JJA) DATA VALUES
61-68 AUTUMN (SON) DATA VALUES
69-76 JANUARY DATA VALUES
etc. 
157-164 DECEMBER DATA VALUES

728    1959 -999999 -999999 -999999 -999999 -999999 1411    210     -999999 -999999 -999999 -999999 752     1275    1527    1426    676     207     -254    -941    
728    1960 236     -649    1119    -1116   220     1555    118     -1205   -1210   -491    159     989     1397    1816    1446    877     -146    -367    -490    
728    1961 345     -419    967     -561    68      1479    525     -668    -521    -329    -141    666     1510    1611    1315    818     748     3       -928    
728    1962 129     -545    860     -927    -116    1157    393     -1001   -845    -1261   278     646     1046    1287    1135    749     467     -40     -962    
728    1963 185     -673    1048    -1153   86      1294    393     -1220   -1290   -1031   173     1119    1081    1368    1426    1094    357     -272    -685    
728    1964 248     -439    902     -724    90      1287    300     -389    -1126   -559    67      762     1117    1425    1315    702     543     -352    -602    
728    1965 124     -467    896     -803    -31     1273    192     -784    -1046   -615    136     393     1242    1317    1258    1021    344     -795    -1060   
728    1966 12      -1042   915     -1610   -149    1422    261     -1825   -1983   -1017   -187    755     1459    1561    1246    628     172     -14     -781    
728    1967 232     -498    1020    -1032   269     1398    513     -1542   -746    -88     200     692     1122    1478    1585    1018    408     117     -1509   
728    1968 72      -742    893     -1526   50      1338    25      -1812   -1240   -418    90      480     1371    1370    1275    756     -301    -368    -366    
728    1969 77      -767    899     -1027   -132    1397    251     -1302   -1453   -863    -43     514     1213    1477    1496    712     350     -313    -973    
728    1970 149     -670    952     -1231   39      1456    152     -1162   -1592   -405    -110    628     1376    1624    1367    800     251     -597    -527    
728    1971 96      -592    836     -744    -195    1311    42      -647    -1091   -993    -218    624     1208    1381    1341    650     155     -682    -667    
728    1972 328     -577    1058    -820    91      1588    213     -892    -908    -491    81      684     1498    1810    1452    801     231     -393    3       
728    1973 192     -269    967     -374    176     1470    -60     -450    -707    -345    102     768     1369    1795    1242    493     -122    -548    -1352   
728    1974 347     -577    971     -809    48      1415    329     -668    -363    -388    16      515     1308    1572    1360    1038    221     -269    -226    
728    1975 328     -247    939     -449    288     1211    378     -599    -529    -106    89      874     1086    1389    1155    1019    273     -154    -619    
728    1976 42      -630    840     -1030   24      1220    -18     -1555   -909    -817    25      865     1033    1361    1260    463     -160    -352    -735    
728    1977 135     -611    807     -909    25      1224    202     -839    -1180   -447    -61     579     1165    1373    1131    633     163     -188    -800    
728    1978 27      -640    847     -1106   37      1253    203     -1022   -1538   -528    -93     730     1232    1381    1145    665     147     -201    -1692   
728    1979 177     -793    975     -1469   146     1415    218     -1428   -1266   -344    -79     852     1332    1477    1434    806     44      -190    -616    
728    1980 102     -659    1008    -1016   42      1421    82      -1198   -1250   -765    291     608     1537    1464    1266    873     190     -821    -1014   
728    1981 96      -796    910     -1014   -101    1288    270     -901    -1140   -1124   -48     872     1114    1571    1172    750     369     -311    -1256   
728    1982 204     -648    874     -1264   191     1206    369     -1674   -819    -204    83      691     849     1459    1299    837     216     60      -421    
728    1983 224     -410    1042    -740    256     1315    182     -699    -1140   -530    345     955     1208    1543    1191    992     293     -742    -825    
728    1984 261     -625    1001    -830    176     1290    310     -1098   -548    -830    282     1079    1212    1450    1205    756     401     -232    -562    
728    1985 -30     -800    895     -1530   -13     1377    280     -2086   -1987   -430    -159    547     1256    1441    1429    830     436     -429    -1343   
728    1986 128     -723    900     -1430   235     1354    364     -1642   -1291   -115    -34     845     1460    1521    1086    500     449     139     -1467   
728    1987 12      -821    829     -1562   -66     1183    304     -2006   -1175   -869    55      621     1204    1305    1043    730     678     -509    -998    
728    1988 217     -519    1050    -917    67      1513    212     -741    -1018   -555    -64     815     1437    1810    1289    984     292     -644    -1049   
728    1989 404     -361    1068    -605    418     1392    318     -398    -343    -31     412     871     1377    1448    1349    938     207     -188    -841    
728    1990 313     -383    971     -697    239     1377    134     -1174   -9      -253    309     662     1224    1502    1400    707     328     -641    -318    
728    1991 293     -501    962     -728    94      1414    394     -746    -1160   -540    270     559     1204    1564    1467    686     412     84      -392    
728    1992 294     -157    956     -461    228     1301    -10     -543    -447    -69     -174    913     1348    1370    1187    1074    -443    -647    -79     
728    1993 240     -431    885     -404    268     1253    29      -559    -593    -288    80      1005    986     1507    1257    439     32      -383    -676    
728    1994 207     -664    969     -1065   134     1377    211     -1123   -1430   -467    375     503     1182    1594    1348    796     217     -379    -251    
728    1995 265     -276    958     -454    210     1374    207     -625    -490    -151    109     669     1535    1319    1273    831     486     -705    -1115   
728    1996 191     -617    901     -988    36      1340    342     -568    -1302   -542    91      560     1197    1343    1475    715     428     -120    -1049   
728    1997 222     -476    943     -949    -38     1502    199     -919    -871    -353    -268    499     1337    1707    1457    895     24      -315    -608    
728    1998 169     -570    908     -804    -57     1331    214     -711    -1125   -730    -72     630     1236    1539    1216    875     324     -560    -694    
728    1999 243     -593    999     -994    140     1401    451     -1268   -1023   -375    318     482     1499    1590    1117    981     414     -40     -843    
728    2000 400     -384    1042    -744    223     1426    524     -740    -642    -458    245     882     1307    1627    1340    828     668     72      -373    
728    2001 -999999 -999999 -999999 -999999 -999999 -999999 -999999 -999999 -999999 -999999 -999999 -999999 -999999 -999999 -999999 -999999 -999999 -999999 -999999 
728    2002 -999999 -999999 -999999 -999999 -999999 -999999 -999999 -999999 -999999 -999999 -999999 -999999 -999999 -999999 -999999 -999999 -999999 -999999 -999999 
728    2003 -999999 -999999 -999999 -999999 -999999 -999999 -999999 -999999 -999999 -999999 -999999 -999999 -999999 -999999 -999999 -999999 -999999 -999999 -999999 
728    2004 -999999 -999999 -999999 -999999 -999999 -999999 -999999 -999999 -999999 -999999 -999999 -999999 -999999 -999999 -999999 -999999 -999999 -999999 -999999 
728    2005 -999999 -999999 -999999 -999999 -999999 -999999 -999999 -999999 -999999 -999999 -999999 -999999 -999999 -999999 -999999 -999999 -999999 -999999 -999999 
728    2006 -999999 -999999 -999999 -999999 -999999 -999999 -999999 -999999 -999999 -999999 -999999 -999999 -999999 -999999 -999999 -999999 -999999 -999999 -999999 
728    2007 -999999 -999999 -999999 -999999 -999999 -999999 -999999 -999999 -999999 -999999 -999999 -999999 -999999 -999999 -999999 -999999 -999999 -999999 -999999 
728    2008 -999999 -999999 -999999 -999999 172     1302    339     -999999 -390    -441    247     711     1204    1459    1240    660     482     -97     -135    
728    2009 286     -314    1062    -616    210     1407    396     -849    -890    -444    136     935     1243    1512    1455    1075    50      74      -905    
728    2010 146     -692    1125    -1206   227     1489    235     -1469   -1249   -682    277     1087    1162    1895    1387    910     369     -578    -1420   
728    2011 -999999 -726    -999999 -1281   -999999 -999999 -999999 -905    -1544   -350    389     -999999 -999999 -999999 -999999 -999999 -999999 -999999 -999999 
