EUROPEAN CLIMATE ASSESSMENT & DATASET (ECA&D), file created on: 10-05-2011
THESE DATA CAN BE USED FREELY PROVIDED THAT THE FOLLOWING SOURCE IS ACKNOWLEDGED: 

Klein Tank, A.M.G. and Coauthors, 2002. Daily dataset of 20th-century surface
air temperature and precipitation series for the European Climate Assessment.
Int. J. of Climatol., 22, 1441-1453.
Data and metadata available at http://eca.knmi.nl

FILE FORMAT (MISSING VALUE CODE = -999999):

THIS FILE HOLDS DATA FOR STATION FINLAND                                  KURU LANSI-AURE                          (STAID:    714)
LATITUDE: dd:mm:ss +61:57:00
LONGITUDE: ddd:mm:ss +023:22:48
ELEVATION: m  175

DATA IS FOR INDEX Mean of daily mean temperature (TG) with unit 0.01 Temperature (&#176;C)

01-06 SOUID: Source identifier
08-11 YEAR : YYYY
13-20 ANNUAL DATA VALUES
21-28 WINTER HALF YEAR DATA VALUES
29-36 SUMMER HALF YEAR DATA VALUES
37-44 WINTER (DJF) DATA VALUES
45-52 SPRING (MAM) DATA VALUES
53-60 SUMMER (JJA) DATA VALUES
61-68 AUTUMN (SON) DATA VALUES
69-76 JANUARY DATA VALUES
etc. 
157-164 DECEMBER DATA VALUES

714    1959 385     -999999 1051    -999999 350     1493    336     -832    -398    -41     271     817     1344    1665    1465    717     325     -32     -757    
714    1960 291     -498    1090    -947    209     1511    232     -1089   -999    -455    129     951     1430    1683    1417    904     81      -283    -322    
714    1961 407     -278    995     -426    220     1418    542     -646    -299    -199    51      804     1503    1475    1279    838     753     28      -748    
714    1962 200     -392    880     -715    -4      1152    420     -674    -725    -1003   287     713     1022    1280    1150    812     490     -45     -955    
714    1963 236     -649    1105    -1141   135     1380    435     -1174   -1309   -942    200     1149    1187    1506    1442    1120    396     -209    -639    
714    1964 281     -451    958     -741    96      1317    381     -466    -1142   -679    190     780     1226    1427    1295    811     556     -231    -461    
714    1965 223     -348    938     -628    55      1276    270     -537    -913    -555    214     510     1285    1276    1266    1070    385     -649    -759    
714    1966 142     -790    949     -1330   49      1441    331     -1573   -1694   -535    -135    809     1511    1556    1257    668     297     29      -613    
714    1967 297     -396    1022    -899    277     1408    594     -1339   -728    -39     102     762     1227    1478    1512    1029    578     177     -1253   
714    1968 194     -547    985     -1243   171     1403    138     -1721   -723    -328    254     590     1442    1386    1383    845     -40     -385    -384    
714    1969 179     -640    1012    -889    31      1468    292     -1168   -1139   -763    165     695     1358    1521    1521    785     348     -258    -1006   
714    1970 225     -630    1006    -1194   153     1464    260     -1154   -1446   -333    8       779     1504    1550    1339    835     270     -323    -454    
714    1971 255     -406    939     -556    32      1368    150     -437    -801    -727    -4      828     1246    1516    1340    683     237     -473    -434    
714    1972 399     -439    1095    -673    156     1619    336     -966    -616    -392    80      777     1561    1790    1505    833     312     -137    2       
714    1973 285     -158    1009    -311    250     1512    28      -361    -603    -203    113     836     1453    1798    1281    541     64      -522    -1050   
714    1974 423     -405    957     -592    136     1351    461     -481    -206    -216    74      549     1271    1434    1345    1051    340     -4      -113    
714    1975 430     -120    1046    -315    341     1338    463     -366    -483    -127    175     969     1103    1531    1372    1099    347     -55     -477    
714    1976 155     -499    909     -853    84      1277    163     -1295   -783    -733    29      955     1124    1370    1332    614     34      -154    -657    
714    1977 252     -485    908     -819    135     1308    361     -777    -1045   -354    -23     777     1299    1369    1254    748     354     -19     -653    
714    1978 145     -486    936     -940    143     1334    308     -806    -1406   -462    43      845     1329    1433    1239    703     219     4       -1502   
714    1979 279     -607    1031    -1221   277     1431    320     -1042   -1107   -244    66      1004    1409    1420    1463    797     225     -63     -675    
714    1980 238     -562    1083    -940    99      1509    249     -1098   -1054   -696    375     627     1583    1585    1362    956     337     -548    -605    
714    1981 241     -516    981     -698    65      1335    368     -651    -854    -811    18      986     1196    1572    1232    855     444     -197    -969    
714    1982 317     -480    964     -1023   258     1350    426     -1356   -715    -98     105     762     988     1585    1466    847     277     159     -291    
714    1983 343     -273    1097    -548    329     1371    307     -416    -980    -439    431     999     1250    1569    1291    1022    379     -481    -609    
714    1984 362     -455    1053    -671    295     1322    425     -806    -592    -630    349     1166    1240    1455    1267    817     535     -82     -403    
714    1985 92      -622    942     -1298   96      1394    331     -1775   -1760   -340    -79     701     1242    1456    1479    825     511     -349    -941    
714    1986 235     -555    979     -1139   312     1411    384     -1197   -1295   -125    74      980     1499    1531    1206    558     409     183     -1104   
714    1987 98      -700    869     -1362   22      1207    376     -1990   -951    -745    153     662     1197    1362    1062    764     602     -245    -746    
714    1988 319     -331    1091    -639    143     1572    227     -550    -618    -445    -44     912     1540    1807    1368    937     329     -589    -867    
714    1989 464     -255    1104    -433    442     1432    364     -235    -170    -3      427     901     1425    1528    1343    985     303     -195    -771    
714    1990 408     -256    1010    -507    343     1385    222     -655    -50     -146    412     766     1274    1463    1415    711     365     -415    -281    
714    1991 363     -330    960     -580    217     1381    445     -589    -900    -215    276     592     1123    1522    1490    731     466     138     -374    
714    1992 363     -107    1000    -401    294     1340    121     -398    -433    -53     -40     965     1341    1378    1301    1034    -257    -401    -115    
714    1993 300     -301    900     -330    371     1210    73      -396    -493    -167    162     1112    946     1441    1233    472     176     -434    -533    
714    1994 282     -543    1008    -873    180     1402    275     -707    -1433   -411    381     575     1148    1680    1371    870     272     -316    -176    
714    1995 357     -191    1001    -333    260     1399    369     -526    -294    -123    148     750     1541    1340    1321    895     614     -411    -1010   
714    1996 271     -510    947     -945    149     1346    438     -661    -1181   -455    219     686     1195    1288    1550    720     517     76      -766    
714    1997 351     -288    1042    -700    117     1572    286     -720    -605    -250    -72     666     1444    1659    1607    922     118     -176    -455    
714    1998 297     -385    979     -530    63      1349    301     -401    -755    -669    93      765     1275    1495    1274    950     404     -453    -495    
714    1999 372     -423    1080    -742    237     1477    524     -857    -889    -292    421     588     1650    1584    1202    1029    491     53      -586    
714    2000 496     -226    1045    -514    307     1383    618     -481    -473    -365    356     932     1281    1537    1327    812     757     281     -51     
