EUROPEAN CLIMATE ASSESSMENT & DATASET (ECA&D), file created on: 10-05-2011
THESE DATA CAN BE USED FREELY PROVIDED THAT THE FOLLOWING SOURCE IS ACKNOWLEDGED: 

Klein Tank, A.M.G. and Coauthors, 2002. Daily dataset of 20th-century surface
air temperature and precipitation series for the European Climate Assessment.
Int. J. of Climatol., 22, 1441-1453.
Data and metadata available at http://eca.knmi.nl

FILE FORMAT (MISSING VALUE CODE = -999999):

THIS FILE HOLDS DATA FOR STATION RUSSIAN FEDERATION                       VERHNIJ_BASKUNCAK                        (STAID:   1319)
LATITUDE: dd:mm:ss +48:12:00
LONGITUDE: ddd:mm:ss +046:42:00
ELEVATION: m   35

DATA IS FOR INDEX Mean of daily mean temperature (TG) with unit 0.01 Temperature (&#176;C)

01-06 SOUID: Source identifier
08-11 YEAR : YYYY
13-20 ANNUAL DATA VALUES
21-28 WINTER HALF YEAR DATA VALUES
29-36 SUMMER HALF YEAR DATA VALUES
37-44 WINTER (DJF) DATA VALUES
45-52 SPRING (MAM) DATA VALUES
53-60 SUMMER (JJA) DATA VALUES
61-68 AUTUMN (SON) DATA VALUES
69-76 JANUARY DATA VALUES
etc. 
157-164 DECEMBER DATA VALUES

1319   1995 -999999 -999999 -999999 -999999 -999999 -999999 -999999 -589    -999999 445     1457    -999999 -999999 2419    2269    -999999 931     -999999 -999999 
1319   1996 -999999 -999999 -999999 -999999 -999999 -999999 -999999 -999999 -999999 -999999 904     2012    2193    -999999 2335    1597    858     381     -583    
1319   1997 -999999 -999999 -999999 -999999 -999999 -999999 -999999 -1109   -999999 197     1023    1778    2334    2346    2263    -999999 -999999 -999999 -999999 
1319   1998 -999999 -999999 -999999 -999999 -999999 -999999 -999999 -999999 -999999 8       1004    1697    -999999 2680    2372    1679    1021    -186    -517    
1319   1999 -999999 -999999 -999999 -999999 -999999 -999999 -999999 -217    -999999 248     1259    1418    2360    2559    2566    -999999 1054    -475    -999999 
1319   2000 -999999 -999999 -999999 -999999 -999999 -999999 -999999 -999999 -999999 308     1390    1309    2184    2601    -999999 1491    791     12      -999999 
1319   2001 -999999 -999999 -999999 -999999 1112    2373    -999999 -999999 -301    345     1247    1697    2060    2687    2352    -999999 -999999 -999999 -749    
1319   2002 -999999 -999999 -999999 -999999 -999999 -999999 -999999 -558    -999999 545     850     1387    2036    2768    2197    1988    -999999 356     -1321   
1319   2003 -999999 -999999 -999999 -999999 -999999 -999999 -999999 -999999 -999999 -103    803     1932    1824    2367    2387    1625    1090    -999999 -171    
1319   2004 -999999 -999999 -999999 -999999 -999999 -999999 -999999 -460    -224    421     1045    1724    -999999 2246    2508    1866    978     317     -320    
1319   2005 -999999 -999999 -999999 -999999 -999999 2337    1125    -331    -999999 -999999 1143    2011    2164    2452    2378    1995    1066    311     -114    
1319   2006 -999999 -999999 -999999 -760    1069    2487    1037    -1303   -897    299     1125    1733    2493    2271    2689    1826    1108    146     -124    
1319   2007 -999999 -999999 -999999 -999999 1077    2573    936     183     -332    321     923     1918    2365    2529    2835    1797    1054    -82     -826    
1319   2008 -999999 -999999 -999999 -999999 1217    2430    1016    -1230   -999999 638     1277    1718    2150    2572    2546    1596    1077    371     -489    
1319   2009 -999999 -999999 -999999 -608    926     2441    1086    -950    -354    297     798     1683    2519    2682    2142    1812    1203    264     -456    
1319   2010 -999999 -999999 -999999 -739    983     2792    1172    -945    -800    32      1012    1937    2641    2959    2777    2000    835     692     109     
1319   2011 -999999 -999999 -999999 -526    -999999 -999999 -999999 -690    -1079   -134    981     -999999 -999999 -999999 -999999 -999999 -999999 -999999 -999999 
