EUROPEAN CLIMATE ASSESSMENT & DATASET (ECA&D), file created on: 10-05-2011
THESE DATA CAN BE USED FREELY PROVIDED THAT THE FOLLOWING SOURCE IS ACKNOWLEDGED: 

Klein Tank, A.M.G. and Coauthors, 2002. Daily dataset of 20th-century surface
air temperature and precipitation series for the European Climate Assessment.
Int. J. of Climatol., 22, 1441-1453.
Data and metadata available at http://eca.knmi.nl

FILE FORMAT (MISSING VALUE CODE = -999999):

THIS FILE HOLDS DATA FOR STATION ITALY                                    OLBIA COSTA SMERALDA                     (STAID:   1743)
LATITUDE: dd:mm:ss +40:54:00
LONGITUDE: ddd:mm:ss +009:31:00
ELEVATION: m   11

DATA IS FOR INDEX Mean of daily mean temperature (TG) with unit 0.01 Temperature (&#176;C)

01-06 SOUID: Source identifier
08-11 YEAR : YYYY
13-20 ANNUAL DATA VALUES
21-28 WINTER HALF YEAR DATA VALUES
29-36 SUMMER HALF YEAR DATA VALUES
37-44 WINTER (DJF) DATA VALUES
45-52 SPRING (MAM) DATA VALUES
53-60 SUMMER (JJA) DATA VALUES
61-68 AUTUMN (SON) DATA VALUES
69-76 JANUARY DATA VALUES
etc. 
157-164 DECEMBER DATA VALUES

1743   1969 -999999 -999999 -999999 -999999 -999999 -999999 -999999 -999999 -999999 -999999 -999999 -999999 -999999 -999999 -999999 -999999 1758    1389    869     
1743   1970 1657    1206    2061    1017    1342    2368    1821    1085    1107    1025    1386    1616    2249    2395    2458    2254    1730    1482    1069    
1743   1971 -999999 1185    2084    1004    1333    2426    1640    956     984     871     1402    1730    2145    2422    2713    2094    1627    1215    933     
1743   1972 -999999 -999999 -999999 965     1368    2277    1661    896     1071    1186    1322    1637    2110    2419    2298    2011    1595    1379    1133    
1743   1973 -999999 -999999 -999999 977     1289    2388    1749    949     833     921     1197    1743    2141    2526    2489    2185    1803    1256    925     
1743   1974 1572    -999999 2005    959     1333    2322    1626    987     964     1112    1247    1638    2124    2360    2476    2170    1436    1279    1028    
1743   1975 1598    1140    2023    1014    1342    2310    1728    1028    985     1071    1275    1677    2065    2483    2375    2251    1673    1230    981     
1743   1976 -999999 1135    1984    954     1340    2302    -999999 913     968     1042    1253    1719    2126    2445    2330    1988    1726    1186    1036    
1743   1977 -999999 -999999 -999999 -999999 1480    2273    1742    1061    1286    1269    1442    1727    2052    2416    2353    2018    1819    1405    1025    
1743   1978 -999999 -999999 1969    -999999 1390    2260    1659    856     -999999 1265    1261    1640    2066    2309    2398    2122    1614    1213    1220    
1743   1979 1633    -999999 2036    1080    1418    2388    1677    937     1083    1256    1268    1724    2273    2500    2388    2044    1774    1210    1088    
1743   1980 -999999 1203    -999999 1018    1330    -999999 -999999 934     1031    1169    1260    1559    2068    -999999 -999999 -999999 -999999 -999999 -999999 
1743   1981 -999999 -999999 -999999 -999999 -999999 -999999 -999999 -999999 -999999 -999999 -999999 -999999 -999999 -999999 -999999 -999999 -999999 -999999 -999999 
1743   1982 -999999 -999999 -999999 -999999 -999999 -999999 -999999 -999999 -999999 -999999 -999999 -999999 -999999 -999999 -999999 -999999 -999999 -999999 -999999 
1743   1983 -999999 -999999 -999999 -999999 -999999 -999999 -999999 -999999 -999999 -999999 -999999 -999999 -999999 -999999 -999999 -999999 -999999 -999999 -999999 
1743   1984 -999999 -999999 -999999 -999999 -999999 -999999 -999999 -999999 -999999 -999999 -999999 -999999 -999999 -999999 -999999 -999999 -999999 -999999 -999999 
1743   1985 -999999 -999999 -999999 -999999 -999999 -999999 -999999 -999999 -999999 -999999 -999999 -999999 -999999 -999999 -999999 -999999 -999999 -999999 -999999 
1743   1986 -999999 -999999 -999999 -999999 -999999 -999999 -999999 -999999 -999999 -999999 -999999 -999999 -999999 -999999 -999999 -999999 -999999 -999999 -999999 
1743   1987 -999999 -999999 2180    -999999 1377    2495    -999999 948     1029    975     1441    1717    2210    2633    2635    2431    -999999 1408    1245    
1743   1988 -999999 -999999 -999999 -999999 -999999 -999999 -999999 -999999 -999999 -999999 -999999 -999999 -999999 -999999 -999999 -999999 -999999 -999999 -999999 
1743   1989 -999999 -999999 -999999 -999999 -999999 -999999 -999999 913     -999999 -999999 1483    -999999 -999999 -999999 2564    -999999 -999999 1278    -999999 
1743   1990 -999999 -999999 -999999 -999999 -999999 -999999 -999999 -999999 -999999 -999999 1270    1702    -999999 2455    2455    -999999 -999999 -999999 860     
1743   1991 -999999 -999999 -999999 -999999 -999999 -999999 -999999 828     -999999 -999999 1117    1322    -999999 -999999 2467    -999999 1685    1220    -999999 
1743   1992 -999999 -999999 -999999 -999999 -999999 -999999 -999999 869     -999999 1100    -999999 1733    1949    -999999 2520    -999999 1749    1415    1002    
1743   1993 -999999 -999999 -999999 -999999 -999999 -999999 -999999 927     -999999 -999999 1309    -999999 2058    2234    -999999 2100    1774    1222    -999999 
1743   1994 -999999 -999999 -999999 -999999 -999999 -999999 -999999 -999999 -999999 -999999 -999999 -999999 -999999 2685    2771    2306    1762    1505    -999999 
1743   1995 -999999 -999999 -999999 -999999 -999999 -999999 -999999 -999999 -999999 1146    -999999 1753    -999999 -999999 2465    -999999 1792    1304    1192    
1743   1996 -999999 -999999 -999999 -999999 -999999 -999999 -999999 1098    -999999 -999999 -999999 1714    2130    -999999 -999999 -999999 -999999 -999999 -999999 
1743   1997 -999999 -999999 -999999 -999999 -999999 -999999 -999999 -999999 -999999 -999999 -999999 -999999 -999999 -999999 -999999 -999999 -999999 -999999 -999999 
1743   1998 -999999 -999999 -999999 -999999 -999999 -999999 -999999 -999999 -999999 -999999 -999999 -999999 -999999 -999999 -999999 -999999 -999999 -999999 -999999 
1743   1999 -999999 -999999 -999999 -999999 -999999 -999999 -999999 -999999 -999999 -999999 -999999 -999999 -999999 -999999 -999999 -999999 -999999 -999999 -999999 
1743   2000 -999999 -999999 -999999 -999999 -999999 -999999 -999999 -999999 -999999 -999999 -999999 -999999 2255    2479    -999999 1952    -999999 -999999 -999999 
1743   2001 -999999 -999999 -999999 -999999 -999999 -999999 -999999 -999999 -999999 -999999 -999999 -999999 -999999 -999999 -999999 2093    -999999 1267    -999999 
1743   2002 -999999 -999999 -999999 -999999 -999999 -999999 -999999 -999999 -999999 -999999 -999999 1750    2273    2510    2453    -999999 -999999 1496    1173    
1743   2003 -999999 -999999 -999999 993     -999999 -999999 -999999 1022    766     1081    1402    1926    2555    2792    2891    2162    1765    1416    971     
1743   2004 -999999 -999999 -999999 972     1325    -999999 -999999 942     1002    1041    1344    1599    2278    2494    2582    2203    -999999 1361    1201    
1743   2005 -999999 -999999 -999999 946     -999999 -999999 -999999 852     773     960     1316    -999999 -999999 -999999 -999999 -999999 -999999 1304    967     
1743   2006 -999999 -999999 -999999 -999999 -999999 2402    1841    798     985     1195    1523    1929    2094    2628    2477    2170    1884    1442    1204    
1743   2007 -999999 -999999 -999999 1188    1549    2400    1724    1175    1184    1235    1483    1928    2270    2497    2431    2118    1720    1321    -999999 
1743   2008 -999999 -999999 -999999 -999999 -999999 -999999 -999999 -999999 -999999 -999999 -999999 -999999 -999999 2498    2557    2142    1812    -999999 961     
1743   2009 -999999 -999999 -999999 -999999 -999999 2503    1788    1004    -999999 -999999 1461    1901    2336    2585    2588    2215    1707    1432    1192    
1743   2010 -999999 -999999 -999999 1068    1443    2435    1750    937     1066    1132    1426    1771    2161    2613    2532    2155    1742    1367    990     
1743   2011 -999999 -999999 -999999 942     -999999 -999999 -999999 902     934     1107    1462    -999999 -999999 -999999 -999999 -999999 -999999 -999999 -999999 
