EUROPEAN CLIMATE ASSESSMENT & DATASET (ECA&D), file created on: 10-05-2011
THESE DATA CAN BE USED FREELY PROVIDED THAT THE FOLLOWING SOURCE IS ACKNOWLEDGED: 

Klein Tank, A.M.G. and Coauthors, 2002. Daily dataset of 20th-century surface
air temperature and precipitation series for the European Climate Assessment.
Int. J. of Climatol., 22, 1441-1453.
Data and metadata available at http://eca.knmi.nl

FILE FORMAT (MISSING VALUE CODE = -999999):

THIS FILE HOLDS DATA FOR STATION RUSSIAN FEDERATION                       KAMYSCHIN RAILWAY                        (STAID:   1305)
LATITUDE: dd:mm:ss +50:04:48
LONGITUDE: ddd:mm:ss +045:25:12
ELEVATION: m  122

DATA IS FOR INDEX Mean of daily mean temperature (TG) with unit 0.01 Temperature (&#176;C)

01-06 SOUID: Source identifier
08-11 YEAR : YYYY
13-20 ANNUAL DATA VALUES
21-28 WINTER HALF YEAR DATA VALUES
29-36 SUMMER HALF YEAR DATA VALUES
37-44 WINTER (DJF) DATA VALUES
45-52 SPRING (MAM) DATA VALUES
53-60 SUMMER (JJA) DATA VALUES
61-68 AUTUMN (SON) DATA VALUES
69-76 JANUARY DATA VALUES
etc. 
157-164 DECEMBER DATA VALUES

1305   1995 -999999 -999999 -999999 -999999 -999999 -999999 -999999 -792    -999999 190     1306    1854    2388    2296    2114    -999999 878     249     -999999 
1305   1996 -999999 -999999 -999999 -999999 629     -999999 -999999 -1424   -1157   -757    681     1875    -999999 2517    2180    1266    669     253     -653    
1305   1997 -999999 -999999 -999999 -999999 -999999 2203    -999999 -1041   -667    -999999 842     1604    2266    2231    2108    -999999 -999999 -46     -999999 
1305   1998 -999999 -999999 -999999 -999999 788     2434    688     -890    -822    -77     717     1606    2496    2597    2225    1591    930     -464    -641    
1305   1999 -999999 -999999 -999999 -520    -999999 2329    644     -508    -404    -133    1113    1326    2236    2516    2246    1502    950     -531    -133    
1305   2000 -999999 -999999 -999999 -357    870     2200    -999999 -621    -313    131     1215    1213    1982    2397    2219    -999999 734     -180    -180    
1305   2001 -999999 -999999 -999999 -326    974     2277    757     -315    -506    151     1212    1566    1943    2679    2198    1540    582     150     -947    
1305   2002 -999999 -999999 -999999 -509    858     -999999 894     -464    -56     399     805     1366    1998    2665    2056    1807    706     167     -1397   
1305   2003 -999999 -999999 -999999 -999999 -999999 -999999 -999999 -999999 -999999 -999999 -999999 -999999 -999999 -999999 -999999 -999999 -999999 -999999 -999999 
1305   2004 -999999 -999999 -999999 -999999 -999999 -999999 -999999 -999999 -999999 -999999 -999999 -999999 -999999 -999999 -999999 -999999 -999999 -999999 -999999 
1305   2005 -999999 -999999 -999999 -999999 856     2204    992     -501    -790    -372    967     1890    2087    2273    2251    1787    943     192     -312    
1305   2006 -999999 -999999 -999999 -943    770     2297    892     -1327   -1216   -155    922     1575    2255    2136    2498    1721    929     24      -111    
1305   2007 918     59      1951    -254    952     2418    822     54      -753    131     846     1849    2113    2379    2751    1744    865     -143    -938    
1305   2008 897     -999999 1859    -926    1080    2266    965     -1115   -693    461     1135    1644    1997    2400    2391    1550    1009    331     -505    
1305   2009 837     -999999 1849    -692    771     2313    962     -941    -631    -42     784     1570    2373    2571    1999    1777    993     114     -671    
1305   2010 -999999 -363    -999999 -999    774     2751    1017    -1254   -1079   -336    838     1858    2546    2900    2803    1792    605     597     -131    
1305   2011 -999999 -999999 -999999 -999999 -999999 -999999 -999999 -884    -1380   -473    749     -999999 -999999 -999999 -999999 -999999 -999999 -999999 -999999 
