EUROPEAN CLIMATE ASSESSMENT & DATASET (ECA&D), file created on: 10-05-2011
THESE DATA CAN BE USED FREELY PROVIDED THAT THE FOLLOWING SOURCE IS ACKNOWLEDGED: 

Klein Tank, A.M.G. and Coauthors, 2002. Daily dataset of 20th-century surface
air temperature and precipitation series for the European Climate Assessment.
Int. J. of Climatol., 22, 1441-1453.
Data and metadata available at http://eca.knmi.nl

FILE FORMAT (MISSING VALUE CODE = -999999):

THIS FILE HOLDS DATA FOR STATION CYPRUS                                   POLIS                                    (STAID:     26)
LATITUDE: dd:mm:ss +35:01:59
LONGITUDE: ddd:mm:ss +032:25:59
ELEVATION: m   20

DATA IS FOR INDEX Mean of daily mean temperature (TG) with unit 0.01 Temperature (&#176;C)

01-06 SOUID: Source identifier
08-11 YEAR : YYYY
13-20 ANNUAL DATA VALUES
21-28 WINTER HALF YEAR DATA VALUES
29-36 SUMMER HALF YEAR DATA VALUES
37-44 WINTER (DJF) DATA VALUES
45-52 SPRING (MAM) DATA VALUES
53-60 SUMMER (JJA) DATA VALUES
61-68 AUTUMN (SON) DATA VALUES
69-76 JANUARY DATA VALUES
etc. 
157-164 DECEMBER DATA VALUES

26     1973 -999999 -999999 -999999 -999999 -999999 -999999 -999999 -999999 -999999 -999999 -999999 -999999 -999999 -999999 -999999 -999999 -999999 1436    1322    
26     1974 -999999 -999999 -999999 -999999 -999999 -999999 -999999 -999999 -999999 -999999 -999999 -999999 -999999 -999999 -999999 -999999 -999999 1553    1138    
26     1975 -999999 -999999 -999999 -999999 -999999 -999999 -999999 -999999 -999999 -999999 -999999 -999999 -999999 -999999 -999999 -999999 -999999 1584    1183    
26     1976 -999999 -999999 -999999 -999999 -999999 -999999 -999999 -999999 -999999 -999999 -999999 -999999 -999999 -999999 -999999 -999999 -999999 1633    1317    
26     1977 -999999 -999999 -999999 -999999 -999999 -999999 -999999 -999999 -999999 -999999 -999999 -999999 -999999 -999999 -999999 -999999 -999999 1699    1267    
26     1978 -999999 -999999 -999999 -999999 -999999 -999999 -999999 -999999 -999999 -999999 -999999 -999999 -999999 -999999 -999999 -999999 -999999 1517    1415    
26     1979 -999999 -999999 -999999 -999999 -999999 -999999 -999999 -999999 -999999 -999999 -999999 -999999 -999999 -999999 -999999 -999999 -999999 1808    1324    
26     1980 -999999 -999999 -999999 -999999 -999999 -999999 -999999 -999999 -999999 -999999 -999999 -999999 -999999 -999999 -999999 -999999 -999999 -999999 1345    
26     1981 -999999 -999999 -999999 -999999 -999999 -999999 -999999 -999999 -999999 -999999 -999999 -999999 -999999 -999999 -999999 -999999 -999999 1579    1491    
26     1982 -999999 -999999 -999999 -999999 -999999 -999999 -999999 -999999 -999999 -999999 -999999 -999999 -999999 -999999 -999999 -999999 -999999 1528    1292    
26     1983 -999999 -999999 -999999 -999999 -999999 -999999 -999999 -999999 -999999 -999999 -999999 -999999 -999999 -999999 -999999 -999999 -999999 1832    1410    
26     1984 -999999 -999999 -999999 -999999 -999999 -999999 -999999 -999999 -999999 -999999 -999999 -999999 -999999 -999999 -999999 -999999 -999999 1635    1114    
26     1985 -999999 -999999 -999999 -999999 -999999 -999999 -999999 -999999 -999999 -999999 -999999 -999999 -999999 -999999 -999999 -999999 -999999 1717    1315    
26     1986 1889    -999999 2334    1274    1658    2596    2021    1235    1272    1297    1738    1943    2434    2669    2681    2528    2048    1487    1295    
26     1987 1833    1420    2236    1303    1453    2571    2001    1297    1320    1065    1442    1851    2321    2715    2673    2412    2005    1586    1301    
26     1988 1870    1435    2336    1244    1623    2657    1994    1231    1196    1280    1572    2014    2423    2785    2741    2472    2042    1467    1220    
26     1989 1875    1362    2319    1089    1726    2548    2063    977     1067    1372    1743    2065    2329    2636    2674    2452    2015    1724    1390    
26     1990 1874    1443    2285    1191    1646    2559    2098    1017    1162    1330    1645    1963    2332    2696    2642    2419    2133    1740    1367    
26     1991 1883    1511    2297    1258    1682    2582    2081    1196    1205    1405    1693    1949    2385    2618    2735    2387    2182    1669    1128    
26     1992 1758    1343    2211    1015    1500    2529    2014    1021    887     1150    1483    1868    2356    2554    2673    2319    2076    1645    1034    
26     1993 1838    1335    2271    1028    1530    2604    2051    1047    1001    1182    1521    1913    2408    2692    2707    2345    2215    1588    1380    
26     1994 -999999 1513    -999999 1323    1690    -999999 2172    1364    1215    1289    1720    2065    2439    -999999 -999999 2626    2348    1557    1120    
26     1995 1872    1465    2325    1173    1589    2699    1988    1202    1199    1370    1493    1902    2540    2772    2778    2447    1992    1491    1201    
26     1996 1888    1390    2311    1183    1627    2604    2054    1102    1250    1308    1476    2093    2400    2666    2738    2474    1958    1733    1437    
26     1997 1865    1455    2279    1272    1549    2634    2030    1268    1095    1216    1444    1985    2490    2760    2647    2330    2072    1688    1337    
26     1998 -999999 -999999 -999999 1235    1656    2737    2147    1183    1177    1290    1679    1989    2491    2850    2859    2492    2138    1821    1370    
26     1999 1971    -999999 2391    1309    1691    2717    2138    1302    1246    1364    1614    2094    2535    2807    2803    2476    2210    1731    1405    
26     2000 1931    -999999 2402    1201    1657    2700    2156    1056    1138    1211    1705    2042    2544    2813    2739    2555    2132    1781    1408    
26     2001 -999999 -999999 -999999 -999999 -999999 -999999 -999999 -999999 -999999 -999999 -999999 -999999 -999999 -999999 -999999 -999999 -999999 1666    1350    
26     2002 1968    -999999 2387    1263    1732    2700    2171    1106    1351    1472    1682    2040    2486    2830    2776    2491    2183    1839    1301    
26     2003 1952    1518    2399    1274    1699    2698    2113    1405    1098    1250    1614    2230    2520    2790    2779    2441    2170    1726    1337    
26     2004 1914    1499    2328    1234    1666    2640    2144    1164    1198    1387    1616    1993    2443    2745    2725    2430    2235    1763    1248    
26     2005 -999999 -999999 -999999 -999999 -999999 -999999 -999999 -999999 -999999 -999999 -999999 -999999 -999999 -999999 -999999 -999999 -999999 1483    1358    
26     2006 -999999 -999999 -999999 -999999 -999999 -999999 -999999 -999999 -999999 -999999 -999999 -999999 -999999 -999999 -999999 -999999 -999999 1532    1208    
