EUROPEAN CLIMATE ASSESSMENT & DATASET (ECA&D), file created on: 10-05-2011
THESE DATA CAN BE USED FREELY PROVIDED THAT THE FOLLOWING SOURCE IS ACKNOWLEDGED: 

Klein Tank, A.M.G. and Coauthors, 2002. Daily dataset of 20th-century surface
air temperature and precipitation series for the European Climate Assessment.
Int. J. of Climatol., 22, 1441-1453.
Data and metadata available at http://eca.knmi.nl

FILE FORMAT (MISSING VALUE CODE = -999999):

THIS FILE HOLDS DATA FOR STATION CZECH REPUBLIC                           SVRATOUCH                                (STAID:    666)
LATITUDE: dd:mm:ss +49:44:06
LONGITUDE: ddd:mm:ss +016:02:00
ELEVATION: m  737

DATA IS FOR INDEX Mean of daily mean temperature (TG) with unit 0.01 Temperature (&#176;C)

01-06 SOUID: Source identifier
08-11 YEAR : YYYY
13-20 ANNUAL DATA VALUES
21-28 WINTER HALF YEAR DATA VALUES
29-36 SUMMER HALF YEAR DATA VALUES
37-44 WINTER (DJF) DATA VALUES
45-52 SPRING (MAM) DATA VALUES
53-60 SUMMER (JJA) DATA VALUES
61-68 AUTUMN (SON) DATA VALUES
69-76 JANUARY DATA VALUES
etc. 
157-164 DECEMBER DATA VALUES

666    1951 -999999 -999999 -999999 -999999 -999999 -999999 756     -999999 -999999 -999999 -999999 -999999 -999999 -999999 1656    1283    598     393     -92     
666    1952 534     -4      1228    -258    503     1588    417     -323    -367    -246    857     909     1311    1709    1735    826     467     -44     -454    
666    1953 647     -93     1244    -408    639     1518    710     -404    -361    215     715     990     1473    1646    1434    1196    827     102     -141    
666    1954 497     -110    1127    -608    483     1418    636     -858    -848    191     226     1024    1480    1285    1491    1240    662     4       -28     
666    1955 494     -92     1094    -340    302     1410    613     -517    -490    -219    280     845     1241    1511    1471    1199    607     32      -103    
666    1956 421     -192    1088    -528    362     1327    537     -371    -1173   -229    324     991     1169    1491    1316    1217    626     -234    -205    
666    1957 609     24      1116    -182    522     1480    621     -347    26      269     544     755     1565    1592    1286    943     702     215     -271    
666    1958 576     -48     1166    -268    353     1431    693     -401    -121    -422    201     1276    1252    1548    1488    1204    667     209     -71     
666    1959 644     87      1210    -244    672     1497    630     -363    -304    348     627     1040    1352    1635    1499    1087    676     126     -72     
666    1960 574     -1      1108    -305    526     1377    681     -452    -396    88      480     1009    1349    1324    1455    1015    721     306     -42     
666    1961 644     145     1225    -169    678     1398    797     -442    -8      322     900     820     1473    1326    1397    1438    812     142     -473    
666    1962 470     -96     1093    -407    373     1344    610     -314    -435    -332    680     780     1175    1320    1531    1061    729     36      -647    
666    1963 504     -287    1244    -813    515     1517    791     -1014   -775    -89     608     1028    1398    1671    1479    1262    628     487     -699    
666    1964 531     -172    1239    -614    475     1515    619     -689    -441    -316    663     1084    1575    1626    1345    1132    549     180     -353    
666    1965 480     -100    1069    -428    391     1336    532     -283    -673    -67     429     814     1335    1358    1315    1153    649     -211    -144    
666    1966 619     -33     1188    -217    594     1412    697     -721    260     -7      718     1075    1439    1417    1380    1089    998     -7      -227    
666    1967 636     60      1219    -293    578     1505    776     -460    -180    208     451     1069    1325    1691    1492    1266    921     136     -344    
666    1968 564     14      1171    -371    582     1422    674     -557    -202    120     710     920     1457    1408    1404    1122    692     207     -525    
666    1969 537     -132    1205    -489    502     1426    760     -490    -450    -246    501     1251    1276    1613    1384    1187    861     228     -728    
666    1970 501     -137    1106    -599    359     1451    627     -570    -489    -147    353     870     1430    1449    1472    1043    567     273     -294    
666    1971 607     -35     1210    -281    530     1501    531     -333    -208    -225    605     1211    1181    1595    1715    925     634     30      88      
666    1972 563     73      1126    -188    589     1465    500     -572    -72     321     449     993     1370    1635    1388    897     444     160     -273    
666    1973 563     -17     1179    -291    503     1476    556     -365    -229    146     285     1070    1325    1466    1632    1272    475     -75     -301    
666    1974 629     77      1117    -127    618     1379    496     -129    68      417     554     882     1152    1341    1636    1121    240     135     92      
666    1975 662     85      1254    -24     582     1504    681     21      -203    197     453     1093    1301    1608    1597    1452    647     -55     -237    
666    1976 565     -82     1177    -277    446     1481    668     -333    -261    -263    530     1074    1444    1667    1329    998     775     229     -431    
666    1977 611     97      1094    -283    591     1419    654     -329    -67     394     349     1022    1431    1412    1415    915     830     209     -299    
666    1978 513     26      1037    -364    504     1306    565     -319    -487    175     428     907     1282    1335    1300    959     699     32      -225    
666    1979 577     -56     1165    -418    576     1413    603     -704    -315    155     394     1174    1609    1229    1409    1167    548     96      113     
666    1980 459     -8      1015    -219    339     1319    523     -646    -119    -43     281     778     1245    1272    1438    1062    538     -32     -285    
666    1981 588     -29     1197    -368    667     1448    652     -517    -296    390     479     1126    1427    1442    1474    1216    640     101     -485    
666    1982 648     -85     1267    -486    531     1561    832     -574    -391    176     293     1118    1431    1655    1593    1495    767     237     -101    
666    1983 675     102     1326    -188    657     1639    625     25      -520    151     707     1113    1402    1866    1642    1206    675     -9      -251    
666    1984 535     -57     1078    -306    447     1332    675     -302    -370    -103    473     971     1185    1297    1510    1012    799     210     -297    
666    1985 492     -145    1154    -637    549     1385    524     -865    -761    0       480     1165    1092    1556    1496    1113    636     -180    65      
666    1986 577     -107    1218    -386    656     1446    662     -370    -904    32      664     1272    1357    1483    1495    1021    722     240     -203    
666    1987 501     -144    1143    -467    339     1362    726     -903    -278    -444    606     865     1258    1535    1290    1299    706     175     -134    
666    1988 621     68      1238    -116    562     1496    526     -51     -166    -132    591     1228    1321    1588    1574    1105    689     -222    -118    
666    1989 698     103     1225    -89     710     1447    678     -164    28      388     643     1098    1269    1544    1523    1259    817     -47     -40     
666    1990 684     208     1177    2       691     1510    607     -166    234     445     446     1175    1354    1487    1685    890     743     184     -306    
666    1991 574     46      1153    -333    469     1511    636     -153    -562    316     431     660     1270    1703    1552    1287    548     76      -320    
666    1992 696     35      1372    -190    620     1766    585     -186    -56     142     545     1171    1533    1752    2007    1199    429     133     -347    
666    1993 626     -37     1252    -258    684     1447    509     -127    -303    -30     722     1363    1367    1430    1543    1069    664     -212    -46     
666    1994 747     83      1350    -102    667     1719    688     -2      -276    323     607     1067    1455    2019    1674    1256    492     323     -58     
666    1995 634     79      1258    -119    555     1607    601     -392    115     6       592     1066    1299    1897    1616    1050    901     -159    -428    
666    1996 488     -191    1149    -548    490     1456    606     -559    -663    -266    620     1121    1446    1393    1528    767     740     306     -608    
666    1997 625     26      1212    -367    529     1547    597     -432    -29     184     256     1137    1445    1475    1719    1218    438     141     -103    
666    1998 667     95      1278    -20     654     1540    542     -132    194     41      771     1154    1521    1528    1571    1107    632     -115    -295    
666    1999 684     1       1344    -277    737     1544    696     -196    -345    286     732     1191    1356    1711    1558    1504    613     -26     -248    
666    2000 743     8       1329    -223    796     1527    820     -425    21      112     957     1323    1527    1324    1729    1099    945     410     -123    
666    2001 599     153     1182    -195    618     1484    620     -332    -124    121     490     1239    1199    1584    1659    890     1005    -49     -559    
666    2002 708     89      1322    -240    720     1656    625     -264    140     259     522     1372    1544    1683    1737    1049    490     340     -414    
666    2003 713     -28     1436    -424    728     1815    631     -366    -501    247     542     1389    1825    1684    1936    1214    318     372     -182    
666    2004 630     -18     1237    -292    573     1531    715     -523    -163    71      704     950     1375    1546    1665    1165    811     167     -229    
666    2005 634     2       1293    -315    626     1503    728     -220    -517    -47     770     1158    1416    1630    1459    1311    826     43      -301    
666    2006 713     -100    1370    -446    539     1650    948     -596    -440    -161    657     1125    1527    2068    1350    1475    946     423     111     
666    2007 746     344     1353    106     843     1648    500     130     72      357     922     1253    1637    1660    1645    986     566     -55     -267    
666    2008 726     59      1276    -88     639     1595    702     -66     80      93      620     1204    1573    1613    1599    1029    755     319     -125    
666    2009 688     38      1380    -317    769     1549    777     -523    -303    78      1089    1151    1277    1655    1705    1392    540     405     -257    
666    2010 581     -30     1261    -415    561     1649    619     -634    -350    95      643     949     1493    1871    1579    1014    500     349     -588    
666    2011 -999999 16      -999999 -374    -999999 -999999 -999999 -205    -323    344     981     -999999 -999999 -999999 -999999 -999999 -999999 -999999 -999999 
