EUROPEAN CLIMATE ASSESSMENT & DATASET (ECA&D), file created on: 10-05-2011
THESE DATA CAN BE USED FREELY PROVIDED THAT THE FOLLOWING SOURCE IS ACKNOWLEDGED: 

Klein Tank, A.M.G. and Coauthors, 2002. Daily dataset of 20th-century surface
air temperature and precipitation series for the European Climate Assessment.
Int. J. of Climatol., 22, 1441-1453.
Data and metadata available at http://eca.knmi.nl

FILE FORMAT (MISSING VALUE CODE = -999999):

THIS FILE HOLDS DATA FOR STATION FINLAND                                  OULU AIRPORT/OULUNSA                     (STAID:    727)
LATITUDE: dd:mm:ss +64:55:48
LONGITUDE: ddd:mm:ss +025:22:12
ELEVATION: m   12

DATA IS FOR INDEX Mean of daily mean temperature (TG) with unit 0.01 Temperature (&#176;C)

01-06 SOUID: Source identifier
08-11 YEAR : YYYY
13-20 ANNUAL DATA VALUES
21-28 WINTER HALF YEAR DATA VALUES
29-36 SUMMER HALF YEAR DATA VALUES
37-44 WINTER (DJF) DATA VALUES
45-52 SPRING (MAM) DATA VALUES
53-60 SUMMER (JJA) DATA VALUES
61-68 AUTUMN (SON) DATA VALUES
69-76 JANUARY DATA VALUES
etc. 
157-164 DECEMBER DATA VALUES

727    1959 270     -999999 988     -999999 229     1458    220     -1092   -506    -132    36      778     1332    1598    1441    716     216     -272    -928    
727    1960 239     -668    1154    -1124   180     1625    122     -1219   -1233   -597    129     1007    1456    1889    1523    887     -132    -380    -521    
727    1961 346     -442    994     -592    27      1542    549     -699    -551    -376    -211    661     1570    1701    1357    864     775     0       -993    
727    1962 135     -579    892     -967    -165    1223    419     -1053   -844    -1364   219     662     1104    1363    1197    790     485     -21     -966    
727    1963 186     -688    1072    -1180   43      1359    404     -1265   -1322   -1077   114     1096    1164    1435    1472    1122    361     -271    -693    
727    1964 258     -451    931     -722    55      1329    344     -399    -1099   -641    33      772     1148    1495    1337    773     576     -324    -645    
727    1965 122     -491    920     -849    -63     1322    201     -827    -1100   -679    78      416     1268    1400    1297    1046    325     -772    -1065   
727    1966 22      -1064   949     -1637   -178    1485    285     -1869   -2015   -1071   -192    728     1505    1636    1314    677     181     2       -768    
727    1967 246     -518    1063    -1070   262     1474    536     -1627   -788    -115    194     706     1207    1544    1662    1041    426     146     -1495   
727    1968 74      -775    932     -1582   20      1418    42      -1885   -1353   -495    62      493     1449    1455    1350    764     -257    -370    -362    
727    1969 84      -790    936     -1041   -183    1453    281     -1313   -1490   -1003   -69     528     1275    1557    1522    775     374     -310    -945    
727    1970 175     -674    1010    -1248   40      1549    187     -1188   -1650   -406    -132    653     1463    1711    1470    867     273     -582    -532    
727    1971 128     -595    903     -756    -195    1415    86      -687    -1080   -1009   -192    615     1318    1493    1433    726     183     -655    -700    
727    1972 356     -584    1127    -840    95      1690    225     -872    -955    -530    111     705     1577    1945    1545    851     259     -435    11      
727    1973 225     -289    1042    -393    178     1582    -25     -449    -780    -394    127     799     1470    1947    1325    552     -64     -561    -1346   
727    1974 376     -577    1027    -814    56      1492    361     -675    -378    -416    27      556     1420    1630    1424    1091    255     -260    -213    
727    1975 356     -243    1007    -455    313     1304    400     -621    -541    -109    113     930     1172    1493    1242    1068    296     -160    -668    
727    1976 80      -638    912     -1043   29      1328    14      -1533   -921    -845    28      903     1132    1453    1391    528     -143    -337    -731    
727    1977 162     -629    885     -946    29      1342    220     -881    -1258   -477    -43     605     1261    1525    1236    703     147     -188    -791    
727    1978 62      -644    923     -1119   84      1344    226     -1021   -1591   -496    -79     823     1313    1486    1232    740     167     -225    -1710   
727    1979 198     -808    1026    -1493   147     1494    237     -1421   -1332   -359    -74     866     1375    1599    1503    856     51      -189    -609    
727    1980 123     -674    1083    -1047   36      1564    82      -1185   -1367   -777    251     639     1663    1654    1379    896     195     -850    -1076   
727    1981 115     -825    957     -1056   -88     1353    280     -936    -1166   -1148   -27     914     1157    1645    1252    767     380     -311    -1233   
727    1982 227     -668    947     -1297   207     1310    387     -1740   -875    -237    139     716     937     1583    1397    884     231     53      -433    
727    1983 246     -416    1107    -760    282     1410    191     -726    -1161   -515    388     975     1273    1665    1287    1036    313     -781    -905    
727    1984 287     -649    1069    -874    192     1396    314     -1125   -573    -819    261     1137    1360    1524    1302    802     395     -258    -586    
727    1985 -10     -824    956     -1559   -6      1463    304     -2092   -2047   -456    -112    547     1340    1577    1469    889     442     -423    -1393   
727    1986 -999999 -738    -999999 -1456   -999999 1464    399     -1625   -1340   -137    -999999 878     1583    1643    1172    577     476     142     -1417   
727    1987 20      -822    868     -1576   -71     1263    313     -2042   -1237   -861    21      631     1264    1401    1125    747     672     -492    -1057   
727    1988 237     -531    1102    -942    56      1607    231     -769    -1002   -568    -85     816     1536    1935    1347    1040    316     -666    -1104   
727    1989 436     -385    1141    -657    442     1494    351     -461    -378    -23     423     924     1472    1575    1433    1004    225     -171    -836    
727    1990 349     -388    1043    -711    248     1482    173     -1204   -25     -277    303     719     1339    1596    1507    773     341     -599    -303    
727    1991 308     -503    1008    -744    89      1478    416     -770    -1203   -551    241     581     1269    1623    1535    773     396     79      -384    
727    1992 321     -170    1016    -477    250     1394    5       -576    -470    -75     -130    943     1481    1441    1263    1078    -395    -656    -83     
727    1993 271     -424    942     -402    270     1350    60      -556    -586    -294    88      1009    1068    1636    1338    472     57      -351    -710    
727    1994 240     -684    1050    -1103   133     1497    261     -1153   -1482   -534    363     577     1279    1728    1476    856     265     -338    -280    
727    1995 303     -265    1030    -469    219     1491    233     -630    -499    -133    108     678     1611    1443    1424    900     496     -706    -1116   
727    1996 246     -615    985     -1003   56      1469    410     -585    -1330   -501    85      585     1303    1480    1618    813     475     -61     -1001   
727    1997 287     -438    1039    -915    2       1638    260     -901    -835    -333    -250    580     1469    1856    1584    963     88      -265    -595    
727    1998 227     -543    992     -796    -35     1451    292     -665    -1165   -705    -57     657     1352    1659    1337    981     390     -498    -666    
727    1999 309     -545    1095    -958    199     1518    508     -1232   -978    -325    356     571     1591    1686    1280    1081    464     -18     -839    
727    2000 422     -381    1086    -748    193     1505    575     -730    -669    -497    208     869     1356    1738    1415    905     723     92      -394    
727    2001 263     -341    1115    -667    13      1550    389     -484    -1171   -878    269     656     1445    1762    1438    1105    475     -417    -1135   
727    2002 258     -504    1184    -887    276     1660    -2      -988    -501    -456    382     904     1538    1792    1644    816     -73     -745    -1258   
727    2003 309     -754    1085    -1206   261     1555    372     -1642   -665    -129    40      864     1232    1973    1448    920     267     -69     -593    
727    2004 316     -451    1083    -835    215     1461    352     -964    -956    -415    262     799     1248    1660    1466    1038    297     -279    -418    
727    2005 402     -404    1142    -538    47      1621    586     -430    -792    -837    215     768     1459    1800    1598    979     538     256     -781    
727    2006 -999999 -470    -999999 -872    42      1589    353     -677    -1202   -1025   297     918     1430    1602    1735    1053    286     -277    -10     
727    2007 369     -353    1058    -718    343     1492    365     -765    -1448   -9      226     809     1307    1596    1561    831     538     -281    -82     
727    2008 387     -195    955     -321    149     1349    379     -455    -425    -476    190     736     1246    1514    1283    739     490     -98     -135    
727    2009 293     -320    1084    -616    168     1466    387     -837    -902    -489    53      937     1295    1570    1527    1099    35      40      -883    
727    2010 145     -730    1132    -1239   187     1509    244     -1515   -1329   -762    221     1104    1214    1917    1386    918     376     -567    -1324   
727    2011 -999999 -727    -999999 -1251   -999999 -999999 -999999 -924    -1533   -466    206     -999999 -999999 -999999 -999999 -999999 -999999 -999999 -999999 
