EUROPEAN CLIMATE ASSESSMENT & DATASET (ECA&D), file created on: 10-05-2011
THESE DATA CAN BE USED FREELY PROVIDED THAT THE FOLLOWING SOURCE IS ACKNOWLEDGED: 

Klein Tank, A.M.G. and Coauthors, 2002. Daily dataset of 20th-century surface
air temperature and precipitation series for the European Climate Assessment.
Int. J. of Climatol., 22, 1441-1453.
Data and metadata available at http://eca.knmi.nl

FILE FORMAT (MISSING VALUE CODE = -999999):

THIS FILE HOLDS DATA FOR STATION RUSSIAN FEDERATION                       NIKOLAYEVSKOYE                           (STAID:   1146)
LATITUDE: dd:mm:ss +58:34:12
LONGITUDE: ddd:mm:ss +029:48:00
ELEVATION: m   91

DATA IS FOR INDEX Mean of daily mean temperature (TG) with unit 0.01 Temperature (&#176;C)

01-06 SOUID: Source identifier
08-11 YEAR : YYYY
13-20 ANNUAL DATA VALUES
21-28 WINTER HALF YEAR DATA VALUES
29-36 SUMMER HALF YEAR DATA VALUES
37-44 WINTER (DJF) DATA VALUES
45-52 SPRING (MAM) DATA VALUES
53-60 SUMMER (JJA) DATA VALUES
61-68 AUTUMN (SON) DATA VALUES
69-76 JANUARY DATA VALUES
etc. 
157-164 DECEMBER DATA VALUES

1146   1995 -999999 -999999 -999999 -999999 -999999 -999999 547     -545    -999999 93      532     1190    1865    1597    1629    1119    774     -253    -885    
1146   1996 -999999 -999999 -999999 -999999 -999999 -999999 -999999 -850    -999999 -999999 -999999 -999999 -999999 -999999 -999999 -999999 -999999 -999999 -999999 
1146   1997 -999999 -999999 -999999 -999999 357     -999999 420     -999999 -372    -101    295     860     1583    1796    1779    945     356     -22     -621    
1146   1998 -999999 -999999 -999999 -999999 418     1573    -999999 -220    -609    -337    368     1172    1647    1675    1405    1074    549     -814    -555    
1146   1999 -999999 -999999 1364    -695    490     1785    603     -636    -936    -121    845     745     1976    1910    1474    1211    654     -80     -151    
1146   2000 -999999 -999999 -999999 -293    605     1582    640     -461    -278    -76     853     1025    1524    1662    1555    954     781     191     -155    
1146   2001 -999999 -999999 -999999 -405    539     1710    574     -323    -771    -300    839     1033    1461    2076    1592    1145    642     -91     -1058   
1146   2002 -999999 -999999 -999999 -999999 666     1775    299     -469    -70     134     625     1238    1578    1934    1818    1069    81      -265    -1157   
1146   2003 -999999 -999999 -999999 -930    497     1603    544     -948    -669    -127    334     1280    1269    1977    1550    1121    417     137     -163    
1146   2004 -999999 -999999 -999999 -556    486     1585    550     -850    -646    -49     497     976     1368    1678    1719    1203    577     -109    -107    
1146   2005 -999999 -999999 -999999 -999999 337     1637    718     -264    -857    -635    571     1099    1413    1832    1657    1277    677     182     -423    
1146   2006 -999999 -999999 -999999 -759    352     1670    756     -769    -1097   -485    502     1048    1541    1779    1684    1397    746     127     266     
1146   2007 -999999 -999999 1317    -382    738     1682    526     -288    -1173   434     529     1243    1537    1699    1805    1070    619     -166    -58     
1146   2008 -999999 -999999 -999999 -128    565     1565    695     -291    -40     14      683     1021    1466    1663    1557    997     785     222     -200    
1146   2009 -999999 -999999 -999999 -358    511     1554    616     -418    -471    -122    502     1133    1423    1713    1525    1290    380     171     -597    
1146   2010 -999999 -999999 -999999 -977    595     1878    469     -1443   -881    -189    635     1339    1521    2248    1855    1093    388     -72     -976    
1146   2011 -999999 -999999 -999999 -903    -999999 -999999 -999999 -620    -1135   -203    613     -999999 -999999 -999999 -999999 -999999 -999999 -999999 -999999 
