EUROPEAN CLIMATE ASSESSMENT & DATASET (ECA&D), file created on: 10-05-2011
THESE DATA CAN BE USED FREELY PROVIDED THAT THE FOLLOWING SOURCE IS ACKNOWLEDGED: 

Klein Tank, A.M.G. and Coauthors, 2002. Daily dataset of 20th-century surface
air temperature and precipitation series for the European Climate Assessment.
Int. J. of Climatol., 22, 1441-1453.
Data and metadata available at http://eca.knmi.nl

FILE FORMAT (MISSING VALUE CODE = -999999):

THIS FILE HOLDS DATA FOR STATION FRANCE                                   LILLE                                    (STAID:    737)
LATITUDE: dd:mm:ss +50:33:36
LONGITUDE: ddd:mm:ss +003:06:00
ELEVATION: m   52

DATA IS FOR INDEX Mean of daily mean temperature (TG) with unit 0.01 Temperature (&#176;C)

01-06 SOUID: Source identifier
08-11 YEAR : YYYY
13-20 ANNUAL DATA VALUES
21-28 WINTER HALF YEAR DATA VALUES
29-36 SUMMER HALF YEAR DATA VALUES
37-44 WINTER (DJF) DATA VALUES
45-52 SPRING (MAM) DATA VALUES
53-60 SUMMER (JJA) DATA VALUES
61-68 AUTUMN (SON) DATA VALUES
69-76 JANUARY DATA VALUES
etc. 
157-164 DECEMBER DATA VALUES

737    1958 1010    -999999 1437    -999999 808     1644    1120    361     526     404     723     1294    1503    1696    1728    1667    1148    543     488     
737    1959 1097    589     1570    331     1081    1785    1154    249     246     822     1039    1379    1602    1897    1851    1639    1222    599     549     
737    1960 1006    643     1397    448     964     1592    1089    346     448     683     891     1315    1582    1556    1637    1390    1086    792     332     
737    1961 1046    657     1473    425     1017    1598    1150    282     688     770     1157    1128    1507    1606    1677    1761    1170    520     278     
737    1962 873     508     1304    348     728     1512    981     427     339     295     862     1031    1389    1548    1596    1393    1078    468     25      
737    1963 827     251     1357    -223    869     1570    1094    -485    -206    592     919     1097    1531    1642    1536    1410    1029    845     -41     
737    1964 939     451     1441    156     879     1617    1007    85      443     356     877     1405    1486    1709    1652    1502    837     687     225     
737    1965 906     464     1317    225     857     1524    915     272     171     570     803     1196    1480    1484    1606    1321    1025    393     489     
737    1966 976     539     1382    400     908     1575    1021    68      667     597     917     1210    1642    1505    1581    1429    1161    468     456     
737    1967 986     607     1390    432     896     1636    1028    311     539     695     782     1207    1420    1799    1682    1431    1195    453     276     
737    1968 934     513     1377    255     873     1599    1092    291     194     645     917     1058    1495    1595    1703    1484    1274    512     14      
737    1969 967     489     1430    206     869     1654    1130    487     108     501     816     1288    1473    1780    1705    1501    1234    653     -4      
737    1970 988     474     1444    205     772     1695    1174    312     317     320     665     1326    1754    1595    1739    1572    1142    810     270     
737    1971 999     552     1452    327     879     1656    1036    300     421     364     868     1404    1379    1826    1755    1462    1074    571     515     
737    1972 944     592     1322    389     912     1550    952     234     421     725     835     1174    1329    1724    1591    1262    960     633     420     
737    1973 999     546     1463    356     850     1748    1046    305     340     602     712     1231    1631    1702    1907    1580    982     577     369     
737    1974 1030    617     1398    496     946     1614    926     621     499     642     1003    1195    1526    1595    1718    1342    748     694     746     
737    1975 1020    643     1465    634     829     1755    1013    693     446     513     834     1139    1491    1809    1955    1544    948     549     273     
737    1976 1047    502     1557    363     860     1907    1094    462     353     421     818     1341    1843    2001    1875    1444    1178    657     147     
737    1977 1001    599     1330    326     882     1561    1092    305     548     755     708     1178    1384    1678    1617    1398    1207    668     525     
737    1978 951     610     1338    355     888     1542    1078    289     239     695     736     1228    1457    1586    1578    1428    1174    628     317     
737    1979 924     422     1375    55      851     1591    1083    -238    88      535     826     1190    1490    1672    1607    1451    1168    627     614     
737    1980 961     612     1407    434     856     1606    1031    102     596     564     799     1202    1482    1581    1751    1614    975     505     359     
737    1981 1000    572     1426    336     1027    1616    1075    399     241     916     898     1263    1457    1655    1729    1539    971     720     155     
737    1982 1044    502     1513    228     914     1760    1183    138     409     617     825     1298    1686    1859    1733    1668    1086    799     377     
737    1983 1064    607     1528    374     872     1884    1097    615     102     618     894     1104    1647    2103    1893    1511    1126    652     422     
737    1984 1014    562     1405    377     787     1697    1176    405     299     455     852     1055    1488    1731    1865    1426    1177    925     470     
737    1985 940     475     1483    85      913     1674    1025    -286    70      469     942     1327    1461    1845    1708    1601    1122    350     606     
737    1986 991     462     1420    251     855     1732    1129    359     -263    522     680     1357    1755    1796    1647    1266    1296    820     557     
737    1987 975     535     1479    228     877     1656    1166    -176    310     389     1161    1089    1451    1758    1753    1659    1175    665     433     
737    1988 1072    668     1452    510     991     1636    1056    635     459     630     944     1399    1516    1650    1739    1447    1168    549     696     
737    1989 1114    706     1534    535     1048    1780    1164    414     493     894     734     1506    1580    1922    1833    1604    1304    580     443     
737    1990 1139    765     1512    604     1071    1778    1114    552     840     874     884     1449    1522    1795    2009    1386    1289    660     378     
737    1991 989     617     1426    268     948     1669    1077    357     48      918     877     1048    1329    1812    1855    1623    1056    552     320     
737    1992 1089    568     1569    347     1065    1815    1090    235     495     745     901     1543    1667    1895    1879    1508    895     874     409     
737    1993 1049    633     1506    443     1108    1663    904     616     288     694     1171    1461    1651    1698    1641    1405    978     327     600     
737    1994 1138    608     1528    503     996     1847    1201    566     326     812     894     1278    1570    2126    1836    1440    1082    1084    575     
737    1995 1141    763     1589    592     970     1916    1224    475     741     630     956     1324    1524    2107    2105    1493    1403    770     130     
737    1996 948     532     1429    184     850     1711    1042    226     198     454     1018    1084    1613    1743    1775    1331    1158    632     127     
737    1997 1114    585     1561    256     1049    1859    1127    -23     709     919     894     1329    1632    1783    2155    1554    1093    737     558     
737    1998 1104    722     1541    555     1114    1708    1037    475     640     821     968     1550    1643    1690    1788    1593    1075    441     521     
737    1999 1163    646     1634    510     1120    1815    1205    588     411     813     1042    1502    1587    1995    1855    1807    1137    674     492     
737    2000 1153    700     1560    528     1105    1720    1221    444     658     793     1016    1503    1667    1625    1865    1673    1186    804     587     
737    2001 1131    714     1544    509     1037    1835    1209    391     553     751     894     1460    1584    1919    1995    1385    1508    723     352     
737    2002 1169    777     1565    526     1090    1808    1174    467     784     827     1062    1381    1713    1795    1914    1514    1124    885     538     
737    2003 1167    686     1689    407     1113    2009    1136    340     337     867     1084    1386    1919    1986    2120    1624    951     839     493     
737    2004 1127    654     1592    485     1016    1832    1216    399     569     673     1084    1293    1687    1812    1987    1680    1250    716     374     
737    2005 1161    665     1603    419     1058    1828    1305    541     334     749     1093    1332    1842    1898    1745    1696    1504    709     424     
737    2006 1188    630     1682    327     991     1920    1443    235     321     558     984     1432    1730    2279    1745    1908    1468    954     595     
737    2007 1195    -999999 1625    690     1246    1787    1110    772     704     831     1408    1490    1782    1797    1781    1489    1107    734     419     
737    2008 1141    716     1585    576     1131    1781    1093    675     637     717     984     1681    1658    1869    1812    1462    1056    758     346     
737    2009 1169    -999999 1695    284     1160    1913    1307    112     406     742     1255    1486    1760    1950    2025    1680    1230    1012    329     
737    2010 1032    610     1590    219     1008    1905    1095    36      294     723     1083    1220    1814    2132    1764    1512    1125    646     -40     
737    2011 -999999 593     -999999 322     -999999 -999999 -999999 441     590     796     1404    -999999 -999999 -999999 -999999 -999999 -999999 -999999 -999999 
