EUROPEAN CLIMATE ASSESSMENT & DATASET (ECA&D), file created on: 10-05-2011
THESE DATA CAN BE USED FREELY PROVIDED THAT THE FOLLOWING SOURCE IS ACKNOWLEDGED: 

Klein Tank, A.M.G. and Coauthors, 2002. Daily dataset of 20th-century surface
air temperature and precipitation series for the European Climate Assessment.
Int. J. of Climatol., 22, 1441-1453.
Data and metadata available at http://eca.knmi.nl

FILE FORMAT (MISSING VALUE CODE = -999999):

THIS FILE HOLDS DATA FOR STATION UNITED KINGDOM                           SKEGNESS                                 (STAID:   1839)
LATITUDE: dd:mm:ss +53:08:48
LONGITUDE: ddd:mm:ss +000:20:56
ELEVATION: m    6

DATA IS FOR INDEX Mean of daily mean temperature (TG) with unit 0.01 Temperature (&#176;C)

01-06 SOUID: Source identifier
08-11 YEAR : YYYY
13-20 ANNUAL DATA VALUES
21-28 WINTER HALF YEAR DATA VALUES
29-36 SUMMER HALF YEAR DATA VALUES
37-44 WINTER (DJF) DATA VALUES
45-52 SPRING (MAM) DATA VALUES
53-60 SUMMER (JJA) DATA VALUES
61-68 AUTUMN (SON) DATA VALUES
69-76 JANUARY DATA VALUES
etc. 
157-164 DECEMBER DATA VALUES

1839   1960 -999999 -999999 -999999 -999999 -999999 1520    -999999 320     441     573     841     1183    1492    1545    1523    1379    1127    729     466     
1839   1961 -999999 -999999 -999999 -999999 -999999 1507    -999999 326     650     781     961     1073    1522    1475    1523    1511    1140    -999999 -999999 
1839   1962 -999999 -999999 -999999 -999999 -999999 1422    -999999 409     -999999 260     684     975     1343    1417    1501    1311    1031    572     167     
1839   1963 -999999 -999999 -999999 -999999 -999999 1441    1049    -61     -80     514     758     1004    1382    1502    1434    1297    1075    764     351     
1839   1964 -999999 -999999 -999999 -999999 798     1505    -999999 269     -999999 330     866     1193    1365    1571    1581    1395    888     743     291     
1839   1965 -999999 -999999 -999999 -999999 -999999 1419    -999999 301     -999999 428     765     1142    1370    1371    1506    1295    1166    494     341     
1839   1966 -999999 -999999 -999999 -999999 824     1481    1044    300     474     599     717     1157    1497    1505    1442    1424    1089    554     -999999 
1839   1967 -999999 -999999 -999999 -999999 860     1573    -999999 -999999 563     759     779     1043    1365    1766    1573    1447    1091    519     311     
1839   1968 -999999 -999999 -999999 -999999 -999999 1450    1126    371     250     619     811     -999999 1415    1450    1487    1419    1236    705     304     
1839   1969 -999999 -999999 -999999 -999999 701     1547    -999999 483     -999999 317     652     1106    1340    1693    1601    1398    1262    524     302     
1839   1970 -999999 -999999 -999999 -999999 717     1548    1098    -999999 -999999 335     626     1157    1506    1556    1581    1461    1104    714     481     
1839   1971 -999999 -999999 -999999 -999999 -999999 1497    -999999 398     449     528     671     1137    1262    1625    1610    1477    -999999 -999999 560     
1839   1972 -999999 -999999 -999999 -999999 817     1399    -999999 -999999 400     558     813     1073    1241    1422    1528    1196    1088    602     481     
1839   1973 -999999 -999999 -999999 -999999 792     1557    -999999 399     395     637     657     1068    1468    1580    1618    1458    956     525     441     
1839   1974 -999999 -999999 -999999 -999999 774     -999999 907     523     522     505     657     1143    -999999 1523    1613    1268    815     648     -999999 
1839   1975 -999999 -999999 -999999 -999999 735     1612    -999999 625     445     479     770     967     1284    1720    1813    1407    1061    652     507     
1839   1976 -999999 -999999 -999999 -999999 -999999 -999999 -999999 539     449     488     -999999 1188    1647    1736    1636    1386    1135    647     256     
1839   1977 -999999 -999999 -999999 -999999 -999999 -999999 -999999 235     449     695     712     959     1201    1505    1499    1356    -999999 -999999 582     
1839   1978 -999999 -999999 -999999 -999999 -999999 1422    -999999 286     242     -999999 578     937     1336    1415    1512    1418    1168    -999999 -999999 
1839   1979 -999999 -999999 -999999 -999999 -999999 -999999 -999999 13      143     476     722     1067    -999999 1581    1525    1403    1174    613     537     
1839   1980 -999999 -999999 -999999 -999999 -999999 1479    -999999 264     519     -999999 759     996     1401    1445    1595    -999999 915     677     -999999 
1839   1981 -999999 -999999 -999999 -999999 -999999 -999999 -999999 374     -999999 -999999 676     -999999 -999999 1574    1603    1519    877     710     69      
1839   1982 -999999 -999999 -999999 -999999 -999999 1550    -999999 288     440     577     748     -999999 1417    1637    1583    1467    1053    792     368     
1839   1983 -999999 -999999 -999999 -999999 767     1569    -999999 572     237     627     654     992     1360    1688    1662    1429    -999999 788     506     
1839   1984 -999999 -999999 -999999 -999999 688     -999999 -999999 318     345     480     678     900     1383    -999999 1704    1379    1149    812     -999999 
1839   1985 -999999 -999999 -999999 -999999 741     1477    -999999 149     -999999 473     812     964     1234    1645    1531    -999999 1190    414     612     
1839   1986 -999999 -999999 -999999 -999999 763     1400    -999999 343     -999999 498     597     1167    1318    1475    1406    1182    1081    -999999 524     
1839   1987 -999999 -999999 -999999 -999999 -999999 -999999 -999999 140     350     386     895     895     1270    1546    1475    -999999 963     667     605     
1839   1988 -999999 -999999 -999999 -999999 -999999 1503    -999999 493     490     584     -999999 1117    1319    1565    1610    1359    -999999 545     617     
1839   1989 -999999 -999999 -999999 -999999 -999999 1593    1145    536     -999999 694     627     1163    1396    1700    1688    1508    1187    694     562     
1839   1990 -999999 -999999 -999999 -999999 911     -999999 -999999 583     678     829     731     1163    1376    1598    1859    1306    1210    736     484     
1839   1991 -999999 -999999 -999999 -999999 -999999 1557    -999999 384     186     751     756     988     1247    1718    1729    1472    1044    598     443     
1839   1992 -999999 -999999 -999999 -999999 -999999 1616    -999999 415     -999999 -999999 -999999 1251    1515    1671    1655    -999999 789     686     389     
1839   1993 -999999 -999999 -999999 -999999 -999999 1483    -999999 488     -999999 656     886     1091    1434    1542    1473    1308    973     572     -999999 
1839   1994 -999999 -999999 -999999 -999999 -999999 -999999 -999999 -999999 -999999 735     841     1026    1469    1766    1641    1320    991     944     565     
1839   1995 -999999 -999999 -999999 -999999 -999999 1601    -999999 431     582     497     -999999 1134    1230    1807    1753    1393    1318    794     -999999 
1839   1996 -999999 -999999 -999999 -999999 -999999 -999999 -999999 371     234     373     779     951     1334    1620    1679    1391    1154    563     361     
1839   1997 -999999 -999999 -999999 -999999 -999999 -999999 -999999 -999999 639     790     827     1045    1376    1620    1878    1423    975     858     576     
1839   1998 -999999 -999999 -999999 -999999 -999999 -999999 -999999 517     728     752     831     1131    -999999 1599    1595    1449    1030    520     521     
1839   1999 -999999 -999999 -999999 -999999 -999999 -999999 -999999 498     450     753     970     1275    1376    1726    1631    1628    1102    808     401     
1839   2000 -999999 -999999 -999999 -999999 900     -999999 1106    495     573     733     846     1118    1504    1443    1714    1534    1075    695     -999999 
1839   2001 -999999 -999999 -999999 -999999 807     -999999 1152    372     408     539     740     1137    1373    1633    1728    1336    1383    697     384     
1839   2002 -999999 -999999 -999999 -999999 969     -999999 -999999 510     -999999 737     917     1227    1519    1602    1702    1481    1013    835     609     
1839   2003 -999999 -999999 -999999 -999999 937     -999999 -999999 -999999 -999999 683     873     1233    1642    1782    1720    1471    947     826     507     
1839   2004 -999999 -999999 -999999 -999999 923     -999999 -999999 480     -999999 674     955     1165    1566    1593    1738    1443    1106    -999999 488     
1839   2005 1051    -999999 1392    -999999 917     1581    1196    590     453     687     894     1170    1540    1614    1588    1535    1369    678     454     
1839   2006 1092    655     1477    455     861     1683    1292    468     443     501     838     1245    1508    1920    1615    1726    1332    816     642     
1839   2007 1077    807     1400    661     982     1558    1123    707     633     694     1064    1192    1436    1610    1624    1466    1153    751     560     
1839   2008 1042    714     1406    590     881     1640    1095    653     554     606     797     1238    1479    1688    1748    1467    999     823     430     
1839   2009 1041    626     -999999 408     975     1629    1185    352     447     696     957     1271    1426    1656    1802    1497    1187    872     352     
1839   2010 -999999 -999999 1389    283     876     1643    1033    217     279     636     905     1073    1491    1832    1600    1420    1087    587     -6      
1839   2011 -999999 -999999 -999999 341     -999999 -999999 -999999 417     641     687     1100    -999999 -999999 -999999 -999999 -999999 -999999 -999999 -999999 
