EUROPEAN CLIMATE ASSESSMENT & DATASET (ECA&D), file created on: 10-05-2011
THESE DATA CAN BE USED FREELY PROVIDED THAT THE FOLLOWING SOURCE IS ACKNOWLEDGED: 

Klein Tank, A.M.G. and Coauthors, 2002. Daily dataset of 20th-century surface
air temperature and precipitation series for the European Climate Assessment.
Int. J. of Climatol., 22, 1441-1453.
Data and metadata available at http://eca.knmi.nl

FILE FORMAT (MISSING VALUE CODE = -999999):

THIS FILE HOLDS DATA FOR STATION FINLAND                                  VESANTO KK                               (STAID:    720)
LATITUDE: dd:mm:ss +62:57:00
LONGITUDE: ddd:mm:ss +026:24:00
ELEVATION: m  127

DATA IS FOR INDEX Mean of daily mean temperature (TG) with unit 0.01 Temperature (&#176;C)

01-06 SOUID: Source identifier
08-11 YEAR : YYYY
13-20 ANNUAL DATA VALUES
21-28 WINTER HALF YEAR DATA VALUES
29-36 SUMMER HALF YEAR DATA VALUES
37-44 WINTER (DJF) DATA VALUES
45-52 SPRING (MAM) DATA VALUES
53-60 SUMMER (JJA) DATA VALUES
61-68 AUTUMN (SON) DATA VALUES
69-76 JANUARY DATA VALUES
etc. 
157-164 DECEMBER DATA VALUES

720    1959 -999999 -999999 -999999 -999999 -999999 1403    235     -999999 -999999 -999999 -999999 724     1295    1510    1400    652     225     -173    -1076   
720    1960 222     -654    1073    -1165   165     1532    133     -1188   -1234   -500    98      894     1445    1752    1397    822     -64     -351    -459    
720    1961 355     -380    960     -522    120     1455    480     -670    -429    -314    -122    786     1558    1538    1271    705     716     12      -845    
720    1962 152     -474    872     -829    -29     1147    397     -776    -870    -1104   286     740     1069    1296    1072    751     454     -15     -1135   
720    1963 141     -764    1034    -1296   14      1300    402     -1319   -1449   -1165   129     1080    1110    1408    1375    1078    370     -241    -784    
720    1964 202     -531    900     -852    2       1284    293     -567    -1229   -771    70      709     1177    1393    1278    753     522     -404    -571    
720    1965 146     -473    900     -770    -44     1274    177     -656    -1117   -675    110     437     1276    1277    1268    1021    318     -813    -788    
720    1966 32      -955    901     -1496   -80     1410    276     -1854   -1884   -794    -183    735     1463    1568    1200    600     215     15      -825    
720    1967 223     -509    984     -1078   255     1368    535     -1531   -855    -88     120     730     1165    1386    1545    933     506     166     -1457   
720    1968 69      -709    903     -1513   83      1339    33      -2050   -999    -411    130     533     1414    1299    1305    722     -112    -506    -517    
720    1969 59      -811    902     -1128   -68     1329    267     -1480   -1416   -886    86      601     1270    1364    1352    722     278     -200    -1075   
720    1970 122     -709    944     -1336   97      1410    154     -1291   -1675   -368    -37     691     1414    1562    1254    755     198     -493    -689    
720    1971 98      -590    831     -804    -98     1264    49      -654    -1097   -851    -118    675     1172    1332    1286    610     136     -601    -812    
720    1972 292     -650    1034    -959    49      1575    224     -1192   -867    -578    15      709     1501    1815    1406    731     237     -295    -33     
720    1973 177     -304    964     -450    185     1441    -60     -532    -823    -429    154     828     1433    1684    1206    452     -69     -565    -1283   
720    1974 361     -548    925     -760    4       1368    430     -687    -263    -394    -49     452     1231    1558    1312    1026    355     -87     -164    
720    1975 311     -222    950     -467    249     1238    341     -549    -714    -216    54      902     1099    1426    1185    1014    234     -221    -555    
720    1976 20      -679    820     -1086   10      1183    14      -1590   -1116   -842    -5      876     1022    1329    1192    475     -154    -273    -715    
720    1977 163     -601    863     -897    65      1275    235     -877    -1122   -505    -7      704     1227    1404    1192    636     212     -141    -857    
720    1978 28      -654    877     -1202   87      1287    222     -1104   -1692   -427    -86     769     1280    1396    1184    694     104     -128    -1765   
720    1979 200     -761    979     -1427   207     1388    256     -1220   -1284   -306    -52     973     1327    1421    1414    764     91      -82     -755    
720    1980 94      -688    966     -1099   -26     1409    112     -1275   -1277   -849    236     543     1478    1433    1317    776     304     -750    -856    
720    1981 148     -700    919     -916    -86     1320    331     -775    -1137   -1028   -85     854     1148    1602    1203    759     454     -224    -1083   
720    1982 169     -633    852     -1271   170     1193    327     -1723   -979    -265    49      721     847     1409    1311    745     151     92      -402    
720    1983 232     -429    1036    -767    239     1322    220     -638    -1314   -529    304     945     1208    1528    1227    984     312     -640    -719    
720    1984 268     -575    987     -802    207     1257    354     -905    -780    -735    280     1079    1162    1438    1168    772     475     -191    -584    
720    1985 -11     -769    894     -1530   24      1370    275     -2131   -1912   -365    -199    628     1223    1445    1436    806     398     -384    -1212   
720    1986 149     -685    919     -1332   246     1371    331     -1361   -1434   -180    21      891     1448    1514    1154    461     386     143     -1357   
720    1987 -17     -844    826     -1601   -59     1197    258     -2195   -1214   -832    12      646     1267    1297    1029    690     553     -479    -1045   
720    1988 231     -503    1064    -870    71      1564    160     -729    -835    -505    -112    822     1505    1854    1330    956     229     -708    -1086   
720    1989 409     -382    1069    -605    405     1415    326     -361    -344    -28     368     875     1450    1448    1348    908     272     -200    -873    
720    1990 315     -365    956     -679    255     1346    155     -1067   -34     -249    301     716     1215    1443    1376    662     289     -490    -396    
720    1991 299     -476    954     -759    119     1405    436     -853    -1055   -405    187     578     1237    1544    1427    726     439     143     -477    
720    1992 281     -201    967     -572    248     1312    22      -663    -575    -85     -86     904     1310    1395    1232    1025    -343    -605    -181    
720    1993 226     -436    892     -478    300     1246    -7      -598    -673    -245    94      1044    994     1495    1242    448     100     -573    -706    
720    1994 207     -681    987     -1051   118     1402    215     -897    -1604   -495    305     552     1188    1681    1328    848     209     -410    -356    
720    1995 282     -305    982     -491    216     1400    267     -632    -485    -177    93      729     1570    1323    1312    849     545     -601    -1186   
720    1996 211     -625    911     -1074   88      1333    403     -743    -1308   -499    98      665     1208    1328    1458    683     437     87      -940    
720    1997 260     -409    1001    -882    28      1559    212     -957    -733    -361    -145    583     1424    1718    1529    869     60      -288    -648    
720    1998 220     -552    958     -757    -63     1380    301     -538    -1120   -824    -71     705     1320    1573    1246    952     412     -464    -654    
720    1999 314     -522    1050    -923    170     1489    479     -1110   -1014   -345    357     505     1706    1579    1187    961     516     -42     -605    
720    2000 432     -297    1040    -625    266     1425    521     -690    -576    -396    345     851     1333    1644    1296    750     684     125     -216    
720    2001 -999999 -999999 -999999 -999999 -999999 -999999 -999999 -999999 -999999 -999999 -999999 -999999 -999999 -999999 -999999 -999999 -999999 -999999 -999999 
720    2002 -999999 -999999 -999999 -999999 -999999 -999999 -999999 -999999 -999999 -999999 -999999 -999999 -999999 -999999 -999999 -999999 -999999 -999999 -999999 
720    2003 -999999 -999999 -999999 -999999 -999999 -999999 -999999 -999999 -999999 -999999 -999999 -999999 -999999 -999999 -999999 -999999 -999999 -999999 -999999 
720    2004 -999999 -999999 -999999 -999999 -999999 -999999 -999999 -999999 -999999 -999999 -999999 -999999 -999999 -999999 -999999 -999999 -999999 -999999 -999999 
720    2005 -999999 -999999 -999999 -999999 -999999 -999999 -999999 -999999 -999999 -999999 -999999 -999999 -999999 -999999 -999999 -999999 -999999 -999999 -999999 
720    2006 -999999 -999999 -999999 -999999 -999999 -999999 -999999 -999999 -999999 -999999 -999999 -999999 -999999 -999999 -999999 -999999 -999999 -999999 -999999 
720    2007 -999999 -999999 -999999 -999999 -999999 -999999 -999999 -999999 -999999 -999999 -999999 -999999 -999999 -999999 -999999 -999999 -999999 -999999 -999999 
720    2008 -999999 -999999 -999999 -999999 339     -999999 386     -999999 -377    -381    385     1017    1413    -999999 1298    699     515     -29     -210    
720    2009 -999999 -292    -999999 -635    376     -999999 -999999 -860    -856    -357    265     1217    1521    -999999 -999999 -999999 63      18      -933    
720    2010 178     -718    1194    -1290   283     1600    262     -1670   -1265   -551    334     1067    1209    2046    1530    943     324     -485    -1451   
720    2011 -999999 -729    -999999 -1286   -999999 -999999 -999999 -897    -1535   -399    441     -999999 -999999 -999999 -999999 -999999 -999999 -999999 -999999 
