EUROPEAN CLIMATE ASSESSMENT & DATASET (ECA&D), file created on: 10-05-2011
THESE DATA CAN BE USED FREELY PROVIDED THAT THE FOLLOWING SOURCE IS ACKNOWLEDGED: 

Klein Tank, A.M.G. and Coauthors, 2002. Daily dataset of 20th-century surface
air temperature and precipitation series for the European Climate Assessment.
Int. J. of Climatol., 22, 1441-1453.
Data and metadata available at http://eca.knmi.nl

FILE FORMAT (MISSING VALUE CODE = -999999):

THIS FILE HOLDS DATA FOR STATION NORWAY                                   OKSOEY FYR                               (STAID:    264)
LATITUDE: dd:mm:ss +58:04:00
LONGITUDE: ddd:mm:ss +008:03:02
ELEVATION: m    9

DATA IS FOR INDEX Mean of daily mean temperature (TG) with unit 0.01 Temperature (&#176;C)

01-06 SOUID: Source identifier
08-11 YEAR : YYYY
13-20 ANNUAL DATA VALUES
21-28 WINTER HALF YEAR DATA VALUES
29-36 SUMMER HALF YEAR DATA VALUES
37-44 WINTER (DJF) DATA VALUES
45-52 SPRING (MAM) DATA VALUES
53-60 SUMMER (JJA) DATA VALUES
61-68 AUTUMN (SON) DATA VALUES
69-76 JANUARY DATA VALUES
etc. 
157-164 DECEMBER DATA VALUES

264    1876 651     -999999 1163    -999999 434     1502    764     118     -130    45      393     863     1422    1544    1537    1201    885     201     -300    
264    1877 627     69      1027    -199    275     1389    839     -156    -134    -100    220     704     1260    1480    1421    1061    766     692     255     
264    1878 777     376     1268    178     622     1547    901     -32     324     256     657     953     1348    1619    1666    1349    1027    323     -198    
264    1879 607     74      1118    -316    375     1446    815     -325    -436    9       287     827     1221    1520    1590    1246    896     302     65      
264    1880 766     304     1276    114     553     1595    781     76      207     270     502     883     1418    1562    1801    1450    526     375     97      
264    1881 570     -3      1050    -223    264     1338    800     -340    -447    -262    220     832     1274    1422    1317    1222    580     605     353     
264    1882 787     457     1233    393     615     1525    770     423     405     376     476     989     1346    1616    1606    1349    822     136     -130    
264    1883 755     147     1207    -1      437     1509    914     9       130     -88     522     879     1358    1622    1542    1308    851     585     309     
264    1884 816     429     1243    299     530     1531    938     349     235     239     465     885     1325    1603    1658    1508    974     330     196     
264    1885 694     297     1115    84      496     1420    715     -72     132     204     533     752     1218    1561    1475    1137    626     385     334     
264    1886 672     166     1128    48      388     1383    968     18      -234    -166    457     877     1307    1399    1442    1278    904     725     3       
264    1887 769     402     1217    172     600     1496    784     236     289     254     506     1038    1528    1494    1468    1254    745     353     31      
264    1888 619     113     1073    -27     210     1404    778     167     -297    -341    142     828     1345    1475    1391    1238    760     335     343     
264    1889 794     250     1288    152     581     1580    890     222     -136    -60     414     1384    1678    1585    1480    1169    868     632     219     
264    1890 758     409     1178    237     624     1349    898     358     124     232     463     1171    1232    1349    1464    1376    883     437     -38     
264    1891 763     253     1186    48      446     1506    912     -126    335     42      416     880     1443    1606    1467    1291    1028    412     333     
264    1892 689     303     1146    99      472     1434    850     -4      -41     69      497     851     1299    1569    1428    1218    791     545     29      
264    1893 727     167     1238    -213    615     1557    805     -318    -364    282     572     989     1397    1648    1620    1186    896     328     404     
264    1894 824     413     1214    276     640     1531    848     173     248     408     642     869     1372    1697    1517    1170    703     675     370     
264    1895 680     176     1258    -122    590     1479    840     -254    -520    31      499     1238    1414    1495    1525    1361    683     481     125     
264    1896 808     324     1295    185     635     1603    825     133     306     221     542     1140    1633    1675    1504    1263    797     416     55      
264    1897 753     190     1248    -45     480     1602    872     -262    86      44      415     977     1422    1665    1711    1248    847     520     311     
264    1898 780     397     1131    309     449     1419    868     480     118     80      416     850     1358    1489    1408    1255    893     454     509     
264    1899 789     371     1224    248     492     1596    947     103     120     127     426     921     1383    1786    1613    1195    888     761     95      
264    1900 691     220     1180    -118    388     1544    863     -26     -454    6       363     795     1440    1588    1599    1283    822     487     307     
264    1901 778     243     1312    52      536     1626    933     -6      -166    -19     494     1130    1351    1894    1625    1353    1058    382     165     
264    1902 643     335     1018    137     408     1308    753     308     -85     140     352     730     1291    1342    1291    1092    738     430     39      
264    1903 753     332     1152    130     597     1438    799     17      354     417     419     948     1460    1442    1412    1219    724     455     150     
264    1904 720     232     1154    58      439     1453    877     198     -191    35      457     826     1342    1528    1484    1272    947     410     292     
264    1905 780     400     1198    259     524     1552    726     235     251     250     360     956     1523    1658    1473    1198    581     403     427     
264    1906 809     324     1217    253     553     1508    991     202     116     199     526     934     1499    1492    1534    1305    975     695     191     
264    1907 715     389     1070    126     541     1303    929     108     73      269     471     881     1149    1449    1305    1151    1105    527     45      
264    1908 788     373     1190    205     425     1533    894     270     308     -15     417     873     1397    1659    1537    1238    978     464     307     
264    1909 682     319     1076    196     314     1384    875     274     -13     -125    297     768     1304    1431    1414    1227    1050    342     161     
264    1910 829     363     1297    151     651     1597    852     100     197     309     528     1111    1514    1677    1597    1337    918     298     309     
264    1911 844     367     1298    258     626     1592    869     238     222     201     532     1144    1392    1639    1738    1324    772     515     367     
264    1912 734     282     1178    38      563     1507    789     -129    -135    282     460     946     1313    1723    1478    1130    794     443     467     
264    1913 831     393     1227    247     638     1499    981     44      226     368     565     979     1331    1665    1495    1311    900     735     310     
264    1914 852     438     1323    258     590     1668    861     57      423     210     657     905     1453    1842    1703    1362    833     389     366     
264    1915 633     273     1160    118     503     1448    672     -79     61      52      549     909     1302    1472    1566    1149    629     239     -284    
264    1916 749     154     1157    47      442     1446    879     320     108     -86     477     935     1182    1646    1501    1178    786     675     245     
264    1917 702     179     1241    -70     351     1613    931     -399    -56     -185    318     918     1479    1653    1702    1358    824     616     154     
264    1918 769     307     1178    80      591     1452    909     -46     138     152     524     1096    1236    1556    1558    1077    1017    628     239     
264    1919 669     310     1213    48      560     1466    682     146     -273    54      465     1159    1309    1687    1398    1239    761     42      -34     
264    1920 809     256     1226    95      653     1522    890     62      269     427     531     998     1521    1564    1479    1250    763     662     167     
264    1921 828     423     1227    214     771     1439    804     284     190     457     776     1080    1402    1502    1411    1183    1002    220     373     
264    1922 677     249     1096    39      430     1403    805     -104    -173    131     323     834     1253    1514    1436    1201    706     510     426     
264    1923 664     328     1077    232     409     1360    816     356     -119    52      369     805     1116    1531    1424    1200    928     316     -70     
264    1924 727     163     1105    -62     318     1413    1006    -65     -51     -88     293     749     1215    1461    1555    1341    994     683     602     
264    1925 787     527     1270    464     549     1610    745     468     308     93      571     984     1347    1849    1627    1224    779     231     -77     
264    1926 746     165     1256    -96     582     1588    803     6       -228    245     561     939     1410    1735    1615    1259    592     564     183     
264    1927 697     336     1148    194     485     1471    798     278     113     275     410     767     1072    1686    1642    1287    867     238     -316    
264    1928 694     182     1077    -27     493     1285    852     108     137     55      456     967     1080    1344    1426    1172    846     539     176     
264    1929 688     204     1092    -166    498     1357    935     -191    -518    313     304     872     1164    1512    1389    1292    897     615     504     
264    1930 833     441     1255    307     590     1553    914     408     -24     206     569     995     1395    1657    1601    1294    904     545     377     
264    1931 679     283     1086    124     384     1373    853     5       -25     -127    359     920     1130    1516    1465    1105    809     647     290     
264    1932 808     418     1217    344     468     1556    818     456     281     24      459     922     1340    1683    1638    1241    732     485     413     
264    1933 798     326     1313    185     559     1659    884     114     11      175     546     955     1619    1788    1568    1392    922     338     99      
264    1934 894     410     1256    301     569     1564    985     361     459     285     478     940     1344    1754    1586    1415    1012    527     535     
264    1935 784     433     1197    289     531     1499    946     132     192     179     516     899     1289    1601    1600    1261    905     674     126     
264    1936 790     297     1257    33      532     1596    863     66      -101    98      397     1096    1505    1659    1619    1242    784     565     511     
264    1937 745     283     1275    177     428     1605    981     126     -136    -185    454     1017    1278    1688    1838    1353    1112    474     -144    
264    1938 871     405     1239    77      700     1505    1063    165     224     582     634     884     1230    1550    1726    1395    1006    791     225     
264    1939 789     430     1261    181     594     1525    873     -36     373     225     514     1042    1328    1514    1728    1423    642     562     130     
264    1940 -999999 96      -999999 -199    -999999 -999999 -999999 -184    -567    -45     -999999 -999999 -999999 -999999 -999999 -999999 -999999 -999999 -999999 
264    1941 -999999 -999999 -999999 -999999 -999999 -999999 -999999 -999999 -999999 -999999 -999999 -999999 -999999 -999999 -999999 -999999 -999999 -999999 -999999 
264    1942 -999999 -999999 -999999 -999999 -999999 -999999 -999999 -999999 -999999 -999999 -999999 -999999 -999999 -999999 -999999 -999999 -999999 -999999 -999999 
264    1943 -999999 -999999 -999999 -999999 -999999 -999999 -999999 -999999 -999999 -999999 -999999 -999999 -999999 -999999 -999999 -999999 -999999 -999999 -999999 
264    1944 -999999 -999999 -999999 -999999 -999999 -999999 -999999 -999999 -999999 -999999 -999999 -999999 -999999 -999999 -999999 -999999 -999999 -999999 -999999 
264    1945 -999999 -999999 -999999 -999999 -999999 -999999 -999999 -999999 -999999 -999999 -999999 -999999 -999999 -999999 -999999 -999999 -999999 -999999 -999999 
264    1946 696     -999999 1240    -999999 605     1469    731     -238    -31     6       715     1098    1290    1638    1474    1209    540     450     157     
264    1947 635     -70     1386    -364    466     1731    754     -267    -1050   -329    409     1317    1536    1740    1911    1376    742     144     -45     
264    1948 720     83      1266    -248    716     1522    749     -446    -253    336     705     1108    1400    1644    1518    1205    688     358     341     
264    1949 851     353     1307    304     607     1555    968     239     335     156     624     1041    1412    1790    1458    1505    920     481     218     
264    1950 713     313     1253    40      688     1537    741     -104    2       335     541     1183    1419    1585    1602    1171    812     237     -282    
264    1951 757     105     1160    -108    400     1421    1019    -80     52      -110    391     920     1285    1445    1528    1376    1040    640     551     
264    1952 682     435     1122    288     535     1362    661     110     198     64      566     976     1111    1496    1470    1096    692     195     185     
264    1953 867     264     1259    82      661     1564    1065    102     -53     433     526     1022    1597    1564    1532    1303    1090    802     423     
264    1954 726     368     1161    97      499     1418    888     73      -237    12      430     1054    1300    1461    1487    1218    909     537     391     
264    1955 748     289     1241    76      399     1628    964     20      -211    49      384     764     1239    1822    1810    1406    854     635     133     
264    1956 683     210     1127    -85     446     1385    876     14      -423    20      396     921     1235    1582    1334    1278    883     469     440     
264    1957 779     392     1153    272     526     1452    886     272     85      175     538     865     1240    1575    1534    1148    986     520     351     
264    1958 693     232     1150    25      293     1468    1054    -37     -268    -198    332     746     1340    1601    1459    1407    1104    649     123     
264    1959 823     356     1275    20      643     1562    997     -136    78      302     568     1055    1314    1674    1689    1332    1004    654     286     
264    1960 709     319     1196    31      577     1432    814     -47     -159    155     503     1071    1361    1435    1498    1295    734     416     211     
264    1961 833     365     1202    170     703     1408    1062    37      272     515     572     1019    1310    1485    1425    1389    1174    620     137     
264    1962 698     390     1076    210     410     1310    877     266     229     -91     502     823     1178    1416    1331    1192    1016    420     66      
264    1963 620     99      1133    -237    347     1439    905     -337    -462    -155    344     854     1391    1418    1506    1274    925     515     101     
264    1964 719     318     1106    134     520     1327    860     225     71      63      506     990     1173    1362    1439    1152    816     615     198     
264    1965 670     325     1112    143     461     1352    833     107     120     81      472     831     1283    1383    1388    1304    1003    187     -151    
264    1966 617     61      1095    -355    400     1442    851     -357    -578    203     172     819     1422    1483    1421    1239    880     434     176     
264    1967 772     319     1158    45      581     1426    1035    -133    97      439     472     827     1239    1492    1542    1365    1005    737     137     
264    1968 731     347     1223    5       574     1523    843     -83     -41     312     550     858     1398    1524    1643    1354    907     267     54      
264    1969 690     150     1202    -86     399     1547    896     30      -370    -32     425     805     1451    1453    1734    1329    995     359     21      
264    1970 642     86      1153    -290    404     1498    850     -312    -609    2       246     961     1552    1376    1568    1203    930     413     284     
264    1971 790     354     1157    232     485     1429    905     165     249     77      454     922     1262    1538    1481    1269    988     455     574     
264    1972 754     344     1170    144     567     1447    863     -105    -49     181     518     999     1237    1627    1471    1151    892     545     542     
264    1973 794     508     1185    369     632     1491    779     272     286     492     499     900     1301    1697    1469    1228    737     374     237     
264    1974 830     373     1220    281     662     1433    853     340     263     275     697     1015    1389    1417    1491    1304    737     523     468     
264    1975 869     438     1232    375     554     1539    970     460     178     240     450     968     1241    1570    1796    1344    949     618     552     
264    1976 742     389     1220    257     494     1568    841     94      116     -3      524     963     1322    1713    1662    1117    863     543     -36     
264    1977 726     221     1155    -102    503     1476    890     -43     -241    205     349     952     1361    1523    1540    1187    971     510     325     
264    1978 696     311     1149    108     488     1441    928     236     -275    47      387     1027    1336    1451    1532    1141    945     697     -239    
264    1979 610     143     1071    -315    394     1389    834     -446    -255    138     348     694     1293    1432    1439    1211    848     442     124     
264    1980 700     143     1248    -137    499     1545    805     -196    -352    -32     482     1047    1450    1657    1525    1310    755     351     365     
264    1981 672     260     1174    153     497     1389    904     48      34      -13     441     1061    1205    1464    1491    1364    820     529     -419    
264    1982 769     128     1227    -293    553     1559    971     -361    -78     270     528     862     1384    1679    1608    1285    931     700     362     
264    1983 815     465     1192    281     572     1483    931     516     -70     307     524     884     1258    1623    1561    1286    969     536     312     
264    1984 795     317     1214    111     535     1514    969     13      0       60      448     1095    1354    1561    1624    1182    1034    688     446     
264    1985 618     260     1124    -78     459     1424    796     -404    -296    55      335     984     1291    1502    1475    1137    1038    204     19      
264    1986 663     146     1072    -178    430     1397    917     -161    -414    136     300     851     1369    1419    1402    1078    936     735     225     
264    1987 636     207     1066    -87     368     1312    885     -463    -18     -177    437     847     1103    1479    1348    1165    985     503     379     
264    1988 838     426     1265    319     528     1583    911     352     219     108     393     1079    1644    1586    1520    1353    884     498     395     
264    1989 914     567     1229    505     682     1507    977     621     498     498     549     994     1388    1642    1487    1301    992     639     328     
264    1990 923     601     1278    455     803     1546    869     493     553     598     684     1124    1410    1612    1613    1209    968     425     352     
264    1991 819     375     1218    182     602     1481    959     260     -93     293     575     937     1130    1631    1670    1346    926     607     471     
264    1992 856     536     1257    422     675     1536    826     410     384     408     468     1142    1640    1526    1445    1313    656     515     348     
264    1993 749     413     1151    331     697     1341    693     364     275     310     596     1181    1308    1342    1371    1094    725     257     128     
264    1994 792     204     1232    2       600     1543    880     136     -286    215     566     1017    1177    1753    1688    1168    826     647     500     
264    1995 817     469     1247    337     583     1584    955     192     316     321     564     862     1401    1549    1796    1293    1083    485     -89     
264    1996 675     211     1142    -131    437     1462    892     -124    -185    81      457     774     1275    1425    1679    1229    1003    440     9       
264    1997 866     364     1347    109     601     1773    896     21      316     390     535     875     1490    1842    1976    1345    841     504     216     
264    1998 787     431     1163    306     601     1387    809     188     534     315     428     1056    1263    1446    1449    1321    851     255     322     
264    1999 843     339     1263    216     583     1522    1065    153     168     265     623     864     1287    1619    1653    1522    974     702     245     
264    2000 910     501     1244    333     690     1463    1086    407     346     330     596     1140    1294    1578    1510    1329    1137    791     440     
264    2001 778     410     1222    169     492     1518    1030    152     -111    12      435     1028    1278    1667    1600    1302    1186    596     117     
264    2002 858     507     1385    291     722     1677    786     394     370     369     633     1160    1453    1632    1939    1471    652     238     -54     
264    2003 848     192     1333    11      570     1693    929     78      7       214     591     906     1489    1820    1764    1412    745     638     454     
264    2004 866     405     1296    240     702     1534    964     82      181     325     655     1125    1327    1510    1757    1386    992     513     504     
264    2005 862     446     1263    356     542     1552    1045    423     120     94      611     923     1350    1722    1579    1378    1067    690     336     
264    2006 920     368     1351    179     476     1670    1205    135     54      -93     473     1047    1384    1847    1770    1567    1160    892     745     
264    2007 883     647     1281    444     741     1552    934     483     69      484     773     967     1522    1517    1617    1284    950     567     306     
264    2008 903     506     1305    401     693     1590    936     399     502     311     622     1143    1406    1722    1636    1282    965     561     272     
264    2009 835     390     1324    158     700     1589    951     238     -56     323     743     1035    1451    1688    1624    1394    791     673     55      
264    2010 642     188     1257    -211    626     1555    750     -309    -396    273     591     1014    1392    1654    1614    1258    851     137     -449    
264    2011 -999999 136     -999999 -143    -999999 -999999 -999999 66      -36     230     753     -999999 -999999 -999999 -999999 -999999 -999999 -999999 -999999 
