EUROPEAN CLIMATE ASSESSMENT & DATASET (ECA&D), file created on: 10-05-2011
THESE DATA CAN BE USED FREELY PROVIDED THAT THE FOLLOWING SOURCE IS ACKNOWLEDGED: 

Klein Tank, A.M.G. and Coauthors, 2002. Daily dataset of 20th-century surface
air temperature and precipitation series for the European Climate Assessment.
Int. J. of Climatol., 22, 1441-1453.
Data and metadata available at http://eca.knmi.nl

FILE FORMAT (MISSING VALUE CODE = -999999):

THIS FILE HOLDS DATA FOR STATION FINLAND                                  MIETOINEN SAARI                          (STAID:    705)
LATITUDE: dd:mm:ss +60:37:48
LONGITUDE: ddd:mm:ss +021:52:12
ELEVATION: m   13

DATA IS FOR INDEX Mean of daily mean temperature (TG) with unit 0.01 Temperature (&#176;C)

01-06 SOUID: Source identifier
08-11 YEAR : YYYY
13-20 ANNUAL DATA VALUES
21-28 WINTER HALF YEAR DATA VALUES
29-36 SUMMER HALF YEAR DATA VALUES
37-44 WINTER (DJF) DATA VALUES
45-52 SPRING (MAM) DATA VALUES
53-60 SUMMER (JJA) DATA VALUES
61-68 AUTUMN (SON) DATA VALUES
69-76 JANUARY DATA VALUES
etc. 
157-164 DECEMBER DATA VALUES

705    1959 -999999 -999999 -999999 -999999 -999999 1648    562     -999999 -999999 -999999 -999999 892     1457    1779    1700    979     537     169     -403    
705    1960 467     -291    1202    -675    276     1614    498     -858    -769    -441    254     1014    1552    1749    1540    1082    390     27      24      
705    1961 623     26      1163    -119    478     1515    764     -394    26      85      353     994     1610    1529    1409    1070    957     258     -452    
705    1962 400     -142    1019    -438    149     1300    604     -392    -475    -768    392     832     1163    1430    1302    979     700     130     -538    
705    1963 416     -412    1237    -845    220     1559    638     -918    -1102   -792    250     1204    1366    1668    1636    1273    615     27      -341    
705    1964 473     -202    1099    -472    237     1458    598     -250    -848    -449    270     892     1358    1547    1465    1044    704     43      -159    
705    1965 423     -113    1100    -359    230     1416    510     -291    -656    -368    425     638     1431    1414    1404    1282    635     -393    -509    
705    1966 360     -519    1115    -1025   199     1602    564     -1214   -1387   -328    19      902     1609    1753    1444    936     533     223     -290    
705    1967 482     -159    1148    -604    432     1486    807     -1060   -446    70      321     901     1293    1586    1574    1195    837     389     -926    
705    1968 414     -289    1148    -941    321     1553    439     -1283   -592    -154    425     695     1543    1518    1596    1097    289     -64     -126    
705    1969 383     -369    1172    -586    168     1606    531     -742    -923    -690    339     860     1486    1631    1699    993     617     -21     -735    
705    1970 390     -434    1138    -1001   289     1563    479     -971    -1330   -237    136     962     1585    1602    1503    1019    496     -78     -141    
705    1971 492     -139    1118    -258    252     1505    452     -188    -465    -485    253     989     1332    1658    1519    932     536     -116    -134    
705    1972 583     -157    1224    -375    320     1698    556     -633    -356    -248    254     953     1577    1889    1622    1021    528     119     231     
705    1973 500     92      1160    -45     424     1637    272     -78     -315    28      293     946     1558    1895    1456    787     295     -267    -657    
705    1974 620     -149    1132    -283    339     1481    659     -151    -15     -86     329     775     1423    1528    1491    1235    503     245     121     
705    1975 654     109     1234    -39     494     1537    682     -53     -199    11      387     1081    1283    1724    1597    1311    541     199     -95     
705    1976 358     -217    1060    -513    241     1427    395     -924    -522    -506    208     1020    1240    1532    1502    828     271     91      -473    
705    1977 436     -267    1035    -599    275     1424    557     -509    -837    -189    134     875     1398    1425    1449    905     579     185     -280    
705    1978 347     -205    1054    -574    282     1422    548     -450    -1035   -298    176     963     1389    1487    1388    897     457     292     -1195   
705    1979 425     -396    1131    -1010   364     1513    546     -880    -949    -133    231     990     1484    1514    1539    1003    437     202     -432    
705    1980 440     -320    1225    -679    258     1625    484     -752    -864    -530    514     797     1663    1700    1514    1154    520     -224    -253    
705    1981 432     -251    1112    -425    240     1461    566     -472    -563    -547    173     1090    1328    1640    1410    1003    631     61      -641    
705    1982 489     -259    1088    -762    370     1453    653     -1031   -598    2       274     832     1112    1596    1638    1049    518     396     4       
705    1983 547     -20     1217    -267    453     1501    575     -99     -754    -242    535     1068    1317    1670    1510    1179    646     -104    -260    
705    1984 553     -181    1189    -405    430     1462    654     -476    -484    -426    446     1269    1390    1520    1473    1014    765     178     -71     
705    1985 298     -359    1096    -986    252     1538    564     -1473   -1459   -183    72      862     1386    1590    1634    1008    757     -81     -665    
705    1986 441     -318    1127    -852    419     1546    622     -783    -1134   -71     271     1052    1601    1654    1385    779     653     433     -654    
705    1987 298     -412    986     -1007   154     1315    589     -1670   -664    -570    276     759     1222    1498    1223    921     763     79      -315    
705    1988 546     -30     1252    -258    339     1685    494     -185    -274    -263    207     1070    1663    1908    1483    1159    566     -246    -568    
705    1989 673     17      1245    -143    601     1548    637     46      117     185     602     1014    1511    1641    1492    1195    601     118     -470    
705    1990 655     67      1196    -182    594     1551    487     -213    173     208     638     936     1424    1619    1606    930     568     -39     -28     
705    1991 593     -36     1144    -262    400     1549    666     -223    -566    18      416     765     1212    1687    1737    1022    626     350     -18     
705    1992 615     156     1211    -71     507     1566    415     -61     -139    164     227     1122    1586    1622    1490    1198    93      -34     86      
705    1993 538     -26     1118    -76     580     1407    332     -121    -207    10      419     1307    1159    1649    1406    736     469     -213    -234    
705    1994 508     -294    1195    -606    371     1566    569     -378    -1270   -231    551     798     1227    1864    1597    1110    562     35      92      
705    1995 580     62      1205    -96     441     1603    610     -297    -80     48      391     882     1673    1583    1556    1131    852     -161    -655    
705    1996 464     -291    1136    -710    296     1528    675     -535    -956    -334    311     912     1324    1468    1784    993     737     293     -487    
705    1997 592     -20     1257    -396    339     1802    507     -367    -327    11      211     791     1619    1898    1882    1116    361     50      -211    
705    1998 523     -83     1145    -218    356     1452    496     -131    -321    -263    395     936     1370    1581    1403    1171    600     -287    -237    
705    1999 600     -196    1289    -478    418     1679    753     -570    -642    -89     534     811     1682    1832    1524    1339    691     229     -213    
705    2000 683     35      1200    -212    522     1510    795     -217    -205    -86     625     1029    1373    1635    1516    1005    887     489     108     
705    2001 554     48      1261    -264    367     1634    698     -170    -779    -312    552     868     1372    1914    1607    1231    835     24      -598    
705    2002 558     -28     1344    -359    567     1756    300     -333    -123    17      566     1117    1591    1834    1840    1094    73      -258    -761    
705    2003 567     -407    1281    -753    429     1714    617     -910    -573    -27     325     988     1399    2069    1664    1212    361     285     -74     
705    2004 599     -73     1264    -344    516     1564    621     -603    -354    -61     569     1043    1323    1652    1709    1267    602     -6      17      
705    2005 619     -66     1290    -159    317     1679    752     -96     -422    -522    506     972     1430    1918    1680    1205    739     327     -363    
705    2006 -999999 -999999 -999999 -466    -999999 1738    800     -379    -675    -521    -999999 1174    1576    1776    1842    1414    751     238     338     
705    2007 642     94      1254    -242    594     1635    622     -257    -848    263     472     1044    1531    1665    1706    1085    713     66      141     
705    2008 677     146     1186    48      496     1536    655     -34     35      -53     573     970     1434    1686    1485    949     773     192     35      
705    2009 -999999 -999999 -999999 -284    434     1508    633     -408    -500    -194    476     1019    1278    1645    1610    1272    342     295     -486    
705    2010 -999999 -335    1316    -806    434     1717    -999999 -1058   -881    -255    436     1123    1350    2077    1711    1156    417     -215    -999999 
