EUROPEAN CLIMATE ASSESSMENT & DATASET (ECA&D), file created on: 10-05-2011
THESE DATA CAN BE USED FREELY PROVIDED THAT THE FOLLOWING SOURCE IS ACKNOWLEDGED: 

Klein Tank, A.M.G. and Coauthors, 2002. Daily dataset of 20th-century surface
air temperature and precipitation series for the European Climate Assessment.
Int. J. of Climatol., 22, 1441-1453.
Data and metadata available at http://eca.knmi.nl

FILE FORMAT (MISSING VALUE CODE = -999999):

THIS FILE HOLDS DATA FOR STATION UNITED KINGDOM                           PAISLEY                                  (STAID:   1636)
LATITUDE: dd:mm:ss +55:51:00
LONGITUDE: ddd:mm:ss -004:25:47
ELEVATION: m   32

DATA IS FOR INDEX Mean of daily mean temperature (TG) with unit 0.01 Temperature (&#176;C)

01-06 SOUID: Source identifier
08-11 YEAR : YYYY
13-20 ANNUAL DATA VALUES
21-28 WINTER HALF YEAR DATA VALUES
29-36 SUMMER HALF YEAR DATA VALUES
37-44 WINTER (DJF) DATA VALUES
45-52 SPRING (MAM) DATA VALUES
53-60 SUMMER (JJA) DATA VALUES
61-68 AUTUMN (SON) DATA VALUES
69-76 JANUARY DATA VALUES
etc. 
157-164 DECEMBER DATA VALUES

1636   1959 999     -999999 1379    -999999 981     1555    1101    103     432     736     909     1295    1422    1595    1644    1398    1196    706     514     
1636   1960 953     614     1371    385     972     1548    968     343     292     618     1003    1297    1614    1514    1518    1272    1015    616     319     
1636   1961 946     631     1289    425     978     1419    1000    309     669     864     910     1157    1349    1426    1479    1408    1045    546     181     
1636   1962 871     507     1206    355     770     1364    940     414     483     373     798     1140    1339    1389    1364    1195    1071    550     318     
1636   1963 841     440     1230    122     821     1430    965     -12     55      628     815     1020    1468    1433    1390    1251    1031    609     355     
1636   1964 911     570     1276    431     862     1416    930     466     474     477     875     1235    1353    1471    1423    1288    874     630     359     
1636   1965 840     495     1208    331     797     1369    854     284     353     461     811     1118    1417    1319    1373    1206    969     382     349     
1636   1966 872     514     1214    336     791     1427    902     292     369     706     573     1087    1429    1472    1382    1334    878     494     413     
1636   1967 921     569     1238    462     807     1443    941     447     533     640     808     973     1405    1437    1486    1311    933     579     480     
1636   1968 895     539     1248    365     791     1481    987     436     165     617     816     939     1469    1460    1513    1284    1123    551     337     
1636   1969 886     496     1285    328     697     1533    976     477     152     304     745     1043    1410    1565    1619    1312    1232    375     333     
1636   1970 899     502     1273    299     782     1497    955     315     243     486     674     1184    1563    1365    1565    1276    958     632     479     
1636   1971 982     613     1278    495     855     1430    1044    461     550     590     830     1143    1237    1570    1477    1400    1086    643     762     
1636   1972 920     662     1235    546     865     1396    935     423     448     596     905     1096    1179    1560    1442    1217    1036    550     558     
1636   1973 926     623     1274    484     824     1513    921     479     408     686     743     1041    1422    1586    1529    1310    909     545     421     
1636   1974 944     599     1250    527     867     1433    845     603     561     549     912     1142    1399    1417    1482    1136    811     590     694     
1636   1975 977     606     1323    572     798     1618    936     551     461     514     855     1027    1457    1619    1773    1192    1015    597     617     
1636   1976 960     631     1373    561     816     1654    961     550     512     485     862     1103    1525    1755    1678    1305    985     590     154     
1636   1977 922     496     1264    241     819     1515    960     230     349     657     719     1079    1366    1658    1517    1229    1146    498     561     
1636   1978 919     557     1263    348     855     1437    1096    276     192     629     677     1252    1401    1444    1464    1327    1163    797     347     
1636   1979 823     485     1199    180     682     1432    956     34      157     389     725     934     1417    1469    1410    1235    1044    587     437     
1636   1980 910     537     1294    379     874     1410    933     216     490     448     955     1221    1340    1420    1466    1353    817     631     552     
1636   1981 882     579     1289    458     883     1459    927     457     355     644     854     1151    1333    1480    1559    1348    701     739     -67     
1636   1982 951     456     1325    228     885     1540    978     242     540     600     934     1123    1435    1684    1498    1268    1007    657     400     
1636   1983 964     594     1288    412     783     1601    972     577     241     652     666     1028    1341    1758    1697    1216    955     746     624     
1636   1984 975     591     1370    430     879     1626    986     228     439     549     911     1178    1455    1716    1703    1243    1003    712     541     
1636   1985 854     534     1228    331     815     1380    883     133     319     484     831     1132    1277    1490    1370    1257    1033    353     530     
1636   1986 850     474     1169    297     738     1398    964     275     64      545     604     1059    1410    1464    1322    1144    1007    740     501     
1636   1987 870     540     1253    344     813     1422    895     161     374     451     936     1057    1249    1556    1456    1254    801     634     485     
1636   1988 945     564     1267    461     839     1463    919     414     486     561     820     1134    1523    1411    1458    1250    934     573     755     
1636   1989 949     687     1279    669     832     1509    956     715     524     600     691     1199    1371    1681    1472    1244    1066    554     234     
1636   1990 976     637     1291    470     945     1493    923     586     603     775     801     1253    1356    1573    1547    1198    1021    546     417     
1636   1991 936     548     1316    328     919     1512    945     293     269     717     832     1205    1221    1694    1613    1313    929     594     501     
1636   1992 917     616     1285    492     922     1479    815     427     553     690     802     1269    1547    1492    1401    1187    665     599     363     
1636   1993 -999999 552     -999999 479     835     -999999 785     475     611     607     849     1049    -999999 -999999 1354    1189    743     425     349     
1636   1994 928     473     1234    351     818     1455    1013    413     284     604     787     1062    1295    1605    1460    1184    921     938     542     
1636   1995 979     627     1386    471     847     1648    1074    369     504     488     922     1133    1481    1670    1786    1310    1176    732     148     
1636   1996 926     572     1294    339     766     1524    997     528     341     495     856     951     1410    1525    1635    1381    1103    504     357     
1636   1997 1023    617     1364    431     960     1601    1015    366     586     779     971     1128    1413    1632    1752    1276    945     827     573     
1636   1998 984     733     1272    624     908     1426    966     502     816     745     753     1220    1330    1473    1471    1374    898     628     590     
1636   1999 993     630     1353    521     950     1494    1075    480     490     681     947     1221    1328    1628    1520    1464    1034    727     366     
1636   2000 1003    668     1334    488     932     1526    1004    545     560     770     782     1240    1377    1588    1609    1393    977     642     521     
1636   2001 -999999 -999999 -999999 -999999 851     1482    -999999 291     417     472     786     1319    1330    1562    1544    1306    1261    -999999 316     
1636   2002 -999999 -999999 -999999 -999999 945     1503    990     558     -999999 703     944     1179    1399    1489    1621    1357    821     771     455     
1636   2003 -999999 -999999 -999999 -999999 968     1625    -999999 384     406     734     1038    1143    1513    1692    1671    1343    828     819     -999999 
1636   2004 -999999 -999999 -999999 -999999 979     1549    1038    477     -999999 668     993     1266    1438    1538    1664    1348    932     821     620     
1636   2005 1032    -999999 1351    589     923     1566    1068    625     518     763     906     1099    1524    1617    1555    1394    1169    638     538     
1636   2006 1052    645     1408    512     840     1640    1163    490     509     513     832     1175    1530    1818    1569    1512    1171    804     664     
1636   2007 1045    779     1348    654     1009    1500    1062    685     608     728     1134    1169    1481    1515    1503    1282    1105    797     509     
1636   2008 948     686     1313    544     913     1487    890     545     582     577     848     1311    1356    1590    1512    1249    834     590     365     
1636   2009 -999999 564     -999999 419     954     -999999 -999999 413     485     688     999     1176    1516    -999999 -999999 -999999 -999999 -999999 -999999 
1636   2010 -999999 -999999 -999999 -999999 -999999 -999999 925     -999999 -999999 -999999 -999999 -999999 -999999 -999999 1448    1326    961     456     -111    
1636   2011 -999999 -999999 -999999 234     -999999 -999999 -999999 328     514     571     1068    -999999 -999999 -999999 -999999 -999999 -999999 -999999 -999999 
