EUROPEAN CLIMATE ASSESSMENT & DATASET (ECA&D), file created on: 10-05-2011
THESE DATA CAN BE USED FREELY PROVIDED THAT THE FOLLOWING SOURCE IS ACKNOWLEDGED: 

Klein Tank, A.M.G. and Coauthors, 2002. Daily dataset of 20th-century surface
air temperature and precipitation series for the European Climate Assessment.
Int. J. of Climatol., 22, 1441-1453.
Data and metadata available at http://eca.knmi.nl

FILE FORMAT (MISSING VALUE CODE = -999999):

THIS FILE HOLDS DATA FOR STATION ROMANIA                                  BUCURESTI-BANEASA                        (STAID:    219)
LATITUDE: dd:mm:ss +44:31:00
LONGITUDE: ddd:mm:ss +026:04:59
ELEVATION: m   90

DATA IS FOR INDEX Mean of daily mean temperature (TG) with unit 0.01 Temperature (&#176;C)

01-06 SOUID: Source identifier
08-11 YEAR : YYYY
13-20 ANNUAL DATA VALUES
21-28 WINTER HALF YEAR DATA VALUES
29-36 SUMMER HALF YEAR DATA VALUES
37-44 WINTER (DJF) DATA VALUES
45-52 SPRING (MAM) DATA VALUES
53-60 SUMMER (JJA) DATA VALUES
61-68 AUTUMN (SON) DATA VALUES
69-76 JANUARY DATA VALUES
etc. 
157-164 DECEMBER DATA VALUES

219    1929 -999999 -999999 1838    -999999 768     2271    -999999 -603    -1107   -38     609     1727    2071    2182    2555    1853    1587    -999999 -999999 
219    1930 1154    -999999 1840    -999999 1169    2132    1298    -110    1       778     1171    1557    1945    2229    2216    1904    1261    730     88      
219    1931 1018    386     1834    -27     1011    2255    1015    -31     -151    380     925     1726    2143    2387    2231    1566    1081    396     -515    
219    1932 1040    -43     1899    -520    877     2164    1432    -346    -712    -195    1107    1726    1963    2313    2208    2059    1736    492     60      
219    1933 902     324     1652    -254    918     1997    1162    -646    -169    426     851     1476    1822    2090    2073    1579    1216    690     -650    
219    1934 1139    164     1901    -568    1304    2144    1353    -570    -475    726     1361    1826    2044    2227    2158    1775    1390    891     205     
219    1935 1075    397     1800    -112    1012    2111    1272    -420    -122    400     1125    1513    2069    2124    2137    1818    1597    389     184     
219    1936 1208    594     1870    223     1228    2210    1168    392     84      879     1244    1561    1962    2500    2161    1769    1056    683     158     
219    1937 1170    384     1918    -139    1221    2244    1287    -478    -94     939     934     1780    2142    2409    2179    2043    1170    654     277     
219    1938 1156    443     1879    7       1117    2287    1318    -440    205     776     995     1575    2092    2453    2309    1830    1386    737     -105    
219    1939 1109    434     1837    34      1074    2153    1108    -29     256     353     1223    1651    2043    2279    2134    1672    1147    503     25      
219    1940 925     150     1708    -359    873     2045    1262    -717    -386    305     958     1358    1921    2217    1994    1784    1186    818     -360    
219    1941 1024    359     1793    -180    1161    2131    889     -433    299     651     1308    1530    1995    2228    2165    1515    1059    86      -163    
219    1942 955     -53     1889    -511    920     2211    1149    -1039   -311    32      946     1781    2163    2225    2242    1958    1253    234     -103    
219    1943 1075    180     1835    -291    1040    2112    1310    -652    -99     420     1236    1470    1897    2161    2273    1960    1268    704     193     
219    1944 1072    408     1789    -26     1022    2128    1243    -272    4       535     1001    1528    2052    2185    2145    1804    1345    577     -72     
219    1945 1105    335     1947    -204    1212    2257    1179    -410    -124    658     1076    1896    2059    2344    2363    1920    1138    481     -221    
219    1946 1148    252     2045    -240    1186    2397    1173    -488    14      571     1219    1769    2187    2475    2521    2080    889     561     -81     
219    1947 1093    183     1944    -437    1349    2229    1108    -942    -273    912     1421    1716    2122    2392    2170    1830    868     633     182     
219    1948 1105    446     1844    207     1143    2128    1176    370     60      545     1234    1653    1929    2154    2295    1779    1278    469     -545    
219    1949 1113    260     1809    -138    1026    2076    1171    51      105     194     1103    1785    1905    2214    2102    1720    1120    674     318     
219    1950 1177    333     2010    -127    1251    2278    1247    -685    -1      551     1437    1769    2086    2468    2275    2010    1104    632     410     
219    1951 1210    508     1954    162     1272    2257    1195    4       61      798     1264    1754    2106    2310    2349    1926    910     759     212     
219    1952 1177    399     1931    179     984     2262    1308    166     159     183     1258    1520    1995    2295    2486    2018    1345    560     110     
219    1953 1081    384     1880    -41     1026    2268    1116    -129    -111    486     1086    1507    2196    2349    2258    1870    1199    276     -98     
219    1954 994     8       1886    -591    931     2260    1244    -782    -925    298     846     1647    2244    2260    2275    2024    1195    515     200     
219    1955 1069    382     1715    74      902     2039    1230    -70     95      335     742     1625    1933    2169    2011    1790    1409    485     229     
219    1956 977     224     1846    -174    911     2183    1026    -23     -765    -45     1214    1573    1996    2224    2322    1727    1202    144     76      
219    1957 1125    377     1861    90      1061    2249    1192    -208    436     613     1091    1481    2152    2302    2290    1835    1134    609     -263    
219    1958 1182    367     1889    40      1087    2208    1186    -75     503     315     949     1993    2001    2282    2334    1740    1154    665     272     
219    1959 1079    412     1828    -3      1147    2186    1009    -113    -186    630     1217    1595    1918    2389    2241    1585    981     464     131     
219    1960 1215    367     1810    97      1040    2177    1383    84      73      453     1073    1595    2056    2188    2283    1640    1561    942     581     
219    1961 1136    642     1843    160     1241    2145    1189    -290    191     832     1386    1509    2093    2188    2152    1722    1078    771     -50     
219    1962 1105    296     1918    -129    1085    2268    1253    -227    -108    287     1180    1790    2027    2318    2453    1713    1194    854     -291    
219    1963 1044    153     1918    -449    969     2289    1313    -862    -167    184     1001    1724    2125    2332    2405    1896    1162    884     -220    
219    1964 1058    255     1824    -279    1017    2172    1200    -539    -64     304     1227    1525    2249    2209    2060    1663    1296    638     109     
219    1965 1042    345     1803    -102    932     2181    1100    -17     -430    409     818     1566    2121    2354    2068    1872    1069    359     199     
219    1966 1188    420     1868    144     1208    2159    1283    -190    452     633     1345    1651    1912    2305    2253    1721    1522    598     4       
219    1967 1098    366     1852    -199    1146    2154    1255    -471    -122    628     1092    1715    1924    2288    2242    1826    1272    665     33      
219    1968 1134    413     1928    -8      1322    2127    1145    -250    206     545     1425    1999    2153    2193    2035    1750    1073    615     -146    
219    1969 983     114     1784    -337    964     2027    1200    -613    -243    -22     1005    1910    1916    2011    2149    1691    1057    857     13      
219    1970 1095    399     1798    -42     1125    2114    1105    -148    15      577     1296    1506    1989    2269    2081    1628    964     727     176     
219    1971 1063    401     1764    98      1052    2103    969     -15     138     401     1039    1717    2022    2104    2181    1497    929     482     195     
219    1972 1081    319     1849    -21     1208    2168    998     -290    37      549     1382    1699    2151    2252    2099    1496    912     590     73      
219    1973 978     290     1756    -14     1017    2009    972     -292    198     262     1146    1647    1917    2141    1965    1704    984     227     -200    
219    1974 1031    222     1720    -140    977     2065    1072    -394    207     505     876     1547    1936    2096    2159    1685    1192    336     165     
219    1975 1116    417     1869    80      1235    2107    1078    82      -17     699     1219    1788    2082    2174    2064    1876    1085    273     -15     
219    1976 978     223     1671    -116    1006    1918    1057    8       -355    308     1126    1588    1845    2127    1780    1543    955     677     89      
219    1977 1090    449     1765    130     1126    2101    1104    -126    460     645     1086    1645    1944    2235    2118    1539    960     816     -267    
219    1978 1017    322     1719    -169    1086    2036    996     -176    -53     631     1109    1518    1974    2139    1993    1564    1077    343     12      
219    1979 1052    296     1764    -115    1149    2030    1029    -310    -38     662     1033    1749    2164    1957    1974    1693    817     585     270     
219    1980 944     220     1677    -110    893     2025    1046    -514    -84     240     1001    1441    1946    2148    1979    1532    1178    423     13      
219    1981 1055    345     1740    -78     1037    2104    1087    -184    -63     663     952     1493    2186    2106    2024    1666    1215    375     154     
219    1982 1041    295     1780    -84     1021    2059    1084    -218    -200    399     931     1729    2034    2064    2077    1829    1122    302     338     
219    1983 1080    447     1848    184     1274    2070    928     163     37      678     1312    1832    1937    2248    2020    1719    953     112     -133    
219    1984 1030    228     1713    -17     994     1935    1179    123     -42     331     933     1716    1872    2010    1922    1809    1309    414     -75     
219    1985 959     70      1864    -495    1106    2127    980     -640    -799    141     1281    1903    1966    2193    2217    1600    933     410     174     
219    1986 1071    296     1888    3       1178    2161    1036    95      -290    399     1346    1795    2069    2119    2292    1690    999     420     -174    
219    1987 1004    125     1818    -231    810     2198    1156    -445    -56     -1      939     1495    2128    2410    2054    1867    976     631     -5      
219    1988 1065    403     1851    72      1061    2256    863     116     107     581     961     1638    2054    2463    2245    1718    863     7       -17     
219    1989 1144    334     1836    82      1265    2141    1044    -44     331     851     1362    1584    1911    2212    2293    1635    1094    400     40      
219    1990 1143    410     1807    -9      1235    2163    1113    -415    388     950     1108    1642    2032    2276    2176    1587    1081    671     169     
219    1991 997     372     1743    -16     988     2111    1058    59      -303    499     1046    1422    2038    2240    2054    1643    1065    466     -349    
219    1992 1053    263     1794    -190    1063    2202    1083    -200    -9      592     1092    1505    2004    2201    2395    1546    1131    571     -229    
219    1993 991     231     1769    -195    982     2105    914     -152    -205    242     1010    1694    2023    2133    2155    1576    1210    -55     161     
219    1994 1212    424     1969    183     1297    2214    1167    243     141     804     1287    1801    2080    2302    2255    2075    1052    377     54      
219    1995 1050    393     1794    98      1099    2164    897     -195    471     609     1116    1574    2103    2328    2061    1567    977     146     -185    
219    1996 999     54      1817    -268    960     2183    1036    -299    -322    -15     992     1905    2186    2231    2133    1431    1035    641     31      
219    1997 974     314     1695    -79     973     2085    903     -326    72      420     727     1765    2106    2140    2009    1395    824     493     2       
219    1998 1059    322     1884    48      1140    2256    955     -38     194     453     1348    1625    2140    2335    2288    1546    1089    225     -547    
219    1999 1138    243     1879    -173    1125    2257    1075    -18     70      622     1190    1565    2205    2397    2168    1729    1058    439     158     
219    2000 1163    320     1942    -54     1245    2302    1114    -485    180     562     1396    1783    2163    2398    2341    1548    1007    789     251     
219    2001 1072    503     1798    166     1088    2172    1062    61      187     704     995     1563    1857    2318    2332    1695    1178    308     -401    
219    2002 1088    335     1830    -96     1172    2211    1079    -278    442     770     948     1789    2180    2378    2075    1586    993     662     -521    
219    2003 1035    130     1884    -376    1038    2294    1003    -196    -413    219     940     1950    2252    2273    2355    1505    875     634     -79     
219    2004 1027    287     1710    -129    1039    2046    1075    -330    32      586     1068    1462    1947    2178    2011    1578    1107    538     111     
219    2005 1016    323     1737    -12     1011    2026    1018    56      -224    305     1045    1685    1836    2155    2081    1596    1056    400     104     
219    2006 1062    255     1807    -139    1058    2144    1150    -398    -120    457     1127    1594    2025    2255    2149    1672    1151    628     122     
219    2007 1221    543     1989    250     1241    2429    1012    362     268     701     1153    1866    2334    2619    2331    1602    1117    314     -92     
219    2008 1156    339     1882    -67     1209    2272    1101    -303    211     778     1237    1611    2156    2251    2406    1608    1143    551     192     
219    2009 1153    433     1875    109     1134    2210    1178    -51     194     548     1144    1709    2085    2319    2220    1752    1115    670     71      
219    2010 1152    358     1925    -70     1132    2295    1246    -300    29      544     1186    1670    2108    2336    2435    1794    914     1043    11      
219    2011 -999999 365     -999999 -113    -999999 -999999 -999999 -165    -193    547     1030    -999999 -999999 -999999 -999999 -999999 -999999 -999999 -999999 
