EUROPEAN CLIMATE ASSESSMENT & DATASET (ECA&D), file created on: 10-05-2011
THESE DATA CAN BE USED FREELY PROVIDED THAT THE FOLLOWING SOURCE IS ACKNOWLEDGED: 

Klein Tank, A.M.G. and Coauthors, 2002. Daily dataset of 20th-century surface
air temperature and precipitation series for the European Climate Assessment.
Int. J. of Climatol., 22, 1441-1453.
Data and metadata available at http://eca.knmi.nl

FILE FORMAT (MISSING VALUE CODE = -999999):

THIS FILE HOLDS DATA FOR STATION RUSSIAN FEDERATION                       SUHINICI                                 (STAID:   1236)
LATITUDE: dd:mm:ss +54:06:00
LONGITUDE: ddd:mm:ss +035:18:59
ELEVATION: m  238

DATA IS FOR INDEX Mean of daily mean temperature (TG) with unit 0.01 Temperature (&#176;C)

01-06 SOUID: Source identifier
08-11 YEAR : YYYY
13-20 ANNUAL DATA VALUES
21-28 WINTER HALF YEAR DATA VALUES
29-36 SUMMER HALF YEAR DATA VALUES
37-44 WINTER (DJF) DATA VALUES
45-52 SPRING (MAM) DATA VALUES
53-60 SUMMER (JJA) DATA VALUES
61-68 AUTUMN (SON) DATA VALUES
69-76 JANUARY DATA VALUES
etc. 
157-164 DECEMBER DATA VALUES

1236   1995 -999999 -999999 -999999 -999999 -999999 1748    531     -662    -144    37      822     1411    1880    1709    1658    1219    648     -297    -897    
1236   1996 -999999 -999999 -999999 -1031   565     1656    635     -1088   -1125   -592    653     1605    1561    1743    1663    968     571     362     -786    
1236   1997 -999999 -999999 -999999 -704    456     -999999 -999999 -790    -524    -152    409     1150    1732    1763    1713    864     389     -999999 -910    
1236   1998 -999999 -999999 -999999 -999999 561     1733    313     -500    -685    -148    492     1291    1849    1839    1507    1169    540     -836    -825    
1236   1999 -999999 -999999 -999999 -999999 551     1931    -999999 -478    -654    -145    912     909     2032    2143    1632    1133    670     -416    -223    
1236   2000 -999999 -999999 -999999 -448    641     1669    579     -792    -348    -153    1100    1017    1469    1856    1693    1027    707     18      -220    
1236   2001 -999999 -999999 -999999 -999999 653     1866    549     -433    -672    -212    1055    1099    1582    2262    1750    1164    555     -51     -1152   
1236   2002 -999999 -999999 -999999 -589    777     1880    486     -475    -75     263     764     1286    1687    2189    1764    1217    362     -112    -1259   
1236   2003 -999999 -999999 -999999 -1009   560     -999999 -999999 -746    -1026   -325    393     1579    1358    1996    1666    1166    483     138     -335    
1236   2004 -999999 -999999 -999999 -547    -999999 1704    540     -605    -701    106     526     1099    1500    1782    1829    1206    631     -244    -262    
1236   2005 -999999 -999999 -999999 -493    521     -999999 743     -294    -978    -647    699     1529    1523    1888    1729    1375    680     88      -426    
1236   2006 -999999 -999999 1404    -951    463     1763    707     -1111   -1319   -403    595     1200    1761    1762    1765    1331    778     34      48      
1236   2007 -999999 -999999 -999999 -410    804     1818    581     -214    -1104   427     551     1476    1692    1814    1936    1239    705     -201    -235    
1236   2008 -999999 -999999 -999999 -377    763     1740    739     -688    -203    185     964     1147    1527    1847    1836    1136    866     189     -276    
1236   2009 -999999 -999999 -999999 -492    619     1679    750     -636    -567    -63     601     1320    1674    1826    1543    1435    585     230     -640    
1236   2010 -999999 -999999 1732    -951    792     2186    652     -1458   -717    -181    846     1681    1906    2406    2236    1250    396     349     -695    
1236   2011 -999999 -999999 -999999 -864    -999999 -999999 -999999 -764    -1155   -299    633     -999999 -999999 -999999 -999999 -999999 -999999 -999999 -999999 
