EUROPEAN CLIMATE ASSESSMENT & DATASET (ECA&D), file created on: 10-05-2011
THESE DATA CAN BE USED FREELY PROVIDED THAT THE FOLLOWING SOURCE IS ACKNOWLEDGED: 

Klein Tank, A.M.G. and Coauthors, 2002. Daily dataset of 20th-century surface
air temperature and precipitation series for the European Climate Assessment.
Int. J. of Climatol., 22, 1441-1453.
Data and metadata available at http://eca.knmi.nl

FILE FORMAT (MISSING VALUE CODE = -999999):

THIS FILE HOLDS DATA FOR STATION GREENLAND [DENMARK]                      TASIILAQ                                 (STAID:    299)
LATITUDE: dd:mm:ss +65:35:59
LONGITUDE: ddd:mm:ss -037:37:59
ELEVATION: m   50

DATA IS FOR INDEX Mean of daily mean temperature (TG) with unit 0.01 Temperature (&#176;C)

01-06 SOUID: Source identifier
08-11 YEAR : YYYY
13-20 ANNUAL DATA VALUES
21-28 WINTER HALF YEAR DATA VALUES
29-36 SUMMER HALF YEAR DATA VALUES
37-44 WINTER (DJF) DATA VALUES
45-52 SPRING (MAM) DATA VALUES
53-60 SUMMER (JJA) DATA VALUES
61-68 AUTUMN (SON) DATA VALUES
69-76 JANUARY DATA VALUES
etc. 
157-164 DECEMBER DATA VALUES

299    1897 -999999 -999999 -999999 -999999 -999999 -999999 -999999 -999999 -999999 -999999 -999999 -999999 -999999 -999999 -999999 -999999 15      -308    -456    
299    1898 -110    -549    379     -837    -167    620     16      -989    -1090   -508    -109    119     582     726     552     397     125     -476    -714    
299    1899 -277    -708    274     -897    -574    626     -256    -918    -1077   -1215   -723    212     511     607     757     253     -224    -800    -775    
299    1900 -68     -654    412     -787    -169    688     -15     -569    -1042   -556    -51     102     593     782     685     350     -2      -395    -781    
299    1901 -56     -449    342     -614    -219    603     -15     -618    -424    -473    -330    141     507     734     563     424     -178    -286    -747    
299    1902 -196    -820    375     -1207   -320    643     9       -1359   -1547   -853    -263    158     527     642     755     418     -17     -372    -534    
299    1903 -163    -598    364     -794    -340    644     -153    -826    -1045   -827    -416    220     606     667     658     436     -267    -624    -598    
299    1904 -202    -740    386     -861    -313    617     -258    -982    -1013   -972    -308    341     579     646     624     422     -367    -826    -602    
299    1905 -183    -779    343     -967    -230    654     -170    -1179   -1136   -602    -364    271     623     695     644     172     -76     -610    -706    
299    1906 -216    -635    261     -757    -499    597     -136    -649    -932    -862    -663    22      584     637     571     402     -198    -612    -941    
299    1907 -157    -843    406     -1101   -296    695     -196    -954    -1443   -960    -150    225     539     772     770     259     -131    -719    -195    
299    1908 -999999 -599    -999999 -770    -131    -999999 49      -894    -1253   -450    -143    201     483     859     -999999 558     151     -566    -634    
299    1909 -999999 -640    -999999 -773    -295    -999999 -70     -878    -810    -1117   -32     273     638     -999999 698     483     -261    -425    -1153   
299    1910 -999999 -822    -999999 -1096   -486    663     -999999 -1041   -1095   -973    -660    168     548     696     740     -999999 -999999 -999999 -999999 
299    1911 -999999 -999999 -999999 -999999 -999999 -999999 -5      -999999 -999999 -999999 -999999 -999999 -999999 -999999 -999999 284     29      -321    -570    
299    1912 -89     -527    431     -718    -260    721     -47     -550    -1056   -725    -354    296     583     885     689     465     25      -633    -748    
299    1913 -103    -628    449     -779    -156    608     -28     -723    -875    -836    20      353     521     657     642     493     29      -608    -955    
299    1914 -209    -701    247     -889    -553    620     -84     -517    -1227   -977    -592    -90     453     689     713     287     6       -547    -788    
299    1915 -56     -699    429     -919    -348    758     184     -737    -1266   -912    -324    194     580     805     884     428     288     -166    -506    
299    1916 -84     -403    417     -656    -235    716     44      -736    -732    -579    -477    343     703     681     762     490     -11     -346    -1073   
299    1917 -159    -460    372     -639    -215    720     -407    -267    -572    -501    -306    158     547     933     676     206     -520    -902    -1399   
299    1918 -182    -1010   397     -1398   -179    693     -106    -1477   -1309   -476    -467    395     528     888     658     353     -94     -578    -696    
299    1919 -999999 -999999 261     -999999 -441    593     -54     -999999 -999999 -853    -733    253     507     693     577     247     -16     -395    -650    
299    1920 -222    -723    294     -1017   -449    633     7       -1122   -1298   -882    -499    33      545     763     589     318     26      -325    -856    
299    1921 -178    -587    261     -842    -408    592     -138    -1030   -616    -717    -660    146     518     617     637     288     -395    -298    -648    
299    1922 -89     -514    270     -586    -310    551     -102    -433    -688    -630    -345    44      450     647     554     257     13      -580    -406    
299    1923 -67     -476    445     -724    69      699     -264    -1151   -604    -144    59      293     551     836     706     210     -261    -740    -604    
299    1924 -999999 -650    -999999 -671    -436    -999999 -126    -678    -736    -890    -496    76      487     685     -999999 174     -42     -512    -656    
299    1925 -129    -595    354     -779    -286    621     -12     -983    -690    -696    -294    132     610     655     596     411     -111    -335    -872    
299    1926 6       -471    457     -593    -43     676     -138    -602    -273    -612    131     358     555     783     686     216     -181    -448    -556    
299    1927 8       -489    415     -579    -233    721     46      -689    -483    -577    -279    154     535     846     774     444     -125    -174    -367    
299    1928 71      -348    482     -503    -36     739     106     -611    -533    -285    -174    345     530     944     735     508     182     -375    -407    
299    1929 88      -174    427     -288    51      731     -155    -108    -354    -7      21      140     545     931     709     202     -253    -411    -397    
299    1930 -999999 -523    -999999 -565    -151    660     -142    -716    -584    -775    8       319     632     735     613     464     -183    -606    -559    
299    1931 -89     -640    -999999 -756    -258    722     8       -777    -950    -792    -74     135     523     829     809     486     -86     -373    -831    
299    1932 80      -367    -999999 -563    -32     794     -9      -761    -66     -65     -445    401     770     882     728     462     -39     -401    -475    
299    1933 48      -526    487     -729    -146    765     116     -715    -1025   -549    -324    428     623     884     784     507     -98     -55     30      
299    1934 -20     -347    420     -500    -171    697     -55     -723    -839    -437    -191    115     628     770     692     495     -98     -561    -162    
299    1935 -57     -469    413     -591    -120    688     -11     -439    -1234   -396    -418    444     636     760     666     369     -156    -240    -765    
299    1936 -80     -656    493     -904    -215    765     72      -1225   -710    -831    -151    340     625     923     743     458     13      -254    -900    
299    1937 -999999 -499    -999999 -699    -271    -999999 -999999 -455    -746    -665    -246    98      560     -999999 629     331     -999999 -999999 -999999 
299    1938 -999999 -999999 -999999 -999999 -999999 -999999 -999999 -999999 -999999 -999999 -999999 -999999 -999999 -999999 -999999 -999999 -10     -634    -258    
299    1939 77      -448    555     -604    28      765     226     -839    -727    -254    -94     428     598     910     783     692     256     -269    -616    
299    1940 -60     -430    354     -619    -252    611     -38     -640    -599    -714    -272    231     595     658     581     319     58      -492    -461    
299    1941 78      -511    563     -744    34      743     284     -870    -920    -420    33      489     630     815     782     616     265     -28     -517    
299    1942 36      -270    435     -461    -179    741     36      -395    -471    -484    -288    232     624     856     738     430     -174    -140    -525    
299    1943 -109    -528    318     -759    -296    613     -74     -597    -1197   -590    -354    54      460     746     628     365     -160    -395    -326    
299    1944 -82     -446    362     -560    -216    644     -132    -836    -517    -448    -291    110     583     705     643     391     -182    -602    -545    
299    1945 -2      -579    457     -793    -4      660     161     -895    -953    -336    33      294     576     747     655     424     175     -116    -693    
299    1946 -999999 -999999 411     -999999 -999999 640     159     -181    -999999 -999999 -262    313     491     750     674     483     252     -262    -82     
299    1947 -999999 -999999 281     -295    -420    590     -999999 -202    -619    -922    -481    141     535     644     585     263     -234    -528    -713    
299    1948 -999999 -999999 -999999 -648    -241    617     -999999 -811    -405    -512    -242    32      531     625     711     -999999 -134    -279    -729    
299    1949 -999999 -999999 -999999 -853    -509    607     -999999 -1022   -803    -800    -839    103     593     673     558     272     -31     -280    -694    
299    1950 -999999 -999999 -999999 -565    -175    763     42      -325    -688    -530    -258    234     607     896     800     334     21      -208    -494    
299    1951 -999999 -999999 -999999 -599    -358    730     39      -626    -679    -937    -464    317     600     725     860     541     -41     -345    -735    
299    1952 -4      -549    400     -729    -266    646     178     -695    -757    -725    -247    189     534     736     662     511     203     -181    -306    
299    1953 -999999 -999999 -999999 -488    -308    714     16      -597    -562    -584    -520    206     551     829     751     470     -59     -362    -464    
299    1954 37      -424    466     -519    -66     722     50      -475    -628    -575    68      313     570     795     796     235     58      -145    -616    
299    1955 -999999 -501    -999999 -789    -82     -999999 55      -836    -927    -568    83      245     641     620     -999999 440     37      -311    -882    
299    1956 -15     -492    364     -825    -75     606     -12     -1150   -416    -220    -200    192     520     641     655     362     -68     -329    -175    
299    1957 -36     -426    462     -481    -184    727     7       -427    -881    -720    -71     243     590     761     824     408     -109    -274    -836    
299    1958 -76     -584    364     -869    -241    612     131     -921    -847    -529    -243    49      500     656     675     536     145     -291    -696    
299    1959 -109    -540    286     -882    -285    579     53      -1128   -813    -475    -555    166     546     638     553     351     261     -459    -455    
299    1960 -8      -436    369     -670    -173    615     196     -573    -1004   -425    -310    210     494     714     633     460     126     4       -471    
299    1961 -99     -413    345     -561    -416    658     0       -427    -809    -925    -580    253     590     738     643     405     123     -531    -730    
299    1962 -102    -559    368     -743    -234    579     -51     -720    -784    -732    -184    217     522     684     529     427     -59     -519    -650    
299    1963 -178    -559    255     -794    -309    585     -182    -897    -837    -417    -428    -86     404     753     592     280     -54     -776    -728    
299    1964 -64     -469    301     -520    -220    582     -100    -440    -384    -438    -262    38      387     644     708     275     62      -642    -735    
299    1965 -135    -584    312     -717    -314    596     -68     -985    -400    -786    -306    151     339     728     714     222     40      -470    -876    
299    1966 -215    -713    301     -965    -453    621     -98     -1089   -926    -970    -375    -11     431     710     715     321     13      -631    -816    
299    1967 -221    -600    238     -650    -492    502     -189    -526    -601    -1037   -515    74      433     590     481     354     -243    -676    -1003   
299    1968 -213    -839    298     -1015   -508    593     -25     -975    -1070   -1075   -534    85      545     647     586     444     -255    -257    -718    
299    1969 -288    -788    226     -947    -629    549     -169    -1129   -999    -1371   -609    94      413     572     658     208     -306    -406    -626    
299    1970 -152    -568    235     -596    -437    483     -41     -491    -680    -907    -515    107     374     523     546     356     16      -497    -696    
299    1971 -297    -737    277     -991    -522    633     -218    -1213   -1070   -985    -616    31      381     787     721     336     -286    -701    -1004   
299    1972 -127    -624    287     -671    -326    505     -143    -237    -779    -748    -411    178     427     568     518     431     -185    -674    -639    
299    1973 -234    -660    267     -772    -377    521     -220    -526    -1193   -794    -348    13      370     625     564     368     -159    -870    -932    
299    1974 -81     -646    367     -803    -151    634     34      -638    -843    -458    -202    204     496     673     729     286     84      -269    -1089   
299    1975 -178    -628    297     -889    -393    577     -75     -1134   -396    -932    -344    97      317     715     692     285     -9      -503    -935    
299    1976 -110    -639    278     -928    -366    572     138     -1120   -715    -551    -521    -32     456     694     563     493     217     -300    -521    
299    1977 -112    -475    343     -695    -310    635     -76     -992    -560    -698    -453    217     424     722     753     372     -102    -498    -567    
299    1978 -111    -660    397     -828    -281    647     -112    -844    -1100   -889    -105    156     356     814     763     379     -58     -658    -233    
299    1979 -158    -543    211     -612    -425    531     -88     -847    -770    -716    -352    -206    391     567     630     225     -47     -442    -378    
299    1980 -93     -415    303     -477    -279    555     -10     -428    -634    -573    -425    155     418     606     636     411     -122    -315    -867    
299    1981 -262    -733    276     -945    -507    538     -136    -955    -1020   -1133   -326    -56     331     619     658     416     -204    -618    -906    
299    1982 -209    -674    157     -860    -416    496     -172    -1132   -507    -659    -419    -170    410     516     559     32      54      -608    -600    
299    1983 -329    -739    153     -896    -575    377     -164    -1179   -912    -1198   -554    29      299     441     387     303     -304    -486    -799    
299    1984 -173    -690    234     -855    -403    502     -45     -873    -894    -791    -454    36      310     619     572     303     -17     -422    -500    
299    1985 -87     -464    320     -575    -236    572     8       -511    -729    -628    -310    226     497     585     631     276     15      -267    -876    
299    1986 -92     -441    306     -587    -286    514     -55     -443    -428    -638    -205    -10     354     599     585     505     -119    -548    -774    
299    1987 -81     -505    259     -578    -322    487     6       -151    -834    -638    -353    25      316     562     576     416     -226    -165    -560    
299    1988 -217    -642    220     -800    -580    560     7       -1061   -778    -1056   -803    113     351     700     623     310     -38     -248    -738    
299    1989 -208    -636    196     -876    -474    498     -36     -784    -1129   -912    -453    -57     388     560     543     180     -49     -238    -615    
299    1990 -176    -593    219     -667    -680    621     13      -587    -813    -1266   -774    -4      492     670     696     212     -57     -115    -605    
299    1991 -67     -387    299     -551    -314    619     -63     -557    -484    -502    -571    121     337     745     766     373     -75     -487    -515    
299    1992 -198    -574    170     -712    -473    469     12      -751    -881    -750    -592    -82     349     480     574     278     99      -344    -785    
299    1993 -196    -661    268     -943    -412    493     36      -1023   -1028   -913    -278    -40     302     584     585     444     23      -358    -702    
299    1994 -128    -540    358     -747    -258    603     -81     -965    -555    -678    -223    129     332     774     696     423     -326    -333    -833    
299    1995 -158    -690    305     -911    -365    590     -21     -1076   -815    -760    -423    85      451     700     619     394     -168    -283    -631    
299    1996 -21     -399    332     -559    -162    563     25      -544    -497    -272    -197    -18     460     602     623     517     51      -494    -497    
299    1997 -101    -558    317     -686    -394    603     21      -772    -799    -858    -272    -47     466     605     734     403     -14     -326    -383    
299    1998 -94     -519    327     -621    -307    556     -10     -619    -886    -914    -157    154     296     673     690     286     -141    -171    -394    
299    1999 -64     -478    351     -606    -288    590     122     -616    -831    -738    -303    175     452     715     600     451     219     -307    -645    
299    2000 -42     -442    361     -604    -267    576     139     -485    -689    -755    -241    196     496     610     619     475     74      -130    -694    
299    2001 -29     -457    349     -644    -349    614     77      -600    -638    -762    -481    191     501     654     683     529     97      -395    -182    
299    2002 24      -431    380     -526    -276    623     237     -540    -891    -721    -244    137     645     653     571     511     132     72      -95     
299    2003 136     -154    522     -261    -83     807     242     -410    -280    -348    -67     167     571     909     935     603     270     -150    -593    
299    2004 28      -310    442     -587    -24     655     99      -595    -573    -233    -114    272     450     691     818     519     95      -317    -699    
299    2005 59      -313    403     -522    -20     697     -42     -503    -348    -108    -92     139     579     871     636     271     -181    -212    -370    
299    2006 -999999 -433    343     -550    -274    614     -999999 -762    -515    -559    -346    82      493     611     735     474     -999999 -545    -263    
299    2007 19      -999999 419     -454    -210    700     93      -684    -411    -589    -160    121     623     691     783     445     51      -216    -451    
299    2008 -3      -474    477     -716    -121    722     80      -715    -1000   -541    -54     235     591     798     773     509     1       -269    -405    
299    2009 31      -399    456     -518    -138    719     3       -408    -766    -577    -133    297     471     860     818     403     -106    -283    -275    
299    2010 -999999 -292    -999999 -296    -139    822     141     -160    -470    -477    -180    238     687     825     949     610     225     -353    -129    
299    2011 -999999 -999999 -999999 -368    -999999 -999999 -999999 -579    -381    -872    -182    -999999 -999999 -999999 -999999 -999999 -999999 -999999 -999999 
