EUROPEAN CLIMATE ASSESSMENT & DATASET (ECA&D), file created on: 10-05-2011
THESE DATA CAN BE USED FREELY PROVIDED THAT THE FOLLOWING SOURCE IS ACKNOWLEDGED: 

Klein Tank, A.M.G. and Coauthors, 2002. Daily dataset of 20th-century surface
air temperature and precipitation series for the European Climate Assessment.
Int. J. of Climatol., 22, 1441-1453.
Data and metadata available at http://eca.knmi.nl

FILE FORMAT (MISSING VALUE CODE = -999999):

THIS FILE HOLDS DATA FOR STATION UNITED KINGDOM                           HURN                                     (STAID:   1867)
LATITUDE: dd:mm:ss +50:46:44
LONGITUDE: ddd:mm:ss -001:50:02
ELEVATION: m   10

DATA IS FOR INDEX Mean of daily mean temperature (TG) with unit 0.01 Temperature (&#176;C)

01-06 SOUID: Source identifier
08-11 YEAR : YYYY
13-20 ANNUAL DATA VALUES
21-28 WINTER HALF YEAR DATA VALUES
29-36 SUMMER HALF YEAR DATA VALUES
37-44 WINTER (DJF) DATA VALUES
45-52 SPRING (MAM) DATA VALUES
53-60 SUMMER (JJA) DATA VALUES
61-68 AUTUMN (SON) DATA VALUES
69-76 JANUARY DATA VALUES
etc. 
157-164 DECEMBER DATA VALUES

1867   1960 -999999 -999999 -999999 -999999 973     1554    -999999 425     435     710     924     1257    1581    1562    1517    1370    1068    776     416     
1867   1961 -999999 -999999 -999999 -999999 953     1537    1112    456     -999999 751     1044    1077    1423    1571    1609    1534    1133    668     374     
1867   1962 -999999 -999999 -999999 -999999 687     1453    959     485     460     268     804     965     1329    1508    1520    1244    1052    579     222     
1867   1963 -999999 -999999 1294    -999999 835     1496    1132    -298    -6      548     884     1046    1467    1508    1512    1347    1130    905     186     
1867   1964 -999999 -999999 1380    -999999 891     1555    1050    378     473     516     848     1295    1410    1663    1588    1461    890     761     387     
1867   1965 -999999 -999999 1266    -999999 844     1467    996     375     260     556     823     1132    1383    1479    1537    1230    1148    544     543     
1867   1966 -999999 -999999 1337    -999999 882     1535    1028    375     -999999 655     873     1118    1529    1550    1524    1421    1096    534     644     
1867   1967 -999999 -999999 -999999 553     894     1542    1043    456     553     747     806     1106    1429    1619    1575    1420    1157    564     438     
1867   1968 -999999 -999999 -999999 376     817     1528    1163    451     241     636     776     1027    1498    1491    1592    1422    1326    706     351     
1867   1969 -999999 -999999 -999999 -999999 807     1590    1112    610     180     482     793     1123    1431    1687    1648    1436    1264    613     360     
1867   1970 -999999 -999999 -999999 -999999 788     1589    1146    472     401     414     692     1227    1625    1556    1586    1471    1100    856     395     
1867   1971 -999999 -999999 -999999 460     815     1565    1041    547     434     506     795     1142    1283    1730    1642    1398    1182    540     645     
1867   1972 -999999 -999999 -999999 546     886     1437    968     451     546     730     894     1041    1169    1570    1567    1213    1076    606     618     
1867   1973 -999999 -999999 -999999 -999999 811     1607    1040    427     413     552     745     1143    1478    1590    1743    1488    943     680     521     
1867   1974 -999999 -999999 -999999 -999999 850     1504    956     673     557     597     848     1087    1436    1560    1518    1264    792     806     827     
1867   1975 -999999 -999999 -999999 683     802     1678    1006    706     504     533     814     1059    1499    1741    1787    1339    1023    667     411     
1867   1976 -999999 -999999 -999999 -999999 833     1787    1032    558     474     515     802     1203    1714    1897    1743    1343    1105    645     252     
1867   1977 -999999 -999999 -999999 409     870     1483    1081    353     647     757     737     1116    1239    1644    1551    1309    1221    703     682     
1867   1978 -999999 -999999 -999999 -999999 -999999 1470    -999999 401     313     664     636     1126    1372    1511    1523    1381    1167    816     604     
1867   1979 -999999 -999999 -999999 -999999 777     1511    -999999 16      176     535     821     969     1378    1672    1480    1297    1164    607     627     
1867   1980 -999999 -999999 -999999 485     839     1488    1028    196     653     529     891     1109    1392    1454    1618    1511    923     626     543     
1867   1981 -999999 -999999 -999999 463     956     1540    -999999 514     328     869     853     1142    1352    1617    1646    1454    893     698     201     
1867   1982 -999999 -999999 -999999 -999999 857     1623    -999999 391     503     590     823     1157    1572    1686    1608    1443    1042    872     474     
1867   1983 -999999 -999999 -999999 -999999 789     1747    -999999 684     241     607     691     1054    1507    1964    1764    1405    1064    716     606     
1867   1984 -999999 -999999 -999999 503     766     1619    1108    464     430     491     799     1008    1488    1627    1737    1411    1108    824     497     
1867   1985 -999999 -999999 -999999 -999999 826     1510    -999999 28      272     461     864     1152    1347    1645    1521    1424    1087    393     691     
1867   1986 -999999 -999999 -999999 -999999 716     1528    1006    344     -74     509     578     1057    1525    1629    1429    1114    1118    775     598     
1867   1987 -999999 -999999 -999999 -999999 837     1540    1037    70      368     492     927     1098    1355    1645    1605    1413    1040    682     599     
1867   1988 -999999 -999999 -999999 -999999 911     1510    1032    603     472     706     803     1230    1465    1516    1545    1391    1137    540     739     
1867   1989 -999999 -999999 -999999 -999999 943     1672    -999999 596     621     779     652     1358    1490    1851    1681    1489    1211    650     569     
1867   1990 -999999 -999999 -999999 -999999 955     1613    1086    717     817     785     794     1272    1342    1671    1808    1315    1202    741     427     
1867   1991 -999999 -999999 -999999 -999999 897     1541    1074    431     137     778     795     1119    1268    1644    1717    1511    1032    667     489     
1867   1992 -999999 -999999 -999999 -999999 994     1604    1016    328     503     741     864     1363    1528    1674    1605    1421    804     830     380     
1867   1993 -999999 -999999 -999999 -999999 925     1521    880     659     485     591     975     1210    1495    1568    1501    1254    896     461     626     
1867   1994 -999999 -999999 1378    -999999 905     1661    1168    578     404     787     818     1107    1454    1817    1699    1352    1059    1097    641     
1867   1995 -999999 -999999 -999999 -999999 879     1799    1176    534     757     546     888     1181    1531    1879    1983    1394    1337    795     303     
1867   1996 -999999 -999999 -999999 -999999 756     1568    1064    575     274     475     847     931     1364    1673    1640    1358    1218    595     383     
1867   1997 -999999 -999999 -999999 -999999 948     1691    1138    235     680     802     845     1194    1479    1687    1893    1406    1125    883     605     
1867   1998 -999999 -999999 -999999 -999999 1027    1571    -999999 540     626     828     796     1422    1485    1592    1633    1517    1119    627     596     
1867   1999 -999999 -999999 -999999 -999999 994     1625    -999999 606     540     702     948     1330    1391    1799    1679    1584    1073    694     488     
1867   2000 -999999 -999999 -999999 -999999 941     1596    1109    418     648     736     793     1289    1473    1595    1710    1516    1105    704     659     
1867   2001 -999999 -999999 -999999 538     908     1616    -999999 434     531     620     837     1238    1438    1715    1691    1413    1390    660     371     
1867   2002 -999999 -999999 -999999 -999999 988     1563    1176    623     745     769     988     1200    1415    1602    1677    1431    1104    989     704     
1867   2003 -999999 -999999 1457    -999999 970     1733    1083    434     451     784     937     1182    1575    1742    1876    1405    978     855     601     
1867   2004 -999999 -999999 -999999 566     927     1664    -999999 580     508     657     909     1213    1601    1626    1761    1557    1096    786     462     
1867   2005 1068    -999999 1430    524     941     1648    1180    640     459     734     937     1150    1579    1736    1627    1546    1372    615     380     
1867   2006 1131    637     1528    413     916     1764    1310    480     376     572     927     1249    1589    1941    1756    1693    1380    854     695     
1867   2007 1110    860     1448    715     1093    1582    1088    749     699     768     1203    1311    1590    1576    1582    1421    1107    735     551     
1867   2008 1040    717     1406    588     990     1592    1045    689     518     689     858     1419    1467    1653    1653    1367    986     785     374     
1867   2009 -999999 606     -999999 389     973     -999999 -999999 336     465     683     967     1268    1557    -999999 -999999 -999999 -999999 -999999 -999999 
1867   2010 -999999 -999999 -999999 -999999 -999999 -999999 1070    -999999 -999999 -999999 -999999 -999999 -999999 -999999 1623    1411    1134    649     85      
1867   2011 -999999 -999999 -999999 430     -999999 -999999 -999999 496     727     732     1199    -999999 -999999 -999999 -999999 -999999 -999999 -999999 -999999 
