EUROPEAN CLIMATE ASSESSMENT & DATASET (ECA&D), file created on: 10-05-2011
THESE DATA CAN BE USED FREELY PROVIDED THAT THE FOLLOWING SOURCE IS ACKNOWLEDGED: 

Klein Tank, A.M.G. and Coauthors, 2002. Daily dataset of 20th-century surface
air temperature and precipitation series for the European Climate Assessment.
Int. J. of Climatol., 22, 1441-1453.
Data and metadata available at http://eca.knmi.nl

FILE FORMAT (MISSING VALUE CODE = -999999):

THIS FILE HOLDS DATA FOR STATION NORWAY                                   KJOBLI I SNAASA                          (STAID:   1054)
LATITUDE: dd:mm:ss +64:09:36
LONGITUDE: ddd:mm:ss +012:28:12
ELEVATION: m  195

DATA IS FOR INDEX Mean of daily mean temperature (TG) with unit 0.01 Temperature (&#176;C)

01-06 SOUID: Source identifier
08-11 YEAR : YYYY
13-20 ANNUAL DATA VALUES
21-28 WINTER HALF YEAR DATA VALUES
29-36 SUMMER HALF YEAR DATA VALUES
37-44 WINTER (DJF) DATA VALUES
45-52 SPRING (MAM) DATA VALUES
53-60 SUMMER (JJA) DATA VALUES
61-68 AUTUMN (SON) DATA VALUES
69-76 JANUARY DATA VALUES
etc. 
157-164 DECEMBER DATA VALUES

1054   1954 -999999 -999999 966     -999999 361     1246    -999999 -763    -811    -129    151     1055    1040    1483    1209    831     319     -999999 -92     
1054   1955 -999999 -999999 856     -542    -40     1235    404     -720    -868    -487    -19     388     907     1420    1366    1021    241     -44     -895    
1054   1956 247     -372    825     -767    183     1128    225     -551    -866    -154    17      679     997     1346    1037    851     337     -515    -274    
1054   1957 341     -229    840     -325    160     1175    385     -197    -522    -238    134     584     834     1508    1172    787     379     -11     -412    
1054   1958 243     -468    896     -788    -42     1208    633     -907    -1074   -830    162     550     1092    1196    1332    1033    615     253     -586    
1054   1959 434     -109    952     -560    394     1276    492     -1023   -18     128     356     698     1162    1381    1282    818     493     166     -259    
1054   1960 333     -199    1025    -615    384     1345    290     -873    -721    -20     314     856     1246    1487    1299    926     12      -58     -512    
1054   1961 438     -213    920     -412    264     1224    677     -574    -122    -10     123     675     1220    1325    1125    1040    775     211     -555    
1054   1962 248     -201    799     -499    21      1057    401     -465    -474    -709    187     590     851     1169    1145    837     515     -151    -571    
1054   1963 330     -394    1026    -780    301     1285    399     -797    -992    -420    278     1046    1206    1188    1459    958     533     -298    -300    
1054   1964 385     -111    843     -278    357     1072    367     -13     -538    -85     342     814     962     1181    1069    674     524     -102    -257    
1054   1965 265     -189    896     -442    221     1122    386     -651    -416    -253    343     576     1151    1142    1075    1086    480     -411    -975    
1054   1966 182     -603    829     -1127   69      1253    271     -1035   -1398   -350    -88     639     1431    1243    1091    642     372     -205    -277    
1054   1967 333     -207    897     -502    300     1180    539     -982    -219    69      114     711     1008    1275    1251    1002    404     216     -870    
1054   1968 223     -281    852     -719    195     1162    67      -703    -577    -160    220     527     1208    1174    1105    869     130     -800    -346    
1054   1969 293     -484    1008    -549    114     1442    239     -500    -828    -604    212     738     1386    1303    1635    752     446     -489    -623    
1054   1970 274     -505    943     -925    203     1336    313     -1006   -1169   -252    14      839     1418    1298    1293    774     422     -280    -189    
1054   1971 344     -217    885     -285    123     1181    276     -249    -432    -596    130     835     1076    1276    1189    781     324     -277    8       
1054   1972 414     -198    967     -389    313     1367    309     -849    -322    -85     208     814     1410    1499    1194    657     353     -84     148     
1054   1973 354     46      858     -47     292     1243    101     112     -438    136     53      680     1156    1500    1070    666     110     -471    -400    
1054   1974 416     -199    943     -224    300     1200    309     -64     -207    -170    244     824     1232    1155    1213    978     215     -264    -212    
1054   1975 404     -118    813     -197    197     1126    465     -279    -91     -77     34      628     906     1244    1221    826     436     132     -172    
1054   1976 238     -168    801     -395    148     1157    266     -700    -307    -397    48      790     1013    1275    1177    474     371     -51     -855    
1054   1977 265     -383    763     -867    130     1136    392     -830    -920    -54     -94     531     947     1288    1167    713     572     -115    -123    
1054   1978 234     -205    883     -497    180     1270    314     -452    -960    -222    33      725     1233    1413    1163    709     310     -78     -1147   
1054   1979 258     -459    879     -944    212     1229    330     -985    -673    -189    168     656     1257    1208    1222    746     285     -40     -616    
1054   1980 267     -375    1044    -733    223     1447    161     -1015   -556    -307    305     675     1442    1577    1322    930     134     -580    -741    
1054   1981 178     -493    894     -660    180     1093    284     -690    -538    -548    106     981     939     1254    1081    984     375     -509    -1345   
1054   1982 329     -474    856     -919    270     1178    366     -922    -444    1       155     652     907     1362    1257    781     427     -112    -182    
1054   1983 372     -127    918     -300    346     1115    347     -299    -431    -192    332     897     971     1310    1058    922     369     -251    -280    
1054   1984 399     -237    922     -395    321     1130    475     -705    -187    -368    290     1039    1044    1163    1181    796     570     57      -112    
1054   1985 191     -311    877     -770    139     1311    296     -1049   -1188   -216    -34     662     1233    1418    1280    681     583     -385    -798    
1054   1986 254     -441    875     -963    313     1241    379     -1297   -775    -2      -11     942     1385    1286    1055    572     449     113     -738    
1054   1987 235     -450    820     -933    100     1111    480     -1373   -663    -492    223     572     1098    1249    985     783     665     -15     -263    
1054   1988 378     -128    984     -317    125     1365    333     -274    -422    -478    -25     873     1244    1595    1251    942     354     -298    -265    
1054   1989 459     -14     903     -78     348     1192    429     77      -42     78      285     678     1170    1156    1250    867     455     -35     -458    
1054   1990 500     -36     949     -229    344     1287    438     -312    116     31      292     706     1257    1297    1304    820     518     -27     -27     
1054   1991 414     -49     898     -283    302     1263    378     -291    -559    44      357     506     1021    1447    1314    722     360     54      -83     
1054   1992 418     42      930     -88     341     1229    210     -45     -141    95      6       911     1397    1131    1164    957     -184    -130    -166    
1054   1993 357     -161    851     -190    347     1090    262     -167    -241    -82     294     827     807     1325    1129    699     231     -143    -446    
1054   1994 319     -362    913     -703    247     1255    326     -726    -961    -177    322     598     876     1579    1298    783     254     -56     -68     
1054   1995 337     -93     826     -222    177     1140    372     -435    -158    -103    41      588     1079    1219    1121    896     560     -346    -451    
1054   1996 299     -269    894     -554    201     1281    311     -464    -759    -188    175     615     1055    1211    1570    716     524     -314    -605    
1054   1997 426     -175    990     -382    130     1495    322     -170    -370    -135    -14     535     1291    1677    1509    918     196     -144    -251    
1054   1998 364     -135    889     -223    173     1194    350     -266    -145    -199    85      630     1116    1322    1142    1023    387     -362    -402    
1054   1999 382     -239    969     -461    293     1200    639     -533    -448    -102    337     646     1250    1262    1091    1227    410     287     -877    
1054   2000 446     -133    898     -407    266     1103    655     -166    -161    -281    243     836     915     1256    1132    987     748     228     -403    
1054   2001 354     -156    929     -464    110     1244    507     -233    -786    -535    209     659     1097    1363    1268    961     552     8       -404    
1054   2002 475     -83     1182    -315    481     1553    186     -403    -121    -129    494     1080    1499    1516    1641    841     132     -412    -481    
1054   2003 447     -284    1038    -515    393     1414    368     -742    -301    94      296     787     1243    1731    1263    884     201     24      -173    
1054   2004 -999999 -127    -999999 -336    429     1218    392     -547    -287    15      508     766     1014    1278    1368    934     461     -221    -25     
1054   2005 430     -101    918     -171    167     1242    590     -87     -428    -340    279     566     1028    1518    1172    927     600     241     -371    
1054   2006 488     -141    -999999 -332    81      1404    562     -295    -329    -700    274     741     1129    1451    1625    1114    466     108     237     
1054   2007 439     5       963     -231    378     1344    370     -347    -620    130     272     729     1263    1496    1271    727     487     -107    -120    
1054   2008 452     -41     973     -130    285     1293    401     -166    -102    -243    320     778     1222    1490    1164    845     439     -82     -261    
1054   2009 425     -152    1029    -405    396     1326    439     -332    -645    -78     428     841     1094    1475    1402    912     224     189     -479    
1054   2010 130     -422    897     -847    139     1232    156     -1164   -903    -424    262     582     924     1448    1315    833     415     -787    -1017   
1054   2011 -999999 -999999 -999999 -619    -999999 -999999 -999999 -293    -533    -95     489     -999999 -999999 -999999 -999999 -999999 -999999 -999999 -999999 
