EUROPEAN CLIMATE ASSESSMENT & DATASET (ECA&D), file created on: 10-05-2011
THESE DATA CAN BE USED FREELY PROVIDED THAT THE FOLLOWING SOURCE IS ACKNOWLEDGED: 

Klein Tank, A.M.G. and Coauthors, 2002. Daily dataset of 20th-century surface
air temperature and precipitation series for the European Climate Assessment.
Int. J. of Climatol., 22, 1441-1453.
Data and metadata available at http://eca.knmi.nl

FILE FORMAT (MISSING VALUE CODE = -999999):

THIS FILE HOLDS DATA FOR STATION ITALY                                    PAGANELLA                                (STAID:    925)
LATITUDE: dd:mm:ss +46:09:00
LONGITUDE: ddd:mm:ss +011:01:59
ELEVATION: m 2125

DATA IS FOR INDEX Mean of daily mean temperature (TG) with unit 0.01 Temperature (&#176;C)

01-06 SOUID: Source identifier
08-11 YEAR : YYYY
13-20 ANNUAL DATA VALUES
21-28 WINTER HALF YEAR DATA VALUES
29-36 SUMMER HALF YEAR DATA VALUES
37-44 WINTER (DJF) DATA VALUES
45-52 SPRING (MAM) DATA VALUES
53-60 SUMMER (JJA) DATA VALUES
61-68 AUTUMN (SON) DATA VALUES
69-76 JANUARY DATA VALUES
etc. 
157-164 DECEMBER DATA VALUES

925    1951 -999999 -999999 670     -999999 -25     925     272     -513    -591    -509    42      335     756     1012    1003    843     163     -186    -113    
925    1952 -999999 -284    708     -498    162     1055    25      -757    -619    -201    272     409     895     1223    1042    376     137     -475    -555    
925    1953 -999999 -999999 669     -577    165     853     456     -659    -511    -152    87      572     590     999     962     785     414     170     -220    
925    1954 -999999 -999999 574     -999999 -24     791     338     -781    -702    -249    -117    287     801     771     801     874     292     -187    -215    
925    1955 -999999 -999999 653     -429    87      899     274     -402    -707    -259    106     403     727     1056    908     706     255     -153    -140    
925    1956 -999999 -999999 579     -667    -120    827     232     -584    -1301   -533    -240    395     545     1003    923     830     207     -361    -451    
925    1957 -999999 -999999 562     -477    15      886     347     -550    -423    14      -114    133     805     994     855     643     429     -34     -425    
925    1958 201     -999999 690     -450    -118    962     370     -619    -296    -716    -332    673     700     1044    1132    829     338     -56     -384    
925    1959 196     -208    643     -453    65      908     272     -761    -190    -189    15      358     751     1054    914     753     287     -241    -446    
925    1960 129     -304    588     -518    13      880     132     -643    -461    -327    -91     455     873     791     976     511     86      -200    -441    
925    1961 292     -233    754     -413    159     959     441     -525    -256    -62     235     307     903     921     1053    1103    399     -178    -413    
925    1962 96      -343    595     -511    -232    930     272     -490    -642    -758    -116    181     641     925     1213    705     447     -342    -667    
925    1963 143     -466    672     -849    -6      957     399     -977    -909    -387    -4      374     813     1141    912     785     396     17      -517    
925    1964 244     -212    743     -444    85      1013    284     -337    -479    -361    31      582     957     1103    977     791     34      35      -430    
925    1965 76      -395    538     -680    -102    880     225     -619    -1023   -414    -187    293     855     919     865     472     470     -275    -525    
925    1966 142     -316    657     -518    -21     860     241     -785    -214    -557    78      421     910     846     827     857     364     -501    -545    
925    1967 211     -329    626     -539    -28     951     453     -523    -549    -248    -198    357     675     1195    975     728     577     51      -571    
925    1968 148     -999999 570     -609    4       813     363     -829    -436    -350    66      299     696     940     798     609     561     -88     -604    
925    1969 161     -302    650     -637    9       875     443     -473    -855    -397    -150    588     650     1076    897     831     651     -160    -766    
925    1970 135     -367    603     -687    -246    935     436     -505    -801    -655    -240    157     909     921     976     897     370     31      -467    
925    1971 222     -315    692     -510    -70     989     308     -526    -539    -757    115     445     671     1130    1155    595     532     -209    -9      
925    1972 153     -123    520     -318    9       886     128     -581    -368    -118    -106    247     790     951     913     331     183     -132    -277    
925    1973 200     -999999 673     -449    -103    1010    394     -410    -670    -454    -369    506     923     936     1168    852     353     -20     -475    
925    1974 169     -146    607     -349    -2      938     3       -192    -382    -180    -126    295     619     999     1185    646     -328    -300    -254    
925    1975 242     -319    670     -288    -13     909     331     -235    -385    -420    -24     405     650     1045    1025    902     298     -224    -195    
925    1976 165     -215    620     -310    -8      971     166     -400    -339    -442    -49     466     1016    1103    802     397     353     -256    -646    
925    1977 187     -248    532     -522    14      829     280     -522    -385    -45     -216    295     705     945     831     616     424     -204    -261    
925    1978 156     -253    540     -476    -120    825     416     -547    -627    -338    -185    170     649     905     915     765     395     88      -365    
925    1979 156     -255    605     -583    -67     906     330     -843    -535    -286    -247    325     866     948     902     826     326     -161    -291    
925    1980 106     -274    544     -485    -187    864     306     -749    -411    -363    -341    136     610     841     1133    870     228     -176    -523    
925    1981 142     -335    662     -662    153     915     211     -771    -696    -101    152     408     866     866     1010    659     168     -193    -748    
925    1982 223     -999999 723     -554    -77     1034    368     -387    -529    -512    -150    429     919     1174    1006    944     183     -16     -434    
925    1983 299     -181    722     -361    -10     1118    411     -98     -571    -182    -98     246     853     1462    1030    819     425     -13     -354    
925    1984 102     -322    520     -593    -230    902     317     -656    -781    -570    -153    36      710     1054    935     524     358     68      -336    
925    1985 179     -305    678     -587    -93     944     358     -949    -464    -508    -131    361     605     1183    1034    999     495     -424    -107    
925    1986 199     -321    694     -562    50      957     442     -741    -874    -348    -156    647     833     1017    1012    795     520     8       -412    
925    1987 220     -288    674     -503    -188    918     481     -695    -390    -756    47      152     637     1092    1017    1090    347     11      54      
925    1988 308     -67     733     -164    124     1018    359     -268    -284    -273    107     536     723     1166    1144    698     524     -145    -247    
925    1989 334     37      602     -75     126     884     355     2       29      67      -112    414     619     1021    1003    645     469     -53     -134    
925    1990 347     8       712     -135    187     1022    362     -150    -120    20      -101    631     821     1113    1125    661     491     -69     -299    
925    1991 226     -999999 649     -466    -98     1057    345     -398    -747    -108    -216    27      665     1235    1266    919     196     -76     -160    
925    1992 322     -130    776     -222    101     1113    333     -145    -370    -242    -54     593     770     1175    1382    763     133     102     -289    
925    1993 217     -191    699     -314    72      998     131     -230    -435    -433    44      605     887     947     1157    531     209     -351    -386    
925    1994 351     -222    773     -452    183     1171    420     -376    -608    137     -132    533     914     1318    1271    704     328     233     -192    
925    1995 212     -198    668     -409    -17     995     358     -745    -276    -529    46      435     659     1330    985     531     727     -197    -459    
925    1996 147     -241    615     -498    -10     945     134     -312    -740    -494    17      446     957     951     926     377     247     -227    -424    
925    1997 312     -148    716     -305    140     952     427     -226    -262    -9      -105    527     787     957     1105    1010    353     -80     -364    
925    1998 272     -125    738     -238    45      1113    162     -360    38      -321    -57     510     957     1154    1224    631     252     -401    -404    
925    1999 -999999 -999999 -999999 -288    215     1009    389     -119    -355    -98     55      671     821     1134    1071    862     449     -146    -219    
925    2000 292     -156    771     -347    199     1024    294     -466    -357    -191    98      688     1057    837     1179    751     306     -177    -247    
925    2001 -999999 -999999 -999999 -999999 -999999 -999999 309     -526    -385    -107    -130    719     836     1137    1314    391     697     -141    -590    
925    2002 -999999 -999999 -999999 -999999 -999999 -999999 -999999 -999999 -224    -82     9       555     1164    1143    1028    560     324     -18     -270    
925    2003 -999999 -999999 -999999 -999999 -999999 -999999 -999999 -999999 -737    -999999 -103    -999999 1442    1198    1497    767     123     -999999 -337    
925    2004 -999999 -999999 -999999 -999999 -39     1050    -999999 -666    -341    -379    -30     283     937     1082    1133    839     478     -5      -248    
925    2005 -999999 -999999 -999999 -525    -999999 -999999 -999999 -486    -888    -262    -35     -999999 -999999 -999999 -999999 -999999 -999999 -999999 -662    
925    2006 -999999 -999999 -999999 -999999 -999999 -999999 569     -999999 -522    -486    84      524     1046    1364    790     994     584     129     -29     
925    2007 -999999 -999999 -999999 -128    355     1034    236     -110    -255    -159    518     694     950     1143    1007    540     342     -185    -354    
925    2008 290     -999999 719     -239    34      1090    292     -202    -156    -304    -94     510     1023    1108    1137    600     472     -184    -428    
925    2009 -999999 -999999 -999999 -498    206     1140    409     -475    -604    -300    172     742     922     1190    1305    876     330     22      -614    
925    2010 -999999 -999999 -999999 -999999 25      1064    223     -659    -688    -404    91      381     923     1288    977     630     215     -161    -737    
925    2011 -999999 -999999 -999999 -495    -999999 -999999 -999999 -474    -267    -186    306     -999999 -999999 -999999 -999999 -999999 -999999 -999999 -999999 
