EUROPEAN CLIMATE ASSESSMENT & DATASET (ECA&D), file created on: 10-05-2011
THESE DATA CAN BE USED FREELY PROVIDED THAT THE FOLLOWING SOURCE IS ACKNOWLEDGED: 

Klein Tank, A.M.G. and Coauthors, 2002. Daily dataset of 20th-century surface
air temperature and precipitation series for the European Climate Assessment.
Int. J. of Climatol., 22, 1441-1453.
Data and metadata available at http://eca.knmi.nl

FILE FORMAT (MISSING VALUE CODE = -999999):

THIS FILE HOLDS DATA FOR STATION NORWAY                                   KJOEREMSGRENDE                           (STAID:    191)
LATITUDE: dd:mm:ss +62:06:00
LONGITUDE: ddd:mm:ss +009:03:00
ELEVATION: m  626

DATA IS FOR INDEX Mean of daily mean temperature (TG) with unit 0.01 Temperature (&#176;C)

01-06 SOUID: Source identifier
08-11 YEAR : YYYY
13-20 ANNUAL DATA VALUES
21-28 WINTER HALF YEAR DATA VALUES
29-36 SUMMER HALF YEAR DATA VALUES
37-44 WINTER (DJF) DATA VALUES
45-52 SPRING (MAM) DATA VALUES
53-60 SUMMER (JJA) DATA VALUES
61-68 AUTUMN (SON) DATA VALUES
69-76 JANUARY DATA VALUES
etc. 
157-164 DECEMBER DATA VALUES

191    1954 129     -999999 793     -999999 153     1096    129     -1016   -1262   -367    -16     837     1013    1148    1124    624     120     -357    -449    
191    1955 141     -489    819     -719    -108    1281    238     -684    -1057   -560    -93     328     871     1533    1425    820     55      -155    -883    
191    1956 104     -565    733     -982    84      993     176     -986    -1088   -382    -46     676     895     1200    880     776     152     -399    -552    
191    1957 182     -402    732     -589    65      1068    169     -467    -766    -416    99      514     843     1263    1092    562     255     -311    -557    
191    1958 76      -629    770     -939    -188    1104    431     -1102   -1181   -919    -46     404     1004    1161    1145    941     421     -70     -916    
191    1959 286     -357    897     -816    267     1234    315     -951    -555    -84     205     676     1081    1369    1248    784     285     -124    -559    
191    1960 122     -469    856     -897    188     1173    100     -1092   -1050   -298    66      792     1186    1155    1178    740     -60     -376    -816    
191    1961 247     -457    804     -767    219     1084    449     -1104   -341    -34     67      619     1101    1163    988     878     597     -133    -863    
191    1962 82      -390    654     -670    -120    948     161     -579    -557    -810    18      436     804     1119    915     618     356     -498    -875    
191    1963 180     -603    884     -1010   148     1211    226     -920    -1259   -483    186     743     1233    1200    1200    727     307     -358    -514    
191    1964 196     -331    756     -503    163     984     189     -503    -491    -438    203     726     898     1021    1029    641     199     -273    -686    
191    1965 76      -437    758     -668    5       1043    144     -881    -413    -560    114     464     1035    1043    1050    830     362     -766    -1386   
191    1966 29      -823    748     -1408   -36     1206    106     -1541   -1287   -363    -307    554     1331    1200    1090    599     165     -449    -740    
191    1967 171     -477    756     -813    101     1085    311     -1119   -556    -170    -40     509     944     1164    1142    799     177     -39     -798    
191    1968 51      -509    805     -952    53      1175    -34     -1046   -1015   -351    112     400     1139    1188    1196    785     61      -951    -945    
191    1969 82      -805    925     -1052   -7      1348    71      -803    -1447   -813    132     666     1315    1239    1490    687     294     -775    -1119   
191    1970 77      -784    808     -1230   -15     1237    79      -1247   -1334   -578    -220    747     1414    1086    1216    585     228     -581    -498    
191    1971 191     -421    768     -539    57      1068    98      -679    -430    -574    17      725     907     1167    1124    646     162     -517    -309    
191    1972 157     -534    802     -871    169     1180    140     -1363   -948    -259    63      699     1032    1432    1071    490     235     -309    -314    
191    1973 196     -198    740     -400    167     1146    -39     -276    -632    64      -166    593     1104    1332    999     554     -23     -647    -626    
191    1974 229     -406    805     -477    202     1036    86      -356    -446    -352    255     705     1024    1009    1075    748     16      -504    -477    
191    1975 271     -387    804     -474    18      1192    278     -434    -516    -422    -119    592     900     1335    1331    759     224     -147    -319    
191    1976 -999999 -449    -999999 -699    14      -999999 -999999 -1014   -769    -679    -65     785     -999999 -999999 -999999 -999999 -999999 -999999 -999999 
191    1977 -999999 -999999 -999999 -999999 -999999 -999999 -999999 -999999 -999999 -999999 -999999 -999999 -999999 -999999 -999999 -999999 413     -246    -467    
191    1978 82      -414    770     -757    79      1153    169     -709    -1130   -411    -60     703     1148    1191    1121    491     275     -264    -1455   
191    1979 8       -716    729     -1323   51      1076    49      -1539   -937    -385    72      468     1183    1063    985     595     107     -558    -1004   
191    1980 93      -689    885     -1047   98      1216    -30     -1049   -1092   -562    166     692     1210    1328    1109    790     -101    -779    -638    
191    1981 53      -622    783     -767    64      1023    160     -755    -923    -569    -44     801     858     1180    1025    857     72      -448    -1486   
191    1982 198     -625    807     -1103   193     1139    242     -1162   -613    -107    87      595     864     1338    1206    729     252     -256    -613    
191    1983 237     -348    801     -594    130     1109    242     -428    -756    -325    46      665     931     1275    1116    751     225     -250    -484    
191    1984 197     -482    841     -759    160     1107    236     -1159   -626    -599    279     803     995     1160    1164    627     292     -213    -385    
191    1985 41      -473    741     -840    70      1108    61      -1094   -1063   -426    -105    734     1032    1213    1078    470     498     -799    -1138   
191    1986 122     -672    741     -1212   144     1129    247     -1279   -1219   -152    -167    741     1290    1187    916     456     309     -25     -694    
191    1987 70      -564    705     -974    -22     978     217     -1476   -727    -770    220     493     830     1177    922     573     392     -319    -516    
191    1988 230     -356    866     -540    0       1253    202     -495    -614    -599    -180    774     1314    1312    1135    817     76      -284    -521    
191    1989 311     -192    776     -287    190     1066    326     -107    -228    -95     73      589     1035    1205    956     781     259     -60     -710    
191    1990 334     -167    832     -407    300     1159    176     -487    16      0       162     733     1146    1187    1142    603     267     -345    -437    
191    1991 237     -344    798     -650    185     1160    193     -586    -957    -67     159     460     764     1457    1246    674     137     -230    -321    
191    1992 258     -176    815     -285    235     1093    19      -240    -295    -117    -43     857     1235    1091    957     774     -257    -449    -435    
191    1993 140     -367    720     -392    215     937     -15     -421    -312    -326    185     786     814     1103    889     519     86      -654    -1026   
191    1994 165     -687    818     -1069   114     1181    206     -886    -1318   -383    175     552     837     1588    1106    625     112     -116    -423    
191    1995 178     -303    760     -490    18      1123    242     -533    -516    -360    -91     502     1014    1230    1121    768     482     -532    -1000   
191    1996 88      -556    772     -959    55      1146    47      -929    -947    -431    203     398     990     1077    1365    579     345     -793    -851    
191    1997 261     -412    856     -612    28      1362    165     -474    -500    -218    -140    439     1094    1470    1513    734     19      -252    -614    
191    1998 189     -330    759     -447    77      1002    88      -460    -247    -415    9       636     923     1117    965     887     53      -675    -560    
191    1999 261     -442    888     -588    159     1142    461     -646    -557    -287    258     510     1030    1289    1102    1129    200     62      -996    
191    2000 327     -319    821     -626    218     1040    496     -332    -543    -309    181     783     835     1228    1050    828     547     111     -483    
191    2001 174     -349    809     -702    15      1116    343     -609    -1048   -666    49      663     944     1266    1134    780     416     -168    -757    
191    2002 264     -273    1033    -562    345     1346    28      -552    -358    -223    401     858     1161    1305    1567    884     -86     -710    -1114   
191    2003 303     -537    912     -801    242     1293    225     -518    -769    -55     234     546     1170    1522    1183    796     23      -137    -432    
191    2004 280     -340    890     -588    298     1154    249     -929    -389    -170    387     678     966     1180    1309    806     235     -295    -438    
191    2005 318     -268    839     -390    110     1149    427     -201    -546    -391    250     475     915     1438    1087    856     406     19      -547    
191    2006 369     -334    980     -552    -32     1369    476     -524    -587    -785    65      628     1142    1547    1410    1069    359     5       28      
191    2007 274     -128    853     -394    294     1221    197     -448    -801    30      267     584     1254    1250    1160    586     292     -289    -675    
191    2008 291     -297    869     -462    161     1193    275     -439    -259    -406    203     688     1026    1435    1111    732     295     -204    -704    
191    2009 239     -361    924     -699    338     1164    219     -555    -853    -188    456     751     988     1335    1165    831     -27     -140    -961    
191    2010 -999999 -615    -999999 -1130   178     1217    8       -1325   -1103   -168    161     542     989     1397    1249    732     209     -845    -1464   
191    2011 -999999 -999999 -999999 -940    -999999 -999999 -999999 -609    -745    -270    565     -999999 -999999 -999999 -999999 -999999 -999999 -999999 -999999 
