EUROPEAN CLIMATE ASSESSMENT & DATASET (ECA&D), file created on: 10-05-2011
THESE DATA CAN BE USED FREELY PROVIDED THAT THE FOLLOWING SOURCE IS ACKNOWLEDGED: 

Klein Tank, A.M.G. and Coauthors, 2002. Daily dataset of 20th-century surface
air temperature and precipitation series for the European Climate Assessment.
Int. J. of Climatol., 22, 1441-1453.
Data and metadata available at http://eca.knmi.nl

FILE FORMAT (MISSING VALUE CODE = -999999):

THIS FILE HOLDS DATA FOR STATION RUSSIAN FEDERATION                       VLADIMIR                                 (STAID:   1218)
LATITUDE: dd:mm:ss +56:06:00
LONGITUDE: ddd:mm:ss +040:24:00
ELEVATION: m  172

DATA IS FOR INDEX Mean of daily mean temperature (TG) with unit 0.01 Temperature (&#176;C)

01-06 SOUID: Source identifier
08-11 YEAR : YYYY
13-20 ANNUAL DATA VALUES
21-28 WINTER HALF YEAR DATA VALUES
29-36 SUMMER HALF YEAR DATA VALUES
37-44 WINTER (DJF) DATA VALUES
45-52 SPRING (MAM) DATA VALUES
53-60 SUMMER (JJA) DATA VALUES
61-68 AUTUMN (SON) DATA VALUES
69-76 JANUARY DATA VALUES
etc. 
157-164 DECEMBER DATA VALUES

1218   1995 -999999 -999999 -999999 -999999 800     -999999 -999999 -999999 -173    -1      891     1467    1895    1657    1620    1220    636     -475    -1128   
1218   1996 -999999 -999999 -999999 -999999 -999999 -999999 -999999 -1235   -1004   -397    488     1515    1624    -999999 1610    956     466     253     -876    
1218   1997 -999999 -999999 -999999 -999999 -999999 -999999 -999999 -1142   -672    -235    -999999 -999999 1791    1780    1694    895     323     -278    -995    
1218   1998 -999999 -999999 -999999 -999999 -999999 -999999 -999999 -999999 -999999 -203    -999999 1358    1996    1852    1578    1033    497     -942    -740    
1218   1999 -999999 -999999 -999999 -711    -999999 1920    -999999 -678    -716    -229    890     866     1993    2160    1602    1173    715     -713    -352    
1218   2000 -999999 -999999 -999999 -999999 583     1711    491     -817    -406    -206    1020    963     1569    1969    1596    989     700     -200    -454    
1218   2001 -999999 -999999 -999999 -999999 624     1821    536     -603    -826    -296    1022    1142    1594    2202    1656    1275    383     -86     -1219   
1218   2002 -999999 -999999 -999999 -707    -999999 1780    371     -677    -193    173     628     1130    1632    2140    1584    1175    215     -283    -1422   
1218   2003 -999999 -999999 -999999 -999999 473     -999999 -999999 -927    -898    -445    421     1439    1243    2030    1704    1156    530     45      -312    
1218   2004 -999999 -999999 -999999 -999999 499     1735    -999999 -773    -906    58      289     1135    1503    1888    1815    1207    540     -227    -511    
1218   2005 -999999 -999999 -999999 -999999 508     1704    691     -424    -1024   -737    598     1510    1595    1827    1688    1303    618     115     -562    
1218   2006 -999999 -999999 -999999 -1069   424     -999999 -999999 -1208   -1509   -484    493     1208    1861    1706    1735    1294    554     -126    -10     
1218   2007 -999999 -999999 -999999 -999999 786     1831    480     -297    -999999 339     518     1557    1559    1865    2045    1176    616     -281    -398    
1218   2008 -999999 -999999 -999999 -522    663     1719    -999999 -867    -273    92      870     1068    1495    1886    1754    1056    835     212     -313    
1218   2009 -999999 -999999 1382    -528    497     1728    671     -648    -635    -228    350     1342    1726    1836    1619    1404    545     67      -793    
1218   2010 -999999 -999999 -999999 -999999 715     2123    570     -1582   -985    -257    785     1647    1799    2483    2077    1178    357     168     -915    
1218   2011 -999999 -999999 -999999 -1054   -999999 -999999 -999999 -987    -1287   -359    492     -999999 -999999 -999999 -999999 -999999 -999999 -999999 -999999 
