EUROPEAN CLIMATE ASSESSMENT & DATASET (ECA&D), file created on: 10-05-2011
THESE DATA CAN BE USED FREELY PROVIDED THAT THE FOLLOWING SOURCE IS ACKNOWLEDGED: 

Klein Tank, A.M.G. and Coauthors, 2002. Daily dataset of 20th-century surface
air temperature and precipitation series for the European Climate Assessment.
Int. J. of Climatol., 22, 1441-1453.
Data and metadata available at http://eca.knmi.nl

FILE FORMAT (MISSING VALUE CODE = -999999):

THIS FILE HOLDS DATA FOR STATION ROMANIA                                  ROSIORI DE VEDE                          (STAID:    972)
LATITUDE: dd:mm:ss +44:06:00
LONGITUDE: ddd:mm:ss +024:58:59
ELEVATION: m  102

DATA IS FOR INDEX Mean of daily mean temperature (TG) with unit 0.01 Temperature (&#176;C)

01-06 SOUID: Source identifier
08-11 YEAR : YYYY
13-20 ANNUAL DATA VALUES
21-28 WINTER HALF YEAR DATA VALUES
29-36 SUMMER HALF YEAR DATA VALUES
37-44 WINTER (DJF) DATA VALUES
45-52 SPRING (MAM) DATA VALUES
53-60 SUMMER (JJA) DATA VALUES
61-68 AUTUMN (SON) DATA VALUES
69-76 JANUARY DATA VALUES
etc. 
157-164 DECEMBER DATA VALUES

972    1961 -999999 -999999 -999999 -999999 -999999 -999999 -999999 -999999 -39     -999999 -999999 -999999 -999999 -999999 -999999 -999999 -999999 -999999 -999999 
972    1962 -999999 -999999 -999999 -999999 -999999 -999999 -999999 -327    -211    -999999 -999999 -999999 -999999 -999999 -999999 -999999 -999999 -999999 -435    
972    1963 -999999 -999999 -999999 -562    -999999 -999999 -999999 -933    -287    -999999 -999999 -999999 -999999 -999999 -999999 -999999 -999999 -999999 -290    
972    1964 -999999 -999999 -999999 -382    -999999 -999999 -999999 -649    -196    -999999 -999999 -999999 -999999 -999999 -999999 -999999 -999999 -999999 -84     
972    1965 -999999 -999999 -999999 -999999 -999999 -999999 -999999 -153    -537    -999999 -999999 -999999 -999999 -999999 -999999 -999999 -999999 -999999 -999999 
972    1966 -999999 -999999 -999999 -999999 -999999 -999999 -999999 -340    -999999 -999999 -999999 -999999 -999999 -999999 -999999 -999999 -999999 -999999 -999999 
972    1967 -999999 -999999 -999999 -999999 -999999 -999999 -999999 -526    -328    -999999 -999999 -999999 -999999 -999999 -999999 -999999 -999999 -999999 -999999 
972    1968 -999999 -999999 -999999 -999999 -999999 -999999 -999999 -359    -999999 -999999 -999999 -999999 -999999 -999999 -999999 -999999 -999999 -999999 -294    
972    1969 -999999 -999999 -999999 -999999 -999999 -999999 -999999 -752    -278    -131    -999999 -999999 -999999 -999999 -999999 -999999 -999999 -999999 -999999 
972    1970 -999999 -999999 -999999 -999999 -999999 -999999 -999999 -322    -999999 -999999 -999999 -999999 -999999 -999999 -999999 -999999 -999999 -999999 -62     
972    1971 -999999 -999999 -999999 -999999 -999999 -999999 -999999 -251    -999999 -999999 -999999 -999999 -999999 -999999 -999999 -999999 -999999 -999999 -999999 
972    1972 -999999 -999999 -999999 -999999 -999999 -999999 -999999 -999999 -999999 -999999 -999999 -999999 -999999 -999999 -999999 -999999 -999999 -999999 -999999 
972    1973 -999999 -999999 -999999 -999999 -999999 -999999 -999999 -349    -999999 -999999 -999999 -999999 -999999 -999999 -999999 -999999 -999999 -999999 -258    
972    1974 -999999 -999999 -999999 -999999 -999999 -999999 -999999 -331    -999999 -999999 -999999 -999999 -999999 -999999 -999999 -999999 -999999 -999999 -73     
972    1975 -999999 -999999 -999999 -999999 -999999 -999999 -999999 -86     -140    -999999 -999999 -999999 -999999 -999999 -999999 -999999 -999999 -999999 -80     
972    1976 -999999 -999999 -999999 -194    -999999 -999999 -999999 -152    -358    -999999 -999999 -999999 -999999 -999999 -999999 -999999 -999999 -999999 -999999 
972    1977 -999999 -999999 -999999 -999999 -999999 -999999 -999999 -319    -999999 -999999 -999999 -999999 -999999 -999999 -999999 -999999 -999999 -999999 -472    
972    1978 -999999 -999999 -999999 -311    -999999 -999999 -999999 -247    -210    -999999 -999999 -999999 -999999 -999999 -999999 -999999 -999999 -999999 -170    
972    1979 -999999 -999999 -999999 -999999 -999999 -999999 -999999 -373    -999999 -999999 -999999 -999999 -999999 -999999 -999999 -999999 -999999 -999999 -999999 
972    1980 -999999 -999999 -999999 -999999 -999999 -999999 -999999 -595    -102    -999999 -999999 -999999 -999999 -999999 -999999 -999999 -999999 -999999 -999999 
972    1981 -999999 -999999 -999999 -999999 -999999 -999999 -999999 -295    -189    -999999 -999999 -999999 -999999 -999999 -999999 -999999 -999999 -999999 -91     
972    1982 -999999 -999999 -999999 -999999 -999999 -999999 -999999 -390    -239    -999999 -999999 -999999 -999999 -999999 -999999 -999999 -999999 -999999 -999999 
972    1983 -999999 -999999 -999999 -999999 -999999 -999999 -999999 -69     -182    -999999 -999999 -999999 -999999 -999999 -999999 -999999 -999999 -999999 -245    
972    1984 -999999 -999999 -999999 -999999 -999999 -999999 -999999 -51     -999999 -999999 -999999 -999999 -999999 -999999 -999999 -999999 -999999 -999999 -204    
972    1985 -999999 -999999 -999999 -584    -999999 -999999 -999999 -777    -738    -999999 -999999 -999999 -999999 -999999 -999999 -999999 -999999 -999999 -999999 
972    1986 -999999 -999999 -999999 -999999 -999999 -999999 -999999 -81     -376    -999999 -999999 -999999 -999999 -999999 -999999 -999999 -999999 -999999 -308    
972    1987 -999999 -999999 -999999 -999999 -999999 -999999 -999999 -508    -999999 -386    -999999 -999999 -999999 -999999 -999999 -999999 -999999 -999999 -180    
972    1988 -999999 -999999 -999999 -999999 -999999 -999999 -999999 -25     -999999 -999999 -999999 -999999 -999999 -999999 -999999 -999999 -999999 -188    -136    
972    1989 -999999 -999999 -999999 -999999 -999999 -999999 -999999 -127    -999999 -999999 -999999 -999999 -999999 -999999 -999999 -999999 -999999 -999999 -321    
972    1990 -999999 -999999 -999999 -999999 -999999 -999999 -999999 -537    -999999 -999999 -999999 -999999 -999999 -999999 -999999 -999999 -999999 -999999 -999999 
972    1991 -999999 -999999 -999999 -999999 -999999 -999999 -999999 -181    -398    -999999 -999999 -999999 -999999 -999999 -999999 -999999 -999999 -999999 -401    
972    1992 -999999 -999999 -999999 -285    -999999 -999999 -999999 -250    -201    -999999 -999999 -999999 -999999 -999999 -999999 -999999 -999999 -999999 -374    
972    1993 -999999 -999999 -999999 -999999 -999999 -999999 -999999 -418    -309    -999999 -999999 -999999 -999999 -999999 -999999 -999999 -999999 -999999 -137    
972    1994 -999999 -999999 -999999 -999999 -999999 -999999 -999999 -999999 -999999 -999999 -999999 -999999 -999999 -999999 -999999 -999999 -999999 -999999 -150    
972    1995 -999999 -999999 -999999 -999999 -999999 -999999 -999999 -393    -999999 -999999 -999999 -999999 -999999 -999999 -999999 -999999 -999999 -999999 -219    
972    1996 -999999 -999999 -999999 -340    -999999 -999999 -999999 -330    -479    -209    -999999 -999999 -999999 -999999 -999999 -999999 -999999 -999999 -999999 
972    1997 -999999 -999999 -999999 -999999 -999999 -999999 -999999 -390    -999999 -999999 -999999 -999999 -999999 -999999 -999999 -999999 -999999 -999999 -999999 
972    1998 -999999 -999999 -999999 -999999 -999999 -999999 -999999 -284    -999999 -999999 -999999 -999999 -999999 -999999 -999999 -999999 -999999 -999999 -652    
972    1999 -999999 -999999 -999999 -318    -999999 -999999 -999999 -135    -137    -999999 -999999 -999999 -999999 -999999 -999999 -999999 -999999 -999999 -115    
972    2000 -999999 -999999 -999999 -999999 -999999 -999999 -999999 -554    -999999 -999999 -999999 -999999 -999999 -999999 -999999 -999999 -999999 -999999 -999999 
972    2001 -999999 -999999 -999999 -999999 -999999 -999999 -999999 -82     -999999 -999999 -999999 -999999 -999999 -999999 -999999 -999999 -999999 -999999 -435    
972    2002 -999999 -999999 -999999 -999999 -999999 -999999 -999999 -466    -999999 -999999 -999999 -999999 -999999 -999999 -999999 -999999 -999999 -999999 -545    
972    2003 -999999 -999999 -999999 -999999 -999999 -999999 -999999 -262    -443    -999999 -999999 -999999 -999999 -999999 -999999 -999999 -999999 -999999 -200    
972    2004 -999999 -999999 -999999 -999999 -999999 -999999 -999999 -475    -999999 -999999 -999999 -999999 -999999 -999999 -999999 -999999 -999999 -999999 -999999 
972    2005 -999999 -999999 -999999 -999999 -999999 -999999 -999999 -62     -999999 -999999 -999999 -999999 -999999 -999999 -999999 -999999 -999999 -999999 -999999 
972    2006 1134    -999999 1903    -999999 1159    2209    1273    -430    -125    507     1248    1726    2040    2341    2241    1803    1296    718     165     
972    2007 1272    634     2055    335     1316    2491    1042    453     391     761     1236    1948    2375    2721    2373    1647    1158    316     -179    
972    2008 1213    315     1969    -159    1280    2366    1220    -445    168     860     1282    1698    2205    2345    2542    1720    1289    649     207     
972    2009 1215    473     1979    100     1204    2312    1268    -86     189     569     1211    1831    2186    2391    2355    1881    1199    726     71      
972    2010 1188    377     2004    -103    1200    2367    1305    -356    -15     612     1243    1748    2155    2385    2554    1916    961     1051    -58     
972    2011 -999999 359     -999999 -147    -999999 -999999 -999999 -233    -148    554     1120    -999999 -999999 -999999 -999999 -999999 -999999 -999999 -999999 
