EUROPEAN CLIMATE ASSESSMENT & DATASET (ECA&D), file created on: 10-05-2011
THESE DATA CAN BE USED FREELY PROVIDED THAT THE FOLLOWING SOURCE IS ACKNOWLEDGED: 

Klein Tank, A.M.G. and Coauthors, 2002. Daily dataset of 20th-century surface
air temperature and precipitation series for the European Climate Assessment.
Int. J. of Climatol., 22, 1441-1453.
Data and metadata available at http://eca.knmi.nl

FILE FORMAT (MISSING VALUE CODE = -999999):

THIS FILE HOLDS DATA FOR STATION HUNGARY                                  BUDAPEST PESTSZENTLORINC-KULTERULET      (STAID:   2227)
LATITUDE: dd:mm:ss +47:25:45
LONGITUDE: ddd:mm:ss +019:10:55
ELEVATION: m  139

DATA IS FOR INDEX Mean of daily mean temperature (TG) with unit 0.01 Temperature (&#176;C)

01-06 SOUID: Source identifier
08-11 YEAR : YYYY
13-20 ANNUAL DATA VALUES
21-28 WINTER HALF YEAR DATA VALUES
29-36 SUMMER HALF YEAR DATA VALUES
37-44 WINTER (DJF) DATA VALUES
45-52 SPRING (MAM) DATA VALUES
53-60 SUMMER (JJA) DATA VALUES
61-68 AUTUMN (SON) DATA VALUES
69-76 JANUARY DATA VALUES
etc. 
157-164 DECEMBER DATA VALUES

2227   1901 1083    -999999 1812    -999999 1144    2139    1106    -471    -208    584     1165    1683    2104    2237    2075    1591    1256    465     420     
2227   1902 1010    553     1654    347     945     1997    979     338     276     534     1054    1252    1852    2022    2114    1615    1083    236     -309    
2227   1903 1145    386     1711    20      1148    2008    1187    -49     462     899     898     1639    1896    2085    2039    1686    1191    684     258     
2227   1904 1129    503     1825    155     1142    2193    1024    -153    373     662     1190    1575    2005    2401    2168    1588    1155    324     231     
2227   1905 1105    384     1842    25      1101    2217    1054    -315    174     712     949     1637    2040    2366    2238    1801    703     668     228     
2227   1906 1115    412     1763    158     1181    2036    1153    -11     267     611     1222    1712    1910    2164    2029    1523    1105    831     -29     
2227   1907 1071    327     1735    -110    1004    2015    1243    -170    -134    329     846     1831    2008    1992    2044    1664    1590    464     295     
2227   1908 1046    496     1789    116     1156    2078    923     -183    244     545     1025    1894    2155    2175    1905    1559    1086    117     -4      
2227   1909 1091    231     1772    -132    1078    2047    1216    -237    -158    538     1155    1543    1937    2015    2185    1781    1396    465     387     
2227   1910 1114    614     1697    350     1146    2011    945     152     529     745     1089    1601    1990    2034    2010    1436    1015    380     348     
2227   1911 1115    399     1770    136     1069    2092    1150    94      -51     564     1040    1602    1862    2225    2182    1684    1018    753     325     
2227   1912 959     469     1584    83      1063    1979    733     -330    266     781     884     1518    1984    2102    1851    1142    820     235     223     
2227   1913 1020    313     1611    -1      1115    1837    1097    -192    -37     793     1027    1522    1869    1805    1837    1591    1032    669     256     
2227   1914 995     356     1685    -92     1175    1933    916     -411    -124    676     1299    1555    1831    1979    1986    1444    965     338     322     
2227   1915 1049    401     1670    246     1041    1958    869     213     200     346     1083    1695    2034    2013    1830    1344    946     315     501     
2227   1916 1134    536     1669    339     1215    1935    1059    369     136     915     1120    1606    1756    2080    1962    1470    1036    673     437     
2227   1917 1064    369     1829    35      986     2202    1196    44      -422    377     904     1673    2156    2225    2225    1773    1141    675     -108    
2227   1918 1089    441     1749    50      1221    1931    1039    99      170     650     1379    1639    1732    2077    1978    1672    1111    333     166     
2227   1919 1030    443     1644    181     958     1935    1042    246     125     644     1032    1199    1863    1931    2009    1821    971     337     126     
2227   1920 1100    468     1790    221     1362    1948    812     312     227     816     1425    1846    1780    2183    1875    1611    787     39      263     
2227   1921 1127    412     1772    298     1187    2067    995     450     169     728     1076    1752    1802    2234    2157    1584    1134    264     88      
2227   1922 989     308     1715    -95     1110    2075    847     -158    -228    694     958     1672    2039    2122    2063    1414    884     241     69      
2227   1923 1132    375     1725    135     1140    1977    1241    173     168     693     964     1757    1642    2190    2088    1682    1363    675     112     
2227   1924 1005    382     1748    -83     1092    1976    1063    -314    -46     480     963     1830    1969    2069    1888    1749    1118    319     -6      
2227   1925 1074    419     1721    179     1140    1984    1053    22      557     513     1131    1775    1797    2123    2026    1450    1129    577     -235    
2227   1926 1147    423     1707    79      1125    1893    1321    15      498     567     1275    1538    1772    2047    1856    1742    1200    1024    204     
2227   1927 1105    608     1786    180     1140    2139    1116    267     58      853     1069    1498    2070    2219    2126    1717    1031    603     -314    
2227   1928 1105    323     1784    -55     989     2163    1187    -38     205     455     1175    1345    1852    2425    2203    1687    1101    777     57      
2227   1929 1004    180     1761    -353    909     2118    1230    -388    -768    229     758     1735    1874    2188    2284    1695    1278    717     314     
2227   1930 1166    546     1827    162     1188    2121    1230    25      144     763     1237    1565    2179    2162    2025    1789    1131    773     144     
2227   1931 1037    410     1763    114     998     2162    909     31      174     198     897     1896    2168    2309    2008    1269    988     467     -22     
2227   1932 1063    209     1848    -125    984     2094    1250    -123    -238    160     1111    1685    1832    2295    2147    1998    1241    511     94      
2227   1933 1009    426     1691    29      1048    2026    1084    -209    221     680     945     1516    1751    2203    2116    1589    1105    556     -419    
2227   1934 1229    367     1898    -154    1427    2084    1215    -161    148     959     1440    1881    1902    2199    2144    1807    1151    688     513     
2227   1935 1081    448     1770    120     1020    2127    1161    -215    58      461     1110    1491    2172    2192    2019    1624    1367    485     146     
2227   1936 1132    589     1782    266     1249    2073    954     403     249     860     1141    1742    1924    2358    1931    1573    781     514     69      
2227   1937 1131    345     1843    -7      1243    2104    1165    -253    182     767     1070    1887    2078    2158    2075    1768    1167    558     58      
2227   1938 1133    493     1734    88      1108    2148    1184    -31     253     929     892     1495    2160    2209    2075    1552    1262    736     3       
2227   1939 1135    476     1840    161     1110    2142    1085    147     352     354     1423    1562    2060    2229    2134    1619    1003    635     66      
2227   1940 886     132     1663    -374    948     1922    1166    -698    -497    257     1153    1440    1929    2070    1765    1611    1082    809     -315    
2227   1941 993     366     1632    -120    1011    1974    910     -240    229     631     1036    1365    1866    2072    1980    1455    986     285     195     
2227   1942 1005    118     1809    -298    983     2047    1253    -866    -215    294     998     1658    1956    2078    2103    2046    1255    458     228     
2227   1943 1140    437     1833    40      1181    2112    1231    -420    342     752     1268    1527    1804    2160    2360    1859    1332    497     152     
2227   1944 1088    445     1756    183     977     2071    1155    293     98      277     1165    1495    1862    2075    2268    1650    1274    538     29      
2227   1945 1128    396     1871    -50     1241    2153    1100    -349    194     675     1224    1825    2090    2244    2125    1700    1053    548     151     
2227   1946 1168    412     1990    35      1348    2254    1069    -283    260     732     1432    1885    2113    2361    2284    1847    775     594     -25     
2227   1947 1157    210     1999    -262    1283    2236    1248    -575    -179    646     1391    1816    2122    2357    2226    2070    987     694     255     
2227   1948 1144    534     1845    264     1306    2010    1157    416     110     719     1373    1829    1874    2010    2140    1826    1220    424     -256    
2227   1949 1192    378     1844    52      1193    2021    1274    169     264     439     1364    1782    1849    2155    2054    1845    1226    751     350     
2227   1950 1205    520     1951    98      1308    2281    1105    -226    177     816     1234    1871    2174    2417    2247    1740    968     611     366     
2227   1951 1218    545     1874    346     1166    2179    1213    268     411     637     1225    1637    2054    2217    2261    1834    997     814     220     
2227   1952 1128    430     1902    163     1106    2265    1017    116     151     277     1494    1560    2018    2391    2377    1549    1041    460     75      
2227   1953 1145    440     1809    145     1149    2088    1170    131     238     675     1234    1540    2031    2264    1968    1804    1259    445     97      
2227   1954 1035    271     1767    -271    1076    2073    1138    -483    -444    686     921     1616    2142    1969    2111    1826    1085    504     388     
2227   1955 1049    411     1677    137     943     1992    1114    -97     120     441     873     1513    1913    2100    1960    1684    1095    563     356     
2227   1956 973     299     1748    -60     992     2036    982     139     -717    302     1099    1579    1855    2167    2079    1689    1027    228     151     
2227   1957 1117    409     1751    141     1095    2122    1099    -133    433     745     1189    1353    2186    2192    1991    1583    1046    669     123     
2227   1958 1124    386     1807    137     1046    2056    1160    -42     350     178     917     2039    1833    2182    2145    1693    1126    661     349     
2227   1959 1132    515     1767    139     1217    2079    1050    8       50      854     1188    1609    1908    2255    2068    1553    1027    571     415     
2227   1960 1120    438     1727    108     1129    2028    1197    -123    28      688     1136    1562    2028    1970    2085    1564    1230    796     438     
2227   1961 1188    599     1841    202     1286    2074    1304    -109    284     930     1450    1482    2071    2026    2125    1885    1358    666     41      
2227   1962 1054    419     1767    73      1013    2056    1126    81      101     242     1315    1492    1828    2009    2323    1618    1150    609     -178    
2227   1963 1041    177     1887    -349    1098    2191    1245    -531    -336    316     1283    1702    2070    2350    2150    1750    1092    898     -320    
2227   1964 1051    245     1817    -281    1062    2125    1154    -589    91      309     1271    1613    2239    2192    1946    1628    1085    750     75      
2227   1965 1005    410     1668    1       1020    1949    987     70      -157    591     1002    1468    1906    2057    1884    1675    996     291     192     
2227   1966 1161    414     1772    176     1211    1993    1233    -298    684     640     1323    1673    1944    2037    1995    1645    1509    535     226     
2227   1967 1158    527     1849    107     1193    2139    1221    -135    242     760     1130    1686    1934    2337    2140    1847    1278    536     84      
2227   1968 1141    469     1836    104     1247    2089    1172    -118    364     668     1347    1731    2131    2146    1991    1660    1129    729     -95     
2227   1969 1090    342     1816    -93     1166    2029    1249    -209    38      441     1123    1933    1882    2204    1995    1735    1209    804     -139    
2227   1970 1078    385     1742    -71     1026    2068    1168    -121    59      477     1103    1501    2064    2088    2051    1631    1047    831     151     
2227   1971 1146    442     1839    124     1164    2131    1046    -92     335     383     1239    1873    1903    2202    2282    1510    1081    545     429     
2227   1972 1141    554     1777    268     1259    2104    1004    -32     418     874     1284    1620    2079    2242    1991    1429    964     622     180     
2227   1973 1069    440     1768    139     1112    2034    1038    -31     281     614     1014    1704    1898    2079    2122    1769    1016    329     -24     
2227   1974 1111    482     1680    200     1131    1975    993     119     537     913     1047    1430    1688    1981    2247    1666    765     555     341     
2227   1975 1131    483     1787    241     1226    2004    1108    240     131     835     1057    1779    1867    2090    2052    1857    1105    362     120     
2227   1976 1032    317     1693    53      1001    1964    1128    37      -3      263     1183    1561    1868    2216    1805    1508    1196    678     35      
2227   1977 1087    535     1667    136     1151    1993    1092    -15     414     897     933     1617    1963    2025    1990    1456    1234    583     -103    
2227   1978 975     412     1571    -26     1021    1847    970     27      -1      696     1002    1364    1819    1852    1869    1509    1168    227     96      
2227   1979 1094    378     1739    12      1153    2017    1069    -267    226     796     960     1697    2167    1917    1971    1712    957     543     396     
2227   1980 941     373     1585    73      909     1910    987     -357    187     506     872     1349    1827    1907    1994    1545    1088    326     25      
2227   1981 1081    384     1739    -8      1169    2019    1146    -220    192     874     1052    1577    2007    2031    2019    1736    1209    491     -56     
2227   1982 1101    310     1807    -166    1064    2080    1268    -387    -43     619     883     1683    1964    2165    2107    2021    1238    547     333     
2227   1983 1161    559     1875    262     1277    2150    1031    406     22      753     1312    1767    1932    2354    2157    1706    1110    273     54      
2227   1984 1037    360     1662    72      1047    1895    1140    33      135     540     1092    1511    1736    1933    2013    1672    1218    528     6       
2227   1985 982     221     1719    -311    1099    1946    1037    -504    -449    470     1141    1686    1637    2087    2105    1635    1081    394     390     
2227   1986 1057    344     1823    60      1173    2039    1096    27      -270    383     1316    1826    1907    2035    2173    1666    1102    521     -88     
2227   1987 1017    219     1737    -149    871     2011    1205    -409    72      114     1110    1397    1937    2274    1819    1878    1196    542     224     
2227   1988 1075    511     1752    273     1052    2075    889     264     335     496     1052    1606    1868    2273    2077    1611    1043    10      230     
2227   1989 1139    422     1766    184     1258    1993    1115    -53     395     889     1298    1587    1774    2151    2046    1722    1190    429     190     
2227   1990 1156    570     1745    258     1271    2053    1060    28      588     989     1095    1724    1886    2058    2210    1473    1109    596     74      
2227   1991 1047    410     1728    -16     1013    2107    1125    74      -216    770     962     1306    1910    2300    2103    1771    1016    593     -116    
2227   1992 1178    433     1903    119     1156    2284    1095    125     364     617     1196    1657    2043    2212    2591    1692    1003    593     15      
2227   1993 1089    336     1826    -27     1185    2078    1015    25      -130    475     1144    1933    2016    2038    2178    1625    1237    176     256     
2227   1994 1231    525     1903    282     1220    2226    1196    361     223     859     1189    1610    1983    2438    2250    1932    997     667     191     
2227   1995 1104    487     1773    230     1082    2133    1018    -61     596     547     1146    1555    1869    2415    2104    1523    1276    245     -3      
2227   1996 1006    219     1741    -157    1076    2038    1103    -208    -266    241     1225    1768    2033    1971    2111    1316    1189    801     -150    
2227   1997 1069    417     1734    -39     1040    2066    1052    -201    263     595     821     1698    1978    2025    2190    1667    898     598     244     
2227   1998 1117    522     1803    374     1097    2147    1022    287     616     504     1230    1560    2087    2162    2191    1571    1151    340     -317    
2227   1999 1125    328     1856    -102    1217    2089    1137    -55     84      739     1297    1616    1984    2224    2056    1947    1122    344     76      
2227   2000 1245    409     1910    109     1307    2176    1321    -126    397     639     1464    1823    2130    2064    2334    1630    1429    900     236     
2227   2001 1128    643     1804    239     1238    2126    1104    101     396     777     1097    1835    1838    2214    2315    1496    1455    348     -395    
2227   2002 1214    466     1903    41      1301    2229    1155    25      541     825     1162    1910    2117    2387    2178    1640    1046    781     -89     
2227   2003 1161    315     1998    -189    1235    2365    1132    -191    -298    599     1079    2022    2361    2276    2456    1767    891     744     131     
2227   2004 1107    396     1777    60      1090    2088    1183    -173    234     547     1208    1519    1918    2179    2160    1660    1242    644     117     
2227   2005 1097    411     1811    22      1133    2046    1161    89      -156    482     1213    1707    1960    2172    2003    1796    1228    456     129     
2227   2006 1199    355     1898    -28     1148    2175    1389    -197    -14     498     1342    1612    2071    2477    1974    1898    1408    861     380     
2227   2007 1332    807     2003    530     1456    2354    1075    625     591     961     1494    1913    2307    2436    2316    1529    1195    497     61      
2227   2008 1292    553     1904    288     1279    2213    1267    269     551     741     1286    1810    2187    2220    2230    1670    1334    795     394     
2227   2009 1249    557     2004    182     1358    2204    1293    -15     165     638     1641    1802    1942    2338    2324    1960    1156    767     210     
2227   2010 1098    467     1817    50      1179    2171    1087    -167    113     695     1202    1639    2003    2375    2128    1531    901     836     -138    
2227   2011 -999999 395     -999999 -26     -999999 -999999 -999999 25      41      686     1345    -999999 -999999 -999999 -999999 -999999 -999999 -999999 -999999 
