EUROPEAN CLIMATE ASSESSMENT & DATASET (ECA&D), file created on: 10-05-2011
THESE DATA CAN BE USED FREELY PROVIDED THAT THE FOLLOWING SOURCE IS ACKNOWLEDGED: 

Klein Tank, A.M.G. and Coauthors, 2002. Daily dataset of 20th-century surface
air temperature and precipitation series for the European Climate Assessment.
Int. J. of Climatol., 22, 1441-1453.
Data and metadata available at http://eca.knmi.nl

FILE FORMAT (MISSING VALUE CODE = -999999):

THIS FILE HOLDS DATA FOR STATION FINLAND                                  TAIVALKOSKI KK                           (STAID:    731)
LATITUDE: dd:mm:ss +65:34:48
LONGITUDE: ddd:mm:ss +028:15:00
ELEVATION: m  209

DATA IS FOR INDEX Mean of daily mean temperature (TG) with unit 0.01 Temperature (&#176;C)

01-06 SOUID: Source identifier
08-11 YEAR : YYYY
13-20 ANNUAL DATA VALUES
21-28 WINTER HALF YEAR DATA VALUES
29-36 SUMMER HALF YEAR DATA VALUES
37-44 WINTER (DJF) DATA VALUES
45-52 SPRING (MAM) DATA VALUES
53-60 SUMMER (JJA) DATA VALUES
61-68 AUTUMN (SON) DATA VALUES
69-76 JANUARY DATA VALUES
etc. 
157-164 DECEMBER DATA VALUES

731    1959 -999999 -999999 -999999 -999999 -999999 1346    26      -999999 -999999 -999999 -999999 641     1208    1445    1379    507     52      -482    -1292   
731    1960 58      -894    1033    -1446   98      1519    -116    -1513   -1539   -622    41      873     1298    1862    1389    703     -373    -669    -825    
731    1961 158     -669    837     -802    -142    1410    318     -854    -718    -577    -372    516     1416    1607    1207    623     621     -300    -1335   
731    1962 -65     -798    754     -1233   -264    1062    218     -1303   -1043   -1436   102     554     945     1212    1026    671     178     -193    -1524   
731    1963 -31     -1035   935     -1589   -132    1198    211     -1679   -1562   -1453   -8      1069    991     1285    1309    937     172     -475    -1063   
731    1964 53      -718    787     -1037   -164    1239    88      -713    -1355   -909    -246    661     1102    1399    1211    565     366     -676    -839    
731    1965 -62     -735    776     -1100   -220    1204    -30     -1040   -1456   -835    -102    282     1178    1222    1212    855     51      -998    -1211   
731    1966 -196    -1319   768     -1881   -403    1314    72      -2211   -2259   -1368   -423    581     1379    1450    1116    478     -96     -161    -977    
731    1967 40      -714    895     -1268   83      1345    314     -1869   -924    -261    24      483     1088    1419    1521    811     194     -58     -1984   
731    1968 -135    -1013   710     -1875   -174    1207    -202    -2127   -1498   -639    -190    305     1292    1169    1162    502     -457    -644    -602    
731    1969 -103    -1003   751     -1304   -334    1299    93      -1632   -1718   -1026   -248    274     1117    1410    1363    560     138     -421    -1164   
731    1970 -10     -845    866     -1447   -116    1435    -19     -1429   -1778   -493    -332    472     1430    1590    1284    725     44      -827    -937    
731    1971 -145    -899    683     -1139   -439    1231    -210    -1063   -1446   -1213   -476    370     1117    1325    1245    488     -94     -1027   -1066   
731    1972 139     -870    934     -1129   -122    1523    -13     -1201   -1120   -732    -84     450     1438    1767    1361    644     12      -696    -228    
731    1973 -12     -573    866     -714    -35     1425    -301    -916    -1028   -633    -59     586     1368    1774    1132    366     -330    -937    -1536   
731    1974 215     -817    887     -1047   -140    1404    211     -1021   -536    -519    -202    296     1324    1576    1310    968     158     -490    -350    
731    1975 93      -503    817     -784    68      1159    147     -1071   -948    -358    -167    722     1081    1350    1044    852     21      -428    -1047   
731    1976 -139    -931    740     -1379   -180    1168    -221    -1840   -1240   -1056   -172    690     959     1348    1190    394     -409    -644    -929    
731    1977 -34     -873    740     -1167   -115    1189    -14     -1222   -1369   -708    -148    510     1114    1421    1030    490     -96     -432    -1093   
731    1978 -193    -891    713     -1403   -151    1170    -48     -1346   -1810   -641    -342    523     1094    1359    1055    565     -104    -604    -2170   
731    1979 -11     -1089   827     -1782   -78     1317    13      -1661   -1485   -532    -463    750     1270    1406    1273    695     -254    -393    -847    
731    1980 -103    -897    882     -1241   -153    1337    -193    -1427   -1463   -1021   61      509     1516    1369    1132    691     -49     -1226   -1370   
731    1981 -72     -1084   777     -1308   -320    1219    96      -1102   -1468   -1334   -282    656     987     1522    1141    606     222     -545    -1373   
731    1982 10      -888    763     -1530   8       1126    177     -2131   -1037   -469    -68     560     754     1439    1173    693     10      -166    -701    
731    1983 17      -639    922     -994    52      1261    -101    -972    -1342   -714    114     758     1177    1537    1065    861     95      -1267   -1212   
731    1984 115     -881    908     -1084   59      1245    95      -1271   -748    -886    42      1022    1220    1428    1088    623     177     -519    -823    
731    1985 -237    -1068   771     -1855   -191    1305    59      -2628   -2141   -561    -397    378     1201    1385    1325    706     174     -705    -1712   
731    1986 -44     -1006   811     -1751   62      1318    180     -1907   -1621   -316    -214    707     1500    1497    963     391     234     -85     -1770   
731    1987 -185    -1041   722     -1823   -216    1107    106     -2169   -1498   -971    -230    554     1108    1235    977     667     544     -907    -1612   
731    1988 6       -844    926     -1325   -146    1467    -50     -1198   -1155   -758    -331    646     1386    1785    1227    815     57      -1025   -1421   
731    1989 202     -689    976     -992    255     1356    98      -834    -692    -228    227     764     1387    1433    1248    780     -34     -448    -1225   
731    1990 83      -676    810     -1009   7       1249    -158    -1519   -205    -569    89      503     1095    1392    1254    503     12      -994    -582    
731    1991 37      -865    795     -1112   -193    1305    191     -1317   -1470   -904    -32     363     1086    1481    1341    502     182     -110    -787    
731    1992 55      -453    799     -831    -17     1192    -261    -923    -780    -312    -484    729     1300    1263    1016    951     -799    -918    -422    
731    1993 -14     -751    701     -742    -25     1154    -240    -928    -892    -564    -249    731     870     1430    1152    233     -287    -665    -1075   
731    1994 13      -968    861     -1396   -40     1320    -35     -1429   -1715   -697    171     413     1158    1571    1225    609     3       -718    -564    
731    1995 70      -517    837     -698    63      1282    -78     -834    -695    -319    -56     560     1434    1247    1169    653     224     -1120   -1481   
731    1996 22      -909    759     -1295   -180    1269    184     -883    -1538   -702    -169    333     1112    1280    1410    564     220     -234    -1193   
731    1997 13      -732    832     -1243   -246    1425    14      -1346   -1184   -682    -487    422     1289    1641    1340    755     -126    -583    -965    
731    1998 -79     -928    777     -1280   -304    1275    6       -1108   -1819   -1042   -403    530     1152    1560    1111    686     149     -821    -1075   
731    1999 61      -881    913     -1351   -33     1367    250     -1645   -1330   -604    150     359     1547    1540    1018    858     273     -382    -1129   
731    2000 213     -632    920     -1040   69      1349    341     -1027   -958    -582    77      711     1230    1593    1219    662     496     -139    -765    
731    2001 -999999 -999999 -999999 -999999 -999999 -999999 -999999 -999999 -999999 -999999 -999999 -999999 -999999 -999999 -999999 -999999 -999999 -999999 -999999 
731    2002 -999999 -999999 -999999 -999999 -999999 -999999 -999999 -999999 -999999 -999999 -999999 -999999 -999999 -999999 -999999 -999999 -999999 -999999 -999999 
731    2003 -999999 -999999 -999999 -999999 -999999 -999999 -999999 -999999 -999999 -999999 -999999 -999999 -999999 -999999 -999999 -999999 -999999 -999999 -999999 
731    2004 -999999 -999999 -999999 -999999 -999999 -999999 -999999 -999999 -999999 -999999 -999999 -999999 -999999 -999999 -999999 -999999 -999999 -999999 -999999 
731    2005 -999999 -999999 -999999 -999999 -999999 -999999 -999999 -999999 -999999 -999999 -999999 -999999 -999999 -999999 -999999 -999999 -999999 -999999 -999999 
731    2006 -999999 -999999 -999999 -999999 -999999 -999999 -999999 -999999 -999999 -999999 -999999 -999999 -999999 -999999 -999999 -999999 -999999 -999999 -999999 
731    2007 -999999 -999999 -999999 -999999 -999999 -999999 -999999 -999999 -999999 -999999 -999999 -999999 -999999 -999999 -999999 -999999 -999999 -999999 -999999 
731    2008 -999999 -999999 -999999 -999999 -111    1210    199     -999999 -767    -783    -50     502     1163    1380    1085    594     321     -298    -371    
731    2009 110     -999999 942     -864    -22     1345    222     -1168   -1081   -712    -189    830     1162    1475    1395    967     -157    -132    -1135   
731    2010 -6      -919    1032    -1450   78      1401    72      -1697   -1523   -901    197     943     1124    1811    1260    829     237     -856    -1603   
731    2011 -999999 -974    -999999 -1553   -999999 -999999 -999999 -1231   -1856   -615    263     -999999 -999999 -999999 -999999 -999999 -999999 -999999 -999999 
