EUROPEAN CLIMATE ASSESSMENT & DATASET (ECA&D), file created on: 10-05-2011
THESE DATA CAN BE USED FREELY PROVIDED THAT THE FOLLOWING SOURCE IS ACKNOWLEDGED: 

Klein Tank, A.M.G. and Coauthors, 2002. Daily dataset of 20th-century surface
air temperature and precipitation series for the European Climate Assessment.
Int. J. of Climatol., 22, 1441-1453.
Data and metadata available at http://eca.knmi.nl

FILE FORMAT (MISSING VALUE CODE = -999999):

THIS FILE HOLDS DATA FOR STATION RUSSIAN FEDERATION                       UKHTA KALEVALA                           (STAID:   1088)
LATITUDE: dd:mm:ss +65:12:00
LONGITUDE: ddd:mm:ss +031:10:12
ELEVATION: m  118

DATA IS FOR INDEX Mean of daily mean temperature (TG) with unit 0.01 Temperature (&#176;C)

01-06 SOUID: Source identifier
08-11 YEAR : YYYY
13-20 ANNUAL DATA VALUES
21-28 WINTER HALF YEAR DATA VALUES
29-36 SUMMER HALF YEAR DATA VALUES
37-44 WINTER (DJF) DATA VALUES
45-52 SPRING (MAM) DATA VALUES
53-60 SUMMER (JJA) DATA VALUES
61-68 AUTUMN (SON) DATA VALUES
69-76 JANUARY DATA VALUES
etc. 
157-164 DECEMBER DATA VALUES

1088   1995 -999999 -999999 -999999 -999999 -999999 1366    -999999 -727    -701    -322    -49     550     1440    1345    1312    -999999 296     -926    -1428   
1088   1996 -999999 -999999 -999999 -1249   -160    1299    311     -857    -1483   -705    -138    346     1117    1297    1472    637     291     -41     -1009   
1088   1997 -999999 -999999 -999999 -1161   -154    -999999 117     -1353   -1108   -544    -375    426     1294    1570    1367    864     -3      -550    -1027   
1088   1998 -999999 -999999 -999999 -1318   -243    1303    97      -1066   -1911   -946    -415    605     1153    1619    1134    794     262     -777    -977    
1088   1999 -999999 -999999 -999999 -1294   -90     1409    298     -1619   -1322   -680    183     207     1596    1567    1095    937     372     -419    -1067   
1088   2000 -999999 -999999 -999999 -977    -999999 1356    405     -950    -917    -489    103     727     1261    1590    1221    733     571     -102    -670    
1088   2001 -999999 -999999 -999999 -999999 -134    1432    105     -675    -1250   -1042   141     500     1366    1690    1226    887     166     -712    -1258   
1088   2002 -999999 -999999 -999999 -999999 66      1466    -124    -1343   -789    -597    82      735     1380    1725    1314    671     -171    -895    -1621   
1088   2003 -999999 -999999 -999999 -1435   134     1386    275     -1902   -759    -308    -103    806     913     1877    1320    871     165     -241    -854    
1088   2004 -999999 -999999 -999999 -999999 6       1368    -999999 -1193   -1219   -534    -93     601     1162    1646    1294    942     261     -461    -639    
1088   2005 -999999 -999999 -999999 -781    -999999 -999999 -999999 -695    -1033   -963    62      594     -999999 1706    1477    -999999 472     -999999 -788    
1088   2006 -999999 -999999 -999999 -999999 -144    1443    143     -1015   -1650   -1265   130     711     1461    1489    1379    830     150     -458    -292    
1088   2007 -999999 -999999 -999999 -999999 246     1381    264     -981    -1605   -37     110     679     1137    1489    1507    751     433     -403    -230    
1088   2008 -999999 -999999 -999999 -999999 -82     1222    293     -786    -772    -639    -75     434     1139    1423    1113    661     402     -191    -278    
1088   2009 -999999 -999999 -999999 -999999 13      -999999 -999999 -1066   -999999 -658    -179    869     1140    1455    1355    1029    -14     -107    -1115   
1088   2010 -999999 -999999 -999999 -1424   80      1442    -999999 -1710   -1438   -827    242     915     1071    1887    1374    891     314     -670    -1539   
1088   2011 -999999 -999999 -999999 -999999 -999999 -999999 -999999 -1245   -1826   -561    290     -999999 -999999 -999999 -999999 -999999 -999999 -999999 -999999 
