EUROPEAN CLIMATE ASSESSMENT & DATASET (ECA&D), file created on: 10-05-2011
THESE DATA CAN BE USED FREELY PROVIDED THAT THE FOLLOWING SOURCE IS ACKNOWLEDGED: 

Klein Tank, A.M.G. and Coauthors, 2002. Daily dataset of 20th-century surface
air temperature and precipitation series for the European Climate Assessment.
Int. J. of Climatol., 22, 1441-1453.
Data and metadata available at http://eca.knmi.nl

FILE FORMAT (MISSING VALUE CODE = -999999):

THIS FILE HOLDS DATA FOR STATION ITALY                                    MONDOVI                                  (STAID:   1725)
LATITUDE: dd:mm:ss +44:22:59
LONGITUDE: ddd:mm:ss +007:49:00
ELEVATION: m  559

DATA IS FOR INDEX Mean of daily mean temperature (TG) with unit 0.01 Temperature (&#176;C)

01-06 SOUID: Source identifier
08-11 YEAR : YYYY
13-20 ANNUAL DATA VALUES
21-28 WINTER HALF YEAR DATA VALUES
29-36 SUMMER HALF YEAR DATA VALUES
37-44 WINTER (DJF) DATA VALUES
45-52 SPRING (MAM) DATA VALUES
53-60 SUMMER (JJA) DATA VALUES
61-68 AUTUMN (SON) DATA VALUES
69-76 JANUARY DATA VALUES
etc. 
157-164 DECEMBER DATA VALUES

1725   1952 -999999 -999999 -999999 -999999 1187    2169    -999999 206     376     732     1250    1568    2046    2325    2125    1628    1164    617     252     
1725   1953 -999999 -999999 -999999 -999999 -999999 -999999 -999999 -999999 -999999 -999999 -999999 -999999 -999999 -999999 -999999 -999999 -999999 -999999 -999999 
1725   1954 -999999 -999999 -999999 -999999 1089    1967    1307    26      228     755     1008    1498    1923    2023    1953    1903    1313    703     662     
1725   1955 -999999 -999999 -999999 -999999 -999999 -999999 -999999 -999999 -999999 -999999 -999999 -999999 -999999 -999999 -999999 -999999 -999999 -999999 -999999 
1725   1956 -999999 -999999 -999999 -999999 1035    -999999 -999999 315     -271    548     876     1627    1765    -999999 -999999 1776    -999999 -999999 -999999 
1725   1957 -999999 -999999 -999999 -999999 1036    -999999 1279    278     -999999 925     954     1218    1825    -999999 2084    1777    1281    780     -999999 
1725   1958 -999999 -999999 -999999 -999999 1006    2075    1325    247     614     472     786     1717    1854    2154    2208    1880    1336    760     271     
1725   1959 -999999 -999999 -999999 421     1153    2094    1130    308     723     852     1137    1470    1939    2311    2027    1677    1086    627     380     
1725   1960 -999999 -999999 -999999 -999999 -999999 1986    1103    179     -999999 674     1087    -999999 1962    1952    2039    1528    1026    758     315     
1725   1961 -999999 -999999 -999999 367     1282    -999999 1337    43      796     1092    1306    1449    1950    -999999 2157    2094    1321    596     401     
1725   1962 -999999 -999999 -999999 383     -999999 -999999 -999999 346     407     382     1040    -999999 1847    2085    2282    -999999 -999999 -999999 -999999 
1725   1963 -999999 -999999 -999999 -999999 -999999 -999999 -999999 -999999 -999999 -999999 -999999 -999999 -999999 -999999 -999999 -999999 -999999 -999999 -999999 
1725   1964 -999999 -999999 -999999 -999999 -999999 -999999 -999999 -999999 -999999 -999999 -999999 -999999 -999999 -999999 -999999 -999999 -999999 -999999 -999999 
1725   1965 -999999 -999999 -999999 -999999 -999999 -999999 -999999 -999999 -999999 -999999 -999999 -999999 -999999 -999999 -999999 -999999 -999999 -999999 -999999 
1725   1966 -999999 -999999 -999999 -999999 -999999 -999999 -999999 -999999 -999999 -999999 -999999 -999999 -999999 -999999 -999999 -999999 -999999 -999999 -999999 
1725   1967 -999999 -999999 -999999 -999999 -999999 -999999 -999999 -999999 -999999 -999999 -999999 -999999 -999999 -999999 -999999 -999999 -999999 -999999 -999999 
1725   1968 -999999 -999999 -999999 -999999 -999999 -999999 -999999 -999999 -999999 -999999 -999999 -999999 -999999 -999999 -999999 -999999 -999999 -999999 -999999 
1725   1969 -999999 -999999 -999999 -999999 -999999 -999999 -999999 -999999 -999999 -999999 -999999 -999999 -999999 -999999 -999999 -999999 -999999 -999999 -999999 
1725   1970 -999999 -999999 -999999 -999999 -999999 -999999 -999999 -999999 -999999 -999999 -999999 -999999 -999999 -999999 -999999 -999999 -999999 -999999 -999999 
1725   1971 -999999 -999999 -999999 -999999 -999999 -999999 -999999 -999999 -999999 -999999 -999999 -999999 -999999 -999999 -999999 -999999 -999999 -999999 -999999 
1725   1972 -999999 -999999 -999999 -999999 -999999 -999999 -999999 -999999 -999999 -999999 -999999 -999999 -999999 -999999 -999999 -999999 -999999 -999999 -999999 
1725   1973 -999999 -999999 -999999 -999999 -999999 -999999 -999999 -999999 -999999 -999999 -999999 -999999 -999999 -999999 -999999 -999999 -999999 -999999 -999999 
1725   1974 -999999 -999999 -999999 -999999 -999999 -999999 -999999 -999999 -999999 -999999 -999999 -999999 -999999 -999999 -999999 -999999 -999999 -999999 -999999 
1725   1975 -999999 -999999 -999999 -999999 -999999 -999999 -999999 -999999 -999999 -999999 -999999 -999999 -999999 -999999 -999999 -999999 -999999 -999999 -999999 
1725   1976 -999999 -999999 -999999 -999999 -999999 -999999 -999999 -999999 -999999 -999999 -999999 -999999 -999999 -999999 -999999 -999999 -999999 -999999 -999999 
1725   1977 -999999 -999999 -999999 -999999 -999999 -999999 -999999 -999999 -999999 -999999 -999999 -999999 -999999 -999999 -999999 -999999 -999999 -999999 -999999 
1725   1978 -999999 -999999 -999999 -999999 -999999 -999999 -999999 -999999 -999999 -999999 -999999 -999999 -999999 -999999 -999999 -999999 -999999 -999999 -999999 
1725   1979 -999999 -999999 -999999 -999999 -999999 -999999 -999999 -999999 -999999 -999999 -999999 -999999 -999999 -999999 -999999 -999999 -999999 -999999 -999999 
1725   1980 -999999 -999999 -999999 -999999 -999999 -999999 -999999 -999999 -999999 -999999 -999999 -999999 -999999 -999999 -999999 -999999 -999999 -999999 -999999 
1725   1981 -999999 -999999 -999999 -999999 -999999 -999999 -999999 -999999 -999999 -999999 -999999 -999999 -999999 -999999 -999999 -999999 -999999 -999999 -999999 
1725   1982 -999999 -999999 -999999 -999999 -999999 -999999 -999999 -999999 -999999 -999999 -999999 -999999 -999999 -999999 -999999 -999999 -999999 -999999 -999999 
1725   1983 -999999 -999999 -999999 -999999 -999999 -999999 -999999 -999999 -999999 -999999 -999999 -999999 -999999 -999999 -999999 -999999 -999999 -999999 -999999 
1725   1984 -999999 -999999 -999999 -999999 -999999 -999999 -999999 -999999 -999999 -999999 -999999 -999999 -999999 -999999 -999999 -999999 -999999 -999999 -999999 
1725   1985 1175    -999999 1818    -999999 1022    2122    1256    -88     329     529     1174    1367    1855    2325    2177    1998    1369    397     572     
1725   1986 -999999 529     -999999 254     1088    2066    1333    225     -67     615     887     1756    1885    2126    2156    1748    1455    792     466     
1725   1987 -999999 -999999 -999999 280     1013    2101    1337    109     262     445     1190    1415    1894    2236    2174    2090    1200    722     493     
1725   1988 -999999 688     -999999 465     1133    -999999 1218    371     536     813     1083    1502    1770    2275    2179    1798    1352    499     612     
1725   1989 1284    -999999 1780    -999999 1233    2108    1261    516     691     1093    906     1678    1896    2214    2208    1726    1372    682     363     
1725   1990 1315    817     1840    564     1298    2138    1307    436     927     1128    1037    1722    1919    2269    2219    1851    1380    687     175     
1725   1991 1198    616     1796    241     1041    2209    1195    285     265     881     940     1292    1872    2393    2351    1904    1040    647     425     
1725   1992 1258    668     1815    462     1241    2106    1221    335     636     920     1106    1693    1740    2228    2339    1758    1026    885     403     
1725   1993 1213    672     1773    472     1115    2116    1105    479     541     691     1035    1616    2003    2051    2290    1625    1100    590     488     
1725   1994 1318    684     1865    406     1288    2270    1270    457     258     1166    1079    1611    1973    2439    2387    1675    1164    975     538     
1725   1995 1247    734     1777    506     1165    2108    1279    324     673     733     1228    1536    1809    2404    2101    1561    1503    764     281     
1725   1996 -999999 590     -999999 233     1113    -999999 -999999 275     136     558     1173    1609    2073    2140    -999999 1515    1215    794     334     
1725   1997 -999999 -999999 -999999 -999999 1431    -999999 -999999 364     724     1285    1272    1717    -999999 -999999 -999999 -999999 -999999 -999999 -999999 
1725   1998 -999999 -999999 -999999 -999999 -999999 -999999 -999999 -999999 -999999 -999999 -999999 -999999 -999999 -999999 -999999 -999999 1282    534     384     
1725   1999 -999999 -999999 -999999 453     1278    -999999 -999999 498     473     877     1199    1758    2019    -999999 -999999 1965    -999999 -999999 351     
1725   2000 -999999 -999999 -999999 -999999 -999999 -999999 -999999 405     -999999 -999999 1137    -999999 -999999 2199    -999999 2004    1359    683     493     
1725   2001 -999999 -999999 -999999 -999999 1234    -999999 -999999 295     665     891     1106    1718    2157    2392    2542    1744    1664    829     288     
1725   2002 -999999 -999999 -999999 -999999 -999999 -999999 1337    421     677     1130    1094    1568    -999999 2244    2171    1753    1378    879     473     
1725   2003 -999999 -999999 -999999 -999999 -999999 2641    -999999 466     271     1061    1129    1875    2580    2560    2778    -999999 -999999 -999999 -999999 
1725   2004 -999999 -999999 -999999 -999999 -999999 -999999 -999999 -999999 -999999 -999999 -999999 -999999 -999999 -999999 -999999 -999999 -999999 -999999 -999999 
1725   2005 -999999 -999999 -999999 -999999 -999999 -999999 -999999 -999999 -999999 -999999 -999999 -999999 -999999 -999999 -999999 -999999 -999999 -999999 -999999 
1725   2006 -999999 -999999 1976    -999999 -999999 2288    1506    -999999 -999999 -999999 1311    1671    2144    2590    2127    1995    1505    1017    563     
1725   2007 -999999 901     -999999 631     1401    2142    1292    625     708     959     1514    1743    1959    2322    2138    1759    1365    751     456     
1725   2008 1290    758     -999999 508     1205    2202    1288    453     623     910     1136    1574    1992    2302    2306    1783    1358    719     296     
1725   2009 -999999 661     -999999 301     1358    2272    -999999 177     444     955     1203    1906    2082    2313    2414    -999999 -999999 -999999 -999999 
1725   2010 -999999 -999999 -999999 -999999 -999999 2175    1142    -999999 -999999 -999999 -999999 -999999 2008    2420    2100    1741    1079    626     124     
1725   2011 -999999 588     -999999 331     -999999 -999999 -999999 265     633     815     1539    -999999 -999999 -999999 -999999 -999999 -999999 -999999 -999999 
