EUROPEAN CLIMATE ASSESSMENT & DATASET (ECA&D), file created on: 10-05-2011
THESE DATA CAN BE USED FREELY PROVIDED THAT THE FOLLOWING SOURCE IS ACKNOWLEDGED: 

Klein Tank, A.M.G. and Coauthors, 2002. Daily dataset of 20th-century surface
air temperature and precipitation series for the European Climate Assessment.
Int. J. of Climatol., 22, 1441-1453.
Data and metadata available at http://eca.knmi.nl

FILE FORMAT (MISSING VALUE CODE = -999999):

THIS FILE HOLDS DATA FOR STATION SWEDEN                                   LINKOEPING-MALMSLAETT                    (STAID:      5)
LATITUDE: dd:mm:ss +58:24:00
LONGITUDE: ddd:mm:ss +015:31:59
ELEVATION: m   93

DATA IS FOR INDEX Mean of daily mean temperature (TG) with unit 0.01 Temperature (&#176;C)

01-06 SOUID: Source identifier
08-11 YEAR : YYYY
13-20 ANNUAL DATA VALUES
21-28 WINTER HALF YEAR DATA VALUES
29-36 SUMMER HALF YEAR DATA VALUES
37-44 WINTER (DJF) DATA VALUES
45-52 SPRING (MAM) DATA VALUES
53-60 SUMMER (JJA) DATA VALUES
61-68 AUTUMN (SON) DATA VALUES
69-76 JANUARY DATA VALUES
etc. 
157-164 DECEMBER DATA VALUES

5      1931 567     -999999 1144    -999999 335     1500    642     -349    -278    -401    266     1138    1303    1687    1503    939     590     399     -49     
5      1932 746     160     1308    28      489     1679    682     227     -102    -111    501     1076    1384    1922    1723    1215    566     269     240     
5      1933 719     161     1335    -49     593     1751    727     -176    -228    260     500     1015    1694    1895    1661    1227    811     139     -244    
5      1934 890     204     1427    8       726     1698    918     94      192     228     668     1281    1598    1798    1695    1503    885     369     318     
5      1935 734     242     1300    25      536     1700    784     -225    -24     105     578     926     1626    1787    1685    1179    725     449     -51     
5      1936 738     131     1340    -170    567     1776    658     -71     -404    111     459     1128    1818    1843    1667    1106    494     381     280     
5      1937 728     96      1447    -46     627     1776    788     -153    -290    -166    666     1384    1603    1892    1827    1283    870     210     -458    
5      1938 833     202     1359    -146    730     1714    899     -101    150     535     587     1065    1489    1795    1852    1347    813     538     -119    
5      1939 742     225     1394    -16     589     1803    608     -142    236     34      604     1130    1693    1794    1920    1200    333     301     -222    
5      1940 521     -285    1292    -638    373     1705    652     -685    -1034   -434    382     1171    1787    1824    1507    1064    601     293     -276    
5      1941 552     -196    1336    -651    398     1835    575     -1089   -581    -143    305     1028    1732    2156    1615    1152    561     13      -200    
5      1942 510     -406    1305    -815    329     1660    758     -1163   -1109   -592    568     1019    1469    1746    1758    1252    815     204     42      
5      1943 830     219     1413    -45     857     1679    811     -409    262     404     842     1324    1650    1806    1581    1261    927     242     32      
5      1944 752     167     1352    -43     479     1788    751     -32     -134    -51     453     1035    1448    1952    1955    1238    798     215     101     
5      1945 -999999 194     -999999 -82     743     1775    -999999 -278    -67     369     721     1139    1570    1932    1817    -999999 -999999 239     -114    
5      1946 730     -999999 1413    -240    688     1703    720     -271    -344    17      852     1200    1503    1946    1652    1308    558     299     -26     
5      1947 666     -180    1561    -515    589     1883    737     -417    -1164   -408    672     1504    1835    1890    1921    1523    686     5       -193    
5      1948 759     20      1392    -319    792     1689    699     -454    -311    362     834     1181    1608    1825    1632    1261    626     213     295     
5      1949 890     249     1477    190     754     1703    945     84      193     77      772     1413    1502    1970    1631    1558    862     419     151     
5      1950 747     188     1415    -142    764     1721    741     -472    -102    247     716     1328    1725    1665    1774    1266    741     217     -196    
5      1951 651     -29     1227    -245    302     1595    783     -362    -171    -407    439     877     1458    1636    1685    1252    739     358     261     
5      1952 560     109     1194    -41     445     1522    443     -220    -173    -323    734     934     1399    1656    1506    915     454     -41     -147    
5      1953 780     15      1351    -236    740     1691    814     -195    -379    356     714     1149    1749    1737    1587    1156    916     368     119     
5      1954 586     44      1211    -337    500     1518    647     -481    -683    -37     340     1194    1501    1551    1502    1161    663     118     112     
5      1955 612     -41     1296    -232    239     1777    770     -274    -567    -343    236     824     1402    2002    1915    1371    665     278     -252    
5      1956 546     -103    1200    -493    457     1525    571     -340    -915    -92     238     1217    1504    1699    1373    1146    661     -98     85      
5      1957 675     85      1206    2       458     1598    678     18      -108    -71     483     963     1453    1769    1567    978     787     267     -70     
5      1958 564     -97     1210    -380    271     1548    827     -412    -688    -512    281     1045    1474    1674    1494    1274    810     398     -148    
5      1959 771     135     1390    -235    688     1768    787     -419    -127    278     651     1132    1563    1912    1824    1238    762     362     15      
5      1960 630     40      1262    -294    545     1578    665     -395    -518    -15     453     1193    1649    1582    1505    1173    544     284     62      
5      1961 709     194     1207    -27     639     1490    861     -265    140     399     583     932     1545    1521    1407    1244    1036    296     -355    
5      1962 500     43      1039    -203    255     1325    624     -80     -171    -483    475     779     1305    1381    1288    993     769     104     -396    
5      1963 526     -241    1228    -666    396     1543    734     -851    -761    -353    384     1156    1487    1632    1509    1183    730     289     -181    
5      1964 626     33      1218    -215    536     1462    679     -80     -396    -181    628     1163    1421    1516    1448    1115    646     278     -86     
5      1965 526     35      1131    -201    403     1409    608     -159    -376    -125    491     848     1470    1375    1384    1212    798     -192    -476    
5      1966 521     -233    1178    -676    409     1578    625     -690    -882    -18     167     1071    1665    1640    1432    1075    645     156     -117    
5      1967 655     78      1202    -242    592     1534    819     -492    -103    366     436     969     1403    1633    1562    1192    872     390     -415    
5      1968 603     4       1267    -476    556     1629    602     -586    -422    168     683     822     1680    1537    1671    1200    555     53      -155    
5      1969 552     -159    1288    -366    292     1713    694     -316    -654    -479    424     936     1653    1766    1716    1215    769     95      -583    
5      1970 485     -271    1175    -792    359     1574    592     -758    -1060   -153    238     987     1693    1498    1535    1086    661     26      -50     
5      1971 663     41      1206    -79     441     1544    635     -110    -75     -218    361     1178    1396    1709    1524    1045    740     115     225     
5      1972 674     88      1221    -138    507     1622    663     -499    -139    71      456     994     1540    1816    1507    990     661     339     322     
5      1973 670     284     1253    106     595     1674    463     0       -17     370     356     1051    1606    1845    1567    1068    396     -72     -187    
5      1974 703     66      1212    -12     558     1481    669     71      90      96      609     970     1424    1492    1526    1242    474     299     110     
5      1975 782     177     1332    84      512     1719    771     186     -57     35      406     1092    1421    1805    1920    1318    747     250     189     
5      1976 571     45      1218    -158    403     1624    596     -456    -210    -260    417     1052    1515    1727    1625    946     569     274     -374    
5      1977 593     -44     1119    -402    461     1473    695     -322    -521    75      276     1027    1532    1441    1447    975     817     289     -1      
5      1978 564     64      1147    -222    438     1505    750     -120    -581    -78     364     1024    1523    1518    1475    954     743     554     -681    
5      1979 528     -137    1191    -699    471     1512    632     -736    -676    -55     380     1085    1626    1455    1460    1127    511     262     -181    
5      1980 535     -142    1233    -444    383     1571    572     -463    -704    -297    516     933     1571    1669    1472    1225    514     -21     -38     
5      1981 564     -28     1224    -193    525     1482    646     -320    -223    -97     453     1216    1348    1612    1483    1209    619     112     -691    
5      1982 678     -138    1284    -606    599     1624    821     -720    -385    221     538     1036    1362    1816    1685    1248    779     437     43      
5      1983 715     209     1288    -37     561     1658    697     225     -418    136     485     1060    1436    1803    1729    1189    751     148     -63     
5      1984 680     44      1230    -170    537     1535    757     -258    -191    -136    611     1139    1390    1604    1607    1009    907     350     97      
5      1985 442     -100    1125    -598    392     1489    603     -822    -1118   -99     190     1079    1389    1586    1490    988     827     -13     -319    
5      1986 585     -109    1168    -541    542     1537    704     -477    -856    113     265     1240    1598    1640    1376    866     710     535     -94     
5      1987 472     -112    1099    -507    340     1370    668     -1086   -324    -412    519     920     1244    1542    1320    1033    771     198     -98     
5      1988 652     117     1286    -28     476     1611    567     65      -52     -192    374     1244    1675    1657    1504    1245    550     -94     -177    
5      1989 815     236     1298    179     732     1583    737     392     338     405     577     1208    1525    1746    1477    1234    767     208     -132    
5      1990 828     346     1292    182     832     1588    627     226     482     534     718     1240    1552    1570    1643    1013    699     167     59      
5      1991 713     161     1224    -66     584     1557    737     4       -283    277     589     886     1177    1813    1670    1187    693     331     128     
5      1992 758     280     1325    116     690     1677    566     114     106     298     409     1355    1730    1727    1575    1132    355     218     53      
5      1993 639     125     1157    0       713     1372    492     -27     -27     167     627     1343    1304    1497    1313    836     573     63      -59     
5      1994 680     -27     1317    -307    581     1692    672     -158    -748    97      669     981     1339    2053    1673    1166    577     277     120     
5      1995 644     161     1213    -17     494     1609    670     -270    111     151     404     925     1440    1665    1716    1108    923     -30     -454    
5      1996 527     -115    1143    -501    421     1521    662     -404    -654    -103    585     787     1402    1419    1737    907     776     298     -472    
5      1997 693     89      1305    -261    503     1756    618     -259    -28     215     375     915     1530    1738    1993    1254    461     145     -80     
5      1998 616     126     1130    46      488     1375    555     -29     269     5       405     1052    1273    1486    1362    1183    633     -153    -117    
5      1999 725     18      1329    -183    591     1626    864     -218    -215    151     708     917     1523    1792    1559    1463    724     410     -169    
5      2000 788     205     1234    -17     695     1469    876     35      91      141     709     1235    1394    1523    1487    1039    1003    582     186     
5      2001 654     196     1259    -93     482     1611    759     -79     -416    -146    510     1085    1397    1823    1606    1108    936     228     -281    
5      2002 727     229     1378    -17     696     1734    531     39      211     241     653     1193    1554    1743    1899    1200    356     41      -436    
5      2003 670     -99     1284    -419    589     1640    662     -326    -502    239     432     1091    1509    1809    1597    1243    371     381     116     
5      2004 663     69      1250    -168    630     1512    657     -472    -147    160     622     1109    1368    1473    1690    1220    664     88      150     
5      2005 702     97      1276    6       476     1572    813     100     -258    -198    609     1023    1401    1752    1555    1296    768     378     -62     
5      2006 754     -27     1401    -278    370     1781    952     -391    -393    -485    493     1105    1620    1998    1718    1453    947     456     449     
5      2007 752     356     1289    94      758     1585    637     72      -275    427     743     1105    1572    1565    1619    1115    633     163     205     
5      2008 767     262     1267    220     649     1561    691     200     257     109     681     1158    1479    1720    1482    1060    755     256     27      
5      2009 662     112     1289    -143    624     1536    735     -176    -294    70      769     1044    1303    1688    1609    1291    458     464     -335    
5      2010 476     -169    1281    -621    500     1658    535     -930    -597    -97     594     1007    1399    1933    1626    1110    545     -51     -867    
5      2011 -999999 -166    -999999 -533    -999999 -999999 -999999 -264    -461    78      904     -999999 -999999 -999999 -999999 -999999 -999999 -999999 -999999 
