EUROPEAN CLIMATE ASSESSMENT & DATASET (ECA&D), file created on: 10-05-2011
THESE DATA CAN BE USED FREELY PROVIDED THAT THE FOLLOWING SOURCE IS ACKNOWLEDGED: 

Klein Tank, A.M.G. and Coauthors, 2002. Daily dataset of 20th-century surface
air temperature and precipitation series for the European Climate Assessment.
Int. J. of Climatol., 22, 1441-1453.
Data and metadata available at http://eca.knmi.nl

FILE FORMAT (MISSING VALUE CODE = -999999):

THIS FILE HOLDS DATA FOR STATION GERMANY                                  LUECHOW (AWST)                           (STAID:    823)
LATITUDE: dd:mm:ss +52:58:12
LONGITUDE: ddd:mm:ss +011:07:48
ELEVATION: m   17

DATA IS FOR INDEX Mean of daily mean temperature (TG) with unit 0.01 Temperature (&#176;C)

01-06 SOUID: Source identifier
08-11 YEAR : YYYY
13-20 ANNUAL DATA VALUES
21-28 WINTER HALF YEAR DATA VALUES
29-36 SUMMER HALF YEAR DATA VALUES
37-44 WINTER (DJF) DATA VALUES
45-52 SPRING (MAM) DATA VALUES
53-60 SUMMER (JJA) DATA VALUES
61-68 AUTUMN (SON) DATA VALUES
69-76 JANUARY DATA VALUES
etc. 
157-164 DECEMBER DATA VALUES

823    1958 854     -999999 1380    -999999 630     1637    983     -19     173     6       560     1321    1492    1720    1696    1470    1044    433     301     
823    1959 944     416     1539    122     976     1859    841     52      2       621     975     1333    1690    2024    1857    1338    854     330     176     
823    1960 874     304     1383    81      821     1633    947     79      -17     380     727     1353    1678    1619    1603    1306    911     626     189     
823    1961 925     462     1438    187     938     1614    1038    -78     480     648     1081    1089    1713    1555    1576    1619    1093    400     -84     
823    1962 756     313     1256    102     646     1473    846     258     135     58      863     1025    1442    1472    1503    1224    963     347     -246    
823    1963 758     12      1450    -504    793     1723    993     -687    -588    236     837     1307    1675    1812    1682    1373    849     760     -236    
823    1964 835     202     1464    -133    758     1710    866     -181    30      -1      904     1376    1723    1791    1617    1361    728     515     149     
823    1965 790     306     1310    102     732     1517    756     176     -33     273     736     1188    1598    1475    1481    1372    838     55      257     
823    1966 870     239     1422    35      852     1688    891     -214    64      411     768     1373    1789    1647    1631    1311    1086    270     243     
823    1967 950     454     1425    242     880     1686    1003    157     336     615     687     1332    1539    1856    1657    1460    1108    437     164     
823    1968 867     373     1433    56      863     1699    963     -73     78      508     955     1129    1709    1617    1772    1406    1067    413     -202    
823    1969 803     179     1465    -122    665     1767    998     42      -216    -61     734     1323    1639    1910    1746    1415    1031    548     -533    
823    1970 795     103     1376    -378    648     1718    927     -418    -161    140     538     1262    1793    1647    1717    1285    925     572     184     
823    1971 903     335     1438    103     813     1707    863     -96     235     190     775     1474    1453    1833    1825    1239    931     418     502     
823    1972 821     378     1343    123     838     1656    769     -300    170     537     780     1195    1523    1807    1635    1097    672     541     179     
823    1973 869     366     1396    170     757     1733    823     87      251     458     552     1255    1669    1820    1708    1351    753     367     118     
823    1974 928     428     1324    300     808     1556    872     406     385     535     783     1105    1436    1516    1711    1381    676     566     595     
823    1975 957     498     1479    448     751     1823    886     582     136     403     668     1181    1532    1917    2011    1543    785     333     319     
823    1976 876     293     1450    170     703     1790    944     123     60      125     674     1308    1731    1970    1666    1334    944     555     1       
823    1977 905     407     1324    105     799     1641    949     24      310     604     586     1201    1649    1639    1636    1213    1025    605     328     
823    1978 834     427     1309    122     818     1560    948     156     -143    540     628     1281    1515    1570    1593    1248    1008    586     -43     
823    1979 782     193     1348    -260    786     1580    847     -420    -324    315     719     1323    1685    1491    1567    1293    804     446     413     
823    1980 786     290     1320    68      674     1599    876     -318    113     275     670     1076    1548    1580    1668    1368    855     405     173     
823    1981 857     361     1419    69      964     1635    907     -38     72      674     753     1459    1538    1700    1664    1382    815     526     -307    
823    1982 927     208     1489    -196    821     1794    1074    -289    31      464     724     1272    1645    1940    1792    1544    1018    663     268     
823    1983 960     485     1514    234     877     1841    937     513     -113    506     885     1241    1649    2011    1856    1424    962     425     74      
823    1984 844     319     1333    98      732     1585    937     175     43      223     734     1238    1403    1591    1755    1259    1100    448     119     
823    1985 787     207     1387    -221    838     1591    815     -540    -243    321     786     1405    1385    1734    1647    1346    939     155     419     
823    1986 809     191     1369    -86     786     1673    895     2       -743    286     642     1425    1640    1740    1636    1106    915     664     277     
823    1987 748     175     1318    -173    642     1539    968     -694    -95     -25     923     1036    1403    1680    1529    1330    945     631     271     
823    1988 948     479     1436    327     867     1657    887     403     304     315     790     1492    1533    1744    1690    1344    938     378     412     
823    1989 989     539     1457    406     936     1697    960     381     428     683     751     1368    1587    1790    1710    1519    1076    280     244     
823    1990 1002    565     1416    429     963     1699    924     429     633     724     782     1375    1566    1686    1840    1227    1022    520     188     
823    1991 867     402     1368    60      793     1688    904     231     -272    660     733     985     1353    1941    1758    1419    849     446     205     
823    1992 984     431     1564    255     939     1904    830     179     389     515     816     1482    1885    1953    1874    1352    601     547     195     
823    1993 866     344     1405    175     976     1550    688     267     49      383     1066    1483    1516    1609    1523    1218    789     52      367     
823    1994 989     349     1524    220     932     1859    916     376     -116    573     901     1320    1564    2221    1784    1329    712     714     400     
823    1995 918     456     1480    317     811     1815    952     85      482     356     850     1228    1477    2040    1917    1345    1161    342     -296    
823    1996 730     107     1352    -321    699     1650    844     -369    -297    82      877     1144    1514    1612    1821    1126    896     509     -188    
823    1997 920     329     1476    8       824     1852    835     -216    473     519     675     1274    1663    1798    2087    1331    798     376     230     
823    1998 948     481     1444    382     985     1623    819     353     584     554     947     1453    1643    1607    1619    1386    878     190     138     
823    1999 1014    385     1558    218     967     1760    1035    347     163     566     971     1365    1552    1966    1755    1723    941     444     310     
823    2000 1011    486     1478    324     1012    1663    1040    215     455     545     1029    1462    1687    1591    1712    1378    1100    640     302     
823    2001 -999999 -999999 -999999 -999999 -999999 -999999 -999999 -999999 -999999 -999999 -999999 -999999 -999999 -999999 -999999 -999999 -999999 -999999 -999999 
823    2002 -999999 -999999 -999999 -999999 -999999 -999999 -999999 -999999 -999999 -999999 -999999 -999999 -999999 -999999 -999999 -999999 -999999 -999999 -999999 
823    2003 -999999 -999999 -999999 -999999 -999999 -999999 -999999 -999999 -999999 -999999 -999999 -999999 -999999 -999999 -999999 -999999 -999999 -999999 -999999 
823    2004 957     -999999 1473    -999999 917     1711    989     -13     353     500     987     1267    1552    1666    1911    1444    1012    510     279     
823    2005 961     431     1490    225     885     1693    1064    342     35      372     952     1334    1564    1877    1635    1566    1145    478     169     
823    2006 1028    303     1608    3       794     1875    1280    -232    79      164     872     1348    1690    2202    1728    1791    1277    772     580     
823    2007 1062    723     1562    513     1091    1792    940     545     404     728     1098    1447    1811    1786    1779    1439    892     490     281     
823    2008 1034    524     1518    411     946     1804    990     462     496     518     876     1442    1720    1880    1810    1358    1015    596     219     
823    2009 976     399     1575    66      1044    1777    1062    -137    122     560     1220    1357    1487    1915    1921    1536    839     819     30      
823    2010 834     283     1503    -165    855     1864    919     -442    -76     511     953     1103    1646    2136    1802    1363    899     497     -436    
823    2011 -999999 295     -999999 -46     -999999 -999999 -999999 199     114     484     1227    -999999 -999999 -999999 -999999 -999999 -999999 -999999 -999999 
