EUROPEAN CLIMATE ASSESSMENT & DATASET (ECA&D), file created on: 10-05-2011
THESE DATA CAN BE USED FREELY PROVIDED THAT THE FOLLOWING SOURCE IS ACKNOWLEDGED: 

Klein Tank, A.M.G. and Coauthors, 2002. Daily dataset of 20th-century surface
air temperature and precipitation series for the European Climate Assessment.
Int. J. of Climatol., 22, 1441-1453.
Data and metadata available at http://eca.knmi.nl

FILE FORMAT (MISSING VALUE CODE = -999999):

THIS FILE HOLDS DATA FOR STATION POLAND                                   KATOWICE                                 (STAID:   2037)
LATITUDE: dd:mm:ss +50:13:48
LONGITUDE: ddd:mm:ss +019:01:48
ELEVATION: m  284

DATA IS FOR INDEX Mean of daily mean temperature (TG) with unit 0.01 Temperature (&#176;C)

01-06 SOUID: Source identifier
08-11 YEAR : YYYY
13-20 ANNUAL DATA VALUES
21-28 WINTER HALF YEAR DATA VALUES
29-36 SUMMER HALF YEAR DATA VALUES
37-44 WINTER (DJF) DATA VALUES
45-52 SPRING (MAM) DATA VALUES
53-60 SUMMER (JJA) DATA VALUES
61-68 AUTUMN (SON) DATA VALUES
69-76 JANUARY DATA VALUES
etc. 
157-164 DECEMBER DATA VALUES

2037   1961 848     -999999 1447    -999999 922     1650    1003    -364    170     558     1093    1121    1724    1594    1634    1513    1108    383     -386    
2037   1962 713     124     1341    -226    654     1580    844     -55     -236    -96     1004    1064    1405    1579    1750    1233    885     413     -443    
2037   1963 715     -149    1537    -749    767     1797    1030    -1063   -739    14      911     1382    1674    1889    1824    1525    825     747     -481    
2037   1964 734     14      1444    -445    651     1739    847     -545    -298    -158    845     1273    1859    1769    1592    1315    825     402     -89     
2037   1965 701     124     1323    -235    628     1591    743     -75     -574    195     654     1036    1571    1644    1558    1463    795     -29     79      
2037   1966 852     143     1433    -61     840     1673    956     -508    279     250     970     1305    1661    1704    1655    1290    1276    292     24      
2037   1967 880     314     1484    -69     867     1741    1024    -298    83      485     750     1363    1585    1923    1709    1556    1120    392     -159    
2037   1968 798     241     1424    -149    830     1681    899     -342    68      360     943     1190    1744    1645    1656    1359    843     497     -388    
2037   1969 721     34      1438    -358    716     1666    936     -474    -198    -82     738     1493    1557    1806    1631    1381    880     549     -675    
2037   1970 732     15      1350    -484    642     1688    836     -418    -346    86      694     1149    1655    1715    1693    1180    792     538     -15     
2037   1971 800     175     1430    -102    771     1720    704     -304    26      7       814     1493    1488    1791    1874    1095    792     223     237     
2037   1972 778     219     1392    -73     850     1723    707     -521    74      500     759     1288    1659    1889    1620    1118    585     421     -72     
2037   1973 784     199     1383    -64     766     1660    741     -173    66      360     665     1272    1532    1700    1744    1368    700     157     -28     
2037   1974 841     278     1343    87      821     1601    746     13      295     526     786     1150    1385    1589    1821    1310    562     374     239     
2037   1975 886     311     1487    151     863     1726    861     279     -90     463     731     1390    1557    1825    1791    1613    810     161     25      
2037   1976 759     102     1361    -115    672     1619    896     -164    -214    -29     765     1281    1564    1807    1484    1250    926     512     -102    
2037   1977 832     334     1328    -31     849     1643    864     -105    129     632     637     1272    1678    1635    1617    1109    985     494     -146    
2037   1978 733     257     1261    -137    741     1542    789     -68     -203    445     628     1147    1501    1568    1554    1151    908     303     -207    
2037   1979 782     106     1407    -334    818     1667    784     -473    -320    391     664     1395    1818    1536    1652    1365    668     321     287     
2037   1980 670     139     1255    -89     556     1570    762     -553    4       103     572     994     1499    1594    1616    1242    843     198     -83     
2037   1981 809     190     1429    -172    881     1702    866     -335    -90     580     657     1400    1695    1722    1690    1390    892     315     -265    
2037   1982 860     128     1483    -297    789     1781    1020    -450    -165    419     575     1367    1629    1866    1844    1594    963     505     106     
2037   1983 926     349     1571    53      995     1809    861     270     -246    446     1036    1504    1665    1964    1793    1447    914     219     3       
2037   1984 786     198     1358    -37     752     1570    902     7       -127    151     824     1282    1437    1536    1733    1317    1058    326     -146    
2037   1985 705     20      1402    -540    857     1616    716     -810    -676    309     824     1438    1364    1754    1722    1288    814     42      281     
2037   1986 787     94      1446    -191    914     1667    851     -135    -775    250     992     1504    1601    1702    1696    1160    886     506     -62     
2037   1987 712     14      1386    -376    564     1656    946     -974    -60     -204    782     1121    1602    1841    1523    1437    934     469     47      
2037   1988 858     325     1476    140     783     1751    737     228     144     121     779     1449    1577    1891    1780    1357    867     -17     76      
2037   1989 933     328     1458    163     964     1669    895     88      341     601     947     1343    1460    1778    1761    1438    1037    203     147     
2037   1990 915     439     1393    227     949     1686    852     71      488     683     781     1379    1610    1685    1760    1120    936     495     -65     
2037   1991 791     256     1397    -159    758     1741    848     -30     -405    551     721     1002    1526    1922    1768    1423    748     377     -200    
2037   1992 903     222     1582    -56     831     2006    790     -85     129     361     820     1313    1833    1967    2211    1323    661     391     -114    
2037   1993 831     171     1458    -74     889     1652    724     15      -127    180     889     1598    1565    1674    1713    1290    900     -23     223     
2037   1994 941     308     1552    137     902     1879    866     290     -125    528     887     1289    1646    2122    1861    1485    692     427     113     
2037   1995 837     289     1468    103     787     1816    795     -121    339     293     821     1247    1644    2026    1772    1275    1050    50      -386    
2037   1996 685     -62     1389    -451    693     1687    852     -496    -473    -140    803     1420    1691    1624    1747    1027    928     599     -545    
2037   1997 797     168     1398    -297    749     1723    778     -495    198     340     508     1391    1672    1695    1798    1302    670     366     86      
2037   1998 876     307     1524    184     904     1772    723     106     379     243     1063    1413    1790    1795    1732    1343    826     -3      -199    
2037   1999 917     185     1560    -78     953     1786    905     45      -82     491     1002    1367    1664    1978    1711    1626    863     228     38      
2037   2000 987     268     1535    35      1030    1755    1072    -188    272     395     1185    1516    1756    1645    1865    1230    1246    735     168     
2037   2001 850     426     1463    61      873     1771    862     -44     60      363     790     1464    1462    1929    1913    1190    1180    204     -380    
2037   2002 938     314     1592    -26     1035    1901    852     -76     423     537     882     1680    1742    2005    1953    1262    743     554     -471    
2037   2003 870     87      1590    -371    895     1914    834     -241    -403    307     773     1602    1899    1898    1945    1399    564     550     62      
2037   2004 852     189     1455    -104    821     1746    929     -393    29      326     923     1216    1610    1782    1841    1339    1035    409     81      
2037   2005 847     238     1513    -55     815     1751    918     31      -301    125     942     1382    1624    1936    1688    1491    1003    258     -98     
2037   2006 910     64      1595    -331    807     1875    1105    -633    -255    86      996     1345    1743    2152    1725    1593    1097    623     376     
2037   2007 977     560     1589    335     1055    1900    739     388     230     617     997     1549    1858    1953    1887    1268    795     153     -30     
2037   2008 982     307     1516    149     889     1848    961     201     286     428     879     1361    1809    1904    1830    1296    1013    573     176     
2037   2009 911     300     1592    -54     964     1813    974     -273    -66     351     1164    1384    1602    1954    1875    1560    758     612     -44     
2037   2010 794     169     1507    -253    850     1871    840     -593    -110    375     890     1285    1717    2042    1849    1236    626     664     -495    
2037   2011 -999999 157     -999999 -258    -999999 -999999 -999999 -61     -215    404     1069    -999999 -999999 -999999 -999999 -999999 -999999 -999999 -999999 
