EUROPEAN CLIMATE ASSESSMENT & DATASET (ECA&D), file created on: 10-05-2011
THESE DATA CAN BE USED FREELY PROVIDED THAT THE FOLLOWING SOURCE IS ACKNOWLEDGED: 

Klein Tank, A.M.G. and Coauthors, 2002. Daily dataset of 20th-century surface
air temperature and precipitation series for the European Climate Assessment.
Int. J. of Climatol., 22, 1441-1453.
Data and metadata available at http://eca.knmi.nl

FILE FORMAT (MISSING VALUE CODE = -999999):

THIS FILE HOLDS DATA FOR STATION FRANCE                                   AGEN                                     (STAID:    753)
LATITUDE: dd:mm:ss +44:10:48
LONGITUDE: ddd:mm:ss +000:36:00
ELEVATION: m   60

DATA IS FOR INDEX Mean of daily mean temperature (TG) with unit 0.01 Temperature (&#176;C)

01-06 SOUID: Source identifier
08-11 YEAR : YYYY
13-20 ANNUAL DATA VALUES
21-28 WINTER HALF YEAR DATA VALUES
29-36 SUMMER HALF YEAR DATA VALUES
37-44 WINTER (DJF) DATA VALUES
45-52 SPRING (MAM) DATA VALUES
53-60 SUMMER (JJA) DATA VALUES
61-68 AUTUMN (SON) DATA VALUES
69-76 JANUARY DATA VALUES
etc. 
157-164 DECEMBER DATA VALUES

753    1958 1286    -999999 1748    -999999 1152    1937    1373    558     805     863     996     1591    1777    1992    2037    2081    1274    768     665     
753    1959 1319    824     1765    603     1258    1996    1369    511     638     1070    1183    1519    1852    2148    1983    1894    1386    828     766     
753    1960 1251    869     1695    641     1272    1926    1282    479     681     1062    1103    1645    1952    1900    1926    1631    1238    979     395     
753    1961 1341    830     1795    605     1250    1961    1447    494     960     933     1350    1471    1876    2050    1955    2064    1442    834     654     
753    1962 1224    806     1723    621     1067    1983    1318    646     556     681     1096    1426    1789    2062    2090    1861    1456    631     341     
753    1963 1174    647     1648    276     1152    1893    1357    248     234     928     1152    1374    1762    2089    1824    1677    1346    1049    348     
753    1964 1257    757     1828    431     1227    2035    1311    245     720     841     1153    1683    1846    2201    2053    2015    1143    780     401     
753    1965 1246    684     1632    416     1145    1899    1363    490     350     914     1080    1439    1831    1940    1924    1565    1584    932     829     
753    1966 1300    951     1717    800     1194    1870    1339    568     1023    774     1305    1508    1844    1855    1910    1876    1439    697     785     
753    1967 1277    828     1721    612     1172    2008    1460    375     683     971     1093    1449    1745    2251    2021    1750    1587    1039    318     
753    1968 1259    831     1663    517     1115    1903    1399    543     701     798     1183    1365    1756    2014    1935    1711    1540    940     601     
753    1969 1225    841     1683    546     1179    1923    1318    613     411     901     1139    1495    1644    2105    2010    1684    1442    824     364     
753    1970 1246    769     1722    565     1033    1994    1377    594     755     637     1003    1459    1930    2033    2018    1879    1192    1065    364     
753    1971 1222    707     1733    488     1094    1965    1256    595     507     509     1243    1535    1687    2166    2033    1715    1432    615     568     
753    1972 1212    823     1564    629     1132    1822    1268    543     785     987     1068    1340    1572    2022    1865    1499    1333    970     541     
753    1973 1220    738     1765    468     1110    2031    1286    406     455     703     976     1646    1860    1983    2244    1860    1171    831     455     
753    1974 1248    799     1674    616     1153    1955    1154    709     691     925     1083    1447    1819    2011    2032    1640    932     898     748     
753    1975 1244    794     1722    748     1055    2030    1265    731     765     690     1089    1387    1797    2126    2158    1754    1255    788     350     
753    1976 1258    722     1768    474     1140    2127    1224    365     724     852     1075    1491    2138    2170    2073    1646    1332    691     528     
753    1977 1261    844     1603    658     1172    1819    1336    545     928     1045    1095    1375    1714    1904    1834    1687    1529    784     671     
753    1978 1231    871     1632    647     1119    1873    1260    510     771     946     985     1422    1716    1958    1939    1760    1303    717     703     
753    1979 1246    799     1666    608     1131    1914    1335    478     647     926     1046    1419    1812    2016    1909    1781    1486    731     653     
753    1980 1198    822     1650    632     1076    1862    1309    420     836     805     1025    1395    1670    1844    2067    1890    1284    755     385     
753    1981 1301    777     1727    464     1290    1952    1353    543     465     1199    1227    1440    1832    1938    2081    1836    1428    791     766     
753    1982 1377    924     1819    812     1196    2071    1452    890     776     873     1178    1535    2011    2248    1952    1982    1360    1018    667     
753    1983 1322    837     1816    577     1150    2142    1458    553     503     894     1165    1392    1950    2366    2105    1903    1363    1112    504     
753    1984 1245    813     1667    562     1067    1958    1376    647     532     712     1225    1269    1805    2075    1988    1628    1355    1147    533     
753    1985 1235    769     1765    458     1121    1987    1366    6       874     720     1231    1415    1806    2175    1975    1979    1530    584     510     
753    1986 1284    751     1730    502     1130    1998    1445    617     365     859     873     1650    1874    2125    1990    1846    1613    870     641     
753    1987 1272    770     1782    433     1158    1982    1484    68      609     807     1320    1351    1731    2081    2127    2077    1492    884     679     
753    1988 1332    908     1769    745     1239    1983    1403    864     689     826     1286    1605    1854    2012    2077    1764    1551    889     535     
753    1989 1400    882     1832    562     1316    2120    1449    464     700     1135    1025    1780    1948    2226    2180    1811    1469    1065    942     
753    1990 1390    1031    1860    865     1316    2109    1474    561     1118    1040    1122    1780    1852    2212    2253    1920    1532    969     309     
753    1991 1286    828     1785    424     1202    2073    1367    480     489     1159    1071    1372    1744    2128    2337    2038    1201    867     483     
753    1992 1280    727     1766    459     1255    1998    1334    274     631     907     1144    1711    1687    2078    2219    1735    1162    1111    674     
753    1993 1250    826     1706    584     1214    1961    1176    538     536     917     1152    1571    1919    1914    2048    1620    1243    662     821     
753    1994 1385    864     1784    710     1242    2123    1460    599     711     1128    1006    1585    1855    2232    2274    1725    1474    1179    795     
753    1995 1377    973     1784    767     1218    2099    1434    605     916     871     1165    1617    1859    2261    2169    1612    1747    932     727     
753    1996 1319    967     1747    743     1222    2034    1295    921     569     882     1235    1549    2022    2137    1942    1587    1389    904     664     
753    1997 1424    934     1850    724     1371    2070    1501    575     954     1120    1269    1719    1855    2026    2321    1892    1543    1067    712     
753    1998 1331    988     1805    757     1281    2058    1290    738     827     1028    1133    1676    1885    2101    2182    1834    1352    683     488     
753    1999 1370    805     1890    585     1362    2083    1393    645     626     1013    1290    1780    1883    2185    2175    2010    1440    728     608     
753    2000 1417    840     1885    635     1316    2110    1484    416     899     949     1264    1734    2009    2058    2260    1973    1444    1036    955     
753    2001 1390    1056    1824    849     1382    2143    1399    818     765     1291    1165    1683    2002    2160    2263    1650    1779    754     293     
753    2002 1428    921     1809    598     1336    2069    1483    640     890     1164    1283    1559    2055    2085    2067    1793    1545    1108    913     
753    2003 1493    978     2071    672     1427    2464    1461    498     599     1181    1405    1688    2439    2328    2624    1930    1351    1105    701     
753    2004 1377    888     1872    677     1206    2169    1473    689     638     836     1199    1581    2110    2188    2207    1933    1685    794     629     
753    2005 -999999 849     1932    549     1330    2225    -999999 565     443     940     1331    1719    2219    2287    2167    1859    -999999 762     335     
753    2006 1456    -999999 1980    454     1382    2239    1683    505     530     1100    1332    1713    2123    2568    2023    2110    1796    1139    471     
753    2007 1364    1008    1851    712     1394    2045    1251    752     934     950     1538    1691    1988    2065    2079    1727    1345    679     591     
753    2008 -999999 876     -999999 752     1270    2078    -999999 772     904     961     1207    1680    1995    2113    2123    1741    -999999 876     569     
753    2009 1432    -999999 1952    566     1342    2218    1546    489     649     949     1273    1800    2076    2274    2301    1946    1513    1180    647     
753    2010 1285    872     1818    541     1230    2108    1348    376     607     883     1316    1494    1920    2299    2099    1784    1347    913     379     
753    2011 -999999 833     -999999 557     -999999 -999999 -999999 534     779     1047    1563    -999999 -999999 -999999 -999999 -999999 -999999 -999999 -999999 
