EUROPEAN CLIMATE ASSESSMENT & DATASET (ECA&D), file created on: 10-05-2011
THESE DATA CAN BE USED FREELY PROVIDED THAT THE FOLLOWING SOURCE IS ACKNOWLEDGED: 

Klein Tank, A.M.G. and Coauthors, 2002. Daily dataset of 20th-century surface
air temperature and precipitation series for the European Climate Assessment.
Int. J. of Climatol., 22, 1441-1453.
Data and metadata available at http://eca.knmi.nl

FILE FORMAT (MISSING VALUE CODE = -999999):

THIS FILE HOLDS DATA FOR STATION CZECH REPUBLIC                           MILESOVKA                                (STAID:    510)
LATITUDE: dd:mm:ss +50:33:16
LONGITUDE: ddd:mm:ss +013:55:53
ELEVATION: m  833

DATA IS FOR INDEX Mean of daily mean temperature (TG) with unit 0.01 Temperature (&#176;C)

01-06 SOUID: Source identifier
08-11 YEAR : YYYY
13-20 ANNUAL DATA VALUES
21-28 WINTER HALF YEAR DATA VALUES
29-36 SUMMER HALF YEAR DATA VALUES
37-44 WINTER (DJF) DATA VALUES
45-52 SPRING (MAM) DATA VALUES
53-60 SUMMER (JJA) DATA VALUES
61-68 AUTUMN (SON) DATA VALUES
69-76 JANUARY DATA VALUES
etc. 
157-164 DECEMBER DATA VALUES

510    1905 462     -999999 1086    -999999 394     1470    332     -613    -270    76      163     934     1441    1550    1419    989     22      -5      -241    
510    1906 523     -184    1116    -314    509     1338    645     -356    -348    -184    600     1112    1149    1465    1394    953     645     336     -546    
510    1907 473     -124    1026    -522    374     1260    669     -502    -516    -183    209     1091    1267    1147    1367    1057    980     -41     -281    
510    1908 453     -25     1044    -329    383     1354    467     -412    -292    -123    181     1086    1434    1463    1166    912     700     -219    -499    
510    1909 439     -210    1023    -533    348     1273    554     -463    -647    -174    434     786     1179    1235    1400    1089    772     -205    -217    
510    1910 522     8       1039    -202    473     1318    445     -251    -130    57      374     983     1368    1266    1320    904     628     -202    -110    
510    1911 594     -59     1216    -283    487     1553    628     -441    -301    45      423     990     1250    1677    1720    1211    573     101     -190    
510    1912 447     -1      948     -305    465     1325    222     -655    -55     217     288     885     1284    1563    1127    518     352     -207    21      
510    1913 508     -63     977     -270    548     1172    635     -549    -283    260     459     922     1167    1148    1202    954     663     286     -184    
510    1914 540     34      1110    -280    522     1395    480     -618    -12     74      698     799     1186    1459    1534    968     484     -11     -113    
510    1915 460     -101    1073    -270    381     1390    288     -388    -311    -282    382     1042    1570    1382    1224    824     314     -275    -17     
510    1916 538     -19     1013    -134    595     1206    490     -35     -363    235     520     1028    986     1319    1304    898     473     98      -121    
510    1917 -999999 -999999 1194    -999999 258     1562    622     -999999 -615    -437    29      1175    1695    1515    1480    1252    507     111     -558    
510    1918 571     -36     1115    -316    651     1242    502     -146    -236    89      733     1133    995     1393    1330    1088    541     -125    -12     
510    1919 412     -39     987     -199    278     1230    442     -267    -331    -69     195     706     1191    1151    1348    1325    295     -290    -352    
510    1920 569     -46     1135    -190    699     1315    382     -177    -32     273     695     1130    1116    1542    1280    1029    362     -243    -177    
510    1921 622     9       1172    -135    650     1433    565     34      -274    318     467     1158    1104    1610    1574    1090    888     -293    -309    
510    1922 389     -137    985     -493    426     1296    264     -688    -480    25      183     1064    1336    1322    1232    754     145     -103    -186    
510    1923 474     -103    1001    -282    478     1218    595     -293    -374    169     281     977     733     1583    1324    1080    738     -39     -563    
510    1924 435     -230    1063    -637    408     1274    556     -645    -708    -191    284     1125    1239    1394    1188    1131    640     -106    -183    
510    1925 507     -6      1072    -104    456     1323    412     -118    -1      -270    483     1154    1126    1471    1365    807     533     -108    -395    
510    1926 558     -66     1092    -266    492     1264    698     -411    36      -41     742     784     1037    1445    1302    1235    489     378     -314    
510    1927 488     55      1044    -280    463     1343    539     -202    -329    281     344     761     1159    1473    1391    1119    555     -57     -699    
510    1928 515     -142    1069    -395    311     1406    643     -263    -211    -180    432     684     1129    1698    1381    1071    554     307     -440    
510    1929 464     -257    1116    -790    348     1410    742     -794    -1172   -69     71      1033    1158    1555    1507    1348    751     128     -73     
510    1930 563     52      1137    -242    536     1426    606     -269    -398    134     556     920     1611    1348    1324    1055    543     224     -341    
510    1931 430     -146    1052    -419    367     1371    370     -442    -480    -401    155     1341    1396    1442    1277    671     424     14      -303    
510    1932 522     -181    1195    -368    356     1441    642     -149    -671    -427    440     1059    1156    1540    1616    1335    576     15      -280    
510    1933 445     -95     1058    -470    449     1383    531     -717    -408    219     254     867     1128    1567    1446    1062    610     -81     -676    
510    1934 695     -83     1288    -402    683     1487    702     -338    -169    150     796     1106    1437    1576    1447    1356    656     94      176     
510    1935 527     10      1142    -198    349     1510    606     -518    -259    -117    390     760     1531    1509    1491    1157    547     116     -346    
510    1936 536     17      1088    -262    511     1388    409     -114    -326    200     350     976     1354    1456    1353    1020    204     11      -108    
510    1937 544     -126    1187    -319    571     1427    571     -626    -214    -26     418     1316    1414    1433    1433    1085    640     -16     -382    
510    1938 -999999 44      -999999 -289    469     1440    -999999 -270    -206    475     91      830     1323    1445    1549    -999999 598     319     -553    
510    1939 516     -23     1133    -270    347     1461    492     -146    -96     -255    627     679     1340    1465    1575    1100    276     106     -500    
510    1940 339     -371    1037    -804    373     1298    539     -1039   -877    -209    517     815     1416    1332    1150    988     432     200     -675    
510    1941 356     -239    948     -666    208     1349    363     -922    -373    -92     161     555     1289    1507    1248    911     447     -271    -236    
510    1942 428     -388    1131    -755    343     1363    708     -1196   -842    -273    325     977     1122    1342    1616    1388    800     -66     -151    
510    1943 598     51      1177    -230    599     1444    637     -549    37      233     612     953     1115    1565    1641    1156    791     -41     -373    
510    1944 508     -92     1124    -313    300     1460    578     -69     -509    -378    444     838     1151    1475    1744    1070    642     21      -379    
510    1945 572     -32     1156    -386    648     1394    570     -734    -9      270     577     1095    1363    1501    1318    1068    655     -14     -262    
510    1946 530     -51     1232    -363    717     1400    466     -613    -199    118     785     1231    1244    1570    1382    1167    250     -11     -609    
510    1947 566     -377    1368    -824    605     1577    760     -858    -1023   -62     701     1180    1524    1653    1553    1587    543     157     -259    
510    1948 630     60      1202    -235    747     1363    657     -70     -384    347     776     1120    1335    1335    1416    1221    595     156     -317    
510    1949 614     -15     1186    -233    522     1338    730     -237    -135    -160    722     1010    1034    1475    1495    1363    780     46      -74     
510    1950 568     42      1215    -266    589     1564    492     -555    -158    193     404     1164    1577    1563    1553    1008    450     20      -455    
510    1951 597     -87     1162    -281    405     1460    664     -218    -157    -166    502     883     1314    1473    1587    1195    509     294     -92     
510    1952 490     -39     1175    -277    497     1521    329     -368    -378    -208    844     868     1248    1632    1674    763     381     -159    -455    
510    1953 627     -124    1210    -414    647     1466    678     -414    -370    245     696     1001    1432    1566    1400    1151    791     88      -134    
510    1954 460     -114    1063    -595    458     1351    577     -817    -859    181     213     974     1471    1153    1434    1124    661     -57     -54     
510    1955 444     -140    1053    -402    267     1375    554     -590    -578    -265    278     789     1221    1450    1450    1114    535     12      -157    
510    1956 366     -246    1009    -591    326     1224    502     -422    -1234   -262    239     998     1029    1426    1209    1133    601     -231    -173    
510    1957 561     28      1057    -175    503     1419    530     -338    3       298     503     709     1510    1546    1204    858     623     106     -324    
510    1958 509     -110    1090    -314    275     1364    635     -428    -176    -457    139     1139    1184    1479    1424    1152    621     132     -142    
510    1959 627     57      1206    -245    647     1489    594     -354    -239    295     634     1011    1369    1615    1477    1110    627     44      -131    
510    1960 517     -56     1074    -340    475     1334    606     -470    -423    -4      432     995     1324    1288    1390    999     596     224     -179    
510    1961 606     80      1173    -234    641     1338    760     -500    -1      340     867     722     1407    1253    1357    1435    759     87      -474    
510    1962 431     -112    1025    -394    318     1270    559     -289    -421    -360    624     699     1139    1254    1413    1009    687     -24     -613    
510    1963 472     -290    1192    -804    506     1467    721     -1005   -794    -33     572     982     1352    1635    1411    1186    584     396     -696    
510    1964 503     -197    1220    -596    436     1500    550     -586    -498    -378    588     1104    1556    1649    1296    1112    442     100     -373    
510    1965 444     -146    1018    -422    334     1290    479     -278    -634    -175    393     785     1272    1297    1301    1050    625     -242    -146    
510    1966 566     -62     1138    -244    561     1353    608     -697    150     -46     684     1049    1427    1335    1299    1028    890     -103    -245    
510    1967 590     25      1139    -277    511     1429    705     -424    -151    159     362     1008    1243    1641    1397    1162    856     91      -324    
510    1968 510     -9      1103    -375    521     1363    605     -514    -283    105     647     817     1365    1361    1363    1061    694     59      -569    
510    1969 486     -180    1148    -520    413     1408    699     -434    -561    -296    374     1159    1252    1587    1381    1113    824     155     -789    
510    1970 453     -199    1054    -658    271     1415    596     -660    -512    -232    242     802     1430    1401    1415    1020    528     242     -294    
510    1971 564     -66     1150    -312    479     1437    514     -364    -275    -240    544     1136    1096    1562    1642    891     658     -12     63      
510    1972 493     15      1059    -273    511     1402    450     -658    -220    243     381     904     1281    1611    1311    846     395     112     -317    
510    1973 528     -44     1134    -301    447     1443    521     -330    -252    115     197     1020    1299    1452    1574    1241    425     -99     -361    
510    1974 568     17      1059    -185    560     1301    438     -106    -78     308     524     848     1125    1246    1525    1073    188     63      59      
510    1975 619     46      1191    -28     473     1474    633     5       -160    102     360     954     1208    1584    1621    1402    615     -117    -213    
510    1976 522     -108    1147    -290    383     1486    587     -348    -310    -289    431     1010    1445    1683    1329    965     659     136     -470    
510    1977 550     33      1012    -313    505     1339    581     -368    -79     314     245     946     1334    1339    1345    841     762     135     -269    
510    1978 471     -12     986     -373    473     1244    526     -350    -513    118     421     877     1215    1274    1242    873     634     66      -278    
510    1979 493     -109    1085    -479    484     1345    506     -758    -394    57      331     1061    1534    1163    1344    1068    423     32      6       
510    1980 416     -74     971     -274    291     1258    483     -671    -148    -86     218     741     1189    1212    1371    1084    464     -98     -297    
510    1981 518     -62     1118    -369    610     1350    568     -463    -344    340     424     1060    1323    1344    1382    1160    500     47      -613    
510    1982 609     -143    1221    -524    483     1520    772     -529    -418    132     271     1040    1379    1639    1538    1443    671     207     -134    
510    1983 629     57      1255    -219    568     1594    607     -5      -549    101     618     985     1381    1837    1556    1135    633     53      -287    
510    1984 457     -89     984     -360    358     1248    583     -363    -436    -152    377     849     1065    1225    1448    920     736     88      -316    
510    1985 447     -186    1090    -633    498     1299    485     -871    -722    -72     466     1098    1020    1450    1420    1065    630     -246    33      
510    1986 505     -154    1116    -442    551     1372    600     -425    -986    -12     469     1192    1296    1436    1382    896     648     254     -210    
510    1987 429     -170    1052    -492    279     1271    620     -879    -377    -464    594     718     1154    1428    1226    1185    568     108     -148    
510    1988 565     8       1159    -156    508     1404    481     -106    -218    -170    539     1158    1254    1488    1465    1029    605     -194    -104    
510    1989 670     96      1174    -82     674     1399    653     -112    -24     384     515     1118    1261    1468    1463    1204    777     -26     -42     
510    1990 638     200     1125    8       671     1433    526     -137    226     395     428     1182    1301    1375    1618    820     666     88      -342    
510    1991 512     -16     1073    -376    415     1410    568     -199    -610    244     414     588     1099    1640    1484    1207    475     26      -277    
510    1992 633     10      1277    -175    573     1636    502     -201    -38     72      510     1137    1488    1629    1786    1089    353     70      -325    
510    1993 548     -53     1142    -251    661     1308    371     -164    -264    -5      726     1263    1246    1312    1365    925     491     -308    -76     
510    1994 654     -11     1226    -177    578     1590    606     -75     -402    258     520     955     1332    1922    1507    1098    439     285     -70     
510    1995 548     35      1152    -162    476     1488    537     -450    56      -40     509     959     1092    1781    1579    962     838     -199    -549    
510    1996 384     -256    1028    -630    389     1330    480     -684    -660    -306    595     885     1278    1276    1434    681     636     117     -674    
510    1997 567     -37     1137    -393    478     1472    518     -460    -6      176     220     1030    1319    1401    1691    1137    391     30      -173    
510    1998 577     28      1158    -80     582     1389    442     -179    130     -22     662     1107    1368    1380    1419    997     534     -209    -289    
510    1999 631     -43     1261    -269    652     1438    672     -174    -352    199     648     1107    1222    1602    1483    1490    567     -37     -258    
510    2000 700     6       1279    -203    751     1470    726     -353    16      103     865     1288    1496    1254    1662    1095    816     264     -124    
510    2001 572     85      1140    -214    554     1450    614     -363    -149    47      437     1174    1146    1578    1616    856     985     -11     -518    
510    2002 640     105     1245    -196    654     1582    503     -144    105     209     500     1248    1499    1575    1670    954     384     175     -533    
510    2003 653     -106    1366    -490    670     1735    566     -446    -490    245     525     1237    1710    1622    1872    1212    224     273     -224    
510    2004 588     -58     1183    -306    534     1472    644     -532    -152    67      678     862     1309    1474    1628    1133    709     87      -222    
510    2005 656     -33     1345    -332    653     1554    752     -230    -568    -23     741     1243    1454    1715    1489    1412    831     11      -289    
510    2006 778     -61     1465    -392    634     1767    950     -562    -318    -63     763     1205    1659    2193    1442    1518    944     388     128     
510    2007 801     348     1431    104     949     1698    529     96      87      421     1031    1398    1716    1707    1671    1046    602     -63     -150    
510    2008 758     109     1345    -19     712     1664    680     -43     147     156     642     1337    1660    1693    1639    1081    706     253     -196    
510    2009 724     16      1460    -341    861     1627    776     -506    -320    136     1205    1252    1328    1740    1804    1414    515     408     -338    
510    2010 554     -46     1251    -469    629     1620    526     -679    -383    179     754     956     1542    1836    1480    923     453     204     -671    
510    2011 -999999 -35     -999999 -422    -999999 -999999 -999999 -236    -351    367     1054    -999999 -999999 -999999 -999999 -999999 -999999 -999999 -999999 
