EUROPEAN CLIMATE ASSESSMENT & DATASET (ECA&D), file created on: 10-05-2011
THESE DATA CAN BE USED FREELY PROVIDED THAT THE FOLLOWING SOURCE IS ACKNOWLEDGED: 

Klein Tank, A.M.G. and Coauthors, 2002. Daily dataset of 20th-century surface
air temperature and precipitation series for the European Climate Assessment.
Int. J. of Climatol., 22, 1441-1453.
Data and metadata available at http://eca.knmi.nl

FILE FORMAT (MISSING VALUE CODE = -999999):

THIS FILE HOLDS DATA FOR STATION RUSSIAN FEDERATION                       PADUN                                    (STAID:   1069)
LATITUDE: dd:mm:ss +68:36:59
LONGITUDE: ddd:mm:ss +031:48:00
ELEVATION: m   34

DATA IS FOR INDEX Mean of daily mean temperature (TG) with unit 0.01 Temperature (&#176;C)

01-06 SOUID: Source identifier
08-11 YEAR : YYYY
13-20 ANNUAL DATA VALUES
21-28 WINTER HALF YEAR DATA VALUES
29-36 SUMMER HALF YEAR DATA VALUES
37-44 WINTER (DJF) DATA VALUES
45-52 SPRING (MAM) DATA VALUES
53-60 SUMMER (JJA) DATA VALUES
61-68 AUTUMN (SON) DATA VALUES
69-76 JANUARY DATA VALUES
etc. 
157-164 DECEMBER DATA VALUES

1069   1995 -999999 -999999 -999999 -999999 2       1133    -207    -886    -898    -339    -68     418     1203    1134    1066    654     -94     -1117   -1677   
1069   1996 -999999 -999999 -999999 -999999 -999999 1120    -999999 -859    -1196   -518    -310    141     851     1205    1306    564     225     -999999 -1103   
1069   1997 -999999 -999999 -999999 -999999 -223    -999999 17      -1464   -999999 -563    -480    352     1032    1318    1317    860     -78     -761    -1045   
1069   1998 -999999 -999999 -999999 -999999 -353    1071    -153    -1239   -2332   -995    -450    387     751     1489    962     551     77      -1153   -1183   
1069   1999 -999999 -999999 -999999 -1570   -163    -999999 227     -1977   -1546   -636    -6      138     1382    1366    989     804     284     -407    -1270   
1069   2000 -999999 -999999 -999999 -1150   -13     1245    348     -1094   -1078   -572    -21     554     1077    1475    1184    755     483     -197    -959    
1069   2001 -999999 -999999 -999999 -1067   -341    1305    24      -694    -1600   -1258   -129    363     1261    1490    1162    896     -76     -714    -1144   
1069   2002 -999999 -999999 -999999 -999999 -51     1221    -281    -1293   -1145   -750    108     513     1064    1524    1061    547     -108    -1254   -1444   
1069   2003 -999999 -999999 -999999 -1382   61      1222    192     -2008   -690    -357    -113    648     771     1651    1229    711     107     -258    -1040   
1069   2004 -999999 -999999 -999999 -999999 -21     1292    -999999 -1117   -1338   -525    -21     500     928     1738    1200    784     84      -704    -590    
1069   2005 -999999 -999999 -999999 -792    -158    1331    342     -884    -905    -962    -23     442     1174    1442    1373    736     365     -63     -921    
1069   2006 -999999 -999999 -999999 -1054   -65     1272    -45     -983    -1284   -963    177     614     1260    1285    1271    676     -69     -739    -441    
1069   2007 -999999 -999999 -999999 -1204   108     1214    211     -1155   -2076   -117    -12     452     961     1294    1366    690     458     -523    -208    
1069   2008 -999999 -999999 -999999 -610    -216    1095    73      -758    -886    -830    -173    356     1031    1301    955     568     203     -565    -437    
1069   2009 -999999 -999999 801     -982    -107    1161    170     -1171   -1372   -765    -167    608     949     1252    1277    871     -46     -284    -1124   
1069   2010 -999999 -999999 -999999 -1376   -74     1211    44      -1501   -1512   -1060   171     709     977     1588    1072    800     205     -852    -1364   
1069   2011 -999999 -963    -999999 -1562   -999999 -999999 -999999 -1350   -2008   -521    181     -999999 -999999 -999999 -999999 -999999 -999999 -999999 -999999 
