EUROPEAN CLIMATE ASSESSMENT & DATASET (ECA&D), file created on: 10-05-2011
THESE DATA CAN BE USED FREELY PROVIDED THAT THE FOLLOWING SOURCE IS ACKNOWLEDGED: 

Klein Tank, A.M.G. and Coauthors, 2002. Daily dataset of 20th-century surface
air temperature and precipitation series for the European Climate Assessment.
Int. J. of Climatol., 22, 1441-1453.
Data and metadata available at http://eca.knmi.nl

FILE FORMAT (MISSING VALUE CODE = -999999):

THIS FILE HOLDS DATA FOR STATION EGYPT                                    HURGUADA                                 (STAID:    319)
LATITUDE: dd:mm:ss +27:09:00
LONGITUDE: ddd:mm:ss +033:43:00
ELEVATION: m   16

DATA IS FOR INDEX Mean of daily mean temperature (TG) with unit 0.01 Temperature (&#176;C)

01-06 SOUID: Source identifier
08-11 YEAR : YYYY
13-20 ANNUAL DATA VALUES
21-28 WINTER HALF YEAR DATA VALUES
29-36 SUMMER HALF YEAR DATA VALUES
37-44 WINTER (DJF) DATA VALUES
45-52 SPRING (MAM) DATA VALUES
53-60 SUMMER (JJA) DATA VALUES
61-68 AUTUMN (SON) DATA VALUES
69-76 JANUARY DATA VALUES
etc. 
157-164 DECEMBER DATA VALUES

319    1994 2504    -999999 2967    -999999 2433    3122    2734    1787    1712    1965    2522    2814    2991    3181    3190    3093    2927    2174    1637    
319    1995 2463    2037    2950    1677    2320    3235    2568    1637    1766    2061    2211    2685    3231    3251    3223    3091    2556    2059    1740    
319    1996 2459    1947    2897    1703    2352    3064    2641    1603    1769    1949    2230    2873    2944    3094    3151    3075    2617    2232    1942    
319    1997 2445    2015    2902    1779    2297    3173    2569    1772    1605    1889    2194    2804    3118    3206    3192    2883    2593    2230    1795    
319    1998 2520    1986    3013    1730    2406    3211    2700    1637    1760    1890    2480    2851    3043    3237    3348    3108    2707    2284    1846    
319    1999 -999999 -999999 -999999 -999999 -999999 3145    -999999 -999999 -999999 -999999 -999999 -999999 2981    3192    3250    3029    2687    -999999 -999999 
319    2000 -999999 -999999 -999999 -999999 2365    -999999 2529    -999999 -999999 1875    2489    2775    3030    3334    3191    2970    2509    2183    1792    
319    2001 -999999 -999999 2966    1738    2483    3190    2591    1715    1706    2249    2444    2757    3022    3245    3298    3012    2636    2139    1806    
319    2002 -999999 -999999 -999999 1719    2396    3193    2691    1521    1847    2130    2313    2740    3003    3324    3253    3074    2701    2299    1852    
319    2003 -999999 -999999 -999999 1799    2365    3217    2660    1838    1691    1855    2303    2932    3165    3220    3267    3005    2698    2289    1815    
319    2004 -999999 2061    -999999 1749    2455    3147    2632    1654    1780    2121    2405    2851    3010    3280    3148    2919    2713    2275    1804    
319    2005 -999999 -999999 2955    1738    2401    3191    2572    1644    1772    2018    2458    2716    3043    3261    3261    2994    2598    2109    1926    
319    2006 -999999 -999999 -999999 1823    2405    3203    2664    1728    1811    2066    2386    2741    3110    3208    3283    3031    2735    2208    1833    
319    2007 -999999 -999999 -999999 1814    2447    3225    2631    1704    1916    2101    2360    2875    3147    3275    3247    2942    2741    2218    1836    
319    2008 -999999 2043    -999999 1683    2525    3251    2660    1562    1648    2255    2527    2794    3184    3249    3318    3105    2608    2267    1903    
319    2009 -999999 2045    -999999 1809    2361    -999999 2646    1712    1814    1946    2420    2718    3159    3304    3235    3005    2741    2227    1890    
319    2010 -999999 -999999 -999999 -999999 2569    3315    2836    1900    2040    2230    2552    2927    3249    3272    3418    3146    2885    2490    1955    
319    2011 -999999 -999999 -999999 1864    -999999 -999999 -999999 1750    1892    2037    2386    -999999 -999999 -999999 -999999 -999999 -999999 -999999 -999999 
