EUROPEAN CLIMATE ASSESSMENT & DATASET (ECA&D), file created on: 10-05-2011
THESE DATA CAN BE USED FREELY PROVIDED THAT THE FOLLOWING SOURCE IS ACKNOWLEDGED: 

Klein Tank, A.M.G. and Coauthors, 2002. Daily dataset of 20th-century surface
air temperature and precipitation series for the European Climate Assessment.
Int. J. of Climatol., 22, 1441-1453.
Data and metadata available at http://eca.knmi.nl

FILE FORMAT (MISSING VALUE CODE = -999999):

THIS FILE HOLDS DATA FOR STATION RUSSIAN FEDERATION                       UMBA                                     (STAID:   1084)
LATITUDE: dd:mm:ss +66:40:12
LONGITUDE: ddd:mm:ss +034:19:48
ELEVATION: m   39

DATA IS FOR INDEX Mean of daily mean temperature (TG) with unit 0.01 Temperature (&#176;C)

01-06 SOUID: Source identifier
08-11 YEAR : YYYY
13-20 ANNUAL DATA VALUES
21-28 WINTER HALF YEAR DATA VALUES
29-36 SUMMER HALF YEAR DATA VALUES
37-44 WINTER (DJF) DATA VALUES
45-52 SPRING (MAM) DATA VALUES
53-60 SUMMER (JJA) DATA VALUES
61-68 AUTUMN (SON) DATA VALUES
69-76 JANUARY DATA VALUES
etc. 
157-164 DECEMBER DATA VALUES

1084   1995 -999999 -999999 -999999 -999999 35      -999999 -999999 -629    -692    -330    -31     475     -999999 1272    1217    779     246     -773    -1287   
1084   1996 -999999 -999999 -999999 -1070   -138    -999999 -999999 -742    -1154   -537    -178    288     884     1267    1460    666     326     -999999 -796    
1084   1997 -999999 -999999 -999999 -999999 -152    1299    145     -1259   -999999 -543    -367    407     1116    1407    1385    864     57      -513    -793    
1084   1998 -999999 -999999 -999999 -1308   -300    1213    87      -1112   -2061   -883    -400    376     962     1623    1100    711     224     -656    -998    
1084   1999 -999999 -817    -999999 -1280   -195    1341    339     -1550   -1295   -685    35      74      1325    1590    1108    896     455     -360    -707    
1084   2000 -999999 -999999 -999999 -823    58      1414    443     -839    -924    -500    72      585     1290    1625    1316    827     588     -92     -696    
1084   2001 -999999 -999999 -999999 -794    -226    1349    133     -448    -1304   -1102   12      413     1204    1603    1230    863     120     -558    -1075   
1084   2002 35      -999999 867     -1059   -27     1323    -102    -1193   -886    -603    23      501     1189    1588    1188    689     -41     -987    -1175   
1084   2003 -999999 -999999 907     -1194   113     1313    322     -1767   -623    -300    -73     713     787     1740    1377    853     255     -140    -715    
1084   2004 -999999 -999999 895     -943    -49     1358    -999999 -957    -1174   -561    -92     506     1112    1675    1279    863     258     -386    -498    
1084   2005 -999999 -999999 953     -647    -155    1440    486     -556    -901    -913    -69     498     1200    1586    1527    914     392     146     -597    
1084   2006 -999999 -999999 -999999 -876    -999999 -999999 -999999 -849    -1229   -834    -999999 -999999 -999999 -999999 -999999 -999999 -999999 -391    -377    
1084   2007 -999999 -999999 910     -931    179     1335    339     -811    -1648   -95     97      536     1055    1456    1476    810     508     -307    -129    
1084   2008 209     -294    730     -437    -167    1182    268     -603    -595    -670    -158    328     1137    1349    1063    664     361     -223    -199    
1084   2009 -999999 -999999 -999999 -704    -42     1253    317     -779    -1145   -613    -183    661     1068    1382    1305    1051    43      -98     -855    
1084   2010 80      -999999 969     -1217   45      1334    216     -1387   -1416   -765    153     752     1053    1703    1248    903     327     -585    -1085   
1084   2011 -999999 -754    -999999 -1299   -999999 -999999 -999999 -1149   -1697   -435    232     -999999 -999999 -999999 -999999 -999999 -999999 -999999 -999999 
