EUROPEAN CLIMATE ASSESSMENT & DATASET (ECA&D), file created on: 10-05-2011
THESE DATA CAN BE USED FREELY PROVIDED THAT THE FOLLOWING SOURCE IS ACKNOWLEDGED: 

Klein Tank, A.M.G. and Coauthors, 2002. Daily dataset of 20th-century surface
air temperature and precipitation series for the European Climate Assessment.
Int. J. of Climatol., 22, 1441-1453.
Data and metadata available at http://eca.knmi.nl

FILE FORMAT (MISSING VALUE CODE = -999999):

THIS FILE HOLDS DATA FOR STATION FRANCE                                   ORLEANS                                  (STAID:    744)
LATITUDE: dd:mm:ss +47:58:48
LONGITUDE: ddd:mm:ss +001:45:00
ELEVATION: m  125

DATA IS FOR INDEX Mean of daily mean temperature (TG) with unit 0.01 Temperature (&#176;C)

01-06 SOUID: Source identifier
08-11 YEAR : YYYY
13-20 ANNUAL DATA VALUES
21-28 WINTER HALF YEAR DATA VALUES
29-36 SUMMER HALF YEAR DATA VALUES
37-44 WINTER (DJF) DATA VALUES
45-52 SPRING (MAM) DATA VALUES
53-60 SUMMER (JJA) DATA VALUES
61-68 AUTUMN (SON) DATA VALUES
69-76 JANUARY DATA VALUES
etc. 
157-164 DECEMBER DATA VALUES

744    1938 1054    -999999 1444    -999999 904     1761    1200    453     380     892     695     1119    1735    1722    1827    1558    1083    964     182     
744    1939 1041    631     1472    398     906     1722    1114    549     471     532     1036    1155    1678    1688    1798    1468    975     901     210     
744    1940 -999999 501     -999999 136     -999999 -999999 -999999 -284    506     711     1007    -999999 -999999 -999999 -999999 -999999 -999999 -999999 -999999 
744    1941 -999999 -999999 -999999 -999999 -999999 -999999 -999999 -999999 -999999 -999999 -999999 -999999 -999999 -999999 -999999 -999999 -999999 -999999 -999999 
744    1942 -999999 -999999 -999999 -999999 -999999 -999999 -999999 -999999 -999999 -999999 -999999 -999999 -999999 -999999 -999999 -999999 -999999 -999999 -999999 
744    1943 -999999 -999999 -999999 -999999 -999999 -999999 -999999 -999999 -999999 -999999 -999999 -999999 -999999 -999999 -999999 -999999 -999999 -999999 -999999 
744    1944 -999999 -999999 -999999 -999999 -999999 -999999 -999999 -999999 -999999 -999999 -999999 -999999 -999999 -999999 -999999 -999999 -999999 -999999 -999999 
744    1945 -999999 -999999 -999999 -999999 -999999 -999999 -999999 -999999 -999999 -999999 -999999 -999999 -999999 -999999 -999999 -999999 -999999 -999999 -999999 
744    1946 -999999 -999999 1536    -999999 -999999 1715    1143    -999999 -999999 -999999 1108    1326    1526    1911    1701    1631    1084    717     80      
744    1947 1170    468     1780    63      1181    2035    1266    56      51      785     1201    1558    1820    2099    2178    1805    1198    797     416     
744    1948 1084    717     1511    442     1138    1702    1056    607     293     966     1045    1400    1590    1737    1775    1507    1015    647     395     
744    1949 1151    590     1667    433     992     1894    1265    451     455     567     1202    1215    1654    2078    1941    1905    1329    558     417     
744    1950 1076    654     1581    425     1013    1913    1075    192     691     739     873     1421    1918    1990    1830    1437    1064    724     14      
744    1951 1056    554     1465    312     882     1689    1183    475     460     581     883     1180    1571    1811    1683    1651    1015    890     440     
744    1952 1058    619     1582    319     1158    1877    906     282     230     839     1156    1479    1757    1997    1872    1212    1061    440     330     
744    1953 1069    473     1558    183     1089    1738    1114    -19     244     760     1040    1465    1572    1772    1866    1616    1198    524     725     
744    1954 1060    606     1462    369     990     1668    1228    152     216     779     865     1322    1610    1665    1728    1572    1308    803     641     
744    1955 1059    661     1544    493     863     1828    1049    437     390     368     1004    1220    1639    1940    1901    1548    957     645     615     
744    1956 936     482     1428    190     965     1568    1046    375     -464    708     803     1379    1367    1740    1590    1675    1015    450     526     
744    1957 1062    658     1454    479     1006    1752    1067    214     719     1025    920     1071    1704    1840    1712    1469    1121    611     315     
744    1958 1034    579     1480    431     864     1685    1098    383     613     436     787     1365    1529    1725    1797    1661    1072    561     456     
744    1959 1152    608     1623    385     1078    1865    1221    311     388     838     1010    1384    1672    2026    1892    1744    1234    684     588     
744    1960 1046    681     1462    444     1063    1668    1105    300     443     819     959     1408    1687    1634    1686    1390    1105    821     289     
744    1961 1135    682     1597    452     1077    1733    1232    327     771     794     1214    1226    1612    1780    1803    1944    1174    579     386     
744    1962 952     542     1429    392     767     1692    1057    455     329     308     884     1111    1523    1724    1823    1499    1167    503     52      
744    1963 913     324     1446    -144    937     1676    1168    -262    -232    667     945     1199    1613    1799    1613    1496    1084    928     43      
744    1964 1048    524     1605    189     985     1830    1115    13      532     556     940     1458    1649    1945    1889    1730    952     668     237     
744    1965 1001    511     1398    233     960     1624    1053    341     110     723     892     1264    1604    1616    1651    1350    1188    615     583     
744    1966 1093    672     1525    539     996     1702    1133    209     857     596     1128    1267    1726    1673    1707    1648    1257    488     563     
744    1967 1065    666     1488    492     949     1769    1139    336     585     755     862     1229    1528    2003    1768    1520    1294    597     265     
744    1968 1035    607     1466    338     963     1700    1144    360     392     719     1001    1170    1583    1760    1753    1521    1342    561     237     
744    1969 1084    613     1564    349     1020    1791    1228    540     260     701     986     1370    1538    1982    1844    1647    1331    702     41      
744    1970 1075    567     1557    299     876     1820    1236    406     466     451     775     1398    1829    1788    1843    1701    1118    894     204     
744    1971 1057    560     1575    318     983     1771    1074    324     438     382     1099    1473    1513    1987    1805    1555    1180    483     399     
744    1972 1020    639     1382    427     1008    1619    1007    305     586     874     935     1214    1381    1802    1667    1278    1057    686     436     
744    1973 1062    556     1590    322     920     1879    1142    235     292     608     777     1369    1726    1826    2080    1743    1045    641     349     
744    1974 1095    671     1487    529     984     1755    982     678     561     737     977     1236    1594    1771    1894    1435    756     762     695     
744    1975 1058    657     1529    641     853     1837    1064    619     606     502     907     1152    1553    1875    2075    1595    953     648     187     
744    1976 1133    536     1665    344     976     2045    1132    385     468     576     900     1448    2032    2128    1974    1490    1258    644     267     
744    1977 1086    682     1417    439     978     1655    1158    372     705     847     827     1256    1490    1801    1668    1441    1327    702     568     
744    1978 1015    686     1402    426     952     1612    1067    312     397     782     792     1277    1501    1695    1637    1499    1149    552     539     
744    1979 1007    519     1457    246     917     1696    1132    -150    358     652     871     1228    1600    1790    1694    1546    1216    631     604     
744    1980 983     631     1451    447     883     1658    1068    117     631     589     859     1199    1486    1628    1853    1667    1053    485     226     
744    1981 1063    555     1496    262     1073    1709    1129    329     227     978     984     1252    1519    1757    1847    1607    1097    684     409     
744    1982 1140    648     1592    484     953     1842    1246    516     531     637     876     1344    1803    1987    1735    1794    1117    831     474     
744    1983 1105    657     1594    427     919     1970    1128    552     236     697     894     1165    1758    2215    1929    1586    1110    690     362     
744    1984 1045    571     1447    370     818     1755    1206    411     334     509     908     1041    1603    1846    1809    1465    1168    986     436     
744    1985 989     538     1532    183     938     1711    1092    -141    261     507     1012    1296    1504    1911    1711    1745    1140    388     486     
744    1986 1022    459     1471    219     868     1798    1173    401     -279    542     689     1368    1806    1853    1736    1354    1350    808     527     
744    1987 1015    536     1553    186     929     1729    1232    -281    326     472     1178    1144    1528    1824    1831    1807    1244    643     428     
744    1988 1128    699     1534    536     1054    1729    1119    695     481     687     1040    1434    1620    1715    1849    1534    1270    547     629     
744    1989 1180    735     1618    529     1138    1873    1224    403     558     978     810     1615    1680    2039    1894    1650    1368    649     455     
744    1990 1221    804     1633    632     1146    1902    1229    531     938     892     945     1595    1597    1974    2124    1533    1411    738     340     
744    1991 1077    667     1558    286     1029    1819    1169    431     66      962     945     1177    1448    1946    2050    1766    1083    662     306     
744    1992 1142    609     1636    352     1116    1915    1125    252     508     837     947     1557    1689    1992    2058    1551    922     909     465     
744    1993 1090    660     1566    463     1104    1785    935     662     240     732     1138    1443    1750    1792    1813    1449    991     362     635     
744    1994 1236    680     1624    585     1102    1966    1266    567     548     954     930     1418    1699    2197    1992    1482    1221    1098    665     
744    1995 1188    825     1615    646     1012    1960    1230    480     808     686     949     1397    1599    2166    2102    1451    1502    728     353     
744    1996 1048    664     1524    368     957     1837    1078    469     274     636     1028    1210    1810    1860    1841    1384    1193    654     190     
744    1997 1191    624     1649    309     1106    1942    1250    74      702     938     966     1408    1660    1870    2288    1683    1176    893     597     
744    1998 1142    760     1610    549     1115    1836    1098    464     590     831     959     1550    1742    1811    1952    1628    1169    494     473     
744    1999 1201    676     1694    506     1169    1897    1201    593     448     855     1084    1565    1650    2063    1970    1815    1206    582     521     
744    2000 1204    689     1637    526     1109    1853    1244    385     682     753     1020    1551    1796    1767    1995    1678    1201    853     754     
744    2001 1141    789     1572    593     1105    1875    1152    478     541     882     904     1522    1673    1950    1995    1363    1520    562     237     
744    2002 1184    744     1545    506     1065    1813    1182    540     765     838     1024    1332    1756    1820    1860    1467    1209    869     696     
744    2003 1194    724     1759    415     1175    2127    1126    202     341     995     1119    1411    2028    2020    2328    1630    935     819     442     
744    2004 1121    634     1595    464     979     1871    1216    474     477     653     1013    1272    1774    1872    1965    1663    1268    715     285     
744    2005 -999999 626     -999999 348     1084    1898    -999999 474     278     708     1075    1470    1888    1986    1820    -999999 1556    590     278     
744    2006 -999999 -999999 -999999 290     1033    1966    1420    297     297     629     1036    1476    1849    2330    1715    1910    1474    877     491     
744    2007 -999999 -999999 -999999 658     -999999 1781    1060    699     799     695     1323    1551    1777    1832    1735    1462    1126    590     376     
744    2008 -999999 664     -999999 520     1066    1833    1080    564     626     697     932     1566    1718    1881    1898    1429    1128    719     272     
744    2009 1158    -999999 1673    246     1119    1908    1291    112     371     705     1195    1461    1683    1943    2083    1644    1216    1015    409     
744    2010 1054    636     1602    281     1025    1902    1110    60      384     723     1080    1271    1774    2062    1864    1543    1141    645     80      
744    2011 -999999 630     -999999 364     -999999 -999999 -999999 411     625     878     1374    -999999 -999999 -999999 -999999 -999999 -999999 -999999 -999999 
