EUROPEAN CLIMATE ASSESSMENT & DATASET (ECA&D), file created on: 10-05-2011
THESE DATA CAN BE USED FREELY PROVIDED THAT THE FOLLOWING SOURCE IS ACKNOWLEDGED: 

Klein Tank, A.M.G. and Coauthors, 2002. Daily dataset of 20th-century surface
air temperature and precipitation series for the European Climate Assessment.
Int. J. of Climatol., 22, 1441-1453.
Data and metadata available at http://eca.knmi.nl

FILE FORMAT (MISSING VALUE CODE = -999999):

THIS FILE HOLDS DATA FOR STATION GERMANY                                  CHEMNITZ                                 (STAID:   2010)
LATITUDE: dd:mm:ss +50:48:00
LONGITUDE: ddd:mm:ss +012:52:12
ELEVATION: m  418

DATA IS FOR INDEX Mean of daily mean temperature (TG) with unit 0.01 Temperature (&#176;C)

01-06 SOUID: Source identifier
08-11 YEAR : YYYY
13-20 ANNUAL DATA VALUES
21-28 WINTER HALF YEAR DATA VALUES
29-36 SUMMER HALF YEAR DATA VALUES
37-44 WINTER (DJF) DATA VALUES
45-52 SPRING (MAM) DATA VALUES
53-60 SUMMER (JJA) DATA VALUES
61-68 AUTUMN (SON) DATA VALUES
69-76 JANUARY DATA VALUES
etc. 
157-164 DECEMBER DATA VALUES

2010   1955 730     -999999 1301    -999999 533     1595    867     -173    -289    -42     617     1027    1439    1676    1666    1368    834     400     166     
2010   1956 639     50      1271    -362    607     1503    810     -68     -1241   138     477     1202    1352    1687    1465    1423    879     126     139     
2010   1957 847     354     1302    153     758     1663    856     -62     404     637     713     923     1663    1806    1521    1175    949     441     -25     
2010   1958 828     223     1391    17      601     1644    951     -85     178     -115    509     1406    1445    1728    1751    1483    960     409     220     
2010   1959 908     376     1452    45      975     1735    878     -39     -55     720     969     1237    1593    1867    1740    1289    906     437     165     
2010   1960 819     288     1335    1       761     1599    938     -89     -77     368     693     1220    1564    1563    1670    1282    939     594     73      
2010   1961 909     411     1427    104     912     1571    1106    -151    421     597     1149    997     1578    1521    1615    1710    1185    421     -145    
2010   1962 722     254     1285    -31     628     1502    859     142     -97     -6      911     989     1363    1506    1632    1302    961     312     -392    
2010   1963 733     -50     1438    -628    789     1691    1054    -874    -616    266     874     1231    1595    1810    1665    1443    903     822     -396    
2010   1964 800     146     1476    -278    732     1733    871     -318    -109    -19     858     1363    1776    1819    1606    1421    755     442     -4      
2010   1965 755     192     1305    -74     650     1553    787     84      -326    158     685     1107    1544    1570    1546    1369    887     101     249     
2010   1966 860     252     1410    74      851     1625    910     -425    433     283     973     1300    1705    1584    1588    1303    1180    239     138     
2010   1967 905     391     1409    108     841     1684    1045    -25     223     570     634     1312    1460    1886    1698    1439    1265    423     -79     
2010   1968 830     314     1407    -85     838     1651    948     -215    48      429     951     1138    1664    1618    1671    1395    1066    379     -204    
2010   1969 781     176     1412    -156    717     1664    1009    -45     -225    53      696     1401    1488    1848    1649    1370    1122    531     -588    
2010   1970 760     102     1352    -365    571     1683    941     -307    -183    25      580     1107    1693    1663    1693    1363    864     598     -27     
2010   1971 844     250     1418    -5      769     1683    799     -24     40      43      867     1400    1399    1765    1876    1177    916     301     301     
2010   1972 810     346     1321    75      831     1648    724     -278    212     617     696     1176    1518    1818    1603    1092    664     418     159     
2010   1973 803     267     1378    40      715     1672    842     -59     20      385     484     1268    1558    1694    1759    1484    745     301     -65     
2010   1974 894     367     1340    166     839     1566    824     305     269     633     779     1102    1380    1536    1776    1452    526     503     427     
2010   1975 918     408     1467    331     774     1736    938     421     125     421     675     1223    1462    1851    1885    1688    838     290     80      
2010   1976 825     227     1408    59      678     1702    926     5       94      45      705     1286    1613    1900    1591    1338    1007    429     -129    
2010   1977 848     369     1255    41      747     1577    924     19      254     627     519     1087    1532    1568    1630    1176    1139    449     130     
2010   1978 767     339     1247    -13     747     1508    849     -9      -175    455     648     1134    1448    1550    1523    1164    947     432     10      
2010   1979 783     186     1341    -225    759     1601    857     -499    -180    379     607     1285    1755    1440    1612    1335    911     323     361     
2010   1980 713     275     1250    49      575     1533    823     -417    215     257     479     985     1447    1465    1683    1429    823     218     -39     
2010   1981 805     227     1404    -133    921     1624    882     -256    -100    684     746     1328    1572    1637    1662    1464    822     363     -314    
2010   1982 928     194     1480    -169    758     1767    1157    -185    9       456     576     1238    1635    1857    1805    1754    1066    655     208     
2010   1983 911     412     1497    99      850     1814    918     330     -278    434     907     1210    1614    2017    1804    1412    938     402     56      
2010   1984 772     247     1247    -19     622     1521    953     45      -167    185     603     1076    1326    1526    1703    1227    1061    568     67      
2010   1985 750     172     1378    -308    804     1583    776     -572    -432    291     757     1363    1282    1733    1725    1386    916     22      434     
2010   1986 797     155     1373    -117    823     1642    926     -91     -757    310     644     1509    1520    1719    1683    1138    1000    639     125     
2010   1987 706     114     1332    -259    541     1560    962     -773    -116    -196    874     956     1414    1710    1551    1481    983     422     127     
2010   1988 885     355     1431    202     774     1668    868     346     127     115     805     1402    1432    1786    1780    1358    1006    235     191     
2010   1989 977     471     1439    278     951     1668    966     280     373     726     798     1323    1510    1738    1752    1496    1086    312     278     
2010   1990 947     532     1390    360     921     1704    892     218     609     692     707     1357    1556    1619    1934    1141    1099    429     -27     
2010   1991 819     349     1329    -44     713     1654    927     156     -285    661     635     840     1334    1867    1751    1530    858     397     -1      
2010   1992 925     327     1528    89      850     1889    837     25      252     425     764     1359    1701    1886    2080    1374    666     476     79      
2010   1993 834     -999999 1421    53      924     1572    703     198     -135    263     1037    1456    1483    1628    1603    1302    837     -36     249     
2010   1994 -999999 -999999 -999999 130     -999999 1847    934     203     -77     605     842     1223    1593    2135    1806    1372    767     669     328     
2010   1995 860     398     1411    214     755     1736    917     -82     415     303     776     1186    1348    2041    1816    1293    1240    206     -255    
2010   1996 680     115     1264    -273    619     1572    807     -326    -238    18      786     1060    1491    1496    1727    1006    975     436     -334    
2010   1997 867     287     1404    -81     773     1730    860     -222    357     520     502     1287    1542    1666    1977    1428    755     400     155     
2010   1998 895     390     1446    262     903     1662    760     225     421     389     971     1364    1682    1642    1662    1343    830     105     34      
2010   1999 -999999 -999999 1520    83      931     1692    1010    292     -105    521     854     1387    1467    1862    1739    1773    931     327     -999999 
2010   2000 1011    -999999 1534    -999999 1013    1714    1090    -50     349     435     1092    1515    1720    1535    1888    1444    1173    650     371     
2010   2001 -999999 -999999 -999999 233     816     1721    945     97      226     343     714     1369    1383    1833    1950    1158    1353    309     -159    
2010   2002 -999999 -999999 1505    112     926     1848    896     64      465     551     752     1420    1729    1860    1952    1317    807     567     -55     
2010   2003 -999999 -999999 1607    -144    945     1960    908     -132    -252    521     779     1477    1917    1887    2073    1486    584     684     205     
2010   2004 879     313     1433    78      813     1698    958     -136    171     372     963     1108    1501    1692    1895    1428    1071    372     93      
2010   2005 889     294     1471    5       854     1653    1059    128     -229    278     972     1315    1544    1816    1596    1570    1192    409     0       
2010   2006 962     206     1566    -162    757     1820    1258    -337    -148    94      862     1319    1641    2206    1608    1748    1280    746     452     
2010   2007 1005    658     1551    424     1090    1796    798     407     410     633     1146    1492    1802    1849    1738    1266    845     282     150     
2010   2008 -999999 409     1481    303     867     1807    -999999 364     402     405     755     1436    1742    1864    1817    1272    941     552     111     
2010   2009 -999999 -999999 -999999 -999999 1028    1739    -999999 -186    -999999 397     1304    1351    1429    1860    1908    1492    837     748     3       
2010   2010 -999999 -999999 -999999 -999999 -999999 1795    825     -999999 -999999 490     866     1065    1620    2052    1715    1221    810     445     -484    
2010   2011 -999999 214     -999999 -178    -999999 -999999 -999999 21      -59     530     1168    -999999 -999999 -999999 -999999 -999999 -999999 -999999 -999999 
