EUROPEAN CLIMATE ASSESSMENT & DATASET (ECA&D), file created on: 10-05-2011
THESE DATA CAN BE USED FREELY PROVIDED THAT THE FOLLOWING SOURCE IS ACKNOWLEDGED: 

Klein Tank, A.M.G. and Coauthors, 2002. Daily dataset of 20th-century surface
air temperature and precipitation series for the European Climate Assessment.
Int. J. of Climatol., 22, 1441-1453.
Data and metadata available at http://eca.knmi.nl

FILE FORMAT (MISSING VALUE CODE = -999999):

THIS FILE HOLDS DATA FOR STATION RUSSIAN FEDERATION                       KRASNOSHELYE                             (STAID:   1077)
LATITUDE: dd:mm:ss +67:22:12
LONGITUDE: ddd:mm:ss +037:01:48
ELEVATION: m  155

DATA IS FOR INDEX Mean of daily mean temperature (TG) with unit 0.01 Temperature (&#176;C)

01-06 SOUID: Source identifier
08-11 YEAR : YYYY
13-20 ANNUAL DATA VALUES
21-28 WINTER HALF YEAR DATA VALUES
29-36 SUMMER HALF YEAR DATA VALUES
37-44 WINTER (DJF) DATA VALUES
45-52 SPRING (MAM) DATA VALUES
53-60 SUMMER (JJA) DATA VALUES
61-68 AUTUMN (SON) DATA VALUES
69-76 JANUARY DATA VALUES
etc. 
157-164 DECEMBER DATA VALUES

1077   1995 -999999 -999999 -999999 -999999 -121    1079    -999999 -846    -976    -520    -200    371     1059    1140    1037    659     -63     -1129   -1333   
1077   1996 -999999 -999999 -999999 -1195   -404    -999999 -999999 -889    -1357   -841    -463    106     786     1163    1221    552     126     -271    -1128   
1077   1997 -999999 -999999 -999999 -1348   -381    1182    -70     -1558   -1360   -811    -614    232     999     1264    1289    726     -156    -802    -1118   
1077   1998 -999999 -999999 -999999 -999999 -511    1049    -159    -1463   -2374   -1079   -663    205     793     1435    906     531     25      -1023   -1470   
1077   1999 -999999 -999999 -999999 -1665   -390    1228    137     -2019   -1497   -822    -160    -182    1278    1433    979     769     295     -652    -938    
1077   2000 49      -752    -999999 -1136   -113    1245    245     -1270   -1204   -734    -57     473     1132    1526    1082    650     416     -324    -1061   
1077   2001 -106    -793    767     -1140   -449    1236    -34     -642    -1761   -1457   -123    244     1117    1494    1101    779     -101    -777    -1223   
1077   2002 -999999 -964    685     -1330   -261    1149    -305    -1571   -1191   -957    -175    352     1030    1446    974     496     -196    -1251   -1260   
1077   2003 3       -999999 731     -1337   -107    1160    168     -1892   -781    -537    -333    542     592     1642    1244    688     102     -299    -973    
1077   2004 -1      -751    780     -1190   -189    1265    -11     -1125   -1491   -738    -218    389     965     1663    1157    692     8       -733    -676    
1077   2005 -999999 -999999 -999999 -861    -381    1309    300     -751    -1179   -1243   -289    395     1115    1438    1368    728     249     -60     -848    
1077   2006 -999999 -999999 784     -1198   -213    1188    -21     -1240   -1516   -1168   -18     499     1244    1189    1132    630     -140    -577    -550    
1077   2007 -999999 -999999 -999999 -1123   12      1184    216     -941    -2011   -194    -97     324     866     1324    1365    672     427     -458    -297    
1077   2008 -999999 -999999 579     -663    -421    1065    108     -822    -878    -1038   -407    164     1018    1224    953     536     223     -440    -403    
1077   2009 -43     -999999 710     -974    -255    1089    169     -1160   -1395   -835    -370    438     905     1252    1105    905     -113    -275    -1105   
1077   2010 -94     -970    853     -1466   -168    1246    47      -1694   -1613   -1060   1       565     966     1697    1066    769     174     -806    -1297   
1077   2011 -999999 -991    -999999 -1576   -999999 -999999 -999999 -1511   -1955   -640    81      -999999 -999999 -999999 -999999 -999999 -999999 -999999 -999999 
