EUROPEAN CLIMATE ASSESSMENT & DATASET (ECA&D), file created on: 10-05-2011
THESE DATA CAN BE USED FREELY PROVIDED THAT THE FOLLOWING SOURCE IS ACKNOWLEDGED: 

Klein Tank, A.M.G. and Coauthors, 2002. Daily dataset of 20th-century surface
air temperature and precipitation series for the European Climate Assessment.
Int. J. of Climatol., 22, 1441-1453.
Data and metadata available at http://eca.knmi.nl

FILE FORMAT (MISSING VALUE CODE = -999999):

THIS FILE HOLDS DATA FOR STATION NORWAY                                   SVINOY                                   (STAID:   1050)
LATITUDE: dd:mm:ss +62:17:24
LONGITUDE: ddd:mm:ss +005:18:00
ELEVATION: m   38

DATA IS FOR INDEX Mean of daily mean temperature (TG) with unit 0.01 Temperature (&#176;C)

01-06 SOUID: Source identifier
08-11 YEAR : YYYY
13-20 ANNUAL DATA VALUES
21-28 WINTER HALF YEAR DATA VALUES
29-36 SUMMER HALF YEAR DATA VALUES
37-44 WINTER (DJF) DATA VALUES
45-52 SPRING (MAM) DATA VALUES
53-60 SUMMER (JJA) DATA VALUES
61-68 AUTUMN (SON) DATA VALUES
69-76 JANUARY DATA VALUES
etc. 
157-164 DECEMBER DATA VALUES

1050   1958 690     -999999 956     -999999 359     1143    1057    258     -1      101     373     603     932     1134    1358    1331    1035    806     303     
1050   1959 805     537     1037    268     642     1234    993     110     404     560     603     761     1019    1274    1402    1149    1023    804     519     
1050   1960 743     537     1045    308     605     1232    879     206     192     463     534     817     1065    1218    1409    1220    800     620     357     
1050   1961 770     486     997     370     541     1158    1035    298     465     377     471     773     1007    1203    1260    1262    1147    693     265     
1050   1962 646     475     883     319     383     1041    825     404     287     43      449     659     900     1018    1199    1064    915     494     301     
1050   1963 698     368     1003    149     549     1181    868     94      40      337     503     806     1052    1083    1405    1160    917     525     409     
1050   1964 716     499     925     375     589     1070    844     412     298     418     558     790     935     1131    1139    988     933     609     364     
1050   1965 684     458     961     307     519     1072    903     270     285     275     574     710     1047    1006    1161    1268    1042    393     161     
1050   1966 663     329     970     84      453     1233    804     98      -16     265     345     745     1226    1216    1256    1018    869     521     365     
1050   1967 749     460     1003    330     514     1179    965     241     390     370     393     775     985     1243    1302    1310    847     743     363     
1050   1968 697     443     998     258     465     1215    830     227     179     292     455     649     1168    1241    1236    1232    782     479     404     
1050   1969 713     372     1065    284     461     1349    791     392     30      118     533     735     1149    1273    1619    1066    955     344     287     
1050   1970 695     350     1006    195     445     1254    823     204     84      200     341     789     1164    1220    1374    1135    854     480     448     
1050   1971 736     471     992     420     526     1163    789     396     416     229     450     897     977     1219    1287    1110    830     426     566     
1050   1972 773     484     1019    395     619     1243    799     285     331     452     511     890     1136    1337    1253    974     898     523     663     
1050   1973 722     589     965     524     537     1204    741     561     330     533     317     753     1092    1295    1222    1097    705     422     303     
1050   1974 825     486     1070    440     638     1249    904     592     423     463     532     915     1186    1217    1341    1219    818     678     490     
1050   1975 776     552     982     474     518     1193    936     454     479     391     455     706     940     1187    1443    1147    950     711     430     
1050   1976 727     489     983     327     536     1228    865     167     387     289     380     935     1096    1265    1320    881     1008    702     281     
1050   1977 694     474     878     228     484     1090    864     214     185     433     341     672     941     1107    1218    974     1015    599     580     
1050   1978 669     495     953     325     511     1182    810     295     75      370     412     748     1112    1226    1206    1001    820     610     107     
1050   1979 643     331     918     102     439     1146    800     73      129     236     443     638     1059    1170    1206    987     861     549     333     
1050   1980 685     403     1022    255     465     1247    771     197     235     236     476     684     1171    1249    1319    1228    692     397     322     
1050   1981 671     355     992     255     551     1104    869     207     233     269     403     976     927     1176    1203    1254    832     522     20      
1050   1982 753     400     982     196     563     1183    906     128     465     444     448     794     915     1318    1308    1094    985     637     471     
1050   1983 721     529     971     377     567     1148    805     395     254     410     493     795     995     1242    1204    1085    813     516     418     
1050   1984 744     421     972     319     485     1175    938     183     358     236     480     739     1013    1199    1309    1080    948     786     589     
1050   1985 682     504     980     327     513     1212    782     164     218     299     407     830     964     1298    1365    998     1002    340     256     
1050   1986 679     363     936     131     546     1166    812     81      49      418     376     838     1034    1223    1236    889     865     678     412     
1050   1987 705     412     951     234     488     1123    945     63      225     217     594     656     915     1299    1150    1083    1079    669     484     
1050   1988 768     553     1050    433     506     1271    870     439     370     267     349     898     1032    1370    1403    1230    883     498     456     
1050   1989 809     556     1026    501     621     1203    908     584     458     445     604     814     1106    1242    1258    1122    884     718     453     
1050   1990 833     605     1049    518     609     1261    931     541     566     468     571     788     1127    1242    1408    1148    1009    633     478     
1050   1991 788     558     1025    399     584     1266    876     455     251     494     571     687     950     1389    1450    1086    895     647     532     
1050   1992 809     571     1098    490     608     1308    834     525     407     410     481     927     1367    1254    1305    1245    665     597     515     
1050   1993 708     491     952     426     604     1077    796     390     370     404     564     843     894     1120    1212    1066    740     584     290     
1050   1994 726     378     1009    221     478     1255    849     236     127     271     512     651     924     1407    1423    1123    727     703     558     
1050   1995 719     500     970     411     477     1171    923     381     282     337     363     728     990     1239    1277    1212    1015    538     234     
1050   1996 707     438     1010    257     515     1221    804     391     138     295     593     660     965     1155    1536    1142    952     313     318     
1050   1997 778     450     1060    359     443     1392    848     397     364     345     318     662     1071    1400    1694    1198    702     648     504     
1050   1998 753     499     996     458     530     1136    874     441     427     272     549     769     939     1208    1254    1248    824     552     535     
1050   1999 821     503     1117    408     604     1269    1076    373     306     413     585     814     1129    1364    1310    1498    967     765     302     
1050   2000 816     514     1016    353     600     1100    1117    415     342     289     558     950     981     1072    1243    1284    1164    902     573     
1050   2001 -999999 -999999 -999999 416     -999999 1186    977     513     117     258     508     718     939     1229    1388    1223    1140    555     417     
1050   2002 -999999 -999999 -999999 -999999 758     1492    784     502     363     391     759     1111    1436    1433    1613    1169    682     504     386     
1050   2003 -999999 -999999 -999999 361     676     -999999 938     297     407     523     625     889     1237    1628    1532    1224    746     841     505     
1050   2004 -999999 -999999 -999999 -999999 704     1291    -999999 436     399     527     737     852     1021    1309    1514    1298    1016    660     604     
1050   2005 -999999 -999999 -999999 -999999 610     -999999 1024    474     384     420     645     766     1028    1370    1269    1241    1076    760     506     
1050   2006 -999999 -999999 -999999 515     522     1406    1149    571     461     142     537     900     1096    1507    1585    1529    1094    821     797     
1050   2007 -999999 -999999 -999999 517     669     1281    870     443     299     625     600     779     1118    1396    1327    1037    990     593     573     
1050   2008 -999999 -999999 -999999 519     636     1391    982     460     524     372     633     903     1215    1438    1516    1367    925     657     522     
1050   2009 858     569     1163    444     740     1330    956     509     286     488     766     966     1167    1302    1506    1261    828     783     416     
1050   2010 -999999 439     -999999 225     528     1268    823     170     73      339     564     683     984     1352    1450    1270    931     311     82      
1050   2011 -999999 382     -999999 237     -999999 -999999 -999999 379     251     338     713     -999999 -999999 -999999 -999999 -999999 -999999 -999999 -999999 
