EUROPEAN CLIMATE ASSESSMENT & DATASET (ECA&D), file created on: 10-05-2011
THESE DATA CAN BE USED FREELY PROVIDED THAT THE FOLLOWING SOURCE IS ACKNOWLEDGED: 

Klein Tank, A.M.G. and Coauthors, 2002. Daily dataset of 20th-century surface
air temperature and precipitation series for the European Climate Assessment.
Int. J. of Climatol., 22, 1441-1453.
Data and metadata available at http://eca.knmi.nl

FILE FORMAT (MISSING VALUE CODE = -999999):

THIS FILE HOLDS DATA FOR STATION RUSSIAN FEDERATION                       SMOLENSK                                 (STAID:     97)
LATITUDE: dd:mm:ss +54:45:00
LONGITUDE: ddd:mm:ss +032:04:00
ELEVATION: m  239

DATA IS FOR INDEX Mean of daily mean temperature (TG) with unit 0.01 Temperature (&#176;C)

01-06 SOUID: Source identifier
08-11 YEAR : YYYY
13-20 ANNUAL DATA VALUES
21-28 WINTER HALF YEAR DATA VALUES
29-36 SUMMER HALF YEAR DATA VALUES
37-44 WINTER (DJF) DATA VALUES
45-52 SPRING (MAM) DATA VALUES
53-60 SUMMER (JJA) DATA VALUES
61-68 AUTUMN (SON) DATA VALUES
69-76 JANUARY DATA VALUES
etc. 
157-164 DECEMBER DATA VALUES

97     1944 -999999 -999999 -999999 -999999 -999999 1621    539     -999999 -510    -214    68      -999999 1438    1812    1608    1166    507     -55     -615    
97     1945 334     -403    1171    -786    227     1583    381     -965    -778    -539    331     891     1384    1735    1624    1036    277     -167    -889    
97     1946 399     -465    1333    -853    424     1741    214     -807    -864    -366    462     1177    1750    1733    1741    1117    28      -496    -769    
97     1947 358     -699    1270    -1061   319     1651    352     -1054   -1393   -570    447     1085    1668    1730    1554    1114    216     -270    -346    
97     1948 478     -406    1339    -650    515     1674    425     -593    -1034   -444    580     1412    1783    1623    1621    994     430     -148    -548    
97     1949 514     -303    1252    -556    421     1537    535     -445    -687    -454    329     1385    1519    1604    1487    1162    394     54      -264    
97     1950 412     -362    1218    -794    577     1403    494     -1638   -446    -266    862     1144    1377    1485    1347    1081    425     -22     -434    
97     1951 418     -435    1294    -857    377     1660    381     -1022   -1142   -470    660     949     1574    1672    1732    1158    269     -281    -189    
97     1952 369     -417    1172    -445    51      1556    422     -425    -738    -1156   413     909     1464    1623    1578    1024    387     -145    -534    
97     1953 397     -487    1272    -913    359     1701    426     -842    -1413   -453    490     1045    1738    1787    1580    973     573     -272    -572    
97     1954 401     -552    1314    -1110   380     1749    510     -1347   -1443   -326    173     1286    1811    1758    1680    1150    523     -143    -445    
97     1955 396     -327    1208    -596    131     1650    565     -675    -675    -577    38      929     1445    1720    1778    1314    652     -273    -998    
97     1956 258     -626    1129    -1210   216     1581    265     -906    -1763   -531    180     998     1882    1498    1374    829     466     -506    -510    
97     1957 498     -319    1235    -442    392     1551    489     -601    -190    -566    552     1193    1429    1707    1513    993     522     -48     -565    
97     1958 407     -354    1145    -648    243     1503    492     -700    -683    -674    176     1225    1398    1663    1444    934     579     -39     -517    
97     1959 470     -171    1285    -455    461     1762    262     -385    -463    -225    553     1056    1620    1969    1694    787     318     -322    -1030   
97     1960 472     -556    1267    -888    294     1710    395     -874    -750    -682    378     1188    1708    1882    1539    877     383     -74     39      
97     1961 520     -100    1244    -315    509     1643    486     -643    -343    16      427     1081    1726    1716    1488    1005    522     -71     -740    
97     1962 436     -340    1162    -600    367     1384    574     -401    -668    -703    602     1208    1261    1467    1420    994     630     96      -745    
97     1963 354     -564    1335    -1081   317     1630    586     -1499   -990    -898    288     1560    1301    1854    1725    1242    542     -24     -938    
97     1964 443     -509    1292    -955    239     1730    531     -784    -1156   -720    384     1057    1905    1845    1445    1100    653     -163    -313    
97     1965 324     -371    1116    -743    151     1503    350     -908    -1035   -515    132     834     1483    1561    1464    1173    414     -538    -285    
97     1966 507     -362    1360    -662    709     1676    465     -889    -830    -71     765     1435    1602    1801    1622    910     606     -128    -836    
97     1967 470     -477    1350    -1108   650     1621    725     -1498   -976    -68     473     1539    1550    1691    1619    1204    861     106     -958    
97     1968 377     -467    1289    -1166   463     1639    395     -1587   -940    -295    547     1141    1701    1501    1718    1111    356     -281    -478    
97     1969 299     -624    1199    -1045   287     1551    536     -1534   -1130   -715    436     1145    1422    1689    1537    940     451     219     -945    
97     1970 447     -419    1290    -981    477     1644    478     -1047   -947    -275    432     1273    1569    1805    1556    1082    410     -56     -527    
97     1971 470     -326    1243    -598    353     1610    431     -518    -766    -530    318     1271    1555    1632    1641    1013    393     -112    -346    
97     1972 532     -406    1408    -826    500     1875    493     -1468   -651    -258    521     1238    1797    1996    1830    1037    424     21      -134    
97     1973 460     -202    1247    -492    546     1628    282     -995    -330    -203    651     1194    1618    1762    1503    732     311     -198    -572    
97     1974 549     -276    1178    -577    382     1545    694     -940    -181    -63     326     880     1495    1613    1524    1215    763     102     -186    
97     1975 649     -10     1456    -320    793     1669    486     -312    -478    6       788     1585    1625    1763    1617    1337    442     -321    -346    
97     1976 310     -482    1139    -882    368     1439    306     -1153   -1164   -389    487     1010    1287    1621    1404    1002    -44     -29     -355    
97     1977 453     -380    1259    -673    580     1566    464     -1062   -594    -206    639     1309    1587    1668    1444    884     394     116     -794    
97     1978 368     -351    1138    -861    488     1466    523     -853    -943    -70     451     1081    1353    1541    1500    880     378     315     -1290   
97     1979 473     -438    1309    -1070   567     1628    428     -944    -965    -151    347     1499    1794    1476    1620    1095    310     -118    -386    
97     1980 367     -479    1195    -792    180     1601    486     -1143   -850    -698    507     740     1681    1664    1461    1109    558     -212    -437    
97     1981 553     -279    1343    -571    449     1761    550     -708    -567    -331    295     1378    1786    1942    1556    1070    677     -101    -445    
97     1982 530     -264    1237    -701    502     1548    621     -851    -819    -93     458     1140    1339    1677    1621    1166    514     188     -78     
97     1983 612     -87     1397    -347    730     1583    551     -321    -673    -199    853     1541    1477    1660    1609    1222    580     -150    -346    
97     1984 481     -266    1304    -590    643     1478    546     -445    -1005   -274    773     1435    1369    1551    1511    1168    683     -218    -828    
97     1985 346     -588    1253    -1193   422     1617    405     -1237   -1548   -460    425     1301    1490    1559    1798    913     638     -343    -537    
97     1986 464     -391    1317    -848    630     1684    406     -648    -1414   -139    662     1367    1708    1727    1618    793     401     25      -665    
97     1987 287     -549    1136    -1019   224     1509    385     -1744   -607    -692    209     1155    1581    1578    1370    899     395     -140    -605    
97     1988 512     -287    1371    -627    578     1756    354     -708    -565    -113    438     1405    1735    1979    1553    1090    412     -442    -682    
97     1989 695     -117    1414    -301    760     1714    502     -164    -32     202     728     1350    1818    1741    1585    1250    528     -272    -444    
97     1990 630     -43     1223    -262    714     1508    528     -351    39      245     806     1094    1421    1559    1540    898     564     122     -407    
97     1991 577     -168    1310    -516    489     1683    614     -456    -702    -171    599     1042    1650    1787    1612    1153    622     68      -365    
97     1992 558     -54     1317    -379    559     1715    352     -405    -364    102     404     1166    1574    1772    1793    1167    188     -293    -449    
97     1993 453     -261    1189    -429    616     1440    109     -435    -401    -192    583     1455    1344    1555    1417    749     404     -837    -289    
97     1994 487     -383    1321    -543    470     1621    535     -292    -1103   -268    690     995     1404    1857    1594    1367    417     -174    -754    
97     1995 583     -194    1381    -500    684     1709    482     -597    -113    65      746     1244    1840    1688    1603    1153    593     -303    -954    
97     1996 487     -516    1346    -985    580     1645    630     -1009   -991    -453    706     1491    1535    1676    1720    922     556     414     -765    
97     1997 492     -159    1235    -609    428     1716    412     -671    -370    -120    318     1083    1650    1791    1705    835     376     26      -772    
97     1998 488     -219    1290    -523    528     1623    279     -358    -431    -171    526     1230    1774    1669    1430    1097    473     -738    -710    
97     1999 643     -353    1443    -606    597     1865    525     -472    -638    -72     940     935     2013    2012    1574    1179    651     -259    -232    
97     2000 634     -143    1319    -384    666     1604    606     -639    -273    -121    1020    1109    1509    1702    1599    963     681     173     -135    
97     2001 575     -92     1444    -400    614     1826    554     -411    -682    -229    963     1118    1542    2234    1692    1090    617     -49     -1068   
97     2002 620     -138    1451    -549    771     1829    422     -461    -72     217     774     1322    1616    2096    1768    1104    252     -84     -1129   
97     2003 534     -456    1301    -903    554     1609    547     -718    -858    -227    382     1501    1335    1943    1539    1071    439     134     -245    
97     2004 557     -162    1290    -526    555     1645    526     -679    -662    22      571     1072    1418    1742    1766    1146    601     -172    -190    
97     2005 572     -240    1377    -432    480     1640    655     -298    -848    -591    711     1327    1449    1816    1649    1288    631     47      -412    
97     2006 558     -365    1349    -822    433     1690    716     -939    -1148   -434    583     1155    1664    1775    1630    1271    720     118     136     
97     2007 660     -999999 1392    -338    804     1738    527     -130    -1075   430     539     1436    1717    1665    1833    1138    633     -193    -216    
97     2008 668     -53     1328    -290    675     1645    652     -488    -156    89      886     1057    1465    1765    1698    1079    811     59      -281    
97     2009 615     -71     1343    -409    578     1608    742     -498    -455    -109    661     1206    1547    1751    1525    1351    569     299     -557    
97     2010 -999999 -999999 -999999 -839    715     2069    622     -1307   -659    -214    808     1582    1833    2297    2086    1154    414     323     -774    
97     2011 -999999 -999999 -999999 -819    -999999 -999999 -999999 -655    -1038   -204    669     -999999 -999999 -999999 -999999 -999999 -999999 -999999 -999999 
