EUROPEAN CLIMATE ASSESSMENT & DATASET (ECA&D), file created on: 10-05-2011
THESE DATA CAN BE USED FREELY PROVIDED THAT THE FOLLOWING SOURCE IS ACKNOWLEDGED: 

Klein Tank, A.M.G. and Coauthors, 2002. Daily dataset of 20th-century surface
air temperature and precipitation series for the European Climate Assessment.
Int. J. of Climatol., 22, 1441-1453.
Data and metadata available at http://eca.knmi.nl

FILE FORMAT (MISSING VALUE CODE = -999999):

THIS FILE HOLDS DATA FOR STATION UNITED KINGDOM                           NEWTON RIGG                              (STAID:   1804)
LATITUDE: dd:mm:ss +54:40:12
LONGITUDE: ddd:mm:ss -002:47:09
ELEVATION: m  169

DATA IS FOR INDEX Mean of daily mean temperature (TG) with unit 0.01 Temperature (&#176;C)

01-06 SOUID: Source identifier
08-11 YEAR : YYYY
13-20 ANNUAL DATA VALUES
21-28 WINTER HALF YEAR DATA VALUES
29-36 SUMMER HALF YEAR DATA VALUES
37-44 WINTER (DJF) DATA VALUES
45-52 SPRING (MAM) DATA VALUES
53-60 SUMMER (JJA) DATA VALUES
61-68 AUTUMN (SON) DATA VALUES
69-76 JANUARY DATA VALUES
etc. 
157-164 DECEMBER DATA VALUES

1804   1960 -999999 -999999 -999999 -999999 -999999 1383    866     232     183     485     787     1143    1460    1367    1325    1152    912     519     216     
1804   1961 -999999 -999999 -999999 -999999 872     -999999 -999999 183     554     757     869     982     1231    1296    1289    1327    946     516     -31     
1804   1962 -999999 -999999 -999999 -999999 584     1255    -999999 286     346     162     656     938     1188    1308    1266    1130    889     355     122     
1804   1963 -999999 -999999 -999999 -999999 715     -999999 -999999 -123    -192    502     726     918     1351    -999999 1270    1122    945     590     191     
1804   1964 -999999 -999999 -999999 -999999 -999999 1334    -999999 336     324     331     756     1131    1219    1422    1359    1209    781     618     208     
1804   1965 -999999 -999999 -999999 -999999 700     1315    -999999 143     264     388     682     1020    1317    1298    1325    1081    962     -999999 302     
1804   1966 -999999 -999999 -999999 -999999 690     1341    851     164     352     571     506     974     1390    1343    1288    1264    821     467     -999999 
1804   1967 -999999 -999999 -999999 -999999 679     1371    825     328     -999999 550     655     832     1312    1417    1383    1165    911     415     294     
1804   1968 -999999 -999999 -999999 -999999 673     -999999 -999999 320     37      511     692     813     1378    1338    -999999 1183    1071    -999999 179     
1804   1969 -999999 -999999 -999999 -999999 569     1414    -999999 355     -999999 180     576     950     1242    1491    1500    1224    1190    283     150     
1804   1970 -999999 -999999 -999999 -999999 641     1428    -999999 133     113     260     494     1153    1488    1332    1457    1272    924     538     323     
1804   1971 -999999 -999999 -999999 -999999 730     1324    -999999 357     -999999 418     708     1031    1082    1494    1396    1283    1044    -999999 564     
1804   1972 -999999 -999999 -999999 -999999 740     1282    -999999 297     315     569     724     941     1062    1447    1336    1016    938     412     413     
1804   1973 -999999 -999999 -999999 -999999 709     -999999 -999999 251     -999999 543     562     1012    1366    1432    1432    1231    744     372     293     
1804   1974 -999999 -999999 -999999 -999999 735     1316    -999999 457     -999999 475     702     1001    1230    1349    1367    1054    633     506     608     
1804   1975 -999999 -999999 -999999 -999999 612     1528    -999999 517     -999999 341     706     799     1338    1539    1693    1147    876     -999999 414     
1804   1976 -999999 -999999 -999999 -999999 -999999 -999999 -999999 -999999 393     352     692     1004    1459    -999999 1593    1148    934     467     17      
1804   1977 -999999 -999999 -999999 -999999 -999999 1356    -999999 -999999 -999999 575     599     920     1186    1483    1400    1131    1095    465     447     
1804   1978 -999999 -999999 -999999 -999999 743     1327    -999999 149     63      554     572     1099    1255    1342    1379    1263    1086    747     -999999 
1804   1979 -999999 -999999 -999999 -999999 -999999 -999999 -999999 -185    58      314     599     840     1333    1414    -999999 1150    973     485     404     
1804   1980 -999999 -999999 -999999 -999999 704     -999999 -999999 60      413     280     780     1002    1197    1343    -999999 1288    689     539     -999999 
1804   1981 -999999 -999999 -999999 -999999 -999999 -999999 -999999 305     167     583     660     1062    1192    1410    1449    1312    601     650     -179    
1804   1982 -999999 -999999 -999999 -999999 785     -999999 -999999 147     -999999 525     805     1028    1367    1519    1447    1246    890     608     -999999 
1804   1983 -999999 -999999 -999999 -999999 650     -999999 -999999 525     106     522     526     898     1275    -999999 -999999 -999999 -999999 -999999 -999999 
1804   1984 -999999 -999999 -999999 -999999 -999999 -999999 -999999 -999999 288     401     764     910     -999999 -999999 -999999 1124    979     659     416     
1804   1985 -999999 -999999 -999999 -999999 661     -999999 -999999 27      -999999 363     681     971     -999999 -999999 -999999 1289    964     -999999 -999999 
1804   1986 -999999 -999999 -999999 -999999 -999999 -999999 -999999 -999999 -999999 -999999 504     -999999 -999999 -999999 -999999 -999999 -999999 674     459     
1804   1987 -999999 -999999 -999999 -999999 -999999 -999999 -999999 -999999 -999999 -999999 -999999 -999999 -999999 -999999 -999999 -999999 -999999 -999999 -999999 
1804   1988 -999999 -999999 -999999 -999999 -999999 1402    -999999 -999999 -999999 -999999 -999999 1071    1415    1373    1417    -999999 -999999 -999999 -999999 
1804   1989 -999999 -999999 -999999 -999999 769     1479    945     -999999 510     561     574     1157    1309    1676    1458    1228    1054    519     199     
1804   1990 -999999 -999999 -999999 -999999 -999999 1453    -999999 483     -999999 729     672     1167    1240    1497    1611    1098    996     543     317     
1804   1991 -999999 -999999 -999999 -999999 793     -999999 -999999 151     125     681     680     1015    1134    1666    -999999 -999999 847     499     381     
1804   1992 -999999 -999999 -999999 -999999 -999999 1417    -999999 -999999 489     -999999 -999999 1255    1471    1460    1332    1173    591     534     178     
1804   1993 -999999 -999999 -999999 -999999 -999999 1348    685     420     470     -999999 846     983     1380    1380    1289    1096    661     301     -999999 
1804   1994 -999999 -999999 -999999 -999999 726     1370    -999999 358     -999999 553     663     940     1202    1537    1345    1068    845     790     -999999 
1804   1995 -999999 -999999 -999999 -999999 -999999 1548    -999999 297     -999999 353     737     1007    1292    1640    1708    1216    1129    600     80      
1804   1996 -999999 -999999 -999999 -999999 621     1394    -999999 -999999 171     362     713     782     1231    1451    1495    1212    988     322     -999999 
1804   1997 -999999 -999999 -999999 -999999 -999999 1466    -999999 154     512     683     763     998     1259    1522    1606    1190    847     703     458     
1804   1998 -999999 -999999 -999999 -999999 842     1342    -999999 323     -999999 651     651     1205    1239    1380    1404    1308    836     441     -999999 
1804   1999 -999999 -999999 -999999 -999999 846     1400    -999999 -999999 -999999 595     802     1130    1218    1583    1386    1330    901     638     -999999 
1804   2000 -999999 -999999 -999999 -999999 798     1366    -999999 375     486     669     668     1058    -999999 1400    1424    1285    845     549     444     
1804   2001 -999999 -999999 -999999 -999999 -999999 1403    974     198     231     -999999 610     1094    1225    1535    1448    1138    1163    568     168     
1804   2002 -999999 -999999 -999999 -999999 777     1375    903     426     -999999 603     738     995     1243    1336    1548    1260    760     666     396     
1804   2003 -999999 -999999 -999999 -999999 849     1529    885     288     313     626     856     1066    1401    1600    1584    1235    732     680     328     
1804   2004 -999999 -999999 -999999 -999999 823     1450    -999999 387     337     523     852     1107    1342    1422    1575    1264    882     -999999 486     
1804   2005 -999999 -999999 -999999 477     -999999 -999999 947     543     394     653     -999999 -999999 -999999 1491    1415    1291    1101    445     346     
1804   2006 933     488     1309    335     718     1527    1102    309     353     357     721     1076    1429    1737    1412    1472    1108    726     464     
1804   2007 913     658     1217    499     874     1365    941     572     458     601     977     1047    1345    1398    1351    1178    943     702     364     
1804   2008 863     580     1208    449     770     1411    854     495     492     481     653     1173    1218    1522    1485    1180    795     587     256     
1804   2009 -999999 472     -999999 289     813     -999999 -999999 261     356     571     834     1034    1305    -999999 -999999 -999999 -999999 -999999 -999999 
