EUROPEAN CLIMATE ASSESSMENT & DATASET (ECA&D), file created on: 10-05-2011
THESE DATA CAN BE USED FREELY PROVIDED THAT THE FOLLOWING SOURCE IS ACKNOWLEDGED: 

Klein Tank, A.M.G. and Coauthors, 2002. Daily dataset of 20th-century surface
air temperature and precipitation series for the European Climate Assessment.
Int. J. of Climatol., 22, 1441-1453.
Data and metadata available at http://eca.knmi.nl

FILE FORMAT (MISSING VALUE CODE = -999999):

THIS FILE HOLDS DATA FOR STATION RUSSIAN FEDERATION                       LUKOJANOV                                (STAID:   1231)
LATITUDE: dd:mm:ss +55:00:00
LONGITUDE: ddd:mm:ss +044:30:00
ELEVATION: m  219

DATA IS FOR INDEX Mean of daily mean temperature (TG) with unit 0.01 Temperature (&#176;C)

01-06 SOUID: Source identifier
08-11 YEAR : YYYY
13-20 ANNUAL DATA VALUES
21-28 WINTER HALF YEAR DATA VALUES
29-36 SUMMER HALF YEAR DATA VALUES
37-44 WINTER (DJF) DATA VALUES
45-52 SPRING (MAM) DATA VALUES
53-60 SUMMER (JJA) DATA VALUES
61-68 AUTUMN (SON) DATA VALUES
69-76 JANUARY DATA VALUES
etc. 
157-164 DECEMBER DATA VALUES

1231   1995 -999999 -999999 -999999 -999999 794     1821    -999999 -875    -366    -150    1013    1571    1960    1839    1674    1398    564     -260    -1087   
1231   1996 -999999 -999999 -999999 -999999 443     1795    -999999 -1435   -1212   -646    372     1637    1754    1945    1676    988     376     202     -940    
1231   1997 -999999 -999999 -999999 -1048   -999999 1805    -999999 -1341   -838    -363    -999999 1136    1900    1845    1670    956     342     -376    -1042   
1231   1998 -999999 -999999 -999999 -999999 -999999 -999999 -999999 -925    -1142   -206    226     1382    2050    1972    1609    1117    494     -926    -791    
1231   1999 -999999 -999999 -999999 -718    452     1887    -999999 -628    -736    -421    889     874     1922    2132    1623    1120    634     -839    -454    
1231   2000 -999999 -999999 -999999 -999999 554     -999999 462     -788    -566    -230    939     903     1684    2045    1699    990     601     -274    -623    
1231   2001 -999999 -999999 -999999 -999999 620     1809    465     -542    -999999 -296    943     1256    1617    2199    1629    1250    258     -107    -1238   
1231   2002 -999999 -999999 -999999 -999999 563     1792    453     -784    -201    41      590     1021    1615    2232    1522    1206    316     -154    -1696   
1231   2003 -999999 -999999 -999999 -999999 439     1696    561     -970    -1098   -505    474     1414    1262    2026    1796    1173    534     -64     -433    
1231   2004 -999999 -999999 -999999 -999999 539     1784    556     -817    -1007   -8      318     1288    1587    1952    1816    1283    494     -186    -640    
1231   2005 -999999 -999999 -999999 -999999 487     1769    653     -575    -1057   -826    600     1617    1654    1864    1786    1310    648     66      -537    
1231   2006 -999999 -999999 1403    -1161   430     1781    538     -1435   -1503   -496    530     1229    1881    1691    1774    1295    490     -194    -205    
1231   2007 -999999 -999999 -999999 -597    749     1886    -999999 -329    -1284   137     513     1563    1574    1869    2204    1229    611     -383    -817    
1231   2008 -999999 -999999 -999999 -806    730     1777    652     -1048   -536    95      943     1165    1510    1959    1846    1008    830     101     -403    
1231   2009 -999999 -999999 -999999 -999999 515     1795    655     -878    -688    -243    392     1343    1826    1938    1627    1464    571     -65     -920    
1231   2010 -999999 -999999 -999999 -1241   647     2311    592     -1694   -1091   -363    671     1701    2079    2602    2256    1279    332     163     -879    
1231   2011 -999999 -999999 -999999 -999999 -999999 -999999 -999999 -1109   -1565   -523    453     -999999 -999999 -999999 -999999 -999999 -999999 -999999 -999999 
