EUROPEAN CLIMATE ASSESSMENT & DATASET (ECA&D), file created on: 10-05-2011
THESE DATA CAN BE USED FREELY PROVIDED THAT THE FOLLOWING SOURCE IS ACKNOWLEDGED: 

Klein Tank, A.M.G. and Coauthors, 2002. Daily dataset of 20th-century surface
air temperature and precipitation series for the European Climate Assessment.
Int. J. of Climatol., 22, 1441-1453.
Data and metadata available at http://eca.knmi.nl

FILE FORMAT (MISSING VALUE CODE = -999999):

THIS FILE HOLDS DATA FOR STATION FRANCE                                   ALENCON                                  (STAID:    740)
LATITUDE: dd:mm:ss +48:27:00
LONGITUDE: ddd:mm:ss +000:06:36
ELEVATION: m  144

DATA IS FOR INDEX Mean of daily mean temperature (TG) with unit 0.01 Temperature (&#176;C)

01-06 SOUID: Source identifier
08-11 YEAR : YYYY
13-20 ANNUAL DATA VALUES
21-28 WINTER HALF YEAR DATA VALUES
29-36 SUMMER HALF YEAR DATA VALUES
37-44 WINTER (DJF) DATA VALUES
45-52 SPRING (MAM) DATA VALUES
53-60 SUMMER (JJA) DATA VALUES
61-68 AUTUMN (SON) DATA VALUES
69-76 JANUARY DATA VALUES
etc. 
157-164 DECEMBER DATA VALUES

740    1958 1043    -999999 1443    -999999 858     1636    1132    458     632     479     781     1312    1465    1706    1730    1649    1123    623     526     
740    1959 1142    651     1576    439     1057    1787    1232    322     474     819     983     1367    1572    1938    1844    1738    1233    724     641     
740    1960 1054    704     1455    467     1077    1652    1114    331     428     850     963     1414    1700    1604    1652    1386    1100    857     351     
740    1961 1112    713     1517    495     1069    1650    1186    387     775     816     1181    1213    1539    1692    1715    1763    1148    648     457     
740    1962 959     592     1379    462     784     1622    1059    514     409     359     888     1108    1500    1681    1682    1405    1158    612     163     
740    1963 906     370     1399    -79     918     1594    1182    -221    -191    651     932     1173    1552    1714    1516    1498    1118    931     135     
740    1964 1018    556     1515    238     965     1699    1101    77      519     566     906     1421    1552    1776    1764    1659    950     700     323     
740    1965 998     554     1380    305     969     1593    1015    383     198     739     892     1274    1561    1597    1619    1323    1114    604     607     
740    1966 1086    679     1484    553     1003    1657    1102    239     841     680     1095    1235    1699    1637    1636    1600    1177    528     656     
740    1967 1050    685     1432    551     933     1690    1116    397     604     732     865     1198    1493    1862    1709    1448    1257    639     361     
740    1968 1025    630     1424    392     925     1658    1144    465     348     695     956     1125    1572    1695    1705    1483    1329    614     287     
740    1969 1070    635     1507    383     973     1732    1201    585     265     695     946     1277    1516    1873    1801    1616    1283    701     223     
740    1970 1053    608     1493    380     885     1733    1195    462     463     505     790     1356    1763    1655    1780    1604    1117    865     248     
740    1971 1034    576     1503    348     938     1700    1069    348     459     420     1028    1370    1472    1887    1732    1510    1103    592     451     
740    1972 1016    660     1348    465     984     1566    1027    367     585     855     935     1160    1334    1757    1600    1286    1068    724     496     
740    1973 1041    604     1506    401     893     1769    1110    343     361     613     775     1286    1623    1727    1953    1656    1046    629     425     
740    1974 1066    682     1410    556     945     1671    970     665     579     736     966     1132    1564    1657    1787    1340    800     776     756     
740    1975 1057    700     1491    692     880     1784    1038    696     615     550     926     1167    1550    1806    1987    1491    952     673     246     
740    1976 1132    575     1640    398     968     2020    1119    464     491     619     899     1384    2017    2061    1981    1480    1212    663     286     
740    1977 1069    683     1373    452     957     1610    1131    389     706     842     815     1208    1435    1758    1631    1373    1290    725     623     
740    1978 1019    694     1387    455     966     1562    1112    340     397     764     798     1330    1463    1661    1560    1500    1172    661     536     
740    1979 1000    560     1409    284     888     1644    1144    -34     357     649     846     1169    1558    1743    1628    1501    1237    691     617     
740    1980 999     662     1428    477     894     1635    1058    166     661     599     906     1176    1501    1613    1788    1575    1054    544     394     
740    1981 1086    637     1483    401     1075    1693    1147    488     313     994     998     1230    1497    1725    1851    1583    1086    773     432     
740    1982 1127    671     1561    485     990     1802    1198    490     539     697     904     1365    1793    1899    1714    1685    1089    822     496     
740    1983 1073    660     1510    452     851     1882    1119    600     239     680     787     1083    1681    2136    1822    1534    1112    710     428     
740    1984 1029    607     1408    430     808     1693    1174    472     387     520     905     1002    1561    1755    1759    1454    1150    919     450     
740    1985 960     550     1430    228     904     1596    1054    -70     310     530     958     1226    1422    1772    1587    1606    1113    442     583     
740    1986 988     505     1375    299     819     1689    1140    455     -189    555     654     1242    1703    1753    1610    1272    1334    807     566     
740    1987 1005    575     1492    258     916     1669    1187    -167    388     514     1133    1109    1469    1770    1761    1704    1180    678     493     
740    1988 1116    713     1492    561     1043    1672    1120    683     504     724     1023    1381    1586    1648    1779    1523    1222    613     678     
740    1989 1154    739     1559    548     1081    1811    1212    415     551     930     765     1537    1646    1982    1799    1604    1341    687     531     
740    1990 1161    802     1546    646     1070    1800    1174    557     871     826     893     1485    1447    1920    2021    1484    1322    710     361     
740    1991 1029    643     1477    296     968     1718    1133    409     99      908     858     1134    1376    1798    1968    1714    1041    648     322     
740    1992 1071    592     1513    370     1018    1775    1074    312     484     742     865     1442    1622    1824    1876    1428    903     897     432     
740    1993 1029    657     1444    487     1013    1642    891     662     353     672     1053    1316    1622    1639    1664    1361    945     365     640     
740    1994 1170    665     1520    593     1030    1832    1203    597     536     884     885     1316    1633    2033    1825    1409    1153    1049    671     
740    1995 1148    812     1547    666     963     1881    1184    522     821     662     937     1288    1530    2059    2042    1404    1393    747     337     
740    1996 1015    659     1442    387     885     1749    1078    513     305     638     948     1070    1644    1784    1815    1382    1191    656     202     
740    1997 1137    625     1551    317     1059    1830    1198    95      691     923     925     1325    1553    1768    2161    1552    1156    886     578     
740    1998 1095    749     1503    547     1061    1678    1093    496     569     796     899     1484    1574    1657    1800    1587    1163    527     541     
740    1999 1175    707     1614    567     1113    1819    1182    630     527     831     1033    1471    1561    1996    1891    1714    1178    655     556     
740    2000 1148    709     1539    561     1027    1756    1187    436     701     725     918     1435    1705    1680    1881    1602    1166    793     723     
740    2001 1143    773     1540    598     1075    1822    1198    497     571     867     906     1447    1618    1892    1950    1403    1499    681     332     
740    2002 1181    791     1512    567     1056    1748    1212    610     781     838     1024    1304    1677    1762    1802    1494    1225    916     719     
740    2003 1196    774     1706    496     1160    2057    1143    333     429     996     1111    1371    1979    1939    2244    1592    973     870     516     
740    2004 -999999 679     -999999 531     955     -999999 1224    542     535     635     978     1253    -999999 1789    1915    1652    1230    789     386     
740    2005 1157    674     1611    432     1038    1855    1297    557     343     710     1040    1365    1837    1936    1792    1686    1523    673     366     
740    2006 1192    651     1685    354     1013    1943    1394    356     339     620     979     1440    1810    2261    1755    1852    1454    875     513     
740    2007 -999999 847     -999999 665     1202    1717    1084    692     803     763     1386    1503    1679    1755    1716    1421    1108    723     477     
740    2008 1117    717     1531    588     1083    1760    1069    636     654     723     951     1571    1673    1799    1805    1365    1028    814     363     
740    2009 1137    587     1613    316     1082    1828    1297    155     442     729     1115    1403    1705    1865    1911    1665    1233    996     386     
740    2010 1035    -999999 1549    297     979     1836    1103    104     414     675     1029    1232    1726    2027    1752    1507    1147    653     91      
740    2011 -999999 640     -999999 390     -999999 -999999 -999999 433     674     846     1319    -999999 -999999 -999999 -999999 -999999 -999999 -999999 -999999 
