EUROPEAN CLIMATE ASSESSMENT & DATASET (ECA&D), file created on: 10-05-2011
THESE DATA CAN BE USED FREELY PROVIDED THAT THE FOLLOWING SOURCE IS ACKNOWLEDGED: 

Klein Tank, A.M.G. and Coauthors, 2002. Daily dataset of 20th-century surface
air temperature and precipitation series for the European Climate Assessment.
Int. J. of Climatol., 22, 1441-1453.
Data and metadata available at http://eca.knmi.nl

FILE FORMAT (MISSING VALUE CODE = -999999):

THIS FILE HOLDS DATA FOR STATION UNITED KINGDOM                           AUCHINCRUIVE                             (STAID:   1800)
LATITUDE: dd:mm:ss +55:28:36
LONGITUDE: ddd:mm:ss -004:33:57
ELEVATION: m   48

DATA IS FOR INDEX Mean of daily mean temperature (TG) with unit 0.01 Temperature (&#176;C)

01-06 SOUID: Source identifier
08-11 YEAR : YYYY
13-20 ANNUAL DATA VALUES
21-28 WINTER HALF YEAR DATA VALUES
29-36 SUMMER HALF YEAR DATA VALUES
37-44 WINTER (DJF) DATA VALUES
45-52 SPRING (MAM) DATA VALUES
53-60 SUMMER (JJA) DATA VALUES
61-68 AUTUMN (SON) DATA VALUES
69-76 JANUARY DATA VALUES
etc. 
157-164 DECEMBER DATA VALUES

1800   1960 -999999 -999999 1256    -999999 905     1425    920     364     239     594     864     1216    1455    1416    1405    1176    965     598     282     
1800   1961 -999999 -999999 -999999 -999999 889     1289    -999999 310     634     796     861     1001    1251    1276    1338    1309    992     534     214     
1800   1962 -999999 -999999 -999999 -999999 627     1274    910     395     460     245     704     934     1218    1317    1284    1125    1041    562     359     
1800   1963 -999999 -999999 1158    125     762     1348    945     -16     30      562     781     930     1390    1365    1292    1189    1022    628     307     
1800   1964 -999999 -999999 -999999 406     806     1316    933     474     435     455     816     1171    1208    1375    1355    1250    837     690     349     
1800   1965 -999999 -999999 -999999 -999999 740     1288    -999999 250     258     480     718     1021    1301    1237    1327    1139    980     324     376     
1800   1966 -999999 -999999 -999999 343     753     1334    865     268     387     649     598     987     1354    1364    1281    1286    841     465     467     
1800   1967 -999999 -999999 -999999 -999999 -999999 1362    911     435     -999999 566     657     856     1268    1414    1403    1238    935     572     419     
1800   1968 -999999 -999999 -999999 -999999 713     1352    -999999 426     172     513     783     847     1329    1313    1412    1236    1112    525     290     
1800   1969 -999999 -999999 -999999 -999999 646     1428    988     451     124     243     672     995     1287    1465    1524    1272    1231    383     347     
1800   1970 -999999 -999999 -999999 -999999 679     1420    -999999 317     193     367     585     1096    1505    1274    1480    1290    988     648     443     
1800   1971 -999999 -999999 -999999 -999999 771     1341    -999999 453     -999999 494     746     1064    1139    1463    1416    1324    1059    548     678     
1800   1972 -999999 -999999 -999999 489     767     1265    -999999 386     389     574     748     972     1076    1409    1309    1056    985     509     589     
1800   1973 -999999 -999999 -999999 -999999 729     -999999 -999999 453     -999999 605     621     977     1310    1412    1425    1212    859     538     462     
1800   1974 -999999 -999999 -999999 -999999 805     1339    785     578     532     538     819     1041    1261    1343    1409    1094    692     558     695     
1800   1975 -999999 -999999 -999999 -999999 692     1493    920     598     477     441     773     872     1323    1524    1637    1176    981     604     577     
1800   1976 -999999 -999999 -999999 -999999 766     1560    -999999 490     479     481     782     1036    1443    1674    1561    1226    948     629     149     
1800   1977 -999999 -999999 -999999 -999999 768     1390    964     226     387     643     661     984     1210    1533    1421    1181    1152    538     589     
1800   1978 -999999 -999999 -999999 383     798     1322    -999999 299     240     621     625     1135    1242    1344    1373    1274    1168    788     311     
1800   1979 -999999 -999999 -999999 -999999 628     -999999 -999999 -1      162     373     659     836     1293    1365    1315    1181    1060    612     -999999 
1800   1980 -999999 -999999 -999999 -999999 791     1337    926     222     498     396     829     1125    1230    1370    1405    1347    824     603     572     
1800   1981 -999999 -999999 -999999 -999999 830     1359    895     477     344     656     733     1092    1242    1376    1457    1294    680     747     24      
1800   1982 -999999 -999999 -999999 -999999 816     1442    -999999 263     515     557     841     1051    1378    1533    1407    1244    969     649     -999999 
1800   1983 -999999 -999999 -999999 -999999 -999999 1499    -999999 602     269     599     593     923     1254    1644    1588    1209    972     698     625     
1800   1984 -999999 -999999 -999999 -999999 756     1479    -999999 281     408     492     811     974     1313    1519    1588    1167    1020    703     569     
1800   1985 -999999 -999999 -999999 -999999 753     1311    878     110     358     456     765     1019    1166    1434    1331    1285    1029    348     544     
1800   1986 -999999 -999999 -999999 -999999 692     1313    936     288     13      512     538     1021    1326    1394    1224    1039    1027    733     549     
1800   1987 -999999 -999999 -999999 361     752     1313    -999999 172     378     422     878     957     1134    1478    1329    1214    847     634     514     
1800   1988 -999999 -999999 1221    -999999 810     1397    951     427     483     564     761     1094    1376    1393    1422    1243    988     610     765     
1800   1989 -999999 -999999 -999999 -999999 771     1411    955     733     588     589     586     1114    1269    1552    1416    1213    1051    589     323     
1800   1990 -999999 -999999 -999999 -999999 -999999 1423    -999999 589     -999999 732     706     1129    1243    1492    1526    1154    1048    528     448     
1800   1991 -999999 -999999 -999999 -999999 826     1426    -999999 320     251     698     737     1037    1117    1611    1552    1255    957     618     554     
1800   1992 -999999 -999999 -999999 -999999 -999999 1406    815     457     583     659     764     1225    1449    1424    1351    1165    628     672     435     
1800   1993 -999999 -999999 -999999 -999999 780     1304    -999999 501     634     555     815     976     1310    1323    1282    1117    703     422     334     
1800   1994 -999999 -999999 -999999 -999999 736     1375    -999999 408     249     562     700     945     1219    1529    1370    1143    932     958     601     
1800   1995 -999999 -999999 -999999 -999999 -999999 1531    -999999 354     502     414     771     988     1353    1620    1634    1247    1197    699     88      
1800   1996 -999999 -999999 -999999 -999999 684     1392    -999999 451     284     438     786     825     1269    1390    1513    1281    1059    472     281     
1800   1997 -999999 -999999 -999999 -999999 871     1507    -999999 339     567     727     856     1036    1278    1536    1695    1246    947     -999999 510     
1800   1998 -999999 -999999 -999999 -999999 836     1357    -999999 465     776     712     681     1106    1264    1393    1408    1360    863     632     561     
1800   1999 -999999 -999999 -999999 -999999 874     1419    1064    473     480     627     836     1172    1235    1565    1453    1455    1039    702     375     
1800   2000 -999999 -999999 -999999 -999999 836     1414    985     514     537     688     673     1130    1308    1456    1477    1367    964     638     -999999 
1800   2001 -999999 -999999 -999999 -999999 753     1378    -999999 276     360     430     684     1160    1222    1460    1450    1239    1229    -999999 353     
1800   2002 -999999 -999999 -999999 -999999 873     1424    -999999 586     567     697     830     1089    1331    1392    1543    1306    799     778     372     
1800   2003 -999999 -999999 -999999 -999999 921     1515    -999999 353     445     708     967     1096    1415    1622    1506    1309    805     830     -999999 
1800   2004 -999999 -999999 -999999 -999999 862     1470    -999999 512     418     614     865     1108    1367    1431    1611    1346    943     781     619     
1800   2005 -999999 -999999 1278    569     865     1471    1059    623     457     714     850     1021    1442    1500    1471    1367    1176    640     560     
1800   2006 -999999 -999999 -999999 -999999 -999999 -999999 -999999 500     -999999 -999999 -999999 -999999 -999999 -999999 -999999 -999999 -999999 -999999 -999999 
1800   2007 -999999 -999999 -999999 -999999 -999999 -999999 -999999 -999999 -999999 -999999 -999999 -999999 -999999 -999999 -999999 -999999 -999999 -999999 -999999 
1800   2008 -999999 -999999 -999999 -999999 -999999 -999999 -999999 -999999 -999999 -999999 -999999 -999999 -999999 -999999 -999999 -999999 -999999 -999999 -999999 
1800   2009 -999999 -999999 -999999 -999999 -999999 -999999 -999999 -999999 -999999 -999999 -999999 -999999 -999999 -999999 -999999 -999999 -999999 -999999 -999999 
1800   2010 -999999 -999999 -999999 -999999 -999999 -999999 962     -999999 -999999 -999999 -999999 -999999 -999999 -999999 1442    1376    1032    473     7       
1800   2011 -999999 -999999 -999999 343     -999999 -999999 -999999 408     643     615     1108    -999999 -999999 -999999 -999999 -999999 -999999 -999999 -999999 
