EUROPEAN CLIMATE ASSESSMENT & DATASET (ECA&D), file created on: 10-05-2011
THESE DATA CAN BE USED FREELY PROVIDED THAT THE FOLLOWING SOURCE IS ACKNOWLEDGED: 

Klein Tank, A.M.G. and Coauthors, 2002. Daily dataset of 20th-century surface
air temperature and precipitation series for the European Climate Assessment.
Int. J. of Climatol., 22, 1441-1453.
Data and metadata available at http://eca.knmi.nl

FILE FORMAT (MISSING VALUE CODE = -999999):

THIS FILE HOLDS DATA FOR STATION SWEDEN                                   LANDSORT                                 (STAID:   1424)
LATITUDE: dd:mm:ss +58:44:24
LONGITUDE: ddd:mm:ss +017:52:12
ELEVATION: m   18

DATA IS FOR INDEX Mean of daily mean temperature (TG) with unit 0.01 Temperature (&#176;C)

01-06 SOUID: Source identifier
08-11 YEAR : YYYY
13-20 ANNUAL DATA VALUES
21-28 WINTER HALF YEAR DATA VALUES
29-36 SUMMER HALF YEAR DATA VALUES
37-44 WINTER (DJF) DATA VALUES
45-52 SPRING (MAM) DATA VALUES
53-60 SUMMER (JJA) DATA VALUES
61-68 AUTUMN (SON) DATA VALUES
69-76 JANUARY DATA VALUES
etc. 
157-164 DECEMBER DATA VALUES

1424   1961 762     -999999 1173    -999999 536     1472    1015    -39     144     340     440     825     1452    1518    1445    1347    1177    515     -53     
1424   1962 574     210     1012    -51     213     1345    778     -2      -103    -295    326     611     1195    1473    1363    1091    879     360     -51     
1424   1963 541     -45     1138    -398    184     1536    809     -542    -621    -335    133     752     1394    1554    1656    1321    690     419     -4      
1424   1964 603     114     1070    -96     327     1399    750     -36     -260    -139    290     830     1279    1514    1401    1087    810     352     75      
1424   1965 554     138     1037    -80     251     1349    763     -32     -304    -106    253     605     1287    1398    1361    1307    895     81      -159    
1424   1966 500     -89     1016    -485    182     1463    726     -463    -869    -86     -13     640     1411    1678    1298    1060    722     396     119     
1424   1967 660     187     1116    -81     405     1457    947     -298    -61     227     358     630     1210    1590    1562    1331    957     551     -176    
1424   1968 643     128     1196    -278    406     1567    790     -425    -229    80      465     675     1447    1525    1725    1326    775     269     53      
1424   1969 600     56      1168    -130    170     1620    802     -98     -367    -330    222     618     1382    1630    1841    1294    828     284     -176    
1424   1970 479     -98     1026    -509    161     1433    727     -503    -885    -202    71      612     1391    1356    1550    1163    791     226     75      
1424   1971 621     142     1072    4       244     1459    723     1       -71     -188    214     704     1209    1598    1561    1125    814     227     201     
1424   1972 701     177     1150    -11     324     1595    816     -189    -48     45      277     649     1313    1847    1616    1178    802     471     416     
1424   1973 696     378     1182    235     462     1629    608     175     100     278     326     777     1431    1884    1564    1085    600     140     -60     
1424   1974 716     172     1132    57      429     1448    796     109     130     107     431     750     1307    1495    1538    1256    660     477     294     
1424   1975 788     315     1242    205     442     1636    875     275     28      133     359     831     1307    1720    1870    1341    807     479     241     
1424   1976 601     163     1111    -44     267     1508    763     -272    -104    -181    246     735     1228    1597    1689    1148    719     424     -42     
1424   1977 613     130     1031    -136    308     1394    811     -59     -326    30      192     696     1254    1387    1538    1102    859     471     134     
1424   1978 582     178     1057    -59     251     1464    798     40      -383    -96     207     643     1270    1524    1591    1087    768     541     -270    
1424   1979 539     10      1070    -401    258     1479    709     -484    -454    -68     163     676     1414    1441    1581    1126    602     402     8       
1424   1980 589     26      1161    -223    267     1541    747     -257    -433    -180    344     640     1356    1698    1563    1351    721     171     55      
1424   1981 565     97      1067    -73     318     1383    753     -194    -80     -103    310     747     1130    1555    1455    1188    780     291     -339    
1424   1982 640     13      1117    -377    406     1507    825     -478    -307    111     327     778     1213    1646    1652    1061    857     557     195     
1424   1983 668     292     1142    84      354     1530    741     213     -181    73      269     717     1220    1679    1682    1261    743     219     51      
1424   1984 703     135     1148    -30     340     1538    893     -88     -54     -68     309     780     1306    1572    1728    1172    961     546     245     
1424   1985 433     21      1003    -426    198     1427    648     -582    -998    -128    121     600     1206    1574    1495    998     740     202     -147    
1424   1986 574     -11     1071    -349    340     1465    757     -306    -620    14      163     836     1374    1605    1414    1014    735     522     46      
1424   1987 459     -43     942     -375    127     1249    814     -882    -280    -405    191     595     954     1470    1314    1111    913     414     72      
1424   1988 662     254     1188    93      326     1567    693     143     62      -88     218     843     1444    1746    1506    1354    653     75      -33     
1424   1989 799     261     1228    176     543     1565    880     264     310     299     369     956     1409    1713    1569    1333    894     413     26      
1424   1990 814     384     1216    191     628     1541    805     207     355     404     539     938     1382    1540    1695    1185    878     350     254     
1424   1991 712     284     1133    91      414     1494    844     130     -131    183     372     687     1041    1713    1714    1245    813     474     232     
1424   1992 772     347     1235    186     503     1621    752     204     118     233     300     971     1612    1714    1537    1256    610     395     287     
1424   1993 683     281     1103    168     510     1398    692     149     56      167     364     993     1240    1553    1395    1054    752     267     155     
1424   1994 720     143     1245    -74     417     1640    830     -17     -391    47      434     771     1207    1893    1805    1335    719     441     309     
1424   1995 693     298     1165    141     402     1561    826     -27     141     196     305     701     1324    1578    1773    1288    1001    183     -191    
1424   1996 -999999 -999999 -999999 -999999 -999999 -999999 -999999 -212    -999999 -999999 -999999 -999999 -999999 -999999 -999999 -999999 885     488     -105    
1424   1997 754     241     1284    -52     405     1781    779     -104    63      210     311     692     1380    1853    2098    1346    626     370     146     
1424   1998 663     250     1081    144     360     1374    779     111     180     68      228     782     1175    1504    1436    1344    820     171     96      
1424   1999 772     182     1296    -13     464     1623    1013    -69     -74     121     501     772     1367    1775    1720    1631    877     535     58      
1424   2000 815     305     1179    72      521     1462    1083    64      94      194     422     944     1248    1528    1603    1308    1140    800     400     
1424   2001 746     383     1257    119     436     1635    930     127     -200    -12     402     917     1378    1873    1644    1321    1051    398     -5      
1424   2002 -999999 -999999 1389    77      565     1825    -999999 49      200     234     462     975     1587    1758    2114    1421    -999999 255     -184    
1424   2003 733     -999999 1271    -229    426     1706    868     -239    -267    178     281     815     1416    1897    1800    1412    648     544     250     
1424   2004 743     241     1240    40      493     1595    831     -128    1       138     449     891     1325    1633    1819    1304    859     328     266     
1424   2005 760     246     1259    137     388     1648    894     185     -60     -130    425     869     1383    1852    1698    1305    883     495     146     
1424   2006 823     166     1354    -42     301     1777    1109    -96     -191    -266    329     840     1421    1955    1943    1613    1144    569     532     
1424   2007 799     452     1266    216     616     1605    827     184     -111    323     582     943     1461    1643    1706    1245    859     375     281     
1424   2008 848     391     1286    300     585     1636    874     297     322     208     546     999     1466    1771    1665    1252    960     411     259     
1424   2009 735     274     1252    61      531     1570    832     -1      -89     98      539     970     1285    1728    1689    1268    627     607     48      
1424   2010 606     65      1266    -265    387     1682    768     -465    -389    -66     394     832     1397    1926    1714    1312    752     241     -438    
1424   2011 -999999 34      -999999 -299    -999999 -999999 -999999 -130    -331    79      601     -999999 -999999 -999999 -999999 -999999 -999999 -999999 -999999 
