EUROPEAN CLIMATE ASSESSMENT & DATASET (ECA&D), file created on: 10-05-2011
THESE DATA CAN BE USED FREELY PROVIDED THAT THE FOLLOWING SOURCE IS ACKNOWLEDGED: 

Klein Tank, A.M.G. and Coauthors, 2002. Daily dataset of 20th-century surface
air temperature and precipitation series for the European Climate Assessment.
Int. J. of Climatol., 22, 1441-1453.
Data and metadata available at http://eca.knmi.nl

FILE FORMAT (MISSING VALUE CODE = -999999):

THIS FILE HOLDS DATA FOR STATION IRELAND                                  JOHNSTOWN CASTLE                         (STAID:   1750)
LATITUDE: dd:mm:ss +52:17:30
LONGITUDE: ddd:mm:ss -006:30:00
ELEVATION: m   49

DATA IS FOR INDEX Mean of daily mean temperature (TG) with unit 0.01 Temperature (&#176;C)

01-06 SOUID: Source identifier
08-11 YEAR : YYYY
13-20 ANNUAL DATA VALUES
21-28 WINTER HALF YEAR DATA VALUES
29-36 SUMMER HALF YEAR DATA VALUES
37-44 WINTER (DJF) DATA VALUES
45-52 SPRING (MAM) DATA VALUES
53-60 SUMMER (JJA) DATA VALUES
61-68 AUTUMN (SON) DATA VALUES
69-76 JANUARY DATA VALUES
etc. 
157-164 DECEMBER DATA VALUES

1750   1956 -999999 -999999 -999999 -999999 -999999 -999999 -999999 -999999 -999999 -999999 -999999 -999999 -999999 -999999 -999999 -999999 -999999 -999999 828     
1750   1957 1065    -999999 1301    725     992     1478    1095    707     631     937     908     1129    1365    1560    1504    1328    1163    793     718     
1750   1958 1027    750     1273    667     810     1417    1205    574     714     535     848     1049    1282    1451    1513    1491    1171    955     731     
1750   1959 1115    818     1397    650     998     1547    1252    485     744     822     955     1217    1416    1567    1654    1566    1327    862     736     
1750   1960 1032    811     1321    631     975     1470    1115    627     523     770     945     1209    1422    1513    1473    1356    1134    856     533     
1750   1961 995     763     1276    591     950     1412    1049    533     719     804     968     1078    1324    1465    1444    1374    1048    724     451     
1750   1962 927     622     1178    506     731     1335    1075    513     559     436     765     993     1233    1365    1404    1301    1155    767     612     
1750   1963 904     605     1203    331     838     1397    1064    136     236     696     804     1012    1409    1385    1398    1205    1159    818     545     
1750   1964 982     723     1261    578     868     1405    1077    595     597     623     835     1144    1279    1468    1463    1369    977     887     539     
1750   1965 -999999 645     1194    466     838     1362    1013    424     431     599     850     1066    1309    1348    1427    1154    1152    684     576     
1750   1966 1013    -999999 1300    606     899     1465    1035    515     740     765     829     1101    1398    1508    1488    1467    1055    582     686     
1750   1967 941     699     1183    627     792     1371    988     601     590     665     838     875     1295    1420    1396    1267    1050    645     625     
1750   1968 957     656     1174    540     736     1385    1191    645     337     611     692     904     1309    1378    1465    1289    1319    959     554     
1750   1969 965     716     1260    475     819     1449    1093    600     250     577     839     1040    1307    1557    1478    1331    1283    659     602     
1750   1970 965     670     1246    516     785     1439    1092    525     410     516     690     1146    1450    1415    1453    1313    1078    871     662     
1750   1971 1004    -999999 1250    623     793     1406    1158    596     611     581     774     1024    1197    1548    1466    1478    1244    748     747     
1750   1972 946     749     1177    617     833     1323    1011    523     579     641     862     997     1109    1458    1395    1231    1116    682     735     
1750   1973 987     736     1255    650     827     1454    1057    631     576     661     766     1052    1367    1460    1533    1342    1035    794     602     
1750   1974 942     725     1174    635     812     1363    887     697     601     609     827     1000    1272    1409    1404    1123    838     701     795     
1750   1975 998     703     1264    703     791     1511    1042    670     639     570     822     982     1378    1554    1598    1240    1109    776     615     
1750   1976 976     730     1296    616     823     1558    983     655     576     637     807     1026    1461    1570    1638    1260    994     696     377     
1750   1977 972     631     1225    447     838     1420    1044    405     572     739     744     1028    1225    1532    1497    1309    1190    628     753     
1750   1978 969     688     1214    542     825     1372    1168    460     400     666     679     1124    1270    1406    1436    1356    1217    930     643     
1750   1979 897     657     1178    435     692     1399    1073    296     359     477     734     865     1288    1522    1385    1265    1146    806     586     
1750   1980 947     696     1235    554     827     1364    1024    445     636     554     857     1072    1274    1351    1465    1387    942     745     635     
1750   1981 968     713     1272    596     877     1458    1021    629     515     792     800     1036    1278    1477    1613    1415    821     833     374     
1750   1982 991     644     1278    517     852     1470    1057    558     629     651     861     1045    1364    1529    1514    1344    1047    780     547     
1750   1983 1006    689     1274    527     759     1580    1088    666     349     716     616     941     1314    1754    1664    1336    1056    874     726     
1750   1984 993     705     1304    579     792     1553    1074    447     563     563     831     984     1430    1563    1662    1342    1088    792     638     
1750   1985 926     655     1214    486     830     1325    1028    319     504     578     860     1052    1205    1444    1323    1394    1123    564     711     
1750   1986 880     610     1125    460     705     1352    1025    484     157     578     564     969     1322    1478    1254    1150    1061    863     625     
1750   1987 955     673     1253    510     842     1425    998     412     492     573     927     1029    1230    1521    1517    1283    952     760     729     
1750   1988 999     713     1228    618     869     1398    1065    598     520     711     803     1092    1440    1368    1387    1275    1093    825     856     
1750   1989 1073    825     1332    758     886     1567    1143    746     663     752     699     1200    1349    1744    1600    1378    1207    842     653     
1750   1990 1073    834     1327    704     950     1542    1112    708     756     830     808     1206    1329    1571    1720    1311    1192    831     580     
1750   1991 1028    732     1327    519     931     1491    1105    536     432     792     832     1167    1245    1603    1616    1483    1049    782     749     
1750   1992 1043    799     1329    710     994     1517    1011    644     740     833     921     1226    1529    1575    1447    1268    897     872     564     
1750   1993 1001    745     1259    664     909     1418    978     724     711     705     953     1071    1387    1485    1380    1270    928     737     639     
1750   1994 1018    701     1227    589     856     1433    1138    592     532     761     777     1026    1332    1515    1448    1252    1104    1059    787     
1750   1995 1094    815     1391    703     873     1650    1211    610     713     619     916     1086    1431    1680    1832    1385    1320    926     586     
1750   1996 986     769     1265    591     786     1470    1100    718     460     588     858     915     1355    1548    1504    1404    1178    717     570     
1750   1997 1098    760     1351    597     987     1523    1207    514     718     858     977     1125    1334    1585    1644    1433    1213    976     775     
1750   1998 1081    884     1323    745     974     1476    1138    655     811     870     798     1248    1339    1517    1567    1459    1147    807     730     
1750   1999 1065    799     1350    685     971     1493    1158    657     665     773     929     1210    1301    1618    1554    1475    1145    853     569     
1750   2000 1002    767     1264    603     866     1445    1049    579     664     786     718     1089    1280    1503    1548    1432    1042    674     690     
1750   2001 1037    695     1308    601     880     1482    1215    529     581     643     821     1175    1355    1559    1527    1400    1344    899     577     
1750   2002 1078    862     1295    711     931     1445    1157    804     757     781     900     1111    1274    1483    1572    1420    1088    966     761     
1750   2003 1083    802     1386    654     956     1584    1140    609     586     785     975     1107    1419    1610    1717    1476    1062    886     725     
1750   2004 1088    778     1391    656     974     1569    1135    624     616     746     947     1229    1519    1529    1658    1459    1035    915     765     
1750   2005 1086    799     1355    687     917     1562    1186    721     565     777     881     1091    1458    1625    1600    1468    1278    808     721     
1750   2006 1093    776     1393    647     880     1588    1238    615     600     618     878     1145    1495    1697    1568    1566    1268    879     750     
1750   2007 1094    837     1354    717     998     1472    1191    726     671     711     1083    1202    1413    1477    1525    1421    1219    932     727     
1750   2008 1021    821     1306    696     915     1480    1048    699     659     681     814     1246    1352    1540    1544    1327    1001    819     553     
1750   2009 1021    689     1316    534     916     1497    1152    500     551     703     913     1134    1455    1512    1522    1352    1223    870     467     
1750   2010 -999999 -999999 1321    -999999 851     1525    1076    -999999 422     615     852     1085    1488    1576    1511    1395    1170    665     246     
1750   2011 -999999 -999999 -999999 493     -999999 -999999 -999999 492     766     714     1084    -999999 -999999 -999999 -999999 -999999 -999999 -999999 -999999 
