EUROPEAN CLIMATE ASSESSMENT & DATASET (ECA&D), file created on: 10-05-2011
THESE DATA CAN BE USED FREELY PROVIDED THAT THE FOLLOWING SOURCE IS ACKNOWLEDGED: 

Klein Tank, A.M.G. and Coauthors, 2002. Daily dataset of 20th-century surface
air temperature and precipitation series for the European Climate Assessment.
Int. J. of Climatol., 22, 1441-1453.
Data and metadata available at http://eca.knmi.nl

FILE FORMAT (MISSING VALUE CODE = -999999):

THIS FILE HOLDS DATA FOR STATION FRANCE                                   LIMOGES                                  (STAID:   2195)
LATITUDE: dd:mm:ss +45:52:12
LONGITUDE: ddd:mm:ss +001:10:48
ELEVATION: m  402

DATA IS FOR INDEX Mean of daily mean temperature (TG) with unit 0.01 Temperature (&#176;C)

01-06 SOUID: Source identifier
08-11 YEAR : YYYY
13-20 ANNUAL DATA VALUES
21-28 WINTER HALF YEAR DATA VALUES
29-36 SUMMER HALF YEAR DATA VALUES
37-44 WINTER (DJF) DATA VALUES
45-52 SPRING (MAM) DATA VALUES
53-60 SUMMER (JJA) DATA VALUES
61-68 AUTUMN (SON) DATA VALUES
69-76 JANUARY DATA VALUES
etc. 
157-164 DECEMBER DATA VALUES

2195   1956 929     -999999 1419    -999999 967     1564    1016    466     -553    729     791     1376    1375    1719    1592    1647    970     434     525     
2195   1957 1043    655     1424    497     1001    1703    1032    260     728     1013    912     1075    1649    1778    1680    1439    1076    578     313     
2195   1958 1073    603     1495    452     921     1694    1134    391     675     590     774     1396    1533    1738    1806    1708    1066    630     539     
2195   1959 1148    677     1587    490     1088    1813    1167    371     568     878     1000    1382    1680    1994    1760    1696    1124    682     597     
2195   1960 1048    680     1461    471     1063    1671    1118    275     545     848     902     1433    1701    1627    1686    1405    1107    843     193     
2195   1961 1152    682     1558    456     1061    1691    1249    374     838     759     1202    1226    1663    1735    1674    1850    1222    675     597     
2195   1962 998     640     1450    504     840     1695    1086    514     391     421     918     1182    1510    1765    1804    1507    1211    537     176     
2195   1963 975     444     1447    51      969     1666    1185    -63     39      728     974     1204    1568    1828    1599    1497    1138    921     208     
2195   1964 1053    597     1584    292     1012    1785    1091    136     550     637     941     1455    1626    1925    1798    1742    914     622     276     
2195   1965 1038    523     1412    285     957     1663    1120    398     170     727     875     1267    1638    1700    1649    1329    1309    715     610     
2195   1966 1093    746     1499    627     981     1656    1124    418     876     560     1088    1297    1650    1634    1685    1636    1255    476     541     
2195   1967 1071    661     1480    488     948     1760    1205    359     571     751     864     1227    1509    1974    1790    1495    1339    776     162     
2195   1968 1053    639     1426    345     934     1648    1208    353     531     672     996     1136    1539    1741    1661    1475    1373    769     377     
2195   1969 1048    672     1496    386     1006    1699    1184    500     271     707     979     1329    1463    1864    1762    1564    1312    671     96      
2195   1970 1060    585     1523    359     838     1790    1197    490     504     433     762     1316    1776    1751    1843    1682    1069    845     224     
2195   1971 1049    540     1555    332     957     1751    1072    410     365     319     1158    1399    1510    1947    1789    1510    1230    469     425     
2195   1972 1030    661     1359    474     960     1607    1045    374     632     827     883     1167    1355    1779    1678    1272    1074    789     515     
2195   1973 1047    583     1557    335     920     1825    1174    233     248     613     728     1415    1692    1743    2037    1713    1054    760     279     
2195   1974 1047    654     1457    450     963     1747    896     616     455     745     918     1226    1599    1791    1846    1348    643     707     623     
2195   1975 1049    608     1497    632     819     1799    1080    603     673     406     874     1178    1565    1877    1947    1520    1082    639     202     
2195   1976 1103    590     1594    374     981     1962    999     350     584     682     912     1347    2013    1935    1939    1402    1101    490     456     
2195   1977 1061    654     1382    487     951     1596    1148    361     660     849     811     1189    1429    1715    1641    1496    1324    617     600     
2195   1978 1032    668     1389    446     869     1615    1192    277     463     704     730     1168    1447    1688    1705    1581    1209    785     586     
2195   1979 1054    649     1450    422     861     1699    1224    245     435     616     766     1197    1610    1866    1617    1632    1337    699     578     
2195   1980 1000    687     1437    493     873     1633    1112    252     658     597     826     1193    1431    1607    1854    1698    1067    572     243     
2195   1981 1088    592     1507    317     1074    1727    1148    400     307     933     1091    1200    1554    1712    1908    1564    1101    781     448     
2195   1982 1177    706     1617    579     981     1855    1273    670     622     608     969     1365    1763    2065    1734    1794    1148    880     476     
2195   1983 1163    687     1609    449     916     1994    1255    542     315     734     889     1125    1752    2301    1921    1647    1216    905     546     
2195   1984 1069    659     1477    417     888     1797    1196    370     330     573     1109    991     1639    1945    1803    1366    1230    990     463     
2195   1985 1053    603     1557    300     897     1743    1228    -210    683     485     1033    1177    1540    1975    1706    1905    1396    377     553     
2195   1986 1066    586     1483    356     870     1773    1257    382     110     644     592     1366    1685    1908    1724    1606    1382    780     536     
2195   1987 1044    566     1549    231     929     1730    1243    -174    343     514     1139    1140    1458    1838    1886    1826    1232    672     612     
2195   1988 1110    689     1524    550     1012    1709    1197    575     456     570     1095    1373    1582    1706    1834    1543    1322    722     513     
2195   1989 1247    778     1626    545     1142    1877    1303    491     643     966     778     1669    1694    2015    1915    1659    1362    887     828     
2195   1990 1198    906     1629    753     1134    1884    1220    546     900     911     891     1593    1574    1977    2091    1623    1336    697     209     
2195   1991 1097    646     1564    290     992     1846    1155    390     270     940     865     1168    1455    1936    2134    1810    1024    634     476     
2195   1992 1120    634     1563    453     1091    1798    1103    355     533     778     933     1556    1553    1885    1948    1480    888     947     565     
2195   1993 1102    720     1511    573     1037    1773    1008    609     540     759     967     1382    1737    1720    1859    1388    1046    590     576     
2195   1994 1207    702     1579    540     1062    1936    1261    474     574     937     826     1414    1686    2117    2004    1418    1310    1052    648     
2195   1995 1190    806     1588    591     1035    1915    1252    418     721     688     1007    1408    1617    2113    2007    1350    1568    826     515     
2195   1996 1104    785     1531    532     1004    1815    1067    789     276     708     1070    1236    1782    1886    1775    1429    1161    608     494     
2195   1997 1261    759     1668    572     1210    1875    1342    461     780     1048    1106    1472    1581    1855    2180    1800    1336    892     584     
2195   1998 1154    838     1579    645     1074    1840    1062    569     796     851     857     1507    1663    1839    2012    1573    1108    503     529     
2195   1999 1181    658     1666    481     1166    1870    1207    547     355     873     1004    1615    1639    1995    1968    1755    1299    564     462     
2195   2000 1192    691     1623    495     1099    1843    1216    348     686     777     986     1530    1811    1721    1995    1685    1172    792     788     
2195   2001 1133    798     1544    617     1089    1861    1149    556     496     952     814     1493    1710    1877    1991    1352    1561    521     208     
2195   2002 1193    754     1534    497     1090    1776    1222    642     656     920     1070    1280    1803    1772    1755    1519    1258    888     724     
2195   2003 1257    766     1799    450     1208    2192    1227    241     380     1072    1160    1392    2144    2007    2423    1652    1075    957     521     
2195   2004 1134    696     1587    497     974     1847    1231    413     561     648     924     1348    1812    1835    1894    1698    1334    658     470     
2195   2005 1155    649     1669    370     1098    1938    1278    429     193     765     1058    1471    1987    1957    1872    1659    1523    643     231     
2195   2006 1244    -999999 1729    304     1090    1997    1481    383     298     760     1051    1446    1936    2361    1693    1869    1558    1014    476     
2195   2007 1181    861     1624    605     1248    1753    1091    577     778     758     1536    1460    1751    1744    1765    1486    1205    579     516     
2195   2008 1138    739     -999999 670     1042    1811    1092    669     836     630     955     1537    1756    1850    1824    1456    1141    662     384     
2195   2009 1205    619     1709    380     1139    1945    1331    290     474     753     1076    1585    1797    1959    2074    1745    1318    932     406     
2195   2010 1065    628     1605    271     1030    1873    1140    85      327     678     1190    1226    1731    2043    1842    1591    1176    653     198     
2195   2011 -999999 655     -999999 388     -999999 -999999 -999999 374     614     907     1473    -999999 -999999 -999999 -999999 -999999 -999999 -999999 -999999 
