EUROPEAN CLIMATE ASSESSMENT & DATASET (ECA&D), file created on: 10-05-2011
THESE DATA CAN BE USED FREELY PROVIDED THAT THE FOLLOWING SOURCE IS ACKNOWLEDGED: 

Klein Tank, A.M.G. and Coauthors, 2002. Daily dataset of 20th-century surface
air temperature and precipitation series for the European Climate Assessment.
Int. J. of Climatol., 22, 1441-1453.
Data and metadata available at http://eca.knmi.nl

FILE FORMAT (MISSING VALUE CODE = -999999):

THIS FILE HOLDS DATA FOR STATION NORWAY                                   JAN MAYEN                                (STAID:    189)
LATITUDE: dd:mm:ss +70:55:59
LONGITUDE: ddd:mm:ss -008:40:00
ELEVATION: m   10

DATA IS FOR INDEX Mean of daily mean temperature (TG) with unit 0.01 Temperature (&#176;C)

01-06 SOUID: Source identifier
08-11 YEAR : YYYY
13-20 ANNUAL DATA VALUES
21-28 WINTER HALF YEAR DATA VALUES
29-36 SUMMER HALF YEAR DATA VALUES
37-44 WINTER (DJF) DATA VALUES
45-52 SPRING (MAM) DATA VALUES
53-60 SUMMER (JJA) DATA VALUES
61-68 AUTUMN (SON) DATA VALUES
69-76 JANUARY DATA VALUES
etc. 
157-164 DECEMBER DATA VALUES

189    1943 -232    -999999 51      -999999 -417    243     55      -756    -1453   -539    -454    -259    96      416     213     289     124     -251    -310    
189    1944 -96     -359    191     -504    -325    410     27      -677    -527    -519    -463    4       239     492     494     363     19      -301    -297    
189    1945 -8      -306    299     -402    -171    488     123     -544    -360    -359    -201    47      314     565     580     479     -59     -46     -521    
189    1946 54      -282    248     -370    -321    497     204     18      -631    -481    -393    -91     281     560     643     479     302     -173    65      
189    1947 -15     -153    309     -98     -308    544     52      125     -525    -746    -316    137     322     644     658     393     88      -328    -676    
189    1948 -122    -383    123     -563    -285    339     -60     -790    -199    -378    -295    -183    90      491     426     196     -33     -344    -444    
189    1949 -45     -328    172     -377    -323    404     86      -459    -211    -466    -405    -102    327     471     412     323     -90     31      -376    
189    1950 47      -212    274     -258    -251    501     204     -20     -390    -439    -271    -44     231     537     726     449     216     -53     -413    
189    1951 -98     -273    149     -364    -431    352     37      -425    -243    -710    -519    -66     30      391     625     415     79      -384    -384    
189    1952 -44     -367    184     -466    -225    351     144     -429    -599    -509    -127    -36     250     453     345     213     375     -166    -342    
189    1953 4       -297    266     -469    -412    586     207     -502    -572    -598    -592    -52     459     556     739     470     189     -38     -58     
189    1954 -60     -255    145     -267    -437    346     153     -421    -328    -876    -416    -19     147     456     427     262     -19     221     -159    
189    1955 -142    -346    188     -540    -390    401     38      -712    -773    -656    -312    -199    172     496     529     435     -115    -201    -410    
189    1956 -45     -312    104     -431    -257    309     54      -494    -386    -267    -451    -59     63      487     368     200     1       -38     14      
189    1957 8       -123    200     -127    -175    356     118     -83     -331    -317    -122    -85     132     419     509     337     63      -44     -405    
189    1958 21      -238    253     -379    -158    421     191     -260    -481    -319    -121    -34     270     421     567     407     240     -75     -405    
189    1959 -68     -283    84      -533    -340    308     189     -655    -540    -279    -589    -161    88      355     472     326     336     -100    -113    
189    1960 70      -128    308     -285    -85     453     232     -247    -509    -160    -143    45      249     531     571     589     71      40      -225    
189    1961 -27     -229    204     -264    -410    435     246     -210    -368    -687    -572    23      231     423     643     461     416     -143    -575    
189    1962 -87     -291    193     -435    -330    356     -36     -280    -450    -723    -306    41      104     412     545     346     -188    -260    -307    
189    1963 -114    -472    190     -700    -215    364     105     -673    -1163   -298    -393    40      300     332     458     397     194     -278    -365    
189    1964 -143    -280    115     -482    -166    315     -152    -520    -566    -163    -227    -111    139     364     435     76      53      -592    -639    
189    1965 -176    -545    143     -542    -542    357     57      -547    -431    -1102   -309    -208    118     365     581     299     190     -322    -757    
189    1966 -217    -624    181     -919    -372    398     -103    -1111   -886    -870    -123    -116    314     477     401     126     -75     -361    -422    
189    1967 -243    -494    100     -536    -483    273     -188    -791    -381    -916    -435    -97     117     357     340     306     -278    -588    -554    
189    1968 -406    -822    0       -908    -721    192     -97     -962    -1229   -1338   -512    -305    99      225     248     237     -347    -171    -835    
189    1969 -303    -751    174     -1008   -535    483     -206    -969    -1244   -970    -522    -112    265     506     670     217     -228    -608    -710    
189    1970 -146    -584    154     -625    -412    363     25      -311    -878    -797    -449    9       274     375     437     263     -5      -182    -540    
189    1971 -252    -496    137     -685    -409    350     -253    -1005   -492    -739    -477    -12     248     362     437     253     -129    -886    -604    
189    1972 -36     -473    198     -440    -294    416     28      -107    -620    -515    -364    -5      289     523     433     298     -20     -194    -180    
189    1973 -238    -401    115     -519    -489    369     -154    -191    -1260   -641    -745    -91     190     410     501     408     -124    -746    -660    
189    1974 31      -361    227     -395    -67     380     163     -138    -385    -131    -149    75      320     370     447     291     125     73      -548    
189    1975 -172    -335    82      -538    -423    340     21      -681    -366    -601    -504    -168    74      413     525     136     89      -164    -826    
189    1976 -11     -330    199     -588    -184    439     110     -656    -260    -155    -443    36      291     506     515     274     326     -277    -305    
189    1977 -149    -361    89      -468    -510    320     31      -583    -519    -819    -569    -143    149     392     414     278     101     -288    -236    
189    1978 -161    -429    202     -616    -298    410     -76     -689    -954    -553    -275    -65     213     449     562     315     33      -578    -450    
189    1979 -138    -524    120     -705    -372    371     36      -984    -678    -502    -344    -270    181     390     536     218     130     -241    -132    
189    1980 -82     -219    234     -312    -150    420     -105    -329    -487    -271    -271    88      243     496     516     318     -219    -411    -679    
189    1981 -192    -549    109     -662    -385    301     -58     -770    -522    -686    -398    -72     65      374     456     213     -100    -285    -602    
189    1982 -171    -452    48      -624    -411    304     -24     -897    -347    -464    -587    -187    70      364     471     142     87      -305    -423    
189    1983 -134    -342    150     -438    -290    346     -153    -410    -486    -530    -333    -10     162     439     431     194     -137    -517    -445    
189    1984 70      -312    249     -298    -140    413     140     -305    -133    -328    -40     -50     268     462     505     341     97      -17     37      
189    1985 -131    -199    139     -270    -345    398     -51     -351    -522    -464    -583    6       204     501     482     207     -22     -339    -725    
189    1986 -79     -458    162     -642    -304    382     61      -586    -611    -475    -370    -69     264     360     517     262     115     -195    -204    
189    1987 -109    -306    249     -451    -180    419     74      -261    -935    -414    -148    22      250     530     472     360     74      -213    -1108   
189    1988 -242    -576    115     -850    -524    390     -68     -1077   -330    -772    -710    -96     149     436     578     311     -46     -471    -872    
189    1989 -130    -558    192     -719    -330    393     62      -677    -595    -690    -184    -112    153     452     566     264     32      -108    -681    
189    1990 13      -306    282     -383    -331    530     103     -149    -311    -611    -343    -39     314     562     706     478     36      -203    -305    
189    1991 25      -176    224     -216    -211    467     79      -110    -236    -244    -355    -39     213     558     621     331     92      -188    -367    
189    1992 -31     -320    196     -426    -349    394     214     -421    -495    -546    -427    -76     258     440     480     493     63      92      -245    
189    1993 -33     -260    214     -451    -212    410     141     -530    -593    -369    -184    -83     177     526     521     318     -45     158     -322    
189    1994 -14     -207    254     -357    -123    432     -26     -523    -214    -283    -147    62      258     519     514     305     -251    -124    -287    
189    1995 -55     -301    167     -355    -232    363     44      -343    -442    -364    -316    -18     284     345     457     243     62      -174    -427    
189    1996 -66     -239    187     -354    -253    412     -13     -108    -540    -262    -320    -178    190     490     549     379     -16     -402    -600    
189    1997 -105    -454    146     -605    -355    391     0       -877    -310    -505    -449    -115    176     423     568     257     -100    -152    -191    
189    1998 -35     -375    260     -482    -275    474     161     -668    -598    -557    -215    -52     248     514     652     402     162     -80     -269    
189    1999 62      -171    315     -315    -78     494     199     -298    -384    -174    -238    171     381     557     539     470     210     -82     -438    
189    2000 -13     -294    236     -425    -336    437     272     -454    -380    -617    -421    29      157     519     626     488     271     58      -438    
189    2001 -37     -276    230     -418    -387    455     101     -220    -616    -732    -437    6       223     491     643     438     201     -339    -151    
189    2002 125     -277    391     -356    -147    626     299     -371    -567    -465    -97     123     465     690     718     434     267     197     52      
189    2003 31      -90     308     -246    -179    543     186     -691    -84     -273    -200    -65     354     581     688     480     -34     119     -501    
189    2004 83      -227    391     -455    -7      568     173     -347    -523    -85     -23     86      325     634     735     577     175     -232    -355    
189    2005 64      -192    297     -283    -120    543     17      -195    -302    -257    -51     -50     324     610     687     250     -4      -194    -85     
189    2006 96      -147    338     -113    -105    506     90      -11     -256    -344    -47     78      306     542     663     475     41      -244    -82     
189    2007 38      -197    292     -283    -76     508     13      -507    -258    -138    -196    102     364     552     603     314     56      -333    -135    
189    2008 72      -236    361     -227    -173    547     118     -283    -266    -458    -177    115     334     611     689     585     116     -347    -78     
189    2009 81      -225    352     -269    -94     563     135     -229    -525    -323    -158    195     288     667     725     378     65      -33     -133    
189    2010 50      -175    310     -188    -247    506     188     -111    -336    -513    -234    5       250     618     642     567     174     -177    -315    
189    2011 -999999 -218    -999999 -239    -999999 -999999 -999999 -327    -57     -591    -46     -999999 -999999 -999999 -999999 -999999 -999999 -999999 -999999 
