EUROPEAN CLIMATE ASSESSMENT & DATASET (ECA&D), file created on: 10-05-2011
THESE DATA CAN BE USED FREELY PROVIDED THAT THE FOLLOWING SOURCE IS ACKNOWLEDGED: 

Klein Tank, A.M.G. and Coauthors, 2002. Daily dataset of 20th-century surface
air temperature and precipitation series for the European Climate Assessment.
Int. J. of Climatol., 22, 1441-1453.
Data and metadata available at http://eca.knmi.nl

FILE FORMAT (MISSING VALUE CODE = -999999):

THIS FILE HOLDS DATA FOR STATION SWEDEN                                   BREDAKRA                                 (STAID:   1419)
LATITUDE: dd:mm:ss +56:15:36
LONGITUDE: ddd:mm:ss +015:16:12
ELEVATION: m   58

DATA IS FOR INDEX Mean of daily mean temperature (TG) with unit 0.01 Temperature (&#176;C)

01-06 SOUID: Source identifier
08-11 YEAR : YYYY
13-20 ANNUAL DATA VALUES
21-28 WINTER HALF YEAR DATA VALUES
29-36 SUMMER HALF YEAR DATA VALUES
37-44 WINTER (DJF) DATA VALUES
45-52 SPRING (MAM) DATA VALUES
53-60 SUMMER (JJA) DATA VALUES
61-68 AUTUMN (SON) DATA VALUES
69-76 JANUARY DATA VALUES
etc. 
157-164 DECEMBER DATA VALUES

1419   1961 806     -999999 1273    -999999 735     1520    960     -76     217     496     694     1013    1640    1496    1427    1363    1125    388     -138    
1419   1962 628     213     1117    -24     434     1372    762     84      -18     -177    629     856     1322    1431    1361    1094    839     350     -268    
1419   1963 624     -74     1282    -502    491     1590    868     -733    -506    -155    444     1184    1487    1662    1618    1275    784     548     -190    
1419   1964 684     122     1248    -172    550     1523    762     -89     -241    -87     614     1127    1488    1569    1511    1165    744     379     -6      
1419   1965 610     138     1157    -102    441     1419    727     -14     -305    -4      518     810     1468    1368    1422    1353    840     -15     -180    
1419   1966 654     -11     1227    -344    480     1617    784     -436    -425    112     241     1080    1693    1679    1481    1173    835     342     -3      
1419   1967 773     225     1295    -85     662     1606    941     -270    29      399     494     1089    1388    1750    1672    1358    1014    450     -155    
1419   1968 726     169     1314    -229    612     1638    855     -338    -191    223     699     918     1641    1568    1705    1345    804     420     -97     
1419   1969 686     88      1325    -189    430     1728    845     -165    -319    -143    458     976     1621    1834    1726    1315    876     344     -358    
1419   1970 595     -31     1193    -452    403     1591    686     -430    -580    -77     285     996     1675    1532    1568    1087    715     255     29      
1419   1971 703     134     1215    -19     484     1545    698     -105    24      -123    467     1106    1327    1686    1617    1065    794     232     291     
1419   1972 723     199     1231    4       544     1619    697     -267    -13     143     489     997     1481    1821    1551    1022    646     426     349     
1419   1973 716     318     1259    152     608     1636    580     -2      104     366     413     1038    1561    1801    1544    1174    464     107     -20     
1419   1974 753     183     1194    82      600     1458    750     132     139     273     579     947     1361    1470    1540    1254    580     421     302     
1419   1975 821     304     1315    216     563     1662    854     313     14      172     459     1053    1376    1759    1843    1377    825     361     234     
1419   1976 629     136     1213    -61     416     1566    723     -299    -122    -190    413     1026    1462    1675    1558    1122    679     368     -161    
1419   1977 696     132     1158    -151    511     1521    778     -116    -178    177     336     1014    1571    1517    1478    1016    883     431     160     
1419   1978 637     209     1132    -63     507     1454    784     -15     -361    110     379     1028    1431    1448    1484    1003    740     610     -276    
1419   1979 603     32      1177    -381    467     1498    693     -434    -439    -35     386     1046    1597    1429    1472    1120    589     373     61      
1419   1980 631     46      1227    -196    426     1575    705     -327    -330    -105    517     869     1551    1648    1524    1240    689     187     73      
1419   1981 639     118     1237    -94     596     1494    743     -300    -51     99      477     1209    1393    1585    1502    1237    681     313     -518    
1419   1982 728     -11     1273    -453    619     1601    890     -523    -303    265     527     1064    1312    1815    1666    1228    905     538     170     
1419   1983 762     335     1287    96      614     1620    752     331     -245    263     536     1042    1408    1775    1670    1267    785     203     27      
1419   1984 744     152     1233    -31     593     1517    845     -23     -101    4       644     1132    1357    1546    1643    1056    974     500     158     
1419   1985 539     46      1149    -399    476     1471    635     -613    -779    -31     340     1114    1355    1581    1474    1005    816     78      16      
1419   1986 634     7       1186    -298    526     1544    734     -277    -668    14      402     1157    1536    1656    1440    901     746     555     47      
1419   1987 516     -10     1063    -345    343     1311    736     -795    -283    -337    519     853     1162    1453    1315    1065    840     301     52      
1419   1988 732     239     1277    117     506     1603    673     194     104     -65     405     1174    1634    1661    1513    1258    706     54      112     
1419   1989 872     355     1323    303     766     1585    842     415     391     446     625     1222    1516    1700    1536    1321    895     307     57      
1419   1990 863     425     1311    276     809     1608    726     329     460     499     736     1190    1563    1605    1654    1100    788     289     111     
1419   1991 748     231     1222    -15     595     1547    826     27      -202    333     553     898     1143    1800    1685    1230    810     438     185     
1419   1992 816     328     1382    147     697     1749    687     79      178     273     508     1305    1789    1813    1646    1208    492     367     108     
1419   1993 719     217     1219    74      765     1407    597     93      15      211     684     1398    1387    1456    1377    992     613     186     162     
1419   1994 802     174     1353    3       644     1711    789     106     -287    218     712     1004    1361    2038    1724    1253    675     444     284     
1419   1995 742     303     1296    145     603     1662    779     -75     234     253     553     1003    1497    1728    1755    1218    1015    95      -412    
1419   1996 620     18      1172    -329    471     1522    750     -173    -408    -35     589     864     1407    1426    1728    1004    857     386     -240    
1419   1997 744     181     1312    -147    528     1753    698     -308    132     258     421     903     1516    1767    1970    1274    545     280     122     
1419   1998 715     253     1206    196     607     1408    700     119     364     101     551     1166    1375    1456    1393    1284    784     29      -66     
1419   1999 782     150     1323    -52     611     1613    892     33      -130    221     705     911     1455    1776    1603    1477    795     407     73      
1419   2000 852     303     1264    113     755     1477    985     84      189     267     814     1186    1440    1525    1465    1142    1120    687     286     
1419   2001 742     339     1278    85      522     1616    862     55      -106    -41     472     1135    1368    1846    1627    1193    1090    297     -104    
1419   2002 814     332     1411    80      728     1765    712     96      266     337     573     1270    1552    1731    2006    1311    553     277     -241    
1419   2003 758     52      1342    -255    627     1694    775     -204    -326    225     522     1131    1535    1833    1710    1301    459     576     257     
1419   2004 739     206     1264    -16     663     1527    789     -297    -9      249     647     1091    1344    1478    1753    1252    831     281     211     
1419   2005 749     210     1287    77      513     1583    869     159     -163    -94     584     1051    1394    1789    1559    1329    872     407     36      
1419   2006 815     99      1387    -136    433     1741    1042    -255    -194    -291    498     1093    1554    1994    1671    1491    1077    557     517     
1419   2007 838     502     1327    277     819     1612    729     298     -14     526     764     1164    1652    1551    1635    1181    714     291     227     
1419   2008 833     349     1290    294     665     1582    814     278     381     200     641     1155    1457    1721    1564    1184    829     429     142     
1419   2009 753     237     1325    -25     688     1586    824     -94     -133    221     787     1058    1355    1708    1687    1338    554     589     -88     
1419   2010 610     62      1282    -296    546     1650    694     -533    -264    98      582     958     1355    1891    1696    1189    641     255     -604    
1419   2011 -999999 21      -999999 -337    -999999 -999999 -999999 -160    -237    216     893     -999999 -999999 -999999 -999999 -999999 -999999 -999999 -999999 
