EUROPEAN CLIMATE ASSESSMENT & DATASET (ECA&D), file created on: 10-05-2011
THESE DATA CAN BE USED FREELY PROVIDED THAT THE FOLLOWING SOURCE IS ACKNOWLEDGED: 

Klein Tank, A.M.G. and Coauthors, 2002. Daily dataset of 20th-century surface
air temperature and precipitation series for the European Climate Assessment.
Int. J. of Climatol., 22, 1441-1453.
Data and metadata available at http://eca.knmi.nl

FILE FORMAT (MISSING VALUE CODE = -999999):

THIS FILE HOLDS DATA FOR STATION FINLAND                                  UTTI AIRPORT/VALKEAL                     (STAID:    710)
LATITUDE: dd:mm:ss +60:54:00
LONGITUDE: ddd:mm:ss +026:55:48
ELEVATION: m   99

DATA IS FOR INDEX Mean of daily mean temperature (TG) with unit 0.01 Temperature (&#176;C)

01-06 SOUID: Source identifier
08-11 YEAR : YYYY
13-20 ANNUAL DATA VALUES
21-28 WINTER HALF YEAR DATA VALUES
29-36 SUMMER HALF YEAR DATA VALUES
37-44 WINTER (DJF) DATA VALUES
45-52 SPRING (MAM) DATA VALUES
53-60 SUMMER (JJA) DATA VALUES
61-68 AUTUMN (SON) DATA VALUES
69-76 JANUARY DATA VALUES
etc. 
157-164 DECEMBER DATA VALUES

710    1959 481     -999999 1208    -999999 411     1702    392     -669    -391    -18     277     970     1538    1833    1730    871     335     -29     -732    
710    1960 376     -500    1227    -960    270     1705    297     -1113   -1040   -439    130     1114    1682    1861    1572    978     180     -263    -214    
710    1961 521     -188    1161    -314    339     1615    592     -512    -204    -121    138     992     1746    1638    1465    964     792     14      -706    
710    1962 331     -327    1036    -644    131     1338    529     -555    -673    -859    395     865     1217    1492    1300    929     601     56      -856    
710    1963 339     -606    1298    -1107   201     1624    559     -1241   -1237   -997    246     1356    1445    1724    1697    1294    510     -127    -708    
710    1964 391     -390    1127    -729    225     1521    437     -425    -1076   -552    275     955     1477    1659    1426    952     623     -269    -422    
710    1965 331     -338    1087    -634    112     1473    382     -573    -936    -510    200     648     1490    1464    1465    1245    452     -553    -513    
710    1966 245     -675    1095    -1200   166     1618    435     -1600   -1518   -396    -56     942     1703    1724    1431    801     406     99      -720    
710    1967 424     -380    1229    -935    422     1608    729     -1300   -770    -16     274     1004    1383    1711    1724    1251    709     228     -1176   
710    1968 285     -496    1118    -1250   295     1556    257     -1820   -720    -191    340     738     1623    1442    1605    946     116     -285    -393    
710    1969 250     -613    1109    -918    102     1546    410     -1293   -1084   -775    259     827     1453    1615    1566    911     439     -121    -880    
710    1970 295     -559    1114    -1138   226     1589    329     -1162   -1396   -302    75      899     1625    1635    1509    916     292     -220    -460    
710    1971 343     -370    1078    -566    153     1513    277     -395    -874    -610    66      1000    1383    1624    1529    838     308     -317    -530    
710    1972 472     -449    1247    -771    227     1797    429     -1183   -588    -388    152     915     1680    1993    1714    999     402     -114    42      
710    1973 385     -155    1178    -328    363     1685    123     -415    -641    -252    314     1026    1653    1948    1455    644     150     -427    -912    
710    1974 504     -345    1067    -536    170     1495    590     -537    -117    -205    62      649     1435    1608    1441    1189    486     98      -95     
710    1975 528     -73     1209    -323    449     1536    521     -355    -540    -75     274     1144    1316    1739    1546    1211    369     -11     -369    
710    1976 224     -491    1043    -892    188     1422    248     -1369   -942    -635    168     1029    1211    1556    1493    770     58      -78     -611    
710    1977 324     -472    1045    -826    253     1445    400     -831    -1057   -356    134     977     1397    1505    1432    798     356     48      -611    
710    1978 210     -468    1053    -960    258     1438    395     -903    -1411   -364    129     1006    1413    1555    1347    842     277     70      -1549   
710    1979 350     -615    1142    -1274   326     1552    439     -1056   -1213   -254    127     1097    1539    1513    1604    944     315     60      -588    
710    1980 298     -498    1161    -886    122     1612    334     -1075   -1002   -710    407     678     1703    1651    1486    1027    423     -451    -598    
710    1981 356     -448    1098    -649    127     1500    474     -562    -803    -734    40      1071    1388    1707    1401    952     549     -82     -735    
710    1982 382     -414    1066    -956    330     1438    511     -1329   -788    -124    180     930     1104    1681    1519    949     375     213     -204    
710    1983 459     -227    1255    -523    444     1545    438     -370    -1048   -393    540     1187    1346    1765    1518    1148    490     -325    -474    
710    1984 458     -360    1191    -600    416     1462    515     -610    -726    -538    464     1324    1378    1546    1459    953     609     -20     -393    
710    1985 182     -591    1071    -1292   199     1525    425     -1823   -1701   -307    6       892     1354    1575    1640    927     589     -247    -860    
710    1986 348     -490    1142    -1069   410     1606    451     -994    -1384   -120    254     1090    1687    1762    1371    661     466     226     -963    
710    1987 173     -645    1001    -1313   126     1361    402     -2049   -885    -658    177     861     1366    1511    1206    868     594     -263    -705    
710    1988 420     -306    1249    -609    296     1721    312     -529    -591    -359    84      1155    1728    2002    1434    1065    385     -516    -861    
710    1989 591     -199    1269    -391    560     1623    493     -176    -108    81      540     1058    1657    1752    1460    1130    413     -60     -696    
710    1990 512     -184    1160    -492    520     1516    341     -744    14      -8      625     946     1378    1596    1571    825     460     -267    -278    
710    1991 474     -277    1135    -560    300     1587    554     -599    -828    -205    322     783     1309    1743    1699    928     526     208     -295    
710    1992 485     -69     1196    -380    393     1583    260     -429    -418    -19     119     1070    1615    1661    1473    1216    -81     -342    -79     
710    1993 386     -246    1049    -296    472     1371    106     -378    -446    -170    266     1313    1182    1577    1349    569     264     -522    -456    
710    1994 391     -517    1195    -832    303     1601    407     -626    -1477   -380    499     797     1310    1936    1547    1056    406     -242    -278    
710    1995 470     -147    1196    -325    345     1661    454     -475    -209    -92     203     920     1805    1578    1604    1048    714     -408    -1093   
710    1996 377     -522    1115    -1025   262     1542    576     -786    -1209   -394    249     931     1386    1454    1780    864     593     270     -677    
710    1997 448     -202    1203    -633    233     1767    354     -697    -514    -200    109     785     1632    1865    1798    998     186     -117    -541    
710    1998 391     -370    1125    -558    185     1488    375     -335    -824    -623    188     990     1503    1624    1338    1090    477     -446    -382    
710    1999 507     -386    1288    -719    353     1747    605     -822    -980    -222    567     719     1876    1875    1495    1192    605     18      -330    
710    2000 598     -131    1209    -401    460     1569    659     -469    -403    -219    576     1028    1448    1725    1528    923     762     290     -47     
710    2001 477     -114    1296    -400    317     1693    572     -336    -862    -550    598     911     1436    2045    1588    1175    692     -155    -910    
710    2002 474     -206    1338    -577    508     1801    186     -583    -201    -75     453     1143    1651    1898    1849    1008    -29     -414    -1052   
710    2003 457     -612    1218    -1012   331     1652    533     -1270   -682    -224    157     1055    1286    2091    1568    1118    325     161     -186    
710    2004 472     -251    1214    -608    402     1558    518     -914    -733    -180    397     989     1341    1697    1629    1207    493     -145    -171    
710    2005 -999999 -257    1253    -375    174     1661    687     -263    -724    -773    357     968     1441    1885    1648    1184    596     286     -470    
710    2006 542     -999999 1353    -738    226     1786    669     -647    -1117   -749    367     1065    1605    1906    1846    1322    653     10      145     
710    2007 571     -77     1271    -474    618     1677    491     -392    -1251   263     511     1077    1544    1728    1750    999     577     -105    28      
710    2008 602     -9      -999999 -102    455     1525    566     -212    -122    -232    560     1039    1418    1684    1471    909     701     118     -104    
710    2009 -999999 -119    -999999 -434    422     -999999 535     -548    -673    -251    382     1156    1437    1735    1665    1242    246     125     -743    
710    2010 362     -537    -999999 -1088   422     1821    426     -1495   -1020   -357    476     1172    1471    2245    1731    1111    412     -246    -1127   
710    2011 -999999 -521    -999999 -1020   -999999 -999999 -999999 -707    -1246   -270    540     -999999 -999999 -999999 -999999 -999999 -999999 -999999 -999999 
