EUROPEAN CLIMATE ASSESSMENT & DATASET (ECA&D), file created on: 10-05-2011
THESE DATA CAN BE USED FREELY PROVIDED THAT THE FOLLOWING SOURCE IS ACKNOWLEDGED: 

Klein Tank, A.M.G. and Coauthors, 2002. Daily dataset of 20th-century surface
air temperature and precipitation series for the European Climate Assessment.
Int. J. of Climatol., 22, 1441-1453.
Data and metadata available at http://eca.knmi.nl

FILE FORMAT (MISSING VALUE CODE = -999999):

THIS FILE HOLDS DATA FOR STATION UNITED KINGDOM                           PLYMOUTH WC                              (STAID:   2131)
LATITUDE: dd:mm:ss +50:21:00
LONGITUDE: ddd:mm:ss -004:07:12
ELEVATION: m   50

DATA IS FOR INDEX Mean of daily mean temperature (TG) with unit 0.01 Temperature (&#176;C)

01-06 SOUID: Source identifier
08-11 YEAR : YYYY
13-20 ANNUAL DATA VALUES
21-28 WINTER HALF YEAR DATA VALUES
29-36 SUMMER HALF YEAR DATA VALUES
37-44 WINTER (DJF) DATA VALUES
45-52 SPRING (MAM) DATA VALUES
53-60 SUMMER (JJA) DATA VALUES
61-68 AUTUMN (SON) DATA VALUES
69-76 JANUARY DATA VALUES
etc. 
157-164 DECEMBER DATA VALUES

2131   1960 1072    -999999 1379    -999999 1030    1534    1163    596     553     818     970     1298    1574    1517    1512    1398    1152    938     516     
2131   1961 1096    808     1393    645     1019    1523    1171    593     844     813     1092    1154    1428    1565    1572    1541    1187    783     570     
2131   1962 968     693     1264    594     762     1452    1071    662     545     399     858     1032    1355    1533    1465    1332    1172    707     528     
2131   1963 950     554     1299    235     900     1471    1210    -42     217     715     903     1082    1448    1484    1481    1393    1207    1029    444     
2131   1964 1042    726     1375    513     903     1532    1174    541     556     580     875     1252    1416    1595    1582    1519    1074    934     567     
2131   1965 990     693     1260    498     886     1433    1076    507     413     647     866     1144    1355    1447    1493    1243    1263    715     741     
2131   1966 1084    806     1371    694     943     1541    1137    555     796     763     916     1148    1507    1580    1535    1535    1171    704     783     
2131   1967 1052    788     1333    692     924     1523    1105    622     670     766     914     1090    1429    1592    1546    1416    1171    726     659     
2131   1968 1050    720     1321    569     846     1543    1241    654     382     708     801     1027    1446    1535    1647    1465    1352    902     647     
2131   1969 1048    774     1363    596     863     1559    1205    767     350     588     889     1113    1435    1628    1611    1490    1364    755     535     
2131   1970 1062    737     1369    579     835     1579    1224    650     551     549     757     1196    1620    1526    1593    1517    1171    986     602     
2131   1971 1101    778     1404    632     886     1601    1209    693     597     609     856     1193    1346    1785    1663    1566    1310    748     803     
2131   1972 1032    817     1259    678     937     1418    1085    578     652     801     944     1067    1144    1557    1545    1286    1189    776     821     
2131   1973 1064    786     1359    682     885     1561    1166    633     583     695     812     1147    1468    1533    1677    1508    1097    895     690     
2131   1974 1053    816     1280    739     902     1465    1021    821     703     683     944     1080    1416    1486    1491    1256    915     896     917     
2131   1975 1109    819     1409    820     887     1685    1126    820     713     642     871     1149    1553    1704    1794    1367    1145    864     650     
2131   1976 1090    767     1450    653     891     1758    1115    726     577     633     857     1181    1643    1794    1834    1374    1146    823     472     
2131   1977 1072    750     1305    562     921     1504    1175    509     721     826     789     1143    1282    1657    1565    1376    1326    819     812     
2131   1978 1062    798     1308    629     910     1472    1254    574     486     740     757     1227    1397    1475    1541    1439    1328    991     743     
2131   1979 1000    731     1286    480     812     1502    1184    304     385     610     877     951     1352    1628    1520    1377    1296    875     781     
2131   1980 1048    804     1356    667     931     1489    1114    426     803     645     965     1183    1396    1473    1596    1519    1057    768     737     
2131   1981 1057    768     1366    626     972     1547    1152    655     471     888     899     1127    1352    1596    1686    1524    1005    933     501     
2131   1982 1102    745     1398    600     942     1590    1214    616     692     726     958     1144    1495    1686    1585    1512    1143    989     652     
2131   1983 1129    794     1439    631     867     1763    1196    803     416     734     793     1070    1467    1984    1829    1472    1155    964     796     
2131   1984 1095    787     1411    667     883     1649    1194    618     580     602     940     1109    1515    1675    1752    1468    1213    900     745     
2131   1985 1029    725     1350    533     916     1494    1115    308     548     626     925     1196    1378    1619    1482    1493    1209    641     889     
2131   1986 979     691     1233    557     789     1476    1116    640     97      615     654     1093    1484    1563    1382    1210    1231    903     804     
2131   1987 1034    735     1364    552     911     1527    1148    309     541     607     1021    1110    1280    1657    1638    1471    1128    845     770     
2131   1988 1103    819     1344    718     975     1500    1157    768     609     783     898     1243    1529    1461    1511    1417    1231    819     941     
2131   1989 1197    903     1483    830     1022    1722    1262    776     765     869     745     1442    1538    1919    1704    1532    1316    936     782     
2131   1990 1185    951     1448    845     1084    1636    1212    848     913     908     929     1411    1391    1722    1786    1427    1324    881     648     
2131   1991 1060    776     1381    523     995     1517    1172    559     346     863     890     1246    1270    1608    1664    1586    1109    822     708     
2131   1992 1085    777     1409    635     1018    1606    1093    550     648     818     908     1325    1589    1644    1585    1391    944     949     639     
2131   1993 1081    800     1361    713     996     1528    1031    817     676     761     1036    1193    1482    1563    1537    1350    987     758     777     
2131   1994 1142    804     1352    732     950     1582    1252    778     633     871     856     1122    1393    1704    1643    1380    1211    1167    902     
2131   1995 1183    930     1490    831     951     1771    1285    732     864     709     946     1198    1524    1805    1976    1472    1425    955     567     
2131   1996 1036    804     1334    591     843     1561    1181    704     497     659     887     985     1422    1629    1623    1456    1282    802     472     
2131   1997 1153    -999999 1429    548     1035    1616    1281    416     788     880     993     1226    1413    1615    1815    1501    1293    1050    799     
2131   1998 -999999 -999999 -999999 -999999 1053    -999999 1206    709     781     881     847     1426    -999999 1545    1602    1563    1219    836     776     
2131   1999 -999999 849     -999999 750     -999999 -999999 1251    762     709     779     988     -999999 -999999 -999999 1688    1598    1214    932     731     
2131   2000 -999999 863     1409    728     980     1592    -999999 645     814     841     857     1245    1431    1614    1725    1563    1165    -999999 -999999 
2131   2001 1126    -999999 1411    -999999 958     1610    1284    622     689     729     875     1259    1454    1658    1713    1495    1431    920     619     
2131   2002 1163    -999999 1380    749     1013    1530    1297    804     837     895     981     1162    1349    1559    1677    1544    1240    1108    759     
2131   2003 -999999 -999999 1487    681     -999999 1714    1208    643     637     -999999 1073    1180    1528    1721    1888    1519    1111    997     746     
2131   2004 1149    838     1442    721     994     1614    1248    762     653     750     970     1262    1562    1545    1733    1574    1167    1006    788     
2131   2005 1142    857     1427    722     958     1637    1284    785     579     795     942     1137    1538    1720    1649    1568    1419    860     670     
2131   2006 1161    780     1497    591     915     1723    1348    615     476     613     953     1180    1558    1892    1714    1678    1395    970     837     
2131   2007 1168    951     1432    830     1108    1548    1204    825     829     839     1204    1285    1528    1518    1597    1456    1255    898     759     
2131   2008 1091    856     1390    751     1010    1540    1123    782     708     723     879     1424    1426    1581    1608    1406    1091    872     576     
2131   2009 -999999 735     -999999 544     994     1603    -999999 500     557     800     974     1208    1528    1639    1640    1480    1321    1084    600     
2131   2010 -999999 -999999 -999999 506     929     1615    1151    370     544     697     956     1149    1558    1696    1589    1458    1240    754     266     
2131   2011 -999999 -999999 -999999 561     -999999 -999999 -999999 582     833     859     1269    -999999 -999999 -999999 -999999 -999999 -999999 -999999 -999999 
