EUROPEAN CLIMATE ASSESSMENT & DATASET (ECA&D), file created on: 10-05-2011
THESE DATA CAN BE USED FREELY PROVIDED THAT THE FOLLOWING SOURCE IS ACKNOWLEDGED: 

Klein Tank, A.M.G. and Coauthors, 2002. Daily dataset of 20th-century surface
air temperature and precipitation series for the European Climate Assessment.
Int. J. of Climatol., 22, 1441-1453.
Data and metadata available at http://eca.knmi.nl

FILE FORMAT (MISSING VALUE CODE = -999999):

THIS FILE HOLDS DATA FOR STATION RUSSIAN FEDERATION                       JUR-EVEC                                 (STAID:   1198)
LATITUDE: dd:mm:ss +57:18:00
LONGITUDE: ddd:mm:ss +043:06:00
ELEVATION: m  132

DATA IS FOR INDEX Mean of daily mean temperature (TG) with unit 0.01 Temperature (&#176;C)

01-06 SOUID: Source identifier
08-11 YEAR : YYYY
13-20 ANNUAL DATA VALUES
21-28 WINTER HALF YEAR DATA VALUES
29-36 SUMMER HALF YEAR DATA VALUES
37-44 WINTER (DJF) DATA VALUES
45-52 SPRING (MAM) DATA VALUES
53-60 SUMMER (JJA) DATA VALUES
61-68 AUTUMN (SON) DATA VALUES
69-76 JANUARY DATA VALUES
etc. 
157-164 DECEMBER DATA VALUES

1198   1995 -999999 -999999 -999999 -999999 -999999 1750    -999999 -821    -272    -72     845     1398    1954    1733    1558    1324    -999999 -501    -1263   
1198   1996 -999999 -999999 -999999 -999999 430     -999999 537     -1225   -1221   -372    345     1347    1662    1890    1638    975     448     184     -884    
1198   1997 -999999 -999999 -999999 -999999 362     1757    278     -1340   -713    -324    397     990     1792    1824    1656    880     316     -341    -1052   
1198   1998 -999999 -999999 -999999 -999999 424     1832    223     -860    -1368   -216    150     1329    2006    1917    1581    1044    484     -899    -749    
1198   1999 -999999 -999999 -999999 -999999 374     1919    -999999 -897    -778    -338    780     742     2036    2124    1600    1035    672     -708    -366    
1198   2000 -999999 -999999 -999999 -567    495     1803    -999999 -873    -454    -229    860     904     1655    2109    1627    1005    562     -175    -769    
1198   2001 -999999 -999999 -999999 -792    549     -999999 -999999 -669    -967    -403    920     1129    1622    -999999 -999999 -999999 -999999 -999999 -999999 
1198   2002 -999999 -999999 -999999 -999999 -999999 -999999 -999999 -999999 -999999 -999999 -999999 1012    1659    2262    1503    1119    199     -281    -1582   
1198   2003 -999999 -999999 -999999 -1257   -999999 -999999 -999999 -1078   -1088   -414    379     1307    1221    1988    1727    1132    599     -44     -354    
1198   2004 -999999 -999999 -999999 -999999 510     1767    494     -990    -900    -26     314     1165    1528    1965    1786    1202    486     -233    -633    
1198   2005 -999999 -999999 -999999 -999999 -999999 1735    -999999 -539    -1008   -767    539     1545    1626    1881    1695    1243    696     212     -646    
1198   2006 -999999 -999999 -999999 -999999 409     -999999 490     -1314   -1419   -466    411     1224    1926    1751    1730    1290    426     -193    -90     
1198   2007 -999999 -999999 -999999 -999999 733     1805    476     -454    -1423   268     500     1455    1504    1884    2033    1133    600     -351    -529    
1198   2008 -999999 -999999 -999999 -999999 618     1707    651     -965    -384    -12     765     1119    1457    1939    1717    964     828     179     -301    
1198   2009 -999999 -999999 -999999 -593    498     1766    632     -785    -717    -229    258     1410    1784    1872    1638    1403    499     8       -907    
1198   2010 -999999 -999999 -999999 -1201   719     2125    547     -1575   -1088   -279    746     1691    1878    2435    2038    1173    382     135     -1114   
1198   2011 -999999 -999999 -999999 -1189   -999999 -999999 -999999 -1038   -1428   -375    448     -999999 -999999 -999999 -999999 -999999 -999999 -999999 -999999 
