EUROPEAN CLIMATE ASSESSMENT & DATASET (ECA&D), file created on: 10-05-2011
THESE DATA CAN BE USED FREELY PROVIDED THAT THE FOLLOWING SOURCE IS ACKNOWLEDGED: 

Klein Tank, A.M.G. and Coauthors, 2002. Daily dataset of 20th-century surface
air temperature and precipitation series for the European Climate Assessment.
Int. J. of Climatol., 22, 1441-1453.
Data and metadata available at http://eca.knmi.nl

FILE FORMAT (MISSING VALUE CODE = -999999):

THIS FILE HOLDS DATA FOR STATION FINLAND                                  JOENSUU AIRPORT/LIPE                     (STAID:    723)
LATITUDE: dd:mm:ss +62:39:00
LONGITUDE: ddd:mm:ss +029:36:00
ELEVATION: m  118

DATA IS FOR INDEX Mean of daily mean temperature (TG) with unit 0.01 Temperature (&#176;C)

01-06 SOUID: Source identifier
08-11 YEAR : YYYY
13-20 ANNUAL DATA VALUES
21-28 WINTER HALF YEAR DATA VALUES
29-36 SUMMER HALF YEAR DATA VALUES
37-44 WINTER (DJF) DATA VALUES
45-52 SPRING (MAM) DATA VALUES
53-60 SUMMER (JJA) DATA VALUES
61-68 AUTUMN (SON) DATA VALUES
69-76 JANUARY DATA VALUES
etc. 
157-164 DECEMBER DATA VALUES

723    1959 271     -999999 1046    -999999 207     1574    202     -954    -681    -235    87      765     1477    1692    1550    675     200     -269    -1119   
723    1960 230     -713    1133    -1228   172     1636    109     -1258   -1313   -544    102     956     1534    1890    1482    804     -54     -418    -481    
723    1961 377     -390    1023    -507    83      1573    477     -675    -351    -357    -160    759     1677    1668    1378    789     712     -77     -888    
723    1962 173     -502    918     -844    -43     1224    410     -757    -891    -1134   285     729     1100    1396    1171    806     446     -24     -1105   
723    1963 149     -810    1115    -1349   -7      1425    454     -1489   -1464   -1262   82      1162    1209    1556    1502    1150    409     -195    -976    
723    1964 234     -554    996     -943    56      1419    302     -661    -1210   -720    70      820     1309    1568    1377    806     545     -453    -708    
723    1965 165     -538    947     -875    -81     1363    233     -758    -1190   -725    60      428     1373    1393    1323    1098    302     -702    -714    
723    1966 23      -976    969     -1560   -85     1504    288     -2048   -1956   -826    -210    778     1553    1652    1308    696     217     -33     -961    
723    1967 271     -560    1095    -1158   306     1500    574     -1522   -975    -111    207     819     1271    1554    1668    1027    550     146     -1451   
723    1968 94      -747    998     -1595   94      1487    68      -2225   -1074   -421    76      627     1556    1399    1509    802     -71     -522    -554    
723    1969 103     -852    1003    -1217   -55     1488    321     -1696   -1421   -894    123     613     1372    1566    1522    798     364     -202    -1000   
723    1970 166     -698    1053    -1324   116     1555    214     -1310   -1699   -420    28      738     1507    1687    1471    865     212     -434    -794    
723    1971 130     -609    912     -868    -120    1414    101     -629    -1215   -846    -150    635     1278    1539    1421    720     138     -557    -878    
723    1972 337     -681    1165    -1036   72      1768    255     -1353   -865    -577    75      716     1648    1990    1663    865     291     -391    -65     
723    1973 216     -358    1073    -521    197     1607    -45     -682    -849    -500    188     903     1578    1879    1362    494     -44     -585    -1231   
723    1974 387     -594    1028    -870    23      1532    476     -1040   -283    -350    -50     466     1453    1698    1441    1144    409     -123    -158    
723    1975 384     -220    1097    -475    336     1421    384     -523    -772    -202    192     1013    1275    1644    1338    1099    265     -209    -593    
723    1976 45      -707    890     -1168   15      1284    52      -1642   -1276   -809    -12     866     1078    1448    1319    611     -160    -288    -647    
723    1977 207     -612    989     -916    146     1426    242     -940    -1188   -494    84      845     1320    1610    1345    701     168     -140    -922    
723    1978 54      -707    949     -1281   108     1371    283     -1193   -1775   -465    -85     867     1360    1501    1251    771     163     -83     -1783   
723    1979 231     -769    1059    -1459   191     1524    285     -1261   -1318   -365    -97     1026    1485    1578    1508    822     129     -91     -750    
723    1980 139     -682    1043    -1096   -27     1538    166     -1248   -1303   -850    204     572     1685    1558    1375    853     318     -679    -861    
723    1981 212     -684    1013    -908    -77     1468    377     -772    -1112   -1043   -70     883     1282    1792    1324    838     507     -219    -959    
723    1982 242     -610    983     -1257   242     1361    401     -1790   -995    -230    154     800     1008    1641    1424    839     235     135     -397    
723    1983 295     -397    1155    -755    290     1496    244     -629    -1290   -506    328     1050    1305    1769    1409    1045    336     -651    -751    
723    1984 316     -576    1110    -816    274     1421    367     -850    -849    -710    324     1211    1340    1587    1334    837     485     -225    -733    
723    1985 30      -829    999     -1612   55      1474    319     -2137   -2004   -453    -113    726     1292    1541    1583    940     444     -430    -1171   
723    1986 191     -695    1022    -1332   224     1535    371     -1287   -1561   -238    77      828     1650    1711    1249    593     366     155     -1367   
723    1987 13      -845    904     -1613   -24     1307    252     -2245   -1186   -796    13      712     1360    1450    1113    756     556     -566    -1078   
723    1988 251     -543    1113    -931    93      1634    197     -846    -864    -483    -132    887     1588    1908    1404    996     303     -710    -1089   
723    1989 456     -384    1184    -638    447     1578    352     -465    -330    -21     388     973     1630    1653    1454    989     275     -207    -917    
723    1990 311     -396    1003    -731    269     1406    127     -1129   -85     -279    335     753     1228    1557    1428    694     285     -604    -476    
723    1991 293     -570    1008    -871    91      1479    468     -1025   -1137   -517    109     682     1309    1617    1506    797     486     121     -529    
723    1992 321     -221    1050    -604    223     1440    101     -718    -563    -135    -112    906     1464    1540    1317    1166    -220    -632    -193    
723    1993 211     -456    936     -523    275     1323    -78     -731    -657    -327    61      1085    1062    1553    1344    470     72      -779    -704    
723    1994 243     -752    1088    -1105   154     1531    278     -952    -1718   -523    360     632     1309    1813    1465    926     270     -362    -450    
723    1995 368     -280    1108    -486    265     1563    355     -580    -421    -155    143     803     1697    1480    1516    990     601     -534    -1168   
723    1996 259     -629    1014    -1123   111     1481    468     -862    -1354   -502    86      748     1336    1435    1667    786     439     180     -909    
723    1997 272     -411    1092    -905    65      1673    217     -1031   -763    -395    -96     681     1528    1834    1652    923     77      -345    -866    
723    1998 229     -625    1027    -890    -38     1472    293     -578    -1260   -828    -100    812     1410    1695    1308    1013    411     -550    -699    
723    1999 325     -592    1144    -1006   158     1633    449     -1182   -1151   -432    399     515     1805    1764    1335    1041    505     -201    -588    
723    2000 446     -325    1113    -649    298     1532    514     -706    -653    -321    371     848     1430    1735    1428    843     675     17      -360    
723    2001 299     -335    1195    -656    171     1608    349     -541    -1111   -756    527     752     1437    1940    1441    1056    419     -458    -1232   
723    2002 298     -473    1197    -853    330     1672    56      -871    -414    -276    253     1011    1551    1851    1611    879     -63     -644    -1358   
723    2003 330     -782    1123    -1259   261     1558    424     -1578   -796    -251    7       1018    1128    2028    1505    1015    279     -16     -460    
723    2004 313     -430    1096    -835    230     1482    375     -1119   -933    -346    180     855     1273    1669    1497    1078    353     -307    -488    
723    2005 -999999 -433    -999999 -606    69      1628    621     -467    -891    -838    206     844     1380    1856    1624    1078    520     281     -667    
723    2006 381     -506    1221    -959    83      1656    484     -862    -1390   -946    252     949     1545    1724    1695    1140    455     -143    26      
723    2007 415     -290    1148    -738    451     1578    382     -699    -1629   124     304     920     1394    1675    1658    907     498     -262    -89     
723    2008 437     -176    1013    -296    222     1400    460     -419    -386    -412    314     766     1293    1576    1328    780     605     -9      -227    
723    2009 303     -301    1120    -664    235     1473    409     -821    -976    -435    90      1045    1312    1614    1490    1146    110     -19     -997    
723    2010 210     -736    1275    -1319   313     1698    285     -1671   -1287   -580    380     1141    1274    2183    1622    1015    317     -478    -1492   
723    2011 -999999 -753    -999999 -1335   -999999 -999999 -999999 -1032   -1497   -397    384     -999999 -999999 -999999 -999999 -999999 -999999 -999999 -999999 
