EUROPEAN CLIMATE ASSESSMENT & DATASET (ECA&D), file created on: 10-05-2011
THESE DATA CAN BE USED FREELY PROVIDED THAT THE FOLLOWING SOURCE IS ACKNOWLEDGED: 

Klein Tank, A.M.G. and Coauthors, 2002. Daily dataset of 20th-century surface
air temperature and precipitation series for the European Climate Assessment.
Int. J. of Climatol., 22, 1441-1453.
Data and metadata available at http://eca.knmi.nl

FILE FORMAT (MISSING VALUE CODE = -999999):

THIS FILE HOLDS DATA FOR STATION NORWAY                                   SKROVA FYR                               (STAID:   1056)
LATITUDE: dd:mm:ss +68:09:01
LONGITUDE: ddd:mm:ss +014:39:02
ELEVATION: m   11

DATA IS FOR INDEX Mean of daily mean temperature (TG) with unit 0.01 Temperature (&#176;C)

01-06 SOUID: Source identifier
08-11 YEAR : YYYY
13-20 ANNUAL DATA VALUES
21-28 WINTER HALF YEAR DATA VALUES
29-36 SUMMER HALF YEAR DATA VALUES
37-44 WINTER (DJF) DATA VALUES
45-52 SPRING (MAM) DATA VALUES
53-60 SUMMER (JJA) DATA VALUES
61-68 AUTUMN (SON) DATA VALUES
69-76 JANUARY DATA VALUES
etc. 
157-164 DECEMBER DATA VALUES

1056   1954 585     -999999 969     -999999 347     1267    593     52      0       -1      188     848     893     1567    1328    963     527     292     311     
1056   1955 366     125     747     1       112     993     554     -127    -202    -78     23      390     722     1082    1167    1083    450     132     -285    
1056   1956 460     -2      826     -227    223     1189    500     -178    -219    79      35      551     914     1404    1241    786     530     184     156     
1056   1957 519     159     869     70      249     1165    639     139     -101    23      221     502     791     1457    1235    988     550     383     -13     
1056   1958 511     30      917     -169    186     1221    797     -120    -394    -253    225     589     1019    1205    1433    1014    792     585     -19     
1056   1959 570     294     852     11      398     1132    659     -201    279     335     279     574     934     1212    1242    855     663     458     191     
1056   1960 594     199     1095    -58     482     1412    582     -104    -275    240     425     777     1038    1627    1559    1117    387     247     48      
1056   1961 599     153     929     81      252     1284    812     99      99      38      87      625     1069    1442    1333    998     952     481     -71     
1056   1962 454     155     842     -57     177     1079    604     -61     -39     -339    279     595     830     1131    1268    932     575     306     -65     
1056   1963 547     49      1001    -155    365     1225    664     -123    -289    -137    268     960     1071    1151    1449    1086    706     198     161     
1056   1964 542     224     852     95      374     1107    597     222     -110    145     282     692     818     1240    1253    806     766     212     133     
1056   1965 450     143     857     1       216     1071    613     -76     -61     -133    363     424     994     1045    1171    1146    602     92      -195    
1056   1966 398     -74     806     -316    99      1216    489     -215    -560    -207    22      481     1152    1282    1213    666     414     390     70      
1056   1967 527     141     917     -35     370     1132    720     -195    25      139     207     757     917     1178    1293    1135    517     516     -198    
1056   1968 401     53      765     -205    171     1014    456     -283    -129    -102    203     412     934     1076    1028    928     187     261     279     
1056   1969 534     78      974     13      268     1355    559     -55     -204    -20     252     571     1129    1351    1577    948     601     128     70      
1056   1970 519     70      948     -125    312     1277    574     -97     -371    48      147     734     1099    1380    1344    960     652     108     147     
1056   1971 453     79      859     -18     165     1189    453     -48     -167    -243    126     610     1181    1148    1236    841     498     17      187     
1056   1972 643     169     1023    130     377     1416    569     168     30      102     298     729     1369    1566    1310    849     605     253     402     
1056   1973 480     256     875     191     298     1199    400     202     -56     100     156     633     1022    1486    1083    852     317     34      -117    
1056   1974 630     94      1022    5       408     1321    660     167     -40     188     301     733     1240    1393    1327    1126    570     287     222     
1056   1975 496     250     758     147     334     955     627     44      178     196     222     580     726     1028    1104    874     632     376     -36     
1056   1976 490     165     856     -36     361     1136    489     -216    158     82      150     846     1055    1240    1111    714     534     217     -22     
1056   1977 455     77      763     -110    163     1106    578     -172    -139    26      40      420     788     1291    1229    786     605     342     186     
1056   1978 463     106     942     -86     243     1335    491     -173    -291    -65     162     628     1192    1501    1307    843     382     252     -232    
1056   1979 478     13      874     -187    222     1242    514     -177    -149    -5      199     472     984     1438    1296    834     479     230     85      
1056   1980 538     94      1037    -47     319     1425    504     -112    -117    -10     319     649     1282    1512    1476    966     450     97      -77     
1056   1981 416     -8      836     -87     218     1012    565     -139    -41     -336    158     830     704     1182    1138    979     556     160     -234    
1056   1982 497     76      807     -129    308     1056    614     -254    123     114     210     596     740     1158    1260    855     642     343     145     
1056   1983 504     212     902     77      461     1012    510     79      0       49      411     921     896     1151    986     1037    465     28      -13     
1056   1984 564     76      923     9       389     1114    620     -111    161     -71     334     901     1100    1071    1172    949     601     311     342     
1056   1985 487     157     913     -14     231     1319    575     -76     -339    61      59      568     1037    1494    1418    876     661     187     -178    
1056   1986 502     88      902     -170    397     1190    595     -226    -99     167     181     837     1049    1273    1244    806     604     376     -234    
1056   1987 483     28      861     -262    277     1118    721     -239    -317    -46     238     638     1062    1168    1121    925     903     330     -48     
1056   1988 528     185     941     -26     207     1295    609     38      -73     -54     18      650     981     1522    1373    1077    568     181     23      
1056   1989 591     213     946     108     442     1195    639     203     96      192     532     604     1036    1095    1448    950     558     412     -65     
1056   1990 665     225     1031    84      342     1386    707     68      267     119     367     542     1262    1481    1412    1114    775     229     317     
1056   1991 588     268     907     183     311     1240    622     177     40      47      355     533     1168    1241    1308    827     666     372     276     
1056   1992 573     305     934     199     331     1228    523     177     140     192     166     630     1206    1214    1265    1114    293     168     297     
1056   1993 578     190     940     184     354     1272    582     158     86      130     252     677     894     1527    1381    885     385     482     33      
1056   1994 538     146     905     -38     359     1161    566     -131    -14     118     399     561     898     1229    1347    980     479     243     311     
1056   1995 492     216     817     148     303     1049    574     119     0       127     152     626     986     1098    1061    965     574     184     -24     
1056   1996 526     152     887     13      271     1223    591     260     -211    105     186     518     952     1227    1479    942     654     174     -18     
1056   1997 566     121     965     -33     198     1364    632     -36     -47     -17     17      590     1222    1472    1395    1075    511     314     255     
1056   1998 582     162     1007    62      243     1399    634     19      -105    -41     220     549     1173    1625    1393    1064    625     213     190     
1056   1999 572     178     919     42      356     1124    818     -9      -66     93      320     654     1125    1180    1067    1164    715     578     7       
1056   2000 572     226     876     35      274     1125    810     54      44      -45     162     701     918     1286    1166    1008    885     534     124     
1056   2001 507     226     876     40      191     1134    675     221     -253    -189    206     556     1039    1139    1219    1087    665     273     69      
1056   2002 591     175     1094    20      457     1431    480     25      -39     40      466     867     1360    1470    1461    921     403     118     -44     
1056   2003 604     83      1013    -68     401     1362    661     -327    192     169     292     740     1075    1577    1425    949     510     531     92      
1056   2004 622     213     1015    19      490     1264    649     -8      -30     178     548     747     973     1396    1413    992     672     282     262     
1056   2005 599     247     944     169     325     1271    671     166     68      14      403     562     1093    1441    1274    880     697     434     116     
1056   2006 626     -999999 962     181     374     1173    676     313     111     -105    387     825     881     1185    1444    1031    520     482     360     
1056   2007 604     244     951     65      401     1290    630     37      -231    257     290     653     1107    1526    1232    873     748     281     420     
1056   2008 609     284     946     234     305     1241    680     122     155     -29     300     644     1058    1382    1278    999     735     303     336     
1056   2009 613     251     1026    116     432     1316    678     96      -105    106     328     860     1013    1449    1475    1004    531     503     33      
1056   2010 -999999 125     -999999 -60     332     1124    618     58      -294    -111    349     803     869     1265    1215    1055    654     146     20      
1056   2011 -999999 -999999 -999999 -16     -999999 -999999 -999999 20      -95     119     416     -999999 -999999 -999999 -999999 -999999 -999999 -999999 -999999 
