EUROPEAN CLIMATE ASSESSMENT & DATASET (ECA&D), file created on: 10-05-2011
THESE DATA CAN BE USED FREELY PROVIDED THAT THE FOLLOWING SOURCE IS ACKNOWLEDGED: 

Klein Tank, A.M.G. and Coauthors, 2002. Daily dataset of 20th-century surface
air temperature and precipitation series for the European Climate Assessment.
Int. J. of Climatol., 22, 1441-1453.
Data and metadata available at http://eca.knmi.nl

FILE FORMAT (MISSING VALUE CODE = -999999):

THIS FILE HOLDS DATA FOR STATION UKRAINE                                  KHERSON (AGRO)                           (STAID:   1564)
LATITUDE: dd:mm:ss +46:40:12
LONGITUDE: ddd:mm:ss +032:37:11
ELEVATION: m   18

DATA IS FOR INDEX Mean of daily mean temperature (TG) with unit 0.01 Temperature (&#176;C)

01-06 SOUID: Source identifier
08-11 YEAR : YYYY
13-20 ANNUAL DATA VALUES
21-28 WINTER HALF YEAR DATA VALUES
29-36 SUMMER HALF YEAR DATA VALUES
37-44 WINTER (DJF) DATA VALUES
45-52 SPRING (MAM) DATA VALUES
53-60 SUMMER (JJA) DATA VALUES
61-68 AUTUMN (SON) DATA VALUES
69-76 JANUARY DATA VALUES
etc. 
157-164 DECEMBER DATA VALUES

1564   1995 -999999 -999999 -999999 -999999 -999999 2274    -999999 -229    408     534     975     1532    2248    2384    2186    1669    1019    201     -252    
1564   1996 -999999 -999999 -999999 -999999 -999999 -999999 1117    -625    -282    -28     -999999 1940    2060    2301    2197    1445    1053    863     -40     
1564   1997 -999999 -999999 -999999 -999999 921     2078    955     -641    -189    251     801     1703    2081    2154    2004    1348    964     526     23      
1564   1998 -999999 -999999 -999999 -999999 -999999 2263    -999999 -108    -999999 316     1232    1585    2147    2373    2277    1742    1136    134     -304    
1564   1999 -999999 -999999 -999999 -999999 -999999 -999999 -999999 16      141     560     1174    -999999 2312    2565    2279    -999999 933     175     -999999 
1564   2000 -999999 -999999 -999999 -999999 -999999 -999999 -999999 -379    95      -999999 -999999 1583    1994    -999999 2309    1543    1038    644     286     
1564   2001 -999999 -999999 -999999 -999999 -999999 2310    -999999 174     -18     522     1154    1432    1867    2671    2385    -999999 1129    521     -421    
1564   2002 -999999 -999999 -999999 -999999 -999999 -999999 -999999 -178    505     676     998     1678    2051    2680    2269    1823    1001    605     -616    
1564   2003 -999999 -999999 -999999 -999999 967     -999999 -999999 -201    -999999 44      863     1983    2024    2180    2271    1609    1020    564     154     
1564   2004 -999999 -999999 -999999 44      -999999 2086    1144    -14     -1      598     1053    1500    1882    2209    2159    1783    1100    570     231     
1564   2005 -999999 -999999 -999999 -999999 -999999 -999999 -999999 201     -146    197     1081    1780    1964    2389    2384    1949    -999999 -999999 184     
1564   2006 -999999 -999999 -999999 -999999 -999999 2268    1191    -731    -352    386     1062    1528    2128    2240    2430    1844    1205    526     327     
1564   2007 -999999 -999999 -999999 -999999 -999999 -999999 -999999 386     67      -999999 972     1921    2351    2524    2578    1779    1323    381     72      
1564   2008 -999999 -999999 -999999 -999999 -999999 2286    1166    -317    127     709     1202    1537    2108    2317    2431    1633    1239    625     110     
1564   2009 -999999 -999999 1913    53      1036    2314    1290    -110    178     442     1030    1616    2284    2482    2181    1885    1253    713     104     
1564   2010 -999999 -999999 2013    -999999 1080    2467    1239    -420    -70     385     1087    1768    2271    2485    2640    1806    809     1116    197     
1564   2011 -999999 -999999 -999999 -125    -999999 -999999 -999999 -247    -335    294     978     -999999 -999999 -999999 -999999 -999999 -999999 -999999 -999999 
