EUROPEAN CLIMATE ASSESSMENT & DATASET (ECA&D), file created on: 10-05-2011
THESE DATA CAN BE USED FREELY PROVIDED THAT THE FOLLOWING SOURCE IS ACKNOWLEDGED: 

Klein Tank, A.M.G. and Coauthors, 2002. Daily dataset of 20th-century surface
air temperature and precipitation series for the European Climate Assessment.
Int. J. of Climatol., 22, 1441-1453.
Data and metadata available at http://eca.knmi.nl

FILE FORMAT (MISSING VALUE CODE = -999999):

THIS FILE HOLDS DATA FOR STATION GERMANY                                  BREMERHAVEN (WST)                        (STAID:    808)
LATITUDE: dd:mm:ss +53:31:48
LONGITUDE: ddd:mm:ss +008:34:48
ELEVATION: m    7

DATA IS FOR INDEX Mean of daily mean temperature (TG) with unit 0.01 Temperature (&#176;C)

01-06 SOUID: Source identifier
08-11 YEAR : YYYY
13-20 ANNUAL DATA VALUES
21-28 WINTER HALF YEAR DATA VALUES
29-36 SUMMER HALF YEAR DATA VALUES
37-44 WINTER (DJF) DATA VALUES
45-52 SPRING (MAM) DATA VALUES
53-60 SUMMER (JJA) DATA VALUES
61-68 AUTUMN (SON) DATA VALUES
69-76 JANUARY DATA VALUES
etc. 
157-164 DECEMBER DATA VALUES

808    1958 872     -999999 1345    -999999 586     1601    1064    82      184     46      517     1193    1439    1665    1694    1547    1106    537     410     
808    1959 965     468     1498    182     926     1762    1012    103     18      590     947     1243    1562    1859    1859    1505    1047    484     294     
808    1960 905     427     1362    197     808     1588    1031    149     144     428     749     1246    1604    1565    1597    1400    997     697     263     
808    1961 950     530     1414    275     902     1600    1097    70      515     639     984     1085    1626    1585    1589    1615    1171    502     10      
808    1962 780     384     1231    172     612     1435    944     298     211     99      755     987     1376    1435    1493    1335    1089    403     -149    
808    1963 774     119     1380    -369    759     1635    1035    -543    -421    292     818     1169    1593    1716    1594    1377    939     793     -110    
808    1964 860     310     1422    15      763     1623    926     -17     183     77      856     1358    1586    1652    1630    1437    792     554     202     
808    1965 826     378     1282    194     712     1499    846     251     124     325     695     1116    1495    1483    1518    1379    996     159     319     
808    1966 886     331     1381    123     804     1636    965     -87     138     436     638     1334    1732    1595    1584    1392    1115    382     320     
808    1967 975     526     1402    335     866     1653    1051    265     428     631     685     1277    1467    1802    1685    1478    1123    549     269     
808    1968 905     448     1426    155     849     1684    1046    65      130     534     934     1082    1651    1648    1751    1480    1106    550     -85     
808    1969 859     292     1435    17      640     1725    1105    230     -107    28      705     1190    1579    1815    1777    1532    1172    610     -281    
808    1970 844     237     1361    -190    641     1681    1027    -222    -56     185     524     1209    1724    1613    1709    1375    1031    677     303     
808    1971 935     446     1398    238     765     1646    993     89      330     240     704     1349    1436    1737    1759    1383    1048    546     550     
808    1972 878     454     1356    190     834     1646    910     -203    225     545     733     1220    1456    1821    1653    1233    896     602     326     
808    1973 927     483     1402    281     784     1710    950     218     300     544     594     1208    1597    1785    1745    1463    865     525     230     
808    1974 968     512     1345    379     847     1561    933     460     454     533     873     1136    1470    1508    1701    1371    774     658     650     
808    1975 987     576     1450    522     752     1773    975     635     255     455     677     1120    1526    1764    2021    1571    863     494     407     
808    1976 923     390     1456    268     731     1774    1023    251     136     176     724     1291    1660    1915    1743    1382    1049    636     82      
808    1977 948     482     1339    186     824     1611    1046    131     363     625     631     1210    1534    1649    1647    1344    1139    651     408     
808    1978 872     495     1309    206     792     1565    1041    209     -20     537     580     1253    1534    1550    1611    1310    1123    687     28      
808    1979 810     271     1327    -184    744     1550    964     -337    -249    337     694     1200    1534    1505    1611    1406    949     536     459     
808    1980 865     395     1361    177     723     1601    996     -146    221     346     751     1075    1512    1584    1706    1531    969     490     322     
808    1981 907     461     1437    207     967     1628    988     133     162     662     797     1435    1495    1667    1717    1497    867     605     -201    
808    1982 971     309     1481    -48     824     1778    1133    -78     155     502     745     1222    1650    1889    1790    1575    1107    719     329     
808    1983 1001    560     1474    335     851     1791    1038    561     92      514     858     1180    1577    1953    1835    1421    1075    616     261     
808    1984 892     433     1338    208     743     1581    1025    260     96      276     780     1174    1347    1582    1806    1321    1145    606     275     
808    1985 823     301     1375    -94     807     1585    899     -389    -175    311     779     1330    1402    1706    1640    1374    1083    235     494     
808    1986 883     317     1368    69      797     1647    1035    71      -402    352     643     1391    1619    1717    1605    1210    1099    792     397     
808    1987 822     347     1327    35      657     1537    1060    -412    127     72      933     974     1328    1695    1580    1442    1017    723     353     
808    1988 994     570     1413    424     875     1610    994     531     386     407     780     1435    1495    1680    1652    1421    1015    544     549     
808    1989 1046    639     1462    505     941     1699    1092    455     511     744     708     1365    1615    1784    1697    1588    1198    487     351     
808    1990 1054    666     1431    503     1009    1667    1025    485     693     779     862     1383    1527    1638    1831    1328    1152    590     348     
808    1991 936     518     1396    197     849     1684    1005    313     -98     743     823     979     1304    1936    1800    1516    987     512     334     
808    1992 1037    537     1549    370     975     1835    963     307     477     600     825     1496    1869    1841    1797    1451    775     669     317     
808    1993 903     459     1399    279     988     1541    771     336     173     463     1061    1442    1509    1566    1546    1255    887     167     371     
808    1994 1022    414     1503    273     904     1832    1027    433     -14     588     885     1239    1498    2185    1801    1386    888     810     480     
808    1995 980     561     1477    410     829     1782    1106    220     543     430     831     1224    1441    1971    1924    1445    1317    550     -173    
808    1996 806     251     1372    -177    703     1654    981     -210    -147    150     926     1040    1499    1603    1854    1297    1074    567     -5      
808    1997 988     437     1512    121     854     1873    965     -116    523     592     720     1245    1643    1821    2146    1476    940     481     350     
808    1998 980     575     1432    457     982     1623    883     444     589     646     904     1394    1601    1617    1651    1413    933     302     238     
808    1999 1075    476     1571    320     976     1764    1164    435     283     640     961     1327    1559    1926    1800    1844    1052    601     415     
808    2000 1065    595     1488    435     1048    1633    1127    383     513     600     1023    1520    1603    1556    1740    1474    1160    748     444     
808    2001 -999999 -999999 -999999 -999999 -999999 -999999 -999999 -999999 -999999 -999999 -999999 -999999 -999999 -999999 -999999 -999999 -999999 -999999 -999999 
808    2002 -999999 -999999 -999999 -999999 -999999 -999999 -999999 -999999 -999999 -999999 -999999 -999999 -999999 -999999 -999999 -999999 -999999 -999999 -999999 
808    2003 -999999 -999999 -999999 -999999 -999999 -999999 -999999 -999999 -999999 -999999 -999999 -999999 -999999 -999999 -999999 -999999 -999999 -999999 -999999 
808    2004 -999999 -999999 -999999 -999999 966     -999999 -999999 224     -999999 533     1070    1264    1581    1700    2069    -999999 1113    614     363     
808    2005 -999999 -999999 -999999 -999999 -999999 1750    1251    439     163     460     1042    1398    1636    1918    1687    1678    1341    714     374     
808    2006 -999999 -999999 -999999 185     -999999 -999999 -999999 13      180     190     866     1454    1748    2185    1794    1889    1418    -999999 725     
808    2007 -999999 -999999 -999999 -999999 -999999 -999999 -999999 -999999 -999999 -999999 1267    -999999 -999999 -999999 -999999 -999999 1021    -999999 -999999 
808    2008 -999999 -999999 -999999 -999999 -999999 -999999 -999999 464     534     -999999 -999999 1509    -999999 -999999 -999999 -999999 -999999 -999999 261     
808    2009 -999999 -999999 -999999 -999999 -999999 1777    1132    62      -999999 -999999 1281    1429    1500    1853    1976    1564    921     879     181     
808    2010 -999999 -999999 -999999 -35     834     1865    995     -240    -47     509     997     1017    1621    2136    1807    1413    1038    531     -304    
808    2011 -999999 370     -999999 42      -999999 -999999 -999999 224     223     499     1250    -999999 -999999 -999999 -999999 -999999 -999999 -999999 -999999 
