EUROPEAN CLIMATE ASSESSMENT & DATASET (ECA&D), file created on: 10-05-2011
THESE DATA CAN BE USED FREELY PROVIDED THAT THE FOLLOWING SOURCE IS ACKNOWLEDGED: 

Klein Tank, A.M.G. and Coauthors, 2002. Daily dataset of 20th-century surface
air temperature and precipitation series for the European Climate Assessment.
Int. J. of Climatol., 22, 1441-1453.
Data and metadata available at http://eca.knmi.nl

FILE FORMAT (MISSING VALUE CODE = -999999):

THIS FILE HOLDS DATA FOR STATION EGYPT                                    MERSA MATRUH                             (STAID:    314)
LATITUDE: dd:mm:ss +31:19:59
LONGITUDE: ddd:mm:ss +027:13:00
ELEVATION: m   25

DATA IS FOR INDEX Mean of daily mean temperature (TG) with unit 0.01 Temperature (&#176;C)

01-06 SOUID: Source identifier
08-11 YEAR : YYYY
13-20 ANNUAL DATA VALUES
21-28 WINTER HALF YEAR DATA VALUES
29-36 SUMMER HALF YEAR DATA VALUES
37-44 WINTER (DJF) DATA VALUES
45-52 SPRING (MAM) DATA VALUES
53-60 SUMMER (JJA) DATA VALUES
61-68 AUTUMN (SON) DATA VALUES
69-76 JANUARY DATA VALUES
etc. 
157-164 DECEMBER DATA VALUES

314    1994 1984    -999999 2328    -999999 1811    2473    2257    1402    1391    1455    1897    2083    2279    2530    2603    2571    2382    1813    1366    
314    1995 1968    1620    2340    1320    1706    2627    2166    1229    1371    1543    1638    1936    2545    2656    2677    2580    2210    1705    1492    
314    1996 1964    1610    2296    1408    1756    2474    2210    1316    1417    1512    1683    2069    2313    2505    2598    2608    2135    1903    1517    
314    1997 1947    1624    2277    1420    1680    2545    2136    1422    1309    1435    1620    1985    2413    2634    2582    2417    2176    1815    1506    
314    1998 2000    1624    2359    1441    1768    2553    2250    1392    1421    1417    1840    2048    2312    2563    2777    2601    2319    1828    1450    
314    1999 -999999 -999999 -999999 -999999 -999999 -999999 -999999 -999999 -999999 -999999 -999999 2136    2448    2615    2665    2540    2381    -999999 -999999 
314    2000 -999999 -999999 -999999 -999999 1812    -999999 -999999 -999999 -999999 1519    1863    2063    2385    2578    2658    -999999 2218    2025    1674    
314    2001 -999999 -999999 -999999 1564    1886    2511    2255    1526    1492    1719    1841    2091    2269    2585    2682    2622    2247    1896    1451    
314    2002 -999999 -999999 -999999 1384    1826    2575    2294    1248    1457    1614    1827    2044    2309    2704    2721    2673    2302    1922    1579    
314    2003 -999999 -999999 -999999 1486    -999999 2586    2279    1567    1284    1358    1767    -999999 2389    2689    2668    2549    2350    1935    1564    
314    2004 -999999 1711    -999999 1442    1825    2536    -999999 1341    1414    1630    1773    2068    2327    2660    2623    2446    2302    2016    1524    
314    2005 -999999 -999999 -999999 -999999 1833    2507    -999999 1445    1373    1631    1779    2074    2299    2548    2665    2586    2294    1919    1580    
314    2006 -999999 -999999 -999999 -999999 -999999 2565    2206    1358    1447    1609    1898    2026    2403    2595    2699    2562    2247    1793    1574    
314    2007 -999999 -999999 -999999 1491    1842    2537    2239    1423    1474    1667    1735    2125    2393    2571    2633    2496    2289    1930    1542    
314    2008 -999999 -999999 -999999 1433    1962    2593    2271    1398    1359    1820    1922    2148    2487    2633    2659    2610    2241    1942    1627    
314    2009 -999999 -999999 -999999 -999999 1774    2571    2287    1523    1494    1543    1794    1994    2474    2623    2611    2550    2393    1908    1670    
314    2010 -999999 -999999 -999999 1669    1929    -999999 -999999 1546    1797    1757    1917    2119    2409    2612    2690    2638    2409    2055    1655    
314    2011 -999999 -999999 -999999 -999999 -999999 -999999 -999999 1501    1495    1583    1828    -999999 -999999 -999999 -999999 -999999 -999999 -999999 -999999 
