EUROPEAN CLIMATE ASSESSMENT & DATASET (ECA&D), file created on: 10-05-2011
THESE DATA CAN BE USED FREELY PROVIDED THAT THE FOLLOWING SOURCE IS ACKNOWLEDGED: 

Klein Tank, A.M.G. and Coauthors, 2002. Daily dataset of 20th-century surface
air temperature and precipitation series for the European Climate Assessment.
Int. J. of Climatol., 22, 1441-1453.
Data and metadata available at http://eca.knmi.nl

FILE FORMAT (MISSING VALUE CODE = -999999):

THIS FILE HOLDS DATA FOR STATION BELARUS                                  BARANOVICI                               (STAID:    645)
LATITUDE: dd:mm:ss +53:06:00
LONGITUDE: ddd:mm:ss +026:00:00
ELEVATION: m  194

DATA IS FOR INDEX Mean of daily mean temperature (TG) with unit 0.01 Temperature (&#176;C)

01-06 SOUID: Source identifier
08-11 YEAR : YYYY
13-20 ANNUAL DATA VALUES
21-28 WINTER HALF YEAR DATA VALUES
29-36 SUMMER HALF YEAR DATA VALUES
37-44 WINTER (DJF) DATA VALUES
45-52 SPRING (MAM) DATA VALUES
53-60 SUMMER (JJA) DATA VALUES
61-68 AUTUMN (SON) DATA VALUES
69-76 JANUARY DATA VALUES
etc. 
157-164 DECEMBER DATA VALUES

645    1995 -999999 -999999 -999999 -999999 759     1806    636     -393    117     237     793     1267    1822    1810    1786    1250    853     -162    -787    
645    1996 -999999 -999999 1392    -999999 605     1682    784     -931    -882    -470    730     1560    1584    1656    1802    989     857     510     -701    
645    1997 -999999 -999999 1357    -487    596     1749    638     -629    -88     89      433     1265    1637    1789    1817    1172    554     188     -439    
645    1998 -999999 -999999 1414    -180    742     1678    502     -109    34      10      866     1329    1785    1719    1538    1249    675     -424    -474    
645    1999 -999999 -99     1556    -358    743     1951    729     -227    -375    192     997     1047    2050    2051    1748    1443    745     -84     -123    
645    2000 837     -999999 1442    -171    914     1685    837     -376    -1      208     1135    1390    1642    1697    1715    1046    957     506     70      
645    2001 -999999 -999999 1519    -128    802     1854    777     -181    -291    111     994     1307    1517    2182    1854    1257    924     123     -749    
645    2002 -999999 -999999 1588    -999999 940     1942    693     -259    231     393     862     1546    1706    2149    1963    1272    560     258     -909    
645    2003 -999999 -999999 1454    -704    731     1772    721     -511    -684    42      572     1551    1574    1984    1760    1273    527     364     -36     
645    2004 698     5       -999999 -349    682     1696    748     -675    -333    191     753     1132    1505    1737    1843    1267    825     151     9       
645    2005 -999999 -999999 1463    -217    622     1747    826     -92     -600    -263    827     1253    1567    1948    1726    1464    811     182     -229    
645    2006 737     -999999 1522    -607    588     1849    917     -853    -748    -316    807     1304    1663    2052    1826    1459    933     358     266     
645    2007 835     286     1532    -67     926     1880    713     115     -637    597     716     1475    1828    1851    1962    1348    794     -6      -90     
645    2008 851     158     1457    -54     812     1783    835     -184    129     294     924     1221    1649    1825    1873    1246    946     295     -30     
645    2009 764     -999999 1502    -235    788     1771    804     -416    -260    127     944     1298    1670    1928    1711    1444    619     377     -305    
645    2010 735     -104    1642    -615    864     2057    739     -1081   -442    194     883     1517    1819    2255    2089    1232    492     502     -696    
645    2011 -999999 -107    -999999 -569    -999999 -999999 -999999 -320    -704    44      923     -999999 -999999 -999999 -999999 -999999 -999999 -999999 -999999 
