EUROPEAN CLIMATE ASSESSMENT & DATASET (ECA&D), file created on: 10-05-2011
THESE DATA CAN BE USED FREELY PROVIDED THAT THE FOLLOWING SOURCE IS ACKNOWLEDGED: 

Klein Tank, A.M.G. and Coauthors, 2002. Daily dataset of 20th-century surface
air temperature and precipitation series for the European Climate Assessment.
Int. J. of Climatol., 22, 1441-1453.
Data and metadata available at http://eca.knmi.nl

FILE FORMAT (MISSING VALUE CODE = -999999):

THIS FILE HOLDS DATA FOR STATION UNITED KINGDOM                           BUTE: ROTHESAY                           (STAID:   1875)
LATITUDE: dd:mm:ss +55:50:20
LONGITUDE: ddd:mm:ss -005:03:50
ELEVATION: m   43

DATA IS FOR INDEX Mean of daily mean temperature (TG) with unit 0.01 Temperature (&#176;C)

01-06 SOUID: Source identifier
08-11 YEAR : YYYY
13-20 ANNUAL DATA VALUES
21-28 WINTER HALF YEAR DATA VALUES
29-36 SUMMER HALF YEAR DATA VALUES
37-44 WINTER (DJF) DATA VALUES
45-52 SPRING (MAM) DATA VALUES
53-60 SUMMER (JJA) DATA VALUES
61-68 AUTUMN (SON) DATA VALUES
69-76 JANUARY DATA VALUES
etc. 
157-164 DECEMBER DATA VALUES

1875   1960 -999999 -999999 1273    -999999 915     1430    976     403     371     557     898     1220    1464    1399    1429    1228    1017    663     379     
1875   1961 -999999 -999999 -999999 -999999 899     1289    974     363     645     766     853     1058    1246    1292    1329    1304    1013    603     265     
1875   1962 -999999 -999999 -999999 -999999 688     1269    951     461     489     328     736     992     1208    1321    1274    1153    1079    593     396     
1875   1963 -999999 -999999 -999999 -999999 771     1364    -999999 120     135     608     749     954     1418    1372    1305    1191    1019    660     426     
1875   1964 -999999 -999999 -999999 -999999 814     1321    979     528     461     503     826     1133    1244    1379    1336    1262    912     738     426     
1875   1965 -999999 -999999 -999999 -999999 744     1309    -999999 311     387     471     753     1019    1335    1251    1342    1177    1010    386     391     
1875   1966 -999999 -999999 -999999 -999999 740     1338    913     317     388     658     551     1002    1310    1361    1341    1288    913     524     459     
1875   1967 -999999 -999999 -999999 -999999 749     1352    -999999 471     510     590     718     931     1304    1359    1395    1272    938     643     -999999 
1875   1968 -999999 -999999 -999999 -999999 739     1381    -999999 468     251     568     752     890     1360    1382    1399    1271    1116    605     401     
1875   1969 -999999 -999999 -999999 -999999 674     1420    -999999 490     -999999 333     703     975     1328    1441    1488    1272    1235    396     409     
1875   1970 -999999 -999999 -999999 -999999 -999999 1430    -999999 377     284     405     598     1072    1543    1257    1489    1248    971     674     535     
1875   1971 -999999 -999999 -999999 -999999 828     1369    -999999 537     -999999 596     798     1090    1191    1469    1443    1363    1084    614     756     
1875   1972 -999999 -999999 1142    -999999 792     1297    -999999 401     460     565     795     1009    1089    1469    1327    1139    1033    533     604     
1875   1973 -999999 -999999 -999999 -999999 752     1383    -999999 447     -999999 645     664     943     1272    1460    1414    1244    889     514     455     
1875   1974 -999999 -999999 -999999 -999999 826     1362    850     582     525     523     904     1053    1329    1346    1412    1128    771     633     658     
1875   1975 -999999 -999999 -999999 -999999 760     1507    962     546     485     518     754     1008    1351    1517    1648    1184    1021    674     621     
1875   1976 -999999 -999999 -999999 -999999 808     1575    -999999 524     510     483     849     1063    1423    1639    1647    1260    995     670     252     
1875   1977 -999999 -999999 -999999 -999999 783     1423    -999999 297     381     642     665     1042    1238    1569    1458    1181    1129    536     607     
1875   1978 -999999 -999999 -999999 -999999 801     1338    -999999 281     279     596     633     1168    1251    1350    1405    1269    1126    790     401     
1875   1979 -999999 -999999 -999999 -999999 641     1322    -999999 124     206     383     664     853     1300    1335    1331    1171    1035    596     447     
1875   1980 -999999 -999999 -999999 -999999 826     1345    -999999 133     502     439     858     1167    1277    1357    1403    1309    843     622     531     
1875   1981 -999999 -999999 -999999 -999999 843     1358    922     482     378     608     796     1120    1243    1370    1454    1315    713     716     186     
1875   1982 -999999 -999999 -999999 -999999 821     1418    970     373     516     586     833     1044    1320    1540    1384    1180    1021    705     -999999 
1875   1983 -999999 -999999 -999999 -999999 724     1496    987     548     295     596     619     952     1233    1629    1622    1208    962     768     643     
1875   1984 -999999 -999999 -999999 -999999 823     1494    989     266     451     523     869     1094    1333    1537    1601    1200    1007    743     599     
1875   1985 -999999 -999999 -999999 -999999 746     1284    900     230     355     471     760     1018    1188    1366    1297    1210    1073    428     555     
1875   1986 -999999 -999999 -999999 344     686     1291    962     328     158     509     572     977     1311    1337    1229    1095    1019    772     470     
1875   1987 -999999 -999999 -999999 -999999 712     1310    -999999 232     355     339     818     963     1134    1439    1356    1213    882     672     661     
1875   1988 -999999 -999999 -999999 -999999 819     1417    -999999 472     491     531     813     1102    1450    1401    1399    1236    960     679     800     
1875   1989 -999999 -999999 -999999 706     767     1440    -999999 741     561     568     636     1076    1291    1610    1419    1203    1099    647     410     
1875   1990 -999999 -999999 -999999 -999999 913     1437    896     590     -999999 728     783     1221    1319    1513    1477    1170    984     558     455     
1875   1991 -999999 -999999 -999999 -999999 867     1443    998     357     385     700     787     1108    1161    1630    1539    1345    968     660     628     
1875   1992 -999999 -999999 -999999 -999999 872     1418    865     491     614     666     752     1191    1441    1433    1382    1187    764     658     444     
1875   1993 -999999 -999999 -999999 -999999 845     1327    869     504     601     633     866     1043    1329    1326    1325    1229    801     570     384     
1875   1994 -999999 -999999 -999999 -999999 770     1364    1030    439     263     573     726     1015    1196    1518    1382    1201    936     948     552     
1875   1995 -999999 -999999 -999999 -999999 766     1582    1099    398     490     432     796     1063    1395    1603    1736    1326    1161    800     312     
1875   1996 -999999 -999999 -999999 415     727     1400    -999999 539     392     515     794     876     1279    1388    1534    1339    1023    500     376     
1875   1997 -999999 -999999 -999999 -999999 879     1515    -999999 373     546     756     858     1030    1316    1571    1650    1269    994     842     627     
1875   1998 -999999 -999999 -999999 -999999 876     1360    -999999 538     821     709     747     1159    1246    1416    1412    1349    893     644     -999999 
1875   1999 -999999 -999999 -999999 -999999 904     1436    1057    493     -999999 665     888     1159    1264    1567    1478    1428    1001    732     400     
1875   2000 -999999 -999999 -999999 -999999 -999999 1433    997     537     557     717     746     1118    1271    1488    1528    1353    984     678     524     
1875   2001 -999999 -999999 1213    445     786     1371    -999999 379     435     492     688     1189    1217    1461    1433    1282    1223    -999999 448     
1875   2002 -999999 -999999 -999999 -999999 882     1427    1029    649     597     673     865     1100    1310    1411    1554    1374    879     824     565     
1875   2003 -999999 -999999 -999999 -999999 910     1518    995     463     444     744     967     1026    1409    1569    1579    1288    880     809     518     
1875   2004 -999999 -999999 -999999 -999999 917     1460    1022    546     -999999 665     896     1182    1343    1446    1591    1306    964     802     594     
1875   2005 986     -999999 1259    574     842     1454    1062    612     511     705     821     1000    1406    1510    1446    1369    1141    673     603     
1875   2006 976     649     1266    546     708     1494    1127    556     473     434     650     1038    1379    1657    1442    1417    1174    789     667     
1875   2007 985     754     1248    629     914     1403    1017    632     582     667     1007    1071    1375    1415    1419    1199    1077    773     578     
1875   2008 949     689     1276    580     860     1452    942     561     603     539     758     1280    1313    1518    1521    1253    906     668     458     
1875   2009 -999999 624     -999999 486     912     -999999 -999999 478     524     701     946     1091    1435    -999999 -999999 -999999 -999999 -999999 -999999 
