EUROPEAN CLIMATE ASSESSMENT & DATASET (ECA&D), file created on: 10-05-2011
THESE DATA CAN BE USED FREELY PROVIDED THAT THE FOLLOWING SOURCE IS ACKNOWLEDGED: 

Klein Tank, A.M.G. and Coauthors, 2002. Daily dataset of 20th-century surface
air temperature and precipitation series for the European Climate Assessment.
Int. J. of Climatol., 22, 1441-1453.
Data and metadata available at http://eca.knmi.nl

FILE FORMAT (MISSING VALUE CODE = -999999):

THIS FILE HOLDS DATA FOR STATION PORTUGAL                                 PENHAS DOURADAS                          (STAID:   1065)
LATITUDE: dd:mm:ss +40:24:36
LONGITUDE: ddd:mm:ss -007:33:00
ELEVATION: m 1380

DATA IS FOR INDEX Mean of daily mean temperature (TG) with unit 0.01 Temperature (&#176;C)

01-06 SOUID: Source identifier
08-11 YEAR : YYYY
13-20 ANNUAL DATA VALUES
21-28 WINTER HALF YEAR DATA VALUES
29-36 SUMMER HALF YEAR DATA VALUES
37-44 WINTER (DJF) DATA VALUES
45-52 SPRING (MAM) DATA VALUES
53-60 SUMMER (JJA) DATA VALUES
61-68 AUTUMN (SON) DATA VALUES
69-76 JANUARY DATA VALUES
etc. 
157-164 DECEMBER DATA VALUES

1065   1958 872     -999999 1250    -999999 656     1452    1027    202     477     338     622     1006    1162    1567    1617    1512    989     581     362     
1065   1959 894     515     1310    364     647     1668    909     396     329     419     549     971     1362    1935    1699    1322    912     492     287     
1065   1960 860     445     1339    266     804     1551    876     267     243     456     842     1115    1566    1612    1476    1418    673     545     94      
1065   1961 1027    536     1416    333     941     1700    950     184     764     978     659     1178    1461    1667    1965    1547    848     459     587     
1065   1962 918     482     1389    417     669     1699    992     336     317     325     670     1011    1581    1663    1848    1549    1127    295     255     
1065   1963 840     352     1266    125     641     1530    1095    148     -44     291     608     1025    1282    1737    1563    1365    1382    530     127     
1065   1964 957     517     1441    284     763     1667    1099    333     398     322     593     1368    1408    1823    1761    1674    901     728     156     
1065   1965 869     420     1325    147     796     1597    827     187     93      432     702     1250    1507    1467    1812    1195    917     367     437     
1065   1966 923     524     1355    430     768     1570    898     498     349     552     568     1177    1233    1763    1703    1664    744     290     484     
1065   1967 918     487     1270    385     664     1665    986     336     331     716     627     649     1379    1909    1697    1342    1133    478     365     
1065   1968 911     497     1273    341     594     1653    1067    443     205     336     537     908     1571    1689    1696    1222    1312    658     325     
1065   1969 814     501     1229    237     540     1652    858     326     41      303     590     728     1218    1956    1767    1092    1046    431     202     
1065   1970 907     432     1334    271     644     1543    1187    295     321     286     631     1016    1227    1800    1591    1726    1072    768     115     
1065   1971 796     449     1126    235     434     1365    1059    149     462     138     511     656     1082    1611    1395    1493    1289    386     355     
1065   1972 752     415     1161    171     559     1473    829     28      127     283     610     785     1212    1638    1561    1141    764     585     266     
1065   1973 899     443     1298    272     700     1619    992     307     240     484     715     902     1391    1540    1919    1308    938     730     267     
1065   1974 872     474     1250    276     596     1594    883     371     181     339     474     971     1343    1782    1650    1257    726     672     635     
1065   1975 840     509     1238    497     515     1608    928     477     365     169     627     752     1307    1766    1742    1215    1052    512     54      
1065   1976 897     503     1311    322     699     1678    778     576     336     476     454     1159    1681    1718    1634    1202    652     485     360     
1065   1977 829     414     1148    282     676     1218    1084    180     309     492     791     749     973     1306    1366    1704    1017    534     503     
1065   1978 897     512     1282    336     528     1559    1194    136     374     495     346     737     1102    1723    1836    1932    1037    612     399     
1065   1979 907     473     1333    318     550     1682    1029    248     306     245     459     943     1508    1796    1736    1538    779     778     509     
1065   1980 906     528     1333    402     624     1591    1080    251     450     404     700     770     1276    1625    1864    1753    985     504     283     
1065   1981 1003    539     1344    381     603     1781    1193    552     299     586     484     734     1662    1784    1893    1494    1052    1038    416     
1065   1982 927     645     1333    410     768     1589    955     454     354     541     742     1019    1384    1562    1815    1463    842     565     344     
1065   1983 943     529     1228    353     564     1531    1245    566     129     693     385     609     1548    1522    1522    1783    1155    801     552     
1065   1984 874     557     1281    386     527     1609    1027    268     337     222     912     460     1320    1807    1691    1494    1066    521     380     
1065   1985 959     463     1399    303     584     1662    1252    116     425     267     739     752     1396    1830    1751    1921    1331    502     452     
1065   1986 921     519     1309    283     580     1677    1134    241     143     411     184     1133    1429    1990    1603    1489    1201    709     451     
1065   1987 972     617     1416    356     816     1659    1015    293     320     700     692     1052    1403    1712    1853    1771    673     612     545     
1065   1988 914     499     1264    364     652     1519    1136    293     246     613     551     788     1150    1593    1803    1687    1017    709     490     
1065   1989 1030    629     1415    447     759     1820    1080    394     458     694     355     1217    1507    2080    1863    1439    1219    579     489     
1065   1990 1007    636     1464    457     764     1836    1022    246     656     626     495     1164    1494    1988    2015    1602    878     592     296     
1065   1991 -999999 -999999 1456    199     733     1819    958     212     72      473     592     1096    1559    1903    1986    1578    748     554     547     
1065   1992 949     524     1364    369     899     1598    991     147     416     725     798     1173    1036    1932    1808    1413    694     877     345     
1065   1993 835     532     1188    378     566     1620    718     469     312     485     479     730     1348    1779    1724    1045    584     528     491     
1065   1994 995     525     1319    359     803     1753    1040    315     261     946     539     915     1525    1916    1809    1187    1027    905     513     
1065   1995 -999999 668     -999999 473     919     1727    -999999 411     499     637     956     1167    1580    1763    1846    1191    1278    712     380     
1065   1996 -999999 -999999 -999999 -999999 -999999 -999999 -999999 -999999 -999999 -999999 -999999 -999999 -999999 -999999 -999999 -999999 -999999 -999999 -999999 
1065   1997 -999999 -999999 -999999 -999999 -999999 -999999 -999999 -999999 -999999 -999999 -999999 -999999 -999999 -999999 1781    1647    1191    -999999 423     
1065   1998 -999999 -999999 -999999 -999999 -999999 -999999 1048    308     631     876     -999999 932     1459    1896    2246    1456    1035    653     453     
1065   1999 -999999 -999999 -999999 -999999 768     1707    -999999 370     490     511     757     1054    1483    1927    1696    1335    933     411     458     
1065   2000 -999999 -999999 -999999 483     -999999 1614    -999999 226     776     699     -999999 1112    1539    1599    1702    -999999 961     424     340     
1065   2001 -999999 -999999 -999999 -999999 817     1684    1023    278     525     618     732     1085    1673    1597    1788    1569    1053    466     394     
1065   2002 -999999 -999999 -999999 -999999 -999999 -999999 -999999 440     585     740     -999999 821     1501    1767    1739    -999999 999     643     411     
1065   2003 -999999 -999999 -999999 -999999 869     1814    1015    247     266     711     683     1222    1712    1690    2039    1590    835     600     407     
1065   2004 -999999 -999999 -999999 -999999 668     1775    1093    500     439     445     660     908     1813    1855    1661    1640    980     662     326     
1065   2005 -999999 510     1524    292     803     1896    1035    385     150     524     732     1152    1783    1860    2041    1549    1045    473     347     
1065   2006 -999999 -999999 -999999 -999999 904     1830    -999999 163     -999999 602     873     1217    1633    1981    1876    1695    1119    781     372     
1065   2007 -999999 -999999 -999999 -999999 -999999 1528    1154    430     -999999 544     751     1026    1273    1658    1645    1606    1076    770     480     
1065   2008 929     654     1302    530     687     1620    929     555     557     488     752     823     1527    1621    1708    1384    997     405     341     
1065   2009 1035    530     1453    305     877     1762    1190    138     450     851     592     1179    1583    1689    2010    1647    1297    622     296     
1065   2010 -999999 -999999 -999999 203     -999999 1900    -999999 153     157     438     -999999 948     1530    2077    2080    -999999 1003    467     319     
1065   2011 -999999 -999999 -999999 -999999 -999999 -999999 -999999 315     -999999 458     1116    -999999 -999999 -999999 -999999 -999999 -999999 -999999 -999999 
