EUROPEAN CLIMATE ASSESSMENT & DATASET (ECA&D), file created on: 10-05-2011
THESE DATA CAN BE USED FREELY PROVIDED THAT THE FOLLOWING SOURCE IS ACKNOWLEDGED: 

Klein Tank, A.M.G. and Coauthors, 2002. Daily dataset of 20th-century surface
air temperature and precipitation series for the European Climate Assessment.
Int. J. of Climatol., 22, 1441-1453.
Data and metadata available at http://eca.knmi.nl

FILE FORMAT (MISSING VALUE CODE = -999999):

THIS FILE HOLDS DATA FOR STATION FRANCE                                   ST-AUBAN-SUR-DURANCE                     (STAID:   2201)
LATITUDE: dd:mm:ss +44:04:12
LONGITUDE: ddd:mm:ss +006:00:00
ELEVATION: m  461

DATA IS FOR INDEX Mean of daily mean temperature (TG) with unit 0.01 Temperature (&#176;C)

01-06 SOUID: Source identifier
08-11 YEAR : YYYY
13-20 ANNUAL DATA VALUES
21-28 WINTER HALF YEAR DATA VALUES
29-36 SUMMER HALF YEAR DATA VALUES
37-44 WINTER (DJF) DATA VALUES
45-52 SPRING (MAM) DATA VALUES
53-60 SUMMER (JJA) DATA VALUES
61-68 AUTUMN (SON) DATA VALUES
69-76 JANUARY DATA VALUES
etc. 
157-164 DECEMBER DATA VALUES

2201   1956 1166    -999999 1743    -999999 1117    1998    1252    533     -129    795     962     1588    1716    2113    2158    1900    1187    672     428     
2201   1957 1277    729     1730    505     1156    2028    1374    396     711     976     1140    1351    1799    2178    2101    1796    1456    867     512     
2201   1958 1260    748     1783    499     1102    2034    1388    274     733     649     978     1675    1796    2106    2192    1928    1362    876     521     
2201   1959 1291    799     1812    503     1216    2136    1276    300     709     1021    1101    1520    1938    2330    2135    1832    1253    743     568     
2201   1960 1244    747     1770    531     1238    2037    1236    386     646     877     1186    1648    2009    2101    2001    1657    1195    858     346     
2201   1961 1345    768     1851    502     1291    2077    1388    369     820     1028    1348    1499    1928    2102    2195    2027    1371    766     660     
2201   1962 1237    751     1809    590     1056    2142    1300    607     492     585     1154    1433    1874    2207    2335    1833    1427    636     211     
2201   1963 1186    540     1751    128     1165    2003    1375    33      142     755     1189    1551    1832    2238    1932    1747    1375    1002    363     
2201   1964 1300    763     1878    465     1233    2157    1334    369     678     796     1191    1709    2011    2314    2143    1882    1173    951     371     
2201   1965 1220    669     1736    356     1179    2040    1239    374     321     801     1151    1585    1947    2099    2072    1546    1403    763     509     
2201   1966 1282    766     1800    533     1204    2011    1348    300     816     810     1236    1566    1957    2055    2019    1961    1478    601     560     
2201   1967 1312    776     1820    511     1228    2154    1403    398     581     1012    1156    1513    1820    2400    2231    1776    1492    937     375     
2201   1968 1251    778     1712    445     1188    1962    1359    353     620     883     1213    1469    1789    2155    1937    1692    1544    836     496     
2201   1969 1236    747     1762    418     1182    2007    1404    434     312     823     1156    1566    1746    2159    2106    1820    1555    831     255     
2201   1970 1280    716     1829    424     1036    2156    1444    547     475     612     1040    1457    2034    2246    2183    2001    1334    1000    385     
2201   1971 1243    676     1815    398     1083    2103    1305    212     619     512     1265    1476    1750    2237    2309    1834    1430    648     575     
2201   1972 1199    769     1628    545     1123    1926    1203    428     638     885     1128    1356    1721    2110    1942    1495    1247    865     554     
2201   1973 1241    717     1785    475     1072    2119    1308    440     428     746     902     1562    1955    2157    2241    1873    1256    797     481     
2201   1974 1234    780     1728    580     1114    2072    1087    653     611     870     999     1471    1791    2192    2225    1667    840     763     673     
2201   1975 1233    698     1730    649     1032    2034    1268    620     655     638     1055    1405    1718    2182    2192    1809    1221    776     480     
2201   1976 1214    744     1712    569     1114    2036    1157    583     649     748     1005    1586    2003    2159    1944    1554    1237    677     398     
2201   1977 1201    730     1601    488     1135    1837    1290    375     714     975     1123    1307    1666    1972    1868    1656    1419    790     517     
2201   1978 1186    724     1662    420     1029    1941    1331    324     419     848     895     1342    1717    2030    2067    1903    1344    746     544     
2201   1979 1256    716     1781    454     1098    2136    1319    221     613     819     963     1509    1986    2295    2122    1794    1361    802     537     
2201   1980 1166    747     1666    526     974     1966    1274    353     698     731     982     1209    1676    1954    2258    1902    1213    710     293     
2201   1981 1209    634     1752    319     1144    2045    1274    314     354     895     1167    1370    1931    2028    2170    1835    1244    744     400     
2201   1982 1302    710     1851    542     1083    2176    1357    659     568     633     1114    1503    1978    2388    2154    1954    1227    895     497     
2201   1983 1255    724     1760    455     1061    2118    1341    629     218     835     1010    1335    1834    2410    2102    1851    1293    881     575     
2201   1984 1150    668     1636    409     931     1997    1285    319     330     595     1052    1150    1764    2197    2021    1618    1281    957     488     
2201   1985 1208    663     1773    370     1016    2062    1328    20      629     611     1141    1301    1794    2281    2102    2007    1457    515     603     
2201   1986 1252    660     1809    389     1171    2088    1399    319     230     793     999     1715    1895    2192    2171    1862    1457    874     442     
2201   1987 1234    677     1769    372     1023    2033    1421    159     530     593     1150    1331    1760    2111    2219    2031    1422    811     649     
2201   1988 1281    805     1771    595     1138    2063    1337    608     523     799     1123    1493    1764    2169    2246    1811    1470    726     601     
2201   1989 1335    847     1822    593     1240    2156    1343    488     699     1082    983     1647    1840    2333    2285    1820    1373    836     575     
2201   1990 1318    858     1826    630     1231    2145    1360    451     890     1024    1048    1615    1879    2305    2244    1842    1465    770     254     
2201   1991 1268    731     1826    353     1139    2209    1308    465     338     1059    1033    1322    1866    2378    2373    1964    1214    750     385     
2201   1992 -999999 -999999 -999999 510     -999999 2087    1343    484     675     997     1253    1722    1728    2150    2367    1858    1164    1081    618     
2201   1993 -999999 -999999 -999999 593     1187    2127    1178    573     586     809     1214    1541    1998    2084    2288    1632    1217    684     523     
2201   1994 -999999 783     -999999 533     1235    2273    1368    546     531     1160    920     1613    1949    2434    2413    1695    1310    1100    615     
2201   1995 1263    812     1737    586     1113    2076    1311    397     764     694     1175    1471    1799    2362    2075    1558    1535    832     526     
2201   1996 1230    777     1725    510     1128    2047    1225    619     377     752     1158    1476    1979    2144    2015    1564    1317    790     533     
2201   1997 1357    838     1830    583     1314    2079    1430    501     730     1146    1186    1605    1839    2149    2241    1944    1450    895     547     
2201   1998 1283    853     1817    606     1169    2205    1185    497     790     936     987     1573    1964    2379    2268    1693    1279    581     433     
2201   1999 -999999 -999999 1895    470     1282    2168    1334    517     459     889     1152    1791    1928    2309    2263    1911    1394    673     405     
2201   2000 1330    758     1859    512     1258    2135    1334    393     752     923     1137    1711    2059    2062    2282    1886    1349    765     622     
2201   2001 -999999 842     -999999 638     1264    2194    1356    575     726     1020    1113    1655    2003    2225    2355    1654    1575    839     335     
2201   2002 1350    832     1818    499     1273    2156    1358    437     748     1072    1246    1501    2127    2226    2118    1689    1378    1017    642     
2201   2003 1369    781     2016    455     1256    2478    1314    343     371     905     1147    1714    2418    2431    2581    1809    1212    926     575     
2201   2004 1311    750     1847    511     1122    2199    1412    387     575     822     1116    1428    2106    2268    2220    1932    1478    826     554     
2201   2005 -999999 734     -999999 429     1201    2216    1351    368     356     814     1107    1675    2172    2295    2180    1828    1425    797     256     
2201   2006 1385    684     1968    346     1282    2258    1527    300     496     815     1322    1709    2110    2531    2127    1996    1568    1016    576     
2201   2007 -999999 912     -999999 647     1368    -999999 1372    671     699     922     1418    1797    2064    2294    2213    1857    1403    854     523     
2201   2008 1341    839     1867    618     1243    2208    1335    679     653     909     1189    1630    2050    2283    2289    1752    1398    853     404     
2201   2009 1397    750     1999    434     1353    2303    1446    325     587     918     1276    1861    2098    2380    2425    1932    1437    969     495     
2201   2010 1250    715     1868    352     1164    2234    1293    167     399     803     1211    1490    1989    2452    2252    1780    1299    798     307     
2201   2011 -999999 748     -999999 489     -999999 -999999 -999999 498     683     901     1450    -999999 -999999 -999999 -999999 -999999 -999999 -999999 -999999 
