EUROPEAN CLIMATE ASSESSMENT & DATASET (ECA&D), file created on: 10-05-2011
THESE DATA CAN BE USED FREELY PROVIDED THAT THE FOLLOWING SOURCE IS ACKNOWLEDGED: 

Klein Tank, A.M.G. and Coauthors, 2002. Daily dataset of 20th-century surface
air temperature and precipitation series for the European Climate Assessment.
Int. J. of Climatol., 22, 1441-1453.
Data and metadata available at http://eca.knmi.nl

FILE FORMAT (MISSING VALUE CODE = -999999):

THIS FILE HOLDS DATA FOR STATION FRANCE                                   NANCY                                    (STAID:    741)
LATITUDE: dd:mm:ss +48:40:48
LONGITUDE: ddd:mm:ss +006:12:36
ELEVATION: m  217

DATA IS FOR INDEX Mean of daily mean temperature (TG) with unit 0.01 Temperature (&#176;C)

01-06 SOUID: Source identifier
08-11 YEAR : YYYY
13-20 ANNUAL DATA VALUES
21-28 WINTER HALF YEAR DATA VALUES
29-36 SUMMER HALF YEAR DATA VALUES
37-44 WINTER (DJF) DATA VALUES
45-52 SPRING (MAM) DATA VALUES
53-60 SUMMER (JJA) DATA VALUES
61-68 AUTUMN (SON) DATA VALUES
69-76 JANUARY DATA VALUES
etc. 
157-164 DECEMBER DATA VALUES

741    1922 855     -999999 1408    -999999 908     1685    693     -38     184     553     651     1512    1744    1671    1639    1217    603     263     235     
741    1923 943     385     1437    258     920     1679    963     153     402     655     867     1237    1214    2026    1784    1468    1101    317     46      
741    1924 882     317     1414    3       912     1595    957     29      -72     456     815     1461    1591    1760    1434    1410    1001    459     200     
741    1925 878     421     1399    290     807     1674    751     307     370     183     883     1357    1574    1770    1676    1114    978     152     125     
741    1926 963     437     1438    313     872     1620    1099    132     723     532     1018    1070    1371    1736    1744    1678    934     692     -62     
741    1927 925     444     1425    131     922     1643    968     202     265     625     872     1265    1506    1759    1660    1475    959     486     2       
741    1928 989     462     1456    262     832     1767    1049    355     441     527     897     1074    1545    1972    1778    1452    989     707     122     
741    1929 923     267     1525    -217    867     1755    1137    -304    -496    526     658     1409    1598    1873    1789    1806    1069    540     503     
741    1930 1020    565     1493    383     939     1761    1085    442     186     614     975     1230    1876    1682    1728    1461    1050    746     205     
741    1931 880     425     1421    145     869     1691    877     184     36      299     772     1532    1741    1714    1620    1126    848     658     -25     
741    1932 934     332     1508    52      776     1779    1074    284     -113    319     766     1244    1540    1756    2034    1695    968     563     114     
741    1933 926     423     1518    82      953     1782    1016    -31     171     731     897     1229    1477    1906    1953    1627    1048    370     -322    
741    1934 1050    325     1589    0       1005    1779    1076    177     159     504     1141    1376    1699    1942    1693    1677    1125    425     614     
741    1935 981     516     1515    339     853     1840    1041    65      337     513     883     1165    1770    1932    1816    1508    960     658     135     
741    1936 975     542     1450    294     963     1692    911     523     219     742     789     1352    1644    1690    1741    1469    738     533     233     
741    1937 1007    465     1535    347     963     1775    966     315     510     466     926     1496    1653    1814    1854    1452    1021    424     116     
741    1938 973     492     1423    208     873     1734    1130    275     235     852     629     1130    1676    1729    1795    1569    959     868     -88     
741    1939 947     463     1460    179     846     1717    1011    405     227     393     1021    1129    1692    1697    1761    1451    842     745     -55     
741    1940 -999999 260     -999999 -211    944     -999999 -999999 -649    92      589     891     1350    -999999 -999999 -999999 -999999 -999999 -999999 -999999 
741    1941 -999999 -999999 -999999 -999999 -999999 -999999 -999999 -999999 -999999 -999999 -999999 -999999 -999999 -999999 -999999 -999999 -999999 -999999 -999999 
741    1942 -999999 -999999 -999999 -999999 -999999 -999999 -999999 -999999 -999999 -999999 -999999 -999999 -999999 -999999 -999999 -999999 -999999 -999999 -999999 
741    1943 -999999 -999999 -999999 -999999 -999999 -999999 -999999 -999999 -999999 -999999 -999999 -999999 -999999 -999999 -999999 -999999 -999999 -999999 -999999 
741    1944 -999999 -999999 -999999 -999999 -999999 -999999 -999999 -999999 -999999 -999999 -999999 -999999 -999999 -999999 -999999 -999999 -999999 -999999 -999999 
741    1945 -999999 -999999 -999999 -999999 -999999 1768    1001    -999999 -999999 -999999 -999999 -999999 1775    1833    1698    1530    1066    406     324     
741    1946 950     462     1506    234     998     1698    985     -114    519     576     1057    1363    1527    1850    1711    1515    922     521     -59     
741    1947 1049    280     1709    -130    1079    1959    1136    -154    -183    596     1134    1509    1826    2020    2025    1726    975     714     315     
741    1948 1017    612     1476    387     1100    1663    945     553     287     809     1081    1409    1609    1655    1722    1365    961     508     215     
741    1949 1036    430     1574    233     928     1740    1165    213     276     393     1181    1217    1512    1899    1800    1829    1206    458     397     
741    1950 1000    559     1553    336     970     1876    983     60      574     658     799     1449    1851    1971    1805    1423    943     583     -133    
741    1951 979     433     1440    203     817     1689    1067    388     370     445     799     1206    1588    1741    1735    1562    872     774     236     
741    1952 973     464     1548    163     1051    1847    842     141     109     638     1132    1386    1658    1993    1885    1215    916     392     172     
741    1953 992     363     1525    75      1033    1714    1041    -75     135     617     1011    1470    1628    1785    1727    1518    1119    484     427     
741    1954 915     420     1383    71      868     1623    1064    -168    -57     670     748     1181    1628    1591    1651    1493    1125    572     482     
741    1955 906     458     1432    236     770     1720    896     108     106     322     828     1162    1589    1837    1730    1431    820     439     443     
741    1956 833     277     1393    -53     880     1560    955     279     -939    547     743     1346    1401    1751    1524    1576    952     337     392     
741    1957 994     539     1437    353     942     1739    1006    49      645     863     911     1051    1724    1876    1616    1437    1009    573     159     
741    1958 961     429     1465    260     752     1714    1034    156     486     203     641     1408    1537    1778    1820    1587    1016    498     373     
741    1959 1033    498     1572    224     1039    1838    1001    121     173     776     977     1362    1691    2012    1807    1570    972     463     404     
741    1960 979     510     1419    299     987     1651    1048    151     344     713     906     1339    1674    1582    1698    1304    1080    758     184     
741    1961 1053    598     1531    332     1043    1643    1162    160     688     729     1225    1181    1574    1620    1733    1853    1175    457     238     
741    1962 870     445     1404    266     759     1659    910     339     216     226     955     1101    1509    1658    1805    1384    1035    307     -132    
741    1963 842     164     1455    -307    919     1666    1095    -436    -358    520     1027    1213    1585    1784    1627    1487    941     861     -214    
741    1964 958     368     1556    13      915     1795    995     -154    434     362     981     1406    1706    1931    1744    1553    828     610     99      
741    1965 908     390     1373    121     859     1620    895     267     -16     520     805     1250    1620    1624    1615    1312    958     414     461     
741    1966 997     480     1489    342     958     1663    1049    -131    734     465     1045    1366    1731    1606    1655    1525    1303    310     347     
741    1967 992     556     1453    321     924     1736    1065    184     444     727     780     1260    1531    1945    1726    1456    1256    475     75      
741    1968 930     479     1411    173     909     1637    1014    113     343     606     963     1160    1549    1698    1662    1425    1192    418     17      
741    1969 932     410     1479    109     900     1719    1051    315     -15     495     841     1362    1457    1920    1771    1505    1039    610     -185    
741    1970 933     358     1447    42      773     1740    1076    94      236     348     731     1239    1770    1679    1771    1479    1007    746     61      
741    1971 931     375     1504    85      902     1734    906     -41     250     228     1037    1444    1488    1907    1800    1330    1006    380     291     
741    1972 886     469     1344    252     901     1614    836     38      438     657     866     1179    1423    1779    1633    1165    831     514     92      
741    1973 944     350     1514    86      850     1804    1005    -7      182     478     686     1380    1687    1789    1933    1590    933     495     124     
741    1974 1022    548     1431    363     957     1677    904     522     453     753     900     1215    1522    1653    1851    1429    668     624     627     
741    1975 997     544     1527    511     842     1810    994     559     329     436     868     1223    1584    1864    1976    1628    850     509     88      
741    1976 1008    398     1569    205     878     1916    1039    275     256     406     832     1395    1901    2076    1770    1421    1124    570     45      
741    1977 1013    573     1395    298     930     1687    1033    300     576     824     713     1244    1616    1768    1675    1334    1144    616     312     
741    1978 910     509     1373    197     900     1601    928     183     84      677     791     1229    1516    1675    1609    1403    995     385     305     
741    1979 938     377     1433    84      888     1690    1008    -275    236     603     818     1241    1718    1753    1602    1458    1084    480     500     
741    1980 900     522     1395    327     835     1624    944     -6      499     574     772     1157    1501    1576    1792    1559    921     353     93      
741    1981 968     406     1476    71      1057    1688    1008    48      73      917     932     1319    1575    1744    1743    1528    965     532     176     
741    1982 1021    404     1559    119     890     1834    1168    -25     216     544     798     1324    1766    1981    1754    1717    1062    730     341     
741    1983 1032    546     1594    291     880     1994    996     456     54      594     933     1115    1742    2231    2000    1524    1039    424     195     
741    1984 932     412     1392    211     728     1704    1070    268     168     364     767     1056    1502    1785    1817    1405    1105    697     225     
741    1985 901     358     1504    -41     915     1708    917     -403    65      442     967     1339    1465    1906    1745    1584    965     200     474     
741    1986 924     312     1454    79      867     1753    1030    217     -512    446     705     1445    1717    1799    1743    1295    1117    675     329     
741    1987 935     372     1512    40      798     1730    1165    -352    153     297     1038    1067    1553    1841    1791    1777    1137    581     297     
741    1988 1050    576     1519    388     994     1743    994     529     336     559     954     1467    1639    1744    1843    1453    1142    383     510     
741    1989 1041    589     1517    367     1039    1781    1016    244     346     878     757     1475    1581    1910    1846    1511    1218    312     346     
741    1990 1066    622     1496    447     1023    1792    1052    271     752     833     787     1442    1589    1819    1961    1355    1205    590     156     
741    1991 984     492     1532    92      919     1851    1065    199     -98     845     807     1103    1486    2037    2019    1725    972     500     130     
741    1992 1069    469     1615    211     1042    1922    1021    132     382     692     926     1504    1725    1976    2058    1478    824     766     336     
741    1993 1014    508     1565    295     1057    1788    836     481     45      557     1136    1480    1766    1820    1779    1399    903     204     521     
741    1994 1151    553     1602    419     1048    1975    1134    404     323     928     863     1347    1768    2227    1924    1461    1019    926     555     
741    1995 1079    669     1556    511     938     1897    1104    310     685     529     953     1333    1572    2143    1965    1348    1375    579     125     
741    1996 931     452     1478    113     868     1786    979     66      148     402     974     1231    1728    1777    1852    1289    1079    567     34      
741    1997 1058    487     1578    131     1028    1882    1055    -191    593     853     820     1404    1690    1848    2103    1585    983     600     384     
741    1998 1053    583     1578    387     1064    1830    945     378     401     736     970     1482    1764    1842    1882    1511    1054    265     295     
741    1999 1097    510     1643    332     1083    1849    1087    439     254     722     1004    1520    1636    2010    1893    1776    1060    425     363     
741    2000 1155    570     1616    407     1089    1829    1205    289     582     698     1028    1538    1824    1701    1962    1628    1184    805     602     
741    2001 1093    710     1567    475     1077    1886    1079    347     477     823     859     1542    1597    2027    2025    1322    1435    467     133     
741    2002 1133    596     1597    316     1011    1923    1139    142     713     691     962     1377    1939    1903    1928    1456    1115    848     504     
741    2003 1139    583     1784    222     1108    2215    1050    83      64      840     980     1500    2181    2094    2369    1561    843     754     330     
741    2004 1051    518     1586    313     948     1875    1131    206     409     565     1036    1245    1732    1894    1995    1604    1228    559     123     
741    2005 1110    510     1668    189     1082    1901    1230    320     116     665     1100    1484    1944    2010    1753    1727    1385    573     207     
741    2006 1160    483     1734    131     1018    1998    1393    -7      200     516     1031    1507    1824    2392    1766    1870    1426    882     476     
741    2007 1153    797     1669    580     1214    1878    1006    623     649     709     1318    1617    1941    1883    1812    1430    1043    544     219     
741    2008 -999999 580     1641    406     1098    1947    1039    508     498     665     915     1693    1898    2017    1924    1351    1066    686     228     
741    2009 1157    -999999 1783    146     1200    2018    1230    -53     276     621     1306    1674    1872    2071    2110    1657    1090    950     298     
741    2010 -999999 -999999 -999999 204     1028    1988    1027    -16     332     648     1115    1337    1924    2213    1838    1422    994     667     -91     
741    2011 -999999 524     -999999 217     -999999 -999999 -999999 332     429     810     1310    -999999 -999999 -999999 -999999 -999999 -999999 -999999 -999999 
