EUROPEAN CLIMATE ASSESSMENT & DATASET (ECA&D), file created on: 10-05-2011
THESE DATA CAN BE USED FREELY PROVIDED THAT THE FOLLOWING SOURCE IS ACKNOWLEDGED: 

Klein Tank, A.M.G. and Coauthors, 2002. Daily dataset of 20th-century surface
air temperature and precipitation series for the European Climate Assessment.
Int. J. of Climatol., 22, 1441-1453.
Data and metadata available at http://eca.knmi.nl

FILE FORMAT (MISSING VALUE CODE = -999999):

THIS FILE HOLDS DATA FOR STATION RUSSIAN FEDERATION                       DIVNOE                                   (STAID:   1341)
LATITUDE: dd:mm:ss +45:54:00
LONGITUDE: ddd:mm:ss +043:24:00
ELEVATION: m   87

DATA IS FOR INDEX Mean of daily mean temperature (TG) with unit 0.01 Temperature (&#176;C)

01-06 SOUID: Source identifier
08-11 YEAR : YYYY
13-20 ANNUAL DATA VALUES
21-28 WINTER HALF YEAR DATA VALUES
29-36 SUMMER HALF YEAR DATA VALUES
37-44 WINTER (DJF) DATA VALUES
45-52 SPRING (MAM) DATA VALUES
53-60 SUMMER (JJA) DATA VALUES
61-68 AUTUMN (SON) DATA VALUES
69-76 JANUARY DATA VALUES
etc. 
157-164 DECEMBER DATA VALUES

1341   1995 -999999 -999999 -999999 -999999 1184    2389    -999999 -119    -999999 570     1245    1696    2345    2468    2351    1855    -999999 536     -162    
1341   1996 -999999 -999999 -999999 -999999 1008    -999999 1099    -594    -344    68      939     1920    -999999 2560    2160    1628    996     682     -21     
1341   1997 -999999 -999999 -999999 -999999 1095    2331    -999999 -566    -222    353     1014    1891    2239    2403    2355    -999999 1226    -999999 -999999 
1341   1998 -999999 -999999 -999999 -999999 1162    2461    1144    -999999 -353    267     1342    1778    2465    2561    2364    1845    1240    310     48      
1341   1999 -999999 -999999 2030    100     1159    2523    1012    27      232     644     1279    1493    2380    2671    2513    1823    1222    -3      277     
1341   2000 -999999 -999999 -999999 -999999 1137    2422    -999999 -137    200     452     1455    1504    2160    2674    2415    -999999 899     176     99      
1341   2001 -999999 -999999 -999999 -999999 1155    2429    1146    108     47      656     1260    1591    2053    2677    2519    1854    972     642     -306    
1341   2002 -999999 -999999 1912    -999999 1074    2325    1286    -347    -999999 714     962     1542    2092    2614    2256    2009    1191    658     -738    
1341   2003 -999999 -999999 -999999 -464    995     2327    1123    -102    -549    89      891     2000    2066    2431    2480    1717    1267    394     27      
1341   2004 -999999 -999999 -999999 56      1119    2253    1239    30      111     639     1078    1622    2058    2261    2439    1890    1216    590     44      
1341   2005 -999999 -999999 2035    -65     1041    2376    1236    144     -401    126     1120    1882    2121    2510    2492    2045    1119    520     288     
1341   2006 -999999 -999999 -999999 -317    1184    2580    1260    -889    -356    577     1218    1721    2408    2458    2856    1956    1325    500     116     
1341   2007 -999999 -999999 -999999 159     -999999 2583    1180    396     -65     428     975     1879    2426    2610    2693    1998    1312    198     -105    
1341   2008 -999999 -999999 1986    -999999 1226    2426    1198    -811    -168    804     1298    1592    2131    2534    2595    1730    1235    609     -246    
1341   2009 -999999 -999999 -999999 -999999 937     2355    -999999 -399    127     394     823     1589    2283    2612    2178    1857    1390    557     14      
1341   2010 -999999 -999999 -999999 -255    1084    2689    1329    -491    -280    281     1041    1846    2509    2785    2769    2096    999     969     414     
1341   2011 -999999 -999999 -999999 -94     -999999 -999999 -999999 -239    -460    222     943     -999999 -999999 -999999 -999999 -999999 -999999 -999999 -999999 
