EUROPEAN CLIMATE ASSESSMENT & DATASET (ECA&D), file created on: 10-05-2011
THESE DATA CAN BE USED FREELY PROVIDED THAT THE FOLLOWING SOURCE IS ACKNOWLEDGED: 

Klein Tank, A.M.G. and Coauthors, 2002. Daily dataset of 20th-century surface
air temperature and precipitation series for the European Climate Assessment.
Int. J. of Climatol., 22, 1441-1453.
Data and metadata available at http://eca.knmi.nl

FILE FORMAT (MISSING VALUE CODE = -999999):

THIS FILE HOLDS DATA FOR STATION ROMANIA                                  MIERCUREA CIUC                           (STAID:    961)
LATITUDE: dd:mm:ss +46:22:00
LONGITUDE: ddd:mm:ss +025:43:59
ELEVATION: m  661

DATA IS FOR INDEX Mean of daily mean temperature (TG) with unit 0.01 Temperature (&#176;C)

01-06 SOUID: Source identifier
08-11 YEAR : YYYY
13-20 ANNUAL DATA VALUES
21-28 WINTER HALF YEAR DATA VALUES
29-36 SUMMER HALF YEAR DATA VALUES
37-44 WINTER (DJF) DATA VALUES
45-52 SPRING (MAM) DATA VALUES
53-60 SUMMER (JJA) DATA VALUES
61-68 AUTUMN (SON) DATA VALUES
69-76 JANUARY DATA VALUES
etc. 
157-164 DECEMBER DATA VALUES

961    1961 710     -999999 1374    -999999 800     1662    829     -858    -263    356     932     1116    1652    1698    1635    1200    776     513     -279    
961    1962 704     60      1398    -273    653     1668    875     -248    -293    -128    823     1268    1546    1647    1806    1277    768     585     -658    
961    1963 664     -163    1469    -754    645     1774    949     -1125   -450    -99     662     1372    1625    1867    1825    1443    861     546     -613    
961    1964 651     -142    1380    -733    595     1724    844     -1099   -471    -77     760     1106    1842    1787    1546    1227    989     309     -130    
961    1965 645     50      1322    -416    639     1606    697     -460    -684    213     545     1157    1631    1671    1516    1400    642     52      -43     
961    1966 802     91      1441    -159    868     1685    938     -616    217     303     1007    1297    1473    1826    1750    1275    1227    303     -472    
961    1967 741     18      1442    -575    802     1685    964     -825    -411    255     797     1353    1503    1815    1731    1434    1097    355     -290    
961    1968 738     84      1458    -365    847     1643    874     -583    -210    126     988     1432    1633    1666    1631    1389    776     459     -459    
961    1969 653     -144    1389    -622    618     1639    856     -985    -401    -260    624     1489    1578    1648    1687    1282    705     587     -179    
961    1970 763     112     1416    -278    740     1731    799     -444    -205    194     858     1172    1592    1913    1682    1264    690     445     -58     
961    1971 729     132     1342    -112    689     1613    697     -178    -100    -20     716     1373    1547    1589    1700    1106    705     278     -19     
961    1972 725     74      1447    -251    814     1771    674     -629    -96     198     981     1269    1722    1850    1741    1105    569     351     -375    
961    1973 662     3       1366    -284    671     1599    685     -476    29      -65     757     1323    1513    1724    1558    1305    695     54      -499    
961    1974 695     -42     1311    -421    624     1609    808     -763    44      225     516     1127    1528    1623    1673    1380    1016    22      -97     
961    1975 765     128     1481    -236    892     1717    755     -395    -213    397     805     1470    1695    1766    1691    1442    821     0       -365    
961    1976 577     -136    1257    -573    655     1456    843     -412    -967    61      797     1111    1347    1645    1372    1256    874     398     -608    
961    1977 709     110     1301    -332    736     1614    759     -547    212     352     641     1211    1541    1690    1608    1096    749     431     -494    
961    1978 653     38      1269    -433    703     1542    671     -505    -285    316     719     1074    1486    1616    1521    1184    843     -21     -182    
961    1979 762     64      1396    -288    802     1649    788     -450    -226    391     661     1350    1790    1540    1621    1401    575     396     40      
961    1980 617     -13     1289    -364    565     1590    803     -845    -283    36      622     1039    1547    1700    1522    1290    958     155     -353    
961    1981 723     57      1364    -378    706     1670    849     -539    -227    326     598     1189    1754    1692    1566    1376    1091    73      -291    
961    1982 699     -36     1395    -530    705     1631    845     -726    -577    167     583     1362    1533    1626    1731    1518    855     163     60      
961    1983 750     179     1448    -100    935     1634    696     -146    -226    330     1001    1475    1565    1760    1575    1297    731     58      -492    
961    1984 667     -42     1299    -376    653     1486    856     -271    -364    67      598     1293    1431    1548    1476    1432    1075    56      -375    
961    1985 566     -217    1372    -826    735     1605    643     -1177   -938    -1      782     1426    1492    1637    1681    1195    565     171     -138    
961    1986 726     22      1473    -280    841     1722    702     -155    -576    211     941     1374    1636    1672    1856    1342    696     69      -439    
961    1987 627     -190    1372    -526    468     1695    822     -737    -387    -355    593     1170    1645    1941    1496    1368    722     380     -363    
961    1988 706     85      1434    -262    713     1747    575     -117    -310    182     640     1315    1577    1924    1736    1392    598     -266    -252    
961    1989 780     -3      1421    -273    876     1679    776     -493    -55     435     1032    1166    1556    1671    1805    1285    860     179     -128    
961    1990 781     194     1356    -153    833     1678    831     -375    66      547     704     1245    1544    1728    1758    1138    862     490     -378    
961    1991 705     68      1403    -414    692     1744    817     -423    -443    263     749     1064    1651    1871    1708    1357    795     300     -506    
961    1992 697     0       1405    -443    714     1769    781     -574    -237    219     809     1117    1590    1699    2011    1182    828     331     -635    
961    1993 665     -64     1362    -516    675     1637    599     -360    -557    -26     676     1376    1583    1662    1663    1191    1019    -426    73      
961    1994 827     114     1511    -118    866     1740    890     -286    -144    407     878     1315    1572    1875    1767    1646    741     289     -200    
961    1995 723     131     1422    -194    732     1777    686     -473    123     311     759     1127    1747    1870    1715    1300    857     -104    -585    
961    1996 651     -250    1382    -653    614     1674    866     -749    -622    -317    625     1535    1698    1685    1641    1085    932     578     -313    
961    1997 679     120     1307    -311    610     1683    658     -399    -213    119     400     1305    1649    1738    1662    1064    601     312     -156    
961    1998 725     99      1452    -150    777     1757    734     -287    8       112     983     1242    1769    1762    1742    1203    945     47      -863    
961    1999 801     -28     1531    -492    779     1874    822     -333    -256    272     924     1147    1895    1980    1749    1483    879     101     -291    
961    2000 805     -34     1489    -460    846     1777    966     -782    -298    172     992     1378    1655    1835    1836    1219    845     837     -55     
961    2001 782     313     1469    -95     812     1806    870     -126    -105    460     751     1223    1505    1986    1918    1407    1006    194     -895    
961    2002 781     50      1494    -427    832     1835    774     -545    221     339     717     1436    1737    1978    1787    1284    776     261     -649    
961    2003 707     -113    1469    -585    752     1774    752     -382    -739    5       612     1634    1762    1776    1784    1222    691     344     -325    
961    2004 769     47      1414    -366    755     1721    894     -571    -190    325     765     1176    1596    1806    1756    1367    920     395     -148    
961    2005 697     85      1413    -280    687     1711    719     -243    -469    9       717     1334    1521    1804    1801    1279    762     116     -349    
961    2006 538     -257    1321    -791    600     1600    667     -1281   -739    -87     765     1128    1494    1704    1598    1220    644     139     -205    
961    2007 728     156     1413    -62     780     1796    527     82      -62     320     592     1423    1711    1897    1778    1051    629     -103    -646    
961    2008 633     -133    1349    -546    745     1681    592     -759    -211    287     759     1190    1612    1684    1745    1088    692     -9      -509    
961    2009 674     -119    1380    -495    682     1680    737     -705    -247    53      761     1234    1622    1767    1649    1229    693     290     -310    
961    2010 689     -43     1463    -452    709     1818    744     -683    -353    87      720     1322    1669    1857    1925    1261    508     471     -570    
961    2011 -999999 -82     -999999 -536    -999999 -999999 -999999 -571    -459    107     646     -999999 -999999 -999999 -999999 -999999 -999999 -999999 -999999 
