EUROPEAN CLIMATE ASSESSMENT & DATASET (ECA&D), file created on: 10-05-2011
THESE DATA CAN BE USED FREELY PROVIDED THAT THE FOLLOWING SOURCE IS ACKNOWLEDGED: 

Klein Tank, A.M.G. and Coauthors, 2002. Daily dataset of 20th-century surface
air temperature and precipitation series for the European Climate Assessment.
Int. J. of Climatol., 22, 1441-1453.
Data and metadata available at http://eca.knmi.nl

FILE FORMAT (MISSING VALUE CODE = -999999):

THIS FILE HOLDS DATA FOR STATION FRANCE                                   BASEL-MULHOUSE                           (STAID:   2192)
LATITUDE: dd:mm:ss +47:36:00
LONGITUDE: ddd:mm:ss +007:31:12
ELEVATION: m  271

DATA IS FOR INDEX Mean of daily mean temperature (TG) with unit 0.01 Temperature (&#176;C)

01-06 SOUID: Source identifier
08-11 YEAR : YYYY
13-20 ANNUAL DATA VALUES
21-28 WINTER HALF YEAR DATA VALUES
29-36 SUMMER HALF YEAR DATA VALUES
37-44 WINTER (DJF) DATA VALUES
45-52 SPRING (MAM) DATA VALUES
53-60 SUMMER (JJA) DATA VALUES
61-68 AUTUMN (SON) DATA VALUES
69-76 JANUARY DATA VALUES
etc. 
157-164 DECEMBER DATA VALUES

2192   1901 899     -999999 1545    -999999 935     1785    906     -120    -314    385     992     1428    1727    1941    1685    1484    956     277     260     
2192   1902 920     414     1462    209     913     1741    882     229     130     601     1131    1014    1624    1893    1703    1401    894     351     25      
2192   1903 956     414     1419    162     904     1674    1056    77      410     726     628     1349    1528    1743    1745    1501    1109    556     66      
2192   1904 1009    423     1615    120     1018    1934    885     -33     342     496     1093    1466    1738    2162    1896    1311    979     362     267     
2192   1905 939     399     1553    108     952     1903    804     -150    219     696     932     1227    1768    2127    1809    1437    531     452     173     
2192   1906 974     333     1520    183     913     1801    1067    229     143     457     902     1379    1580    1905    1910    1424    1181    593     -71     
2192   1907 943     357     1470    -43     902     1687    1060    -11     -46     467     822     1415    1617    1629    1813    1509    1096    574     364     
2192   1908 887     402     1483    100     883     1768    866     -232    173     431     717     1494    1876    1840    1590    1362    904     331     137     
2192   1909 891     264     1438    -20     923     1623    932     -145    -56     383     1067    1324    1498    1611    1757    1358    1116    317     394     
2192   1910 965     494     1414    315     894     1693    947     200     355     563     869     1251    1686    1667    1727    1271    1093    472     386     
2192   1911 1048    420     1647    122     928     1990    1102    -242    232     562     828     1390    1627    2154    2178    1681    1009    618     477     
2192   1912 947     612     1388    394     1064    1658    721     205     508     848     875     1464    1669    1822    1484    992     856     310     300     
2192   1913 1001    455     1425    265     1001    1632    1116    267     225     745     905     1350    1645    1584    1667    1389    1125    834     219     
2192   1914 953     494     1467    89      1022    1681    917     -295    370     709     1195    1168    1527    1737    1774    1392    938     419     473     
2192   1915 975     457     1508    315     931     1785    789     197     272     426     826     1537    1883    1786    1689    1311    775     282     665     
2192   1916 1003    536     1445    511     1011    1648    952     510     347     614     965     1453    1418    1749    1770    1293    1015    546     324     
2192   1917 896     339     1580    56      879     1823    1009    -45     -129    285     666     1679    1901    1846    1724    1649    848     536     -274    
2192   1918 985     335     1519    21      999     1721    911     111     246     539     905     1549    1477    1872    1805    1480    801     455     519     
2192   1919 939     432     1513    268     869     1772    888     149     120     521     658     1422    1752    1567    1996    1665    650     357     354     
2192   1920 1000    481     1537    378     1118    1713    854     411     368     737     1030    1584    1667    1836    1633    1455    895     208     146     
2192   1921 1064    449     1615    303     1002    1919    1008    542     210     662     865     1475    1734    2192    1826    1577    1246    193     165     
2192   1922 913     396     1464    118     965     1718    791     62      129     552     760     1576    1733    1726    1696    1269    726     379     291     
2192   1923 1018    453     1508    317     973     1775    1036    157     522     645     942     1329    1323    2119    1866    1442    1236    422     169     
2192   1924 927     388     1492    44      984     1674    1006    -20     -20     519     940     1493    1662    1846    1515    1485    1069    462     133     
2192   1925 970     446     1501    289     885     1789    860     284     466     265     969     1423    1769    1825    1773    1232    1023    320     258     
2192   1926 1035    514     1525    365     980     1714    1138    172     698     622     1120    1202    1477    1840    1817    1685    1026    708     47      
2192   1927 1003    500     1543    175     1052    1766    988     236     249     719     1021    1415    1681    1885    1730    1510    958     496     91      
2192   1928 1054    481     1573    283     913     1933    1051    354     412     572     981     1189    1704    2179    1908    1457    996     702     176     
2192   1929 903     233     1540    -252    833     1807    1102    -357    -610    425     659     1411    1701    1926    1790    1735    1055    518     474     
2192   1930 988     513     1493    292     922     1773    1055    274     109     608     962     1197    1910    1685    1729    1472    997     698     162     
2192   1931 853     362     1427    93      846     1730    794     101     6       185     795     1555    1861    1726    1607    998     816     566     -33     
2192   1932 894     241     1507    -65     746     1789    1055    125     -302    248     780     1211    1563    1768    2029    1674    970     523     88      
2192   1933 885     373     1499    34      922     1767    954     -137    163     615     931     1221    1431    1930    1929    1533    998     330     -375    
2192   1934 1002    249     1611    -115    1046    1791    954     63      -26     479     1151    1511    1745    1931    1695    1622    968     272     532     
2192   1935 946     406     1524    252     815     1864    1001    -92     321     419     857     1171    1851    1983    1756    1514    934     556     52      
2192   1936 959     483     1459    244     945     1703    877     481     196     666     792     1373    1633    1748    1726    1465    679     495     217     
2192   1937 987     422     1552    300     963     1815    916     229     470     450     896     1540    1749    1873    1822    1412    931     404     34      
2192   1938 935     429     1429    136     863     1763    1034    234     141     805     604     1170    1747    1782    1759    1497    867     742     -173    
2192   1939 917     377     1437    117     779     1738    967     323     209     290     1002    1051    1715    1711    1788    1349    837     719     -28     
2192   1940 820     244     1458    -212    944     1665    975     -647    57      531     966     1337    1667    1705    1622    1441    885     602     -335    
2192   1941 850     257     1396    -184    770     1769    867     -392    214     578     749     981     1711    1942    1651    1330    886     382     133     
2192   1942 892     174     1548    -272    966     1764    1071    -576    -385    554     1006    1340    1677    1784    1828    1645    1244    318     181     
2192   1943 1027    488     1588    218     1067    1827    1001    143     342     682     1081    1439    1579    1899    1994    1514    1138    347     108     
2192   1944 938     345     1560    102     894     1845    919     265     -79     264     1093    1331    1561    1841    2124    1392    864     505     57      
2192   1945 1007    355     1648    -5      1144    1882    941     -514    490     748     1101    1582    1882    2009    1755    1549    954     319     186     
2192   1946 957     396     1563    162     1042    1772    936     -126    454     590     1108    1431    1599    1954    1758    1511    846     455     -117    
2192   1947 1064    227     1780    -190    1112    2065    1121    -237    -218    595     1218    1526    1953    2110    2129    1731    969     669     237     
2192   1948 1000    570     1486    322     1096    1671    953     493     230     806     1016    1463    1637    1611    1764    1415    990     452     90      
2192   1949 1052    370     1657    122     944     1887    1137    75      208     389     1246    1208    1672    2031    1951    1825    1154    430     383     
2192   1950 1006    519     1599    296     950     1974    965     35      489     618     732     1492    1949    2112    1861    1423    917     555     -146    
2192   1951 972     399     1484    145     871     1737    1021    250     352     467     912     1235    1632    1835    1741    1539    855     676     141     
2192   1952 982     400     1620    63      1073    1989    811     57      -15     669     1098    1455    1825    2166    1970    1184    873     374     88      
2192   1953 969     303     1561    -21     1056    1759    995     -219    76      607     1047    1514    1589    1856    1828    1515    1077    389     282     
2192   1954 907     359     1412    5       872     1662    1034    -166    -111    638     707     1266    1694    1639    1654    1500    1021    580     394     
2192   1955 921     433     1471    218     829     1743    856     88      166     329     929     1233    1652    1845    1730    1422    804     345     453     
2192   1956 839     247     1445    -68     894     1631    965     253     -968    517     769     1391    1491    1782    1615    1610    958     326     236     
2192   1957 998     503     1478    255     983     1791    1001    -45     606     941     907     1097    1756    1917    1699    1483    1040    480     76      
2192   1958 1004    408     1561    224     819     1818    1055    125     499     242     675     1536    1598    1907    1943    1685    1025    457     321     
2192   1959 1071    498     1631    201     1100    1914    1019    76      205     876     1016    1406    1752    2121    1865    1611    1036    410     410     
2192   1960 1011    494     1512    259     1041    1768    1059    20      352     723     945     1453    1784    1685    1836    1355    1053    771     138     
2192   1961 1113    600     1634    318     1111    1776    1203    169     683     798     1271    1267    1733    1793    1801    1937    1237    434     215     
2192   1962 900     424     1516    200     809     1788    949     259     117     252     983     1198    1593    1805    1961    1545    1047    253     -264    
2192   1963 882     85      1570    -443    954     1812    1163    -613    -453    495     1084    1288    1698    1975    1760    1606    996     892     -222    
2192   1964 1012    362     1677    -34     1002    1932    1046    -213    358     377     1094    1539    1819    2102    1870    1622    925     596     49      
2192   1965 962     375     1488    55      915     1770    946     193     -92     544     868     1332    1756    1774    1781    1404    993     439     465     
2192   1966 1060    484     1607    305     1063    1778    1113    -227    717     537     1188    1468    1842    1757    1736    1644    1375    312     366     
2192   1967 1060    573     1570    326     992     1873    1168    192     430     742     842     1386    1619    2093    1899    1560    1405    532     -28     
2192   1968 1010    498     1527    127     986     1771    1112    73      352     644     1050    1265    1687    1857    1766    1525    1300    503     82      
2192   1969 978     448     1562    114     952     1802    1141    237     13      511     879     1465    1524    2039    1835    1612    1170    641     -261    
2192   1970 995     381     1564    20      843     1878    1123    85      259     388     824     1317    1860    1853    1922    1595    1033    745     26      
2192   1971 991     357     1614    31      993     1839    991     -139    223     253     1167    1566    1561    1979    1970    1422    1123    425     290     
2192   1972 942     500     1442    237     974     1730    916     25      408     723     908     1289    1552    1861    1772    1251    828     672     0       
2192   1973 974     351     1584    37      893     1874    1035    -79     207     474     716     1482    1758    1864    1995    1671    929     508     108     
2192   1974 1048    546     1497    342     981     1767    925     463     467     795     895     1249    1541    1805    1947    1526    652     605     591     
2192   1975 1002    532     1549    477     901     1791    1039    488     339     501     900     1303    1540    1896    1929    1710    889     523     -32     
2192   1976 1014    393     1563    168     902     1888    1059    229     316     432     850     1422    1870    2075    1717    1424    1175    574     58      
2192   1977 1039    583     1447    279     981     1745    1075    174     640     882     805     1249    1638    1848    1746    1379    1203    639     232     
2192   1978 957     518     1446    184     917     1708    979     187     128     686     834     1228    1628    1800    1695    1480    1002    454     300     
2192   1979 999     415     1506    108     938     1782    1089    -230    268     681     824     1306    1762    1856    1727    1550    1179    535     480     
2192   1980 941     560     1460    334     871     1707    985     35      496     629     801     1181    1565    1653    1899    1651    978     326     64      
2192   1981 1001    388     1546    28      1104    1765    1048    -23     46      903     1034    1372    1668    1795    1830    1563    1025    557     181     
2192   1982 1081    441     1631    148     936     1928    1209    33      239     594     811     1399    1865    2053    1864    1784    1151    694     431     
2192   1983 1079    585     1671    318     993     2039    1032    439     60      686     1065    1229    1817    2283    2010    1607    1069    419     180     
2192   1984 998     434     1480    225     793     1811    1128    311     180     426     839     1115    1619    1909    1898    1486    1187    709     263     
2192   1985 970     357     1634    -105    977     1888    1031    -526    -46     525     1017    1389    1632    2075    1951    1727    1105    260     454     
2192   1986 991     340     1562    68      927     1845    1150    265     -579    440     756     1581    1740    1896    1895    1480    1266    701     320     
2192   1987 1014    419     1613    46      878     1850    1265    -391    228     384     1120    1138    1635    2001    1908    1868    1228    698     314     
2192   1988 1092    618     1602    408     1024    1839    1050    561     345     547     1000    1524    1676    1890    1944    1556    1193    396     431     
2192   1989 1093    612     1598    369     1115    1870    1055    238     446     946     857     1535    1662    1986    1956    1567    1225    367     271     
2192   1990 1121    629     1589    436     1093    1870    1117    263     810     848     859     1566    1699    1896    2010    1478    1290    578     125     
2192   1991 1031    520     1603    126     951     1943    1100    252     -12     835     901     1116    1634    2118    2066    1766    986     554     83      
2192   1992 1110    460     1701    158     1098    2002    1104    47      356     733     976     1581    1715    2061    2219    1627    894     798     285     
2192   1993 1054    524     1624    288     1106    1848    866     436     128     575     1209    1537    1795    1859    1889    1442    916     237     546     
2192   1994 1194    573     1677    411     1110    2069    1179    324     358     1026    870     1426    1809    2293    2096    1542    1064    933     512     
2192   1995 1095    665     1594    478     994     1914    1122    222     725     551     1020    1411    1605    2195    1932    1377    1473    503     89      
2192   1996 963     461     1526    113     934     1839    988     121     129     434     1061    1311    1812    1836    1869    1250    1114    597     -2      
2192   1997 1088    505     1619    130     1085    1909    1083    -183    623     894     871     1483    1765    1825    2135    1620    1046    583     366     
2192   1998 1087    601     1628    414     1091    1904    973     376     509     717     1007    1546    1858    1956    1895    1486    1134    294     217     
2192   1999 1099    484     1681    242     1125    1876    1085    417     76      721     1041    1612    1678    1995    1947    1797    1080    377     366     
2192   2000 1172    557     1670    375     1169    1872    1194    202     569     745     1104    1656    1874    1759    1982    1633    1190    760     574     
2192   2001 1100    694     1598    453     1118    1904    1078    315     472     834     901     1613    1661    1977    2065    1343    1494    383     79      
2192   2002 1136    599     1588    303     1048    1911    1112    162     707     773     969     1401    1968    1884    1884    1406    1123    807     524     
2192   2003 1152    582     1837    229     1155    2273    1014    138     5       847     1012    1603    2328    2112    2379    1570    790     691     267     
2192   2004 1071    481     1620    272     982     1906    1162    223     328     584     1047    1317    1745    1926    2040    1632    1286    564     137     
2192   2005 1080    510     1656    165     1081    1889    1182    230     123     686     1069    1488    1918    1995    1755    1701    1304    536     90      
2192   2006 1092    396     1684    16      958     1957    1321    -129    95      454     980     1440    1869    2366    1634    1802    1366    793     372     
2192   2007 1131    742     1661    528     1240    1839    956     581     642     690     1440    1596    1843    1867    1808    1403    1034    430     215     
2192   2008 1080    536     1598    373     1060    1885    1008    430     481     622     927     1627    1827    1963    1864    1359    1080    582     166     
2192   2009 1117    429     1750    92      1187    1962    1180    -76     196     605     1290    1668    1771    1997    2113    1646    1060    837     244     
2192   2010 1043    506     1668    154     1046    2026    1016    -56     286     654     1166    1331    1916    2288    1872    1410    977     651     -58     
2192   2011 -999999 -999999 -999999 206     -999999 -999999 -999999 258     431     738     1335    -999999 -999999 -999999 -999999 -999999 -999999 -999999 -999999 
