EUROPEAN CLIMATE ASSESSMENT & DATASET (ECA&D), file created on: 10-05-2011
THESE DATA CAN BE USED FREELY PROVIDED THAT THE FOLLOWING SOURCE IS ACKNOWLEDGED: 

Klein Tank, A.M.G. and Coauthors, 2002. Daily dataset of 20th-century surface
air temperature and precipitation series for the European Climate Assessment.
Int. J. of Climatol., 22, 1441-1453.
Data and metadata available at http://eca.knmi.nl

FILE FORMAT (MISSING VALUE CODE = -999999):

THIS FILE HOLDS DATA FOR STATION FINLAND                                  KUUSAMO AIRPORT                          (STAID:    732)
LATITUDE: dd:mm:ss +65:58:48
LONGITUDE: ddd:mm:ss +029:13:12
ELEVATION: m  264

DATA IS FOR INDEX Mean of daily mean temperature (TG) with unit 0.01 Temperature (&#176;C)

01-06 SOUID: Source identifier
08-11 YEAR : YYYY
13-20 ANNUAL DATA VALUES
21-28 WINTER HALF YEAR DATA VALUES
29-36 SUMMER HALF YEAR DATA VALUES
37-44 WINTER (DJF) DATA VALUES
45-52 SPRING (MAM) DATA VALUES
53-60 SUMMER (JJA) DATA VALUES
61-68 AUTUMN (SON) DATA VALUES
69-76 JANUARY DATA VALUES
etc. 
157-164 DECEMBER DATA VALUES

732    1959 21      -999999 778     -999999 -61     1326    -44     -1342   -806    -393    -381    581     1235    1404    1335    458     -49     -542    -1302   
732    1960 -31     -957    941     -1478   -15     1436    -195    -1540   -1599   -738    -61     752     1204    1768    1335    653     -436    -794    -881    
732    1961 71      -759    747     -890    -292    1355    267     -944    -840    -670    -523    310     1360    1542    1163    603     568     -380    -1398   
732    1962 -111    -866    693     -1287   -360    1016    169     -1295   -1156   -1545   2       476     915     1151    980     619     123     -234    -1408   
732    1963 -101    -1061   868     -1566   -238    1141    148     -1596   -1708   -1577   -120    986     930     1236    1249    897     127     -579    -1158   
732    1964 -17     -800    730     -1122   -273    1206    36      -756    -1473   -998    -361    538     1031    1391    1190    558     313     -773    -940    
732    1965 -134    -814    698     -1160   -332    1140    -87     -1080   -1493   -973    -196    178     1092    1179    1147    777     -17     -1022   -1297   
732    1966 -270    -1379   693     -1896   -543    1252    -5      -2175   -2251   -1582   -511    464     1275    1425    1056    419     -192    -235    -1065   
732    1967 8       -771    842     -1304   -4      1320    269     -1845   -970    -321    -78     384     1049    1416    1486    770     130     -88     -1882   
732    1968 -217    -1049   623     -1864   -303    1145    -262    -2117   -1575   -765    -363    217     1202    1101    1134    446     -563    -658    -663    
732    1969 -190    -1080   670     -1387   -458    1239    31      -1694   -1850   -1114   -398    141     1024    1375    1312    537     64      -509    -1278   
732    1970 -89     -946    778     -1562   -254    1384    -58     -1475   -1971   -590    -540    359     1382    1539    1232    670     13      -859    -978    
732    1971 -229    -962    605     -1208   -561    1162    -281    -1113   -1570   -1322   -619    255     1012    1273    1198    481     -188    -1139   -1127   
732    1972 91      -947    881     -1194   -211    1501    -47     -1237   -1220   -795    -165    331     1393    1758    1347    598     1       -741    -244    
732    1973 -61     -621    810     -765    -141    1403    -341    -996    -1085   -710    -210    495     1338    1756    1114    336     -346    -1013   -1482   
732    1974 175     -845    845     -1087   -144    1363    165     -1097   -639    -477    -218    260     1309    1516    1261    924     95      -523    -364    
732    1975 59      -538    776     -811    10      1136    130     -1125   -959    -396    -254    672     1033    1345    1026    808     24      -439    -1091   
732    1976 -182    -944    682     -1390   -273    1131    -220    -1779   -1293   -1089   -275    545     888     1314    1183    403     -373    -686    -1059   
732    1977 -85     -942    711     -1268   -186    1170    -56     -1330   -1433   -809    -201    452     1060    1413    1033    484     -175    -472    -1138   
732    1978 -221    -928    664     -1416   -222    1119    -63     -1387   -1756   -708    -417    452     1031    1307    1017    568     -94     -661    -2106   
732    1979 -49     -1118   796     -1790   -162    1304    -19     -1721   -1518   -632    -544    678     1221    1406    1282    700     -265    -483    -819    
732    1980 -148    -955    840     -1299   -229    1318    -208    -1553   -1541   -1089   -59     467     1512    1353    1095    661     -58     -1233   -1378   
732    1981 -139    -1130   721     -1364   -396    1165    49      -1157   -1578   -1420   -333    567     954     1463    1071    571     167     -597    -1475   
732    1982 -15     -912    713     -1507   -77     1086    150     -2014   -982    -570    -145    484     708     1444    1095    664     -4      -203    -717    
732    1983 -30     -664    851     -995    -54     1207    -108    -1016   -1279   -809    35      615     1099    1509    1008    821     39      -1189   -1283   
732    1984 32      -913    827     -1139   -30     1179    -43     -1307   -804    -939    -84     932     1163    1341    1032    553     51      -737    -847    
732    1985 -310    -1152   694     -1881   -306    1250    17      -2627   -2199   -639    -541    254     1155    1335    1258    677     123     -752    -1884   
732    1986 -100    -1059   721     -1808   -47     1248    123     -1901   -1622   -364    -355    566     1433    1411    906     339     159     -130    -1735   
732    1987 -218    -1053   655     -1792   -288    1048    60      -2050   -1569   -1015   -319    469     1050    1173    922     617     491     -941    -1534   
732    1988 -44     -872    862     -1323   -221    1407    -77     -1225   -1203   -841    -400    574     1321    1692    1204    754     17      -1005   -1467   
732    1989 156     -739    929     -1066   194     1319    69      -912    -791    -288    145     723     1350    1390    1219    728     -55     -463    -1226   
732    1990 36      -709    768     -1041   -47     1195    -188    -1561   -259    -640    38      463     1038    1342    1199    501     -32     -1038   -634    
732    1991 -10     -888    728     -1102   -268    1238    147     -1349   -1348   -975    -99     276     1015    1420    1272    462     136     -157    -857    
732    1992 16      -491    746     -869    -73     1145    -293    -967    -776    -334    -589    688     1279    1204    955     917     -826    -950    -444    
732    1993 -50     -790    660     -787    -89     1126    -242    -974    -960    -609    -301    635     860     1389    1119    216     -290    -650    -1111   
732    1994 -19     -968    800     -1394   -94     1256    -47     -1503   -1587   -715    98      340     1113    1478    1173    581     -24     -697    -601    
732    1995 26      -562    780     -756    -18     1223    -70     -861    -812    -406    -137    485     1334    1197    1142    643     170     -1031   -1468   
732    1996 -8      -906    702     -1295   -246    1219    162     -934    -1494   -721    -249    232     1021    1236    1394    555     197     -266    -1125   
732    1997 -22     -733    778     -1221   -298    1365    0       -1328   -1208   -697    -536    330     1212    1550    1326    759     -117    -637    -1005   
732    1998 -143    -990    730     -1356   -378    1229    -55     -1184   -1934   -1142   -448    454     1081    1549    1052    664     108     -944    -1117   
732    1999 3       -936    839     -1364   -140    1289    208     -1610   -1365   -730    76      241     1437    1455    979     838     222     -435    -1147   
732    2000 164     -674    881     -1094   41      1305    297     -1099   -1031   -567    40      651     1161    1560    1191    658     444     -216    -870    
732    2001 15      -639    895     -974    -279    1393    50      -688    -1407   -1156   -62     389     1372    1627    1181    849     95      -795    -1319   
732    2002 -17     -823    945     -1194   15      1438    -253    -1340   -895    -692    116     625     1334    1638    1338    590     -255    -1093   -1623   
732    2003 73      -1019   872     -1464   10      1339    155     -1884   -824    -422    -226    671     905     1820    1278    748     67      -347    -966    
732    2004 70      -712    859     -1122   -80     1319    85      -1209   -1196   -639    -147    545     1114    1598    1235    795     76      -617    -731    
732    2005 -999999 -999999 941     -859    -214    1457    378     -804    -1057   -1087   -3      456     1270    1677    1417    803     302     45      -957    
732    2006 75      -734    958     -1158   -187    1407    44      -1021   -1527   -1303   116     635     1368    1456    1395    755     -30     -612    -469    
732    2007 127     -681    843     -1095   81      1327    130     -1118   -1764   -197    -73     507     1148    1442    1385    622     332     -570    -356    
732    2008 91      -524    688     -696    -219    1142    140     -885    -857    -829    -188    361     1093    1308    1023    510     238     -384    -379    
732    2009 -999999 -999999 -999999 -926    -101    1304    155     -1207   -1219   -768    -309    766     1108    1378    1444    917     -210    -243    -1127   
732    2010 -999999 -999999 -999999 -1452   -16     1344    24      -1705   -1541   -949    102     810     1080    1749    1181    732     186     -852    -1527   
732    2011 -999999 -976    -999999 -1514   -999999 -999999 -999999 -1277   -1763   -695    173     -999999 -999999 -999999 -999999 -999999 -999999 -999999 -999999 
