EUROPEAN CLIMATE ASSESSMENT & DATASET (ECA&D), file created on: 10-05-2011
THESE DATA CAN BE USED FREELY PROVIDED THAT THE FOLLOWING SOURCE IS ACKNOWLEDGED: 

Klein Tank, A.M.G. and Coauthors, 2002. Daily dataset of 20th-century surface
air temperature and precipitation series for the European Climate Assessment.
Int. J. of Climatol., 22, 1441-1453.
Data and metadata available at http://eca.knmi.nl

FILE FORMAT (MISSING VALUE CODE = -999999):

THIS FILE HOLDS DATA FOR STATION UNITED KINGDOM                           BOGNOR REGIS                             (STAID:   1863)
LATITUDE: dd:mm:ss +50:46:51
LONGITUDE: ddd:mm:ss -000:40:33
ELEVATION: m    7

DATA IS FOR INDEX Mean of daily mean temperature (TG) with unit 0.01 Temperature (&#176;C)

01-06 SOUID: Source identifier
08-11 YEAR : YYYY
13-20 ANNUAL DATA VALUES
21-28 WINTER HALF YEAR DATA VALUES
29-36 SUMMER HALF YEAR DATA VALUES
37-44 WINTER (DJF) DATA VALUES
45-52 SPRING (MAM) DATA VALUES
53-60 SUMMER (JJA) DATA VALUES
61-68 AUTUMN (SON) DATA VALUES
69-76 JANUARY DATA VALUES
etc. 
157-164 DECEMBER DATA VALUES

1863   1960 -999999 -999999 -999999 -999999 958     1574    1176    411     489     664     915     1265    1566    1563    1593    1440    1171    900     506     
1863   1961 -999999 -999999 -999999 -999999 1020    1587    -999999 493     728     792     1072    1197    1481    1626    1648    1578    1275    -999999 -999999 
1863   1962 -999999 -999999 -999999 -999999 719     -999999 1070    521     -999999 356     805     999     1312    1523    1532    1362    1156    678     325     
1863   1963 -999999 -999999 -999999 -999999 -999999 1509    1199    -177    -1      498     805     1069    1446    1539    1536    1409    1173    1009    288     
1863   1964 -999999 -999999 -999999 -999999 843     1579    -999999 373     467     467     799     1253    1423    1661    1644    1535    997     825     454     
1863   1965 -999999 -999999 -999999 -999999 810     1463    1068    418     -999999 533     815     1110    1367    1465    1551    1304    1226    590     560     
1863   1966 -999999 -999999 -999999 -999999 882     1543    1128    380     619     675     819     1152    1523    1544    1560    1509    1238    624     641     
1863   1967 -999999 -999999 -999999 571     906     1564    1129    469     610     766     819     1116    1397    1677    1612    1488    1229    662     454     
1863   1968 -999999 -999999 -999999 -999999 835     1565    -999999 422     319     663     769     1055    1502    1552    1642    1488    1377    717     353     
1863   1969 -999999 -999999 -999999 -999999 807     1627    1226    619     -999999 474     811     1136    1450    1709    1706    1540    1380    692     407     
1863   1970 -999999 -999999 -999999 -999999 790     1583    -999999 502     428     443     694     1237    1579    1522    1646    1500    1163    914     462     
1863   1971 -999999 -999999 -999999 -999999 834     1592    -999999 542     532     535     792     1192    1361    1730    1664    1517    1233    -999999 703     
1863   1972 -999999 -999999 -999999 570     919     1472    1094    472     533     757     884     1113    1199    1604    1609    1331    1192    731     716     
1863   1973 -999999 -999999 -999999 -999999 866     1676    -999999 511     481     643     800     1160    1580    1630    1813    1535    1056    718     601     
1863   1974 -999999 -999999 -999999 -999999 930     1556    1041    731     643     673     961     1133    1456    1590    1621    1361    859     902     807     
1863   1975 -999999 -999999 -999999 -999999 794     1694    -999999 764     604     554     785     1052    1527    1707    1830    1468    1108    718     491     
1863   1976 -999999 -999999 -999999 524     874     1817    -999999 619     459     555     843     1222    1689    1896    1849    1452    1215    743     348     
1863   1977 -999999 -999999 -999999 -999999 918     1528    1158    397     648     766     786     1179    1296    1685    1581    1391    1325    746     701     
1863   1978 -999999 -999999 -999999 -999999 869     1516    -999999 456     319     676     710     1199    1406    1549    1584    1488    1248    920     615     
1863   1979 -999999 -999999 -999999 -999999 800     1539    1171    147     237     546     790     1038    1385    1674    1553    1429    1266    781     734     
1863   1980 -999999 -999999 -999999 573     908     1528    -999999 326     678     587     948     1189    1423    1484    1674    1613    1079    622     563     
1863   1981 -999999 -999999 -999999 -999999 -999999 1584    -999999 503     355     812     881     1161    1387    1635    1720    1570    970     826     303     
1863   1982 -999999 -999999 -999999 -999999 930     1682    -999999 402     528     654     911     1232    1608    1768    1669    1550    1166    975     537     
1863   1983 -999999 -999999 -999999 -999999 832     1759    -999999 718     300     653     742     1100    1528    1918    1828    1507    1192    -999999 701     
1863   1984 -999999 -999999 -999999 -999999 822     -999999 -999999 553     491     553     881     1023    1462    1634    1734    1475    1219    957     650     
1863   1985 -999999 -999999 -999999 -999999 864     1539    1113    146     -999999 495     885     1225    1370    1666    1570    1535    1229    537     811     
1863   1986 -999999 -999999 -999999 -999999 -999999 1568    -999999 451     -34     501     656     1089    1557    1654    1500    1241    1263    928     700     
1863   1987 -999999 -999999 -999999 -999999 862     1588    -999999 -999999 419     480     967     1137    1362    1711    1674    1521    1178    764     665     
1863   1988 -999999 -999999 -999999 -999999 -999999 1551    1178    662     573     738     859     1292    1476    1548    1620    1503    1275    690     803     
1863   1989 -999999 -999999 -999999 -999999 1009    1717    -999999 710     724     837     746     1412    1550    1855    1751    1594    1332    806     666     
1863   1990 -999999 -999999 -999999 -999999 1025    1621    -999999 752     -999999 829     900     1325    1371    1674    1808    1432    1305    774     531     
1863   1991 -999999 -999999 -999999 -999999 887     -999999 -999999 504     196     751     818     1084    1236    1671    1766    1588    1105    724     561     
1863   1992 -999999 -999999 -999999 -999999 -999999 1667    1119    450     558     774     910     1346    1603    1727    1668    1486    946     910     498     
1863   1993 -999999 -999999 -999999 -999999 990     1575    -999999 636     -999999 679     1032    1280    1549    1604    1571    1349    1022    557     -999999 
1863   1994 -999999 -999999 -999999 -999999 930     1697    -999999 610     439     836     826     1133    1461    1852    1761    1414    1136    1105    710     
1863   1995 -999999 -999999 -999999 -999999 958     1804    1255    535     758     623     969     1252    1527    1894    1983    1477    1427    824     278     
1863   1996 -999999 -999999 -999999 -999999 790     1597    1090    572     295     526     851     989     1425    1668    1675    1431    1229    637     415     
1863   1997 -999999 -999999 -999999 -999999 1000    1725    1238    264     663     864     906     1225    1499    1701    1951    1562    1185    936     631     
1863   1998 -999999 -999999 -999999 -999999 1070    1608    1145    584     604     877     867     1454    1512    1625    1681    1593    1156    655     624     
1863   1999 -999999 -999999 -999999 -999999 1039    1672    1245    663     568     768     1003    1335    1437    1815    1748    1691    1193    810     601     
1863   2000 -999999 -999999 -999999 -999999 981     1608    1194    501     705     798     839     1292    1493    1590    1742    1590    1189    815     -999999 
1863   2001 -999999 -999999 -999999 -999999 956     1679    -999999 499     -999999 649     899     1312    1480    1786    1761    1490    1495    -999999 432     
1863   2002 -999999 -999999 -999999 -999999 1039    1656    -999999 682     776     827     1024    1258    1478    1677    1796    1554    1158    967     710     
1863   2003 -999999 -999999 -999999 -999999 1020    1792    1154    417     445     821     963     1264    1644    1830    1905    1497    1027    936     642     
1863   2004 -999999 -999999 -999999 -999999 981     1706    -999999 640     598     704     976     1273    1616    1683    1821    1619    1231    -999999 605     
1863   2005 1134    -999999 1482    606     944     1705    1293    697     505     682     944     1205    1620    1762    1729    1624    1465    783     543     
1863   2006 1194    726     1574    516     920     1808    1443    555     443     541     953     1268    1627    2013    1778    1795    1509    1022    771     
1863   2007 1188    950     1516    775     1145    1643    1222    801     750     829     1274    1337    1593    1658    1676    1556    1224    887     647     
1863   2008 1146    824     1499    695     1057    1685    1180    755     684     741     935     1492    1558    1747    1747    1499    1165    876     535     
1863   2009 -999999 735     -999999 516     1082    -999999 -999999 429     590     808     1104    1335    1609    -999999 -999999 -999999 -999999 -999999 -999999 
1863   2010 -999999 -999999 -999999 -999999 -999999 -999999 1120    -999999 -999999 -999999 -999999 -999999 -999999 -999999 1684    1483    1182    677     133     
1863   2011 -999999 -999999 -999999 -999999 -999999 -999999 -999999 537     719     727     1246    -999999 -999999 -999999 -999999 -999999 -999999 -999999 -999999 
