EUROPEAN CLIMATE ASSESSMENT & DATASET (ECA&D), file created on: 10-05-2011
THESE DATA CAN BE USED FREELY PROVIDED THAT THE FOLLOWING SOURCE IS ACKNOWLEDGED: 

Klein Tank, A.M.G. and Coauthors, 2002. Daily dataset of 20th-century surface
air temperature and precipitation series for the European Climate Assessment.
Int. J. of Climatol., 22, 1441-1453.
Data and metadata available at http://eca.knmi.nl

FILE FORMAT (MISSING VALUE CODE = -999999):

THIS FILE HOLDS DATA FOR STATION GERMANY                                  FRANKFURT                                (STAID:     44)
LATITUDE: dd:mm:ss +50:02:47
LONGITUDE: ddd:mm:ss +008:35:54
ELEVATION: m  112

DATA IS FOR INDEX Mean of daily mean temperature (TG) with unit 0.01 Temperature (&#176;C)

01-06 SOUID: Source identifier
08-11 YEAR : YYYY
13-20 ANNUAL DATA VALUES
21-28 WINTER HALF YEAR DATA VALUES
29-36 SUMMER HALF YEAR DATA VALUES
37-44 WINTER (DJF) DATA VALUES
45-52 SPRING (MAM) DATA VALUES
53-60 SUMMER (JJA) DATA VALUES
61-68 AUTUMN (SON) DATA VALUES
69-76 JANUARY DATA VALUES
etc. 
157-164 DECEMBER DATA VALUES

44     1870 895     -999999 1583    -999999 948     1871    919     51      -250    321     1016    1510    1807    2117    1686    1343    912     503     -353    
44     1871 820     241     1502    -228    930     1771    813     -425    128     679     928     1184    1458    1940    1906    1581    686     174     -433    
44     1872 1074    251     1600    -2      1047    1833    1116    145     301     633     1089    1422    1715    2029    1753    1581    1055    714     430     
44     1873 1045    571     1579    306     937     1987    1008    357     112     717     896     1196    1865    2131    1959    1408    1107    505     214     
44     1874 984     462     1617    189     961     1907    950     243     103     566     1162    1161    1807    2195    1715    1653    945     251     -51     
44     1875 965     261     1660    16      938     1960    938     255     -176    299     968     1549    1907    1916    2055    1546    853     417     -84     
44     1876 1010    299     1588    -24     926     1973    968     -238    269     579     1073    1132    1878    2041    1997    1393    1162    343     468     
44     1877 1005    547     1502    455     810     1937    895     395     507     396     849     1185    2054    1862    1899    1146    821     722     196     
44     1878 1005    449     1606    218     1026    1825    1006    101     371     484     1064    1531    1772    1840    1862    1553    1036    430     -18     
44     1879 833     342     1499    52      827     1791    908     -53     245     403     864     1215    1774    1697    1900    1531    922     270     -792    
44     1880 1019    161     1618    -305    1054    1873    989     -261    167     665     1058    1439    1689    2011    1914    1582    906     483     547     
44     1881 942     397     1558    133     949     1902    883     -363    225     569     818     1455    1772    2133    1797    1348    598     712     201     
44     1882 1001    447     1492    180     1078    1708    1008    58      292     815     984     1433    1649    1810    1661    1400    1048    575     242     
44     1883 970     416     1544    269     808     1812    980     133     451     57      877     1493    1871    1785    1783    1442    925     575     229     
44     1884 1028    540     1548    345     979     1822    929     408     403     691     795     1447    1496    2047    1912    1563    900     324     311     
44     1885 921     381     1506    201     900     1789    877     -128    443     440     1127    1139    1842    1898    1627    1399    831     404     24      
44     1886 983     255     1590    12      917     1776    1139    58      -53     241     1079    1435    1566    1872    1884    1687    1099    631     232     
44     1887 844     339     1494    6       769     1870    777     -297    92      263     885     1164    1779    2085    1743    1288    655     391     33      
44     1888 848     225     1426    -19     835     1664    886     -74     -16     351     775     1377    1762    1609    1625    1398    731     534     87      
44     1889 891     252     1557    -18     961     1813    842     -66     -82     283     880     1718    1998    1785    1663    1282    892     350     -74     
44     1890 890     347     1465    82      974     1655    915     338     -28     565     814     1537    1563    1631    1768    1458    829     461     -323    
44     1891 897     211     1436    -172    860     1661    1001    -284    120     465     712     1397    1610    1743    1630    1506    1110    382     315     
44     1892 903     384     1533    182     858     1800    907     -8      243     253     906     1418    1676    1750    1969    1463    803     458     -105    
44     1893 973     282     1600    -93     1119    1845    925     -537    412     678     1199    1482    1800    1886    1847    1376    1078    315     108     
44     1894 975     414     1506    129     1062    1751    923     -59     359     673     1240    1279    1620    1928    1699    1254    947     569     162     
44     1895 912     223     1607    -184    929     1816    1070    -255    -490    346     1047    1396    1760    1885    1801    1745    821     653     155     
44     1896 936     440     1475    124     967     1770    894     93      125     782     788     1326    1858    1868    1586    1413    963     304     98      
44     1897 965     390     1520    115     962     1858    870     -102    373     702     913     1271    1872    1853    1850    1345    909     353     205     
44     1898 1021    427     1513    263     907     1778    1047    271     320     493     958     1272    1693    1652    1985    1508    1078    554     418     
44     1899 1010    561     1540    405     922     1846    1030    395     402     503     935     1327    1690    1904    1937    1430    900     764     -99     
44     1900 1036    421     1573    184     850     1882    1044    304     365     297     950     1308    1812    2055    1775    1526    996     610     392     
44     1901 957     344     1619    -6      1004    1884    964     -216    -213    447     1042    1525    1807    2022    1822    1479    993     418     280     
44     1902 945     490     1491    291     933     1775    869     434     145     635     1106    1063    1775    1836    1714    1448    854     306     -27     
44     1903 1043    443     1511    234     965     1783    1132    207     554     772     638     1474    1734    1841    1773    1586    1170    640     92      
44     1904 1047    466     1641    143     1067    1930    952     -15     367     539     1162    1502    1769    2153    1864    1377    1027    450     348     
44     1905 1030    486     1643    228     1028    2016    862     -1      348     731     915     1436    1964    2175    1908    1439    651     502     244     
44     1906 1043    407     1589    274     1009    1837    1123    317     261     456     1068    1506    1703    1947    1857    1437    1178    751     -9      
44     1907 1000    456     1516    75      975     1722    1107    177     56      552     873     1498    1689    1658    1817    1546    1233    537     289     
44     1908 898     426     1509    103     907     1812    829     -238    269     459     751     1506    1928    1919    1593    1342    880     265     85      
44     1909 924     267     1481    5       939     1684    960     -48     -24     419     1040    1359    1539    1677    1831    1423    1106    346     348     
44     1910 1011    506     1500    341     980     1758    938     266     418     541     973     1425    1792    1715    1767    1316    1114    379     379     
44     1911 1090    472     1678    223     1020    2008    1066    -29     330     641     924     1493    1669    2154    2191    1608    997     596     452     
44     1912 965     568     1457    323     1079    1748    751     122     400     831     927     1473    1741    1978    1526    1079    768     407     305     
44     1913 1029    470     1459    263     1074    1641    1123    152     338     835     951     1433    1651    1588    1683    1439    1083    849     300     
44     1914 1009    512     1546    148     1054    1797    932     -235    405     671     1237    1260    1610    1866    1908    1379    970     448     548     
44     1915 1001    491     1558    362     954     1839    828     206     327     432     894     1536    1982    1816    1724    1383    815     288     560     
44     1916 1019    530     1480    468     1070    1651    975     550     281     662     1018    1529    1424    1751    1771    1367    999     560     285     
44     1917 928     297     1639    2       882     1911    1020    -104    -193    200     648     1791    2050    1908    1780    1638    818     610     -81     
44     1918 1022    415     1541    132     1107    1713    906     153     345     646     1046    1628    1480    1853    1801    1418    886     414     535     
44     1919 922     455     1490    303     878     1714    871     212     146     504     703     1423    1739    1578    1827    1661    701     255     261     
44     1920 1030    468     1574    353     1147    1768    870     366     439     780     1061    1598    1754    1900    1651    1469    925     213     184     
44     1921 1103    500     1663    362     1112    1929    1002    565     334     754     1006    1574    1706    2175    1899    1598    1324    73      148     
44     1922 901     359     1472    62      949     1743    775     -44     84      530     702     1608    1794    1730    1706    1273    652     404     311     
44     1923 987     463     1476    319     985     1721    996     271     383     747     903     1302    1294    2074    1780    1480    1115    389     59      
44     1924 910     304     1498    -62     979     1684    973     -210    -33     483     872     1578    1694    1834    1523    1470    1060    386     227     
44     1925 994     484     1546    371     975     1820    844     362     540     328     1019    1578    1715    1949    1792    1200    1009    318     87      
44     1926 1052    493     1545    327     1011    1737    1099    188     747     627     1177    1235    1541    1897    1767    1646    939     716     138     
44     1927 986     539     1509    268     1032    1737    969     342     329     756     961     1375    1595    1833    1777    1498    990     419     -86     
44     1928 1023    451     1511    246     904     1821    1046    357     481     546     952     1216    1612    2053    1791    1423    995     720     112     
44     1929 942     225     1595    -304    922     1850    1132    -313    -754    510     708     1542    1675    1963    1907    1754    1108    533     536     
44     1930 1059    577     1576    373     1042    1846    1077    334     235     680     1070    1376    2014    1777    1752    1459    995     779     192     
44     1931 932     431     1509    157     952     1777    860     196     77      323     811     1716    1835    1823    1674    1171    849     561     86      
44     1932 987     368     1590    147     878     1869    1055    305     43      346     887     1400    1671    1899    2030    1635    965     566     55      
44     1933 961     416     1578    69      1019    1862    971     -86     256     729     971     1357    1623    2034    1921    1545    994     373     -225    
44     1934 1125    362     1701    63      1136    1891    1080    173     261     585     1276    1552    1851    2031    1790    1698    1076    467     682     
44     1935 1027    549     1576    392     922     1909    1042    117     376     554     942     1272    1871    2006    1850    1504    974     648     178     
44     1936 1025    549     1531    307     1025    1795    939     499     239     741     827     1500    1771    1805    1808    1461    809     553     255     
44     1937 1065    458     1663    284     1088    1908    1005    164     450     517     1035    1712    1841    1938    1943    1492    1034    490     130     
44     1938 1036    535     1525    243     983     1868    1102    331     271     928     752     1262    1849    1845    1909    1517    982     810     -68     
44     1939 1015    483     1571    225     914     1867    1010    482     265     418     1100    1230    1832    1867    1900    1486    824     726     16      
44     1940 860     196     1540    -313    1019    1758    1017    -807    -138    549     1049    1460    1863    1769    1645    1444    888     722     -139    
44     1941 931     341     1480    -83     863     1846    933     -300    218     657     836     1096    1849    2039    1651    1399    976     423     280     
44     1942 925     199     1589    -225    972     1785    1162    -593    -377    435     1076    1409    1657    1783    1911    1688    1287    507     229     
44     1943 1058    555     1621    242     1147    1845    1013    89      425     777     1168    1495    1590    1981    1955    1517    1115    403     132     
44     1944 1020    428     1608    225     983     1886    994     445     89      361     1159    1434    1584    1877    2187    1385    1048    548     82      
44     1945 -999999 -999999 -999999 56      -999999 1911    1096    -395    528     -999999 -999999 -999999 1891    2045    1795    1632    1124    531     248     
44     1946 1010    481     1636    195     1147    1806    995     -111    476     618     1251    1576    1629    1977    1805    1564    898     526     -116    
44     1947 1067    185     1852    -277    1121    2123    1132    -273    -459    483     1209    1675    2071    2118    2178    1849    892     664     295     
44     1948 1064    579     1603    362     1205    1780    977     516     269     818     1214    1583    1786    1783    1771    1473    995     464     62      
44     1949 1096    419     1679    176     1071    1859    1145    241     231     507     1308    1404    1625    2074    1869    1785    1165    483     406     
44     1950 1036    548     1636    305     1057    1964    964     56      469     696     886     1583    1965    2033    1895    1436    899     559     -83     
44     1951 1058    444     1575    238     927     1847    1082    379     439     478     919     1383    1701    1954    1881    1596    883     773     274     
44     1952 1009    470     1645    195     1119    1959    796     167     139     570     1288    1504    1765    2136    1970    1188    857     341     139     
44     1953 1091    403     1644    140     1175    1854    1086    55      234     771     1156    1598    1785    1912    1862    1536    1162    556     405     
44     1954 982     449     1507    77      1014    1744    1054    -135    -51     714     886     1439    1816    1649    1770    1473    1116    571     464     
44     1955 953     417     1551    159     865     1843    962     -47     49      321     1019    1260    1728    1955    1842    1491    920     477     362     
44     1956 902     322     1482    -34     996     1668    969     205     -715    622     849     1511    1508    1884    1605    1514    960     432     367     
44     1957 1064    567     1543    361     1057    1866    1016    135     605     905     1057    1208    1905    2014    1680    1384    1032    631     187     
44     1958 1028    443     1573    245     871     1812    1091    155     411     249     815     1548    1654    1884    1893    1624    1028    624     410     
44     1959 1130    546     1724    242     1189    2012    1035    172     135     873     1187    1506    1864    2222    1945    1605    999     502     475     
44     1960 1074    539     1575    320     1131    1797    1108    169     316     759     1064    1567    1889    1749    1755    1413    1095    815     281     
44     1961 1084    631     1599    333     1130    1747    1159    123     625     852     1273    1270    1772    1681    1787    1812    1184    481     140     
44     1962 896     429     1484    221     807     1758    917     320     200     227     1015    1185    1697    1734    1841    1421    1022    303     -254    
44     1963 878     95      1583    -413    974     1822    1086    -602    -378    437     1091    1397    1720    2001    1742    1535    885     844     -205    
44     1964 1018    316     1692    -45     996     1965    1016    -189    282     293     1071    1628    1941    2098    1856    1543    857     653     174     
44     1965 944     427     1462    170     930     1709    857     269     58      522     891     1376    1778    1692    1659    1366    891     314     445     
44     1966 1051    462     1592    340     1064    1777    1034    -82     690     532     1123    1538    1856    1712    1765    1546    1241    306     368     
44     1967 1083    568     1608    366     1044    1911    1076    265     475     735     911     1483    1728    2139    1860    1503    1272    446     130     
44     1968 987     472     1551    145     1022    1796    1026    51      262     655     1107    1307    1761    1853    1773    1494    1141    440     -27     
44     1969 970     360     1600    57      946     1865    1077    242     -54     380     931     1525    1641    2104    1842    1536    1056    641     -275    
44     1970 974     310     1554    -77     853     1869    1093    -56     117     370     793     1395    1902    1805    1900    1516    1076    686     135     
44     1971 1023    425     1617    149     1024    1847    952     -3      334     324     1098    1654    1551    2025    1954    1393    982     480     437     
44     1972 934     505     1456    268     1005    1755    823     -13     388     750     957     1306    1608    1931    1723    1191    794     486     72      
44     1973 984     373     1576    102     933     1899    969     56      186     628     746     1419    1825    1903    1967    1579    875     456     112     
44     1974 1033    520     1478    343     1005    1723    877     479     448     742     999     1273    1594    1724    1845    1422    641     578     613     
44     1975 1032    531     1600    481     912     1909    960     541     267     519     899     1316    1642    2032    2044    1650    828     406     183     
44     1976 1032    382     1637    222     921     2005    1029    315     162     383     898     1481    2005    2165    1844    1411    1078    598     12      
44     1977 1006    538     1430    244     949     1724    1013    238     508     792     752     1298    1651    1801    1718    1345    1076    616     244     
44     1978 923     485     1423    172     946     1659    915     218     42      676     869     1291    1634    1697    1644    1391    928     424     191     
44     1979 919     303     1465    -50     911     1727    955     -349    16      583     814     1332    1808    1749    1626    1448    973     442     524     
44     1980 909     486     1426    302     872     1675    905     -27     416     580     813     1220    1587    1623    1813    1488    848     381     153     
44     1981 955     378     1524    44      1088    1749    995     -84     63      877     984     1401    1683    1791    1771    1504    892     593     -74     
44     1982 1015    315     1611    -68     935     1926    1112    -199    83      580     844     1376    1789    2098    1887    1656    1006    678     322     
44     1983 1029    521     1611    270     941     1990    947     488     -30     613     1020    1192    1789    2206    1969    1471    1009    360     180     
44     1984 948     402     1428    207     801     1732    1019    256     184     408     834     1162    1562    1794    1835    1367    1111    577     254     
44     1985 910     312     1536    -109    980     1730    920     -359    -233    478     963     1497    1495    1915    1775    1552    975     232     538     
44     1986 1028    390     1588    181     1023    1904    1032    274     -316    562     836     1666    1890    1959    1862    1290    1123    679     404     
44     1987 974     391     1577    81      886     1795    1129    -345    194     280     1204    1186    1619    1944    1817    1682    1063    644     367     
44     1988 1127    591     1643    431     1073    1881    1048    528     396     538     1026    1654    1749    1902    1987    1522    1160    459     565     
44     1989 1138    656     1652    454     1176    1900    1060    363     433     930     902     1687    1759    2020    1917    1605    1167    405     407     
44     1990 1150    668     1628    496     1187    1916    1048    379     723     923     963     1669    1726    1946    2069    1368    1148    626     226     
44     1991 1055    534     1635    175     1025    1965    1057    318     -38     874     969     1230    1558    2196    2126    1711    930     535     169     
44     1992 1132    500     1729    271     1150    2040    1010    256     398     710     1036    1700    1899    2103    2114    1498    829     710     303     
44     1993 1087    505     1691    271     1216    1902    870     433     57      659     1304    1687    1887    1922    1895    1436    944     227     514     
44     1994 1205    555     1723    412     1141    2094    1143    474     231     899     1039    1481    1910    2365    2001    1520    976     938     551     
44     1995 1126    645     1700    466     1060    2045    1072    225     640     549     1149    1484    1738    2300    2088    1417    1319    471     92      
44     1996 956     397     1559    49      946     1869    992     -37     97      424     1110    1311    1831    1855    1921    1310    1053    611     -35     
44     1997 1117    496     1683    120     1122    2014    1035    -165    607     920     923     1515    1814    1962    2260    1599    936     575     428     
44     1998 1118    610     1662    450     1165    1919    969     390     540     782     1034    1674    1921    1875    1960    1489    1036    379     296     
44     1999 1169    535     1765    334     1182    1969    1137    432     268     766     1139    1638    1812    2149    1942    1897    1032    485     401     
44     2000 1171    588     1684    395     1223    1879    1171    253     540     811     1193    1664    1909    1731    2000    1599    1165    749     426     
44     2001 1084    625     1605    383     1071    1923    1037    257     474     669     878     1659    1643    2067    2049    1303    1339    459     144     
44     2002 1123    576     1634    299     1069    1955    1093    133     655     729     1013    1464    1954    1911    1999    1449    1033    800     315     
44     2003 1147    529     1820    161     1161    2226    1023    118     40      830     1076    1573    2193    2113    2371    1574    786     717     298     
44     2004 1066    500     1629    304     1024    1890    1094    203     418     579     1163    1334    1758    1901    2007    1597    1132    550     137     
44     2005 1102    482     1686    179     1093    1915    1176    324     66      648     1158    1476    1912    2034    1800    1726    1240    561     216     
44     2006 1125    418     1723    102     964     1987    1340    -58     153     376     1020    1496    1884    2403    1671    1849    1344    828     469     
44     2007 1141    769     1669    550     1267    1857    961     606     578     771     1425    1610    1887    1859    1826    1400    994     489     211     
44     2008 1102    537     1643    375     1078    1951    1001    485     432     603     892     1733    1915    2019    1917    1360    1002    640     195     
44     2009 1098    416     1739    74      1193    1933    1166    -189    231     606     1409    1570    1722    1979    2091    1651    997     855     209     
44     2010 984     453     1610    69      991     1973    1008    -167    174     637     1111    1229    1876    2216    1825    1390    945     690     -161    
44     2011 -999999 467     -999999 126     -999999 -999999 -999999 256     299     761     1413    -999999 -999999 -999999 -999999 -999999 -999999 -999999 -999999 
