EUROPEAN CLIMATE ASSESSMENT & DATASET (ECA&D), file created on: 10-05-2011
THESE DATA CAN BE USED FREELY PROVIDED THAT THE FOLLOWING SOURCE IS ACKNOWLEDGED: 

Klein Tank, A.M.G. and Coauthors, 2002. Daily dataset of 20th-century surface
air temperature and precipitation series for the European Climate Assessment.
Int. J. of Climatol., 22, 1441-1453.
Data and metadata available at http://eca.knmi.nl

FILE FORMAT (MISSING VALUE CODE = -999999):

THIS FILE HOLDS DATA FOR STATION GERMANY                                  GOETTINGEN (WST)                         (STAID:    811)
LATITUDE: dd:mm:ss +51:30:00
LONGITUDE: ddd:mm:ss +009:57:00
ELEVATION: m  175

DATA IS FOR INDEX Mean of daily mean temperature (TG) with unit 0.01 Temperature (&#176;C)

01-06 SOUID: Source identifier
08-11 YEAR : YYYY
13-20 ANNUAL DATA VALUES
21-28 WINTER HALF YEAR DATA VALUES
29-36 SUMMER HALF YEAR DATA VALUES
37-44 WINTER (DJF) DATA VALUES
45-52 SPRING (MAM) DATA VALUES
53-60 SUMMER (JJA) DATA VALUES
61-68 AUTUMN (SON) DATA VALUES
69-76 JANUARY DATA VALUES
etc. 
157-164 DECEMBER DATA VALUES

811    1958 866     -999999 1370    -999999 638     1618    983     31      278     7       570     1333    1461    1675    1714    1444    1029    475     330     
811    1959 927     440     1475    143     981     1788    793     48      41      678     993     1272    1647    1955    1756    1206    801     372     289     
811    1960 881     357     1349    158     851     1581    981     52      131     480     805     1267    1631    1552    1561    1270    980     692     136     
811    1961 928     495     1414    207     919     1570    1061    -29     547     657     1086    1019    1618    1517    1575    1674    1058    451     -40     
811    1962 729     319     1253    120     633     1476    778     265     136     33      885     990     1422    1495    1510    1208    865     257     -346    
811    1963 708     -73     1407    -622    806     1637    974     -854    -670    263     920     1240    1592    1725    1593    1358    790     780     -316    
811    1964 843     198     1460    -168    795     1719    858     -256    84      116     876     1396    1780    1780    1598    1316    715     549     153     
811    1965 785     304     1282    107     720     1505    727     223     -72     225     745     1193    1578    1504    1437    1228    818     132     346     
811    1966 891     318     1392    174     891     1600    905     -192    389     416     929     1331    1680    1555    1569    1279    1162    266     280     
811    1967 939     492     1390    296     859     1657    993     231     384     609     690     1274    1497    1841    1629    1391    1171    413     95      
811    1968 868     373     1415    41      880     1653    971     -62     94      513     986     1146    1630    1644    1686    1389    1100    419     -148    
811    1969 837     257     1440    -16     727     1720    993     239     -152    53      775     1355    1545    1904    1705    1337    1075    565     -425    
811    1970 838     195     1383    -232    684     1694    990     -195    -57     198     604     1249    1765    1624    1696    1345    960     666     147     
811    1971 913     372     1445    137     851     1689    856     27      248     184     891     1478    1443    1801    1816    1218    924     425     446     
811    1972 828     428     1307    203     854     1593    751     -166    337     595     782     1183    1454    1773    1550    1078    691     484     162     
811    1973 886     353     1426    149     775     1740    888     116     171     479     558     1282    1661    1741    1815    1484    782     402     95      
811    1974 946     467     1334    316     878     1558    853     475     385     651     858     1125    1424    1546    1698    1341    617     608     585     
811    1975 965     511     1483    456     811     1789    911     588     169     468     773     1191    1512    1898    1947    1560    790     387     227     
811    1976 912     324     1471    183     764     1799    962     177     143     209     739     1343    1748    1996    1651    1332    981     571     22      
811    1977 929     471     1324    189     847     1621    955     170     394     684     641     1210    1573    1671    1616    1216    1055    592     289     
811    1978 844     454     1299    147     855     1530    897     170     -36     611     747     1203    1506    1546    1537    1242    976     472     83      
811    1979 823     232     1361    -167    807     1596    901     -386    -199    411     725     1284    1681    1572    1539    1354    932     414     485     
811    1980 828     396     1336    202     741     1584    881     -181    310     409     692     1120    1497    1555    1698    1439    840     366     177     
811    1981 864     353     1408    36      993     1612    922     -73     1       773     816     1384    1539    1657    1637    1401    836     531     -185    
811    1982 959     260     1511    -100    827     1804    1128    -176    80      464     720     1295    1670    1957    1781    1625    1046    717     275     
811    1983 968     497     1516    214     885     1857    940     474     -142    555     943     1157    1675    2035    1853    1416    991     410     163     
811    1984 863     353     1315    146     701     1586    988     193     78      267     711     1126    1424    1591    1736    1287    1087    586     242     
811    1985 791     264     1386    -169    881     1562    794     -494    -264    385     833     1423    1336    1712    1629    1362    907     109     462     
811    1986 854     237     1381    -6      847     1674    942     100     -643    398     676     1462    1630    1757    1633    1103    1021    698     296     
811    1987 780     221     1371    -103    630     1580    1002    -596    2       -100    993     1008    1420    1719    1596    1481    980     545     276     
811    1988 975     485     1466    344     904     1684    922     457     295     349     836     1524    1539    1743    1766    1368    1004    392     392     
811    1989 1017    542     1492    361     991     1739    979     325     368     748     777     1442    1606    1832    1775    1498    1110    323     344     
811    1990 1018    597     1443    454     995     1739    927     377     661     765     783     1430    1598    1704    1910    1210    1058    508     178     
811    1991 894     427     1409    74      838     1723    932     218     -200    742     756     1014    1390    1953    1816    1508    848     444     146     
811    1992 992     420     1556    226     964     1862    894     170     371     540     854     1494    1759    1884    1940    1382    676     630     182     
811    1993 893     356     1463    120     1048    1615    705     263     -107    453     1179    1516    1624    1655    1566    1225    817     69      380     
811    1994 984     385     1467    243     927     1783    940     366     -43     668     852     1260    1590    2015    1737    1329    773     724     453     
811    1995 898     473     1413    336     786     1704    968     40      534     330     877     1154    1380    1924    1798    1323    1210    362     -179    
811    1996 716     182     1288    -216    692     1561    849     -308    -157    146     818     1114    1470    1522    1689    1097    941     505     -273    
811    1997 895     330     1398    -41     829     1722    870     -290    491     625     619     1236    1516    1665    1977    1351    783     480     264     
811    1998 922     482     1405    351     949     1589    823     288     517     562     913     1371    1589    1574    1605    1368    880     218     151     
811    1999 978     391     1494    208     960     1665    1008    382     79      602     904     1373    1496    1844    1649    1687    927     414     318     
811    2000 1010    486     1457    321     1016    1612    1069    204     450     600     1045    1405    1598    1493    1745    1445    1080    681     358     
811    2001 -999999 -999999 -999999 -999999 -999999 -999999 -999999 -999999 -999999 -999999 -999999 -999999 -999999 -999999 -999999 -999999 -999999 -999999 -999999 
811    2002 -999999 -999999 -999999 -999999 -999999 -999999 -999999 -999999 -999999 -999999 -999999 -999999 -999999 -999999 -999999 -999999 -999999 -999999 -999999 
811    2003 -999999 -999999 -999999 -999999 -999999 -999999 -999999 -999999 -999999 -999999 -999999 -999999 -999999 -999999 -999999 -999999 -999999 -999999 -999999 
811    2004 927     -999999 1416    -999999 840     1674    990     99      349     484     920     1117    1519    1613    1886    1428    1056    483     103     
811    2005 -999999 -999999 1457    -999999 881     1668    1092    254     -35     485     949     1210    1523    1834    1642    1573    1169    531     175     
811    2006 -999999 -999999 1536    -13     782     1783    1284    -221    9       191     847     1290    1623    2117    1613    1734    1303    798     538     
811    2007 -999999 -999999 -999999 497     1052    1734    -999999 507     441     679     1062    1402    1700    1804    1700    1360    929     -999999 -999999 
811    2008 -999999 -999999 -999999 -999999 -999999 1786    961     415     402     -999999 759     1402    1664    1848    1845    1313    988     540     153     
811    2009 -999999 -999999 -999999 -999999 -999999 1732    -999999 -293    -999999 464     1158    1372    1490    1845    1845    1469    818     -999999 -1      
811    2010 -999999 -999999 -999999 -999999 -999999 1782    911     -999999 -999999 459     879     -999999 1593    2014    1725    1288    895     551     -448    
811    2011 -999999 324     -999999 -24     -999999 -999999 -999999 195     203     542     1128    -999999 -999999 -999999 -999999 -999999 -999999 -999999 -999999 
