EUROPEAN CLIMATE ASSESSMENT & DATASET (ECA&D), file created on: 10-05-2011
THESE DATA CAN BE USED FREELY PROVIDED THAT THE FOLLOWING SOURCE IS ACKNOWLEDGED: 

Klein Tank, A.M.G. and Coauthors, 2002. Daily dataset of 20th-century surface
air temperature and precipitation series for the European Climate Assessment.
Int. J. of Climatol., 22, 1441-1453.
Data and metadata available at http://eca.knmi.nl

FILE FORMAT (MISSING VALUE CODE = -999999):

THIS FILE HOLDS DATA FOR STATION FINLAND                                  VAALA PELSO                              (STAID:    730)
LATITUDE: dd:mm:ss +64:30:00
LONGITUDE: ddd:mm:ss +026:28:12
ELEVATION: m  115

DATA IS FOR INDEX Mean of daily mean temperature (TG) with unit 0.01 Temperature (&#176;C)

01-06 SOUID: Source identifier
08-11 YEAR : YYYY
13-20 ANNUAL DATA VALUES
21-28 WINTER HALF YEAR DATA VALUES
29-36 SUMMER HALF YEAR DATA VALUES
37-44 WINTER (DJF) DATA VALUES
45-52 SPRING (MAM) DATA VALUES
53-60 SUMMER (JJA) DATA VALUES
61-68 AUTUMN (SON) DATA VALUES
69-76 JANUARY DATA VALUES
etc. 
157-164 DECEMBER DATA VALUES

730    1959 -999999 -999999 -999999 -999999 -999999 1481    139     -999999 -999999 -999999 -999999 735     1445    1637    1358    596     134     -312    -999999 
730    1960 -999999 -999999 1082    -999999 224     1542    74      -1279   -1367   -448    103     947     1404    1820    1396    792     -174    -388    -588    
730    1961 280     -483    926     -634    -3      1462    437     -724    -585    -446    -218    649     1544    1574    1269    715     695     -109    -1066   
730    1962 62      -639    827     -1031   -169    1126    331     -1084   -933    -1346   213     639     1020    1261    1094    715     355     -79     -1160   
730    1963 95      -819    1003    -1345   -9      1267    324     -1451   -1431   -1184   59      1101    1055    1360    1377    1040    279     -345    -827    
730    1964 154     -581    855     -875    -30     1251    207     -553    -1272   -807    -42     758     1124    1373    1253    638     470     -497    -664    
730    1965 66      -560    859     -897    -69     1237    93      -826    -1235   -673    61      409     1238    1266    1207    964     223     -913    -1024   
730    1966 -45     -1109   864     -1646   -207    1385    199     -1926   -2024   -1073   -281    729     1432    1539    1187    552     115     -66     -859    
730    1967 173     -574    980     -1127   225     1375    446     -1639   -857    -146    155     664     1157    1420    1541    922     362     55      -1601   
730    1968 -2      -822    855     -1623   -6      1312    -64     -2011   -1231   -505    -2      489     1378    1315    1245    690     -381    -489    -553    
730    1969 -18     -917    834     -1195   -218    1317    177     -1513   -1553   -1059   -89     498     1199    1371    1379    623     242     -336    -1072   
730    1970 59      -764    890     -1364   -22     1406    59      -1298   -1759   -446    -215    590     1362    1564    1289    725     147     -697    -697    
730    1971 12      -705    778     -890    -235    1253    -41     -774    -1231   -1030   -285    610     1160    1300    1296    561     56      -743    -874    
730    1972 248     -703    1008    -975    23      1539    120     -1027   -1028   -625    34      661     1474    1743    1398    714     126     -479    -75     
730    1973 107     -394    925     -511    118     1418    -159    -626    -865    -495    78      769     1356    1719    1177    420     -199    -698    -1420   
730    1974 297     -677    928     -896    -38     1392    312     -802    -419    -502    -79     467     1278    1564    1330    990     220     -270    -256    
730    1975 236     -323    893     -562    214     1177    283     -750    -691    -226    -17     879     1060    1340    1126    949     179     -277    -804    
730    1976 -43     -770    774     -1200   -58     1158    -85     -1707   -1081   -935    -61     823     985     1300    1182    381     -225    -407    -798    
730    1977 82      -676    791     -964    -14     1219    111     -888    -1232   -551    -87     593     1141    1415    1100    559     65      -288    -935    
730    1978 -46     -739    816     -1237   8       1232    89      -1123   -1697   -535    -147    700     1201    1397    1098    624     14      -368    -1833   
730    1979 113     -907    937     -1575   97      1378    151     -1447   -1431   -411    -190    883     1307    1452    1374    769     -77     -230    -750    
730    1980 16      -766    952     -1131   -57     1398    -43     -1307   -1349   -903    182     556     1518    1443    1235    768     105     -1006   -1095   
730    1981 54      -875    865     -1066   -167    1266    210     -915    -1202   -1170   -154    825     1084    1562    1146    695     320     -388    -1244   
730    1982 120     -735    818     -1356   119     1155    286     -1829   -955    -326    16      665     786     1405    1264    742     134     -13     -516    
730    1983 142     -501    983     -858    194     1269    75      -786    -1316   -570    275     879     1180    1499    1125    923     207     -909    -918    
730    1984 214     -712    977     -912    156     1255    262     -1111   -693    -853    242     1081    1145    1457    1159    753     358     -329    -669    
730    1985 -84     -885    855     -1648   -53     1339    233     -2292   -2020   -451    -252    537     1225    1422    1367    806     350     -462    -1368   
730    1986 71      -794    872     -1501   161     1360    279     -1641   -1493   -205    -112    792     1490    1533    1061    446     343     46      -1508   
730    1987 -58     -918    814     -1675   -93     1168    242     -2136   -1348   -916    -5      646     1213    1257    1035    721     599     -606    -1230   
730    1988 142     -623    1015    -1042   12      1496    90      -872    -1023   -628    -136    796     1428    1799    1259    917     186     -837    -1238   
730    1989 344     -487    1039    -750    364     1387    268     -541    -440    -62     302     850     1407    1434    1322    900     162     -253    -998    
730    1990 238     -484    930     -827    191     1332    53      -1347   -62     -355    296     635     1163    1471    1356    637     233     -717    -468    
730    1991 199     -630    906     -889    22      1356    325     -1011   -1219   -661    192     540     1179    1487    1395    617     334     25      -588    
730    1992 198     -298    905     -664    151     1270    -101    -760    -641    -172    -260    872     1332    1343    1137    983     -500    -772    -227    
730    1993 136     -558    822     -565    174     1217    -101    -715    -773    -388    -59     963     947     1505    1190    346     -71     -578    -826    
730    1994 108     -835    931     -1251   45      1345    132     -1250   -1723   -642    294     490     1171    1569    1289    756     139     -500    -427    
730    1995 177     -386    904     -579    148     1315    102     -711    -600    -243    7       675     1476    1277    1196    779     406     -889    -1302   
730    1996 121     -746    846     -1141   -7      1291    289     -703    -1437   -603    20      563     1170    1301    1397    602     364     -101    -1183   
730    1997 150     -589    921     -1111   -100    1488    139     -1160   -978    -495    -291    481     1332    1696    1430    847     -12     -413    -717    
730    1998 112     -674    883     -917    -149    1329    189     -776    -1295   -883    -180    615     1242    1540    1203    854     288     -580    -791    
730    1999 202     -651    976     -1089   136     1384    373     -1374   -1104   -385    313     485     1548    1540    1069    896     371     -147    -859    
730    2000 347     -461    1002    -836    188     1398    469     -873    -773    -494    237     822     1291    1606    1294    737     621     45      -396    
730    2001 -999999 -999999 -999999 -999999 -999999 -999999 -999999 -999999 -999999 -999999 -999999 -999999 -999999 -999999 -999999 -999999 -999999 -999999 -999999 
730    2002 -999999 -999999 -999999 -999999 -999999 -999999 -999999 -999999 -999999 -999999 -999999 -999999 -999999 -999999 -999999 -999999 -999999 -999999 -999999 
730    2003 -999999 -999999 -999999 -999999 -999999 -999999 -999999 -999999 -999999 -999999 -999999 -999999 -999999 -999999 -999999 -999999 -999999 -999999 -999999 
730    2004 -999999 -999999 -999999 -999999 -999999 -999999 -999999 -999999 -999999 -999999 -999999 -999999 -999999 -999999 -999999 -999999 -999999 -999999 -999999 
730    2005 -999999 -999999 -999999 -999999 -999999 -999999 -999999 -999999 -999999 -999999 -999999 -999999 -999999 -999999 -999999 -999999 -999999 -999999 -999999 
730    2006 -999999 -999999 -999999 -999999 -999999 -999999 -999999 -999999 -999999 -999999 -999999 -999999 -999999 -999999 -999999 -999999 -999999 -999999 -999999 
730    2007 -999999 -999999 -999999 -999999 -999999 -999999 -999999 -999999 -999999 -999999 -999999 -999999 -999999 -999999 -999999 -999999 -999999 -999999 -999999 
730    2008 -999999 -999999 -999999 -999999 121     1251    317     -999999 -496    -505    188     684     1161    1413    1175    653     463     -135    -239    
730    2009 200     -401    994     -749    145     1336    326     -1044   -987    -509    25      914     1217    1424    1369    1019    -38     9       -984    
730    2010 83      -805    1110    -1356   197     1477    174     -1705   -1382   -760    263     1089    1131    1900    1388    851     290     -623    -1540   
730    2011 -999999 -834    -999999 -1409   -999999 -999999 -999999 -990    -1729   -482    408     -999999 -999999 -999999 -999999 -999999 -999999 -999999 -999999 
