EUROPEAN CLIMATE ASSESSMENT & DATASET (ECA&D), file created on: 10-05-2011
THESE DATA CAN BE USED FREELY PROVIDED THAT THE FOLLOWING SOURCE IS ACKNOWLEDGED: 

Klein Tank, A.M.G. and Coauthors, 2002. Daily dataset of 20th-century surface
air temperature and precipitation series for the European Climate Assessment.
Int. J. of Climatol., 22, 1441-1453.
Data and metadata available at http://eca.knmi.nl

FILE FORMAT (MISSING VALUE CODE = -999999):

THIS FILE HOLDS DATA FOR STATION UNITED KINGDOM                           BRADFORD                                 (STAID:   1847)
LATITUDE: dd:mm:ss +53:48:47
LONGITUDE: ddd:mm:ss -001:46:26
ELEVATION: m  134

DATA IS FOR INDEX Mean of daily mean temperature (TG) with unit 0.01 Temperature (&#176;C)

01-06 SOUID: Source identifier
08-11 YEAR : YYYY
13-20 ANNUAL DATA VALUES
21-28 WINTER HALF YEAR DATA VALUES
29-36 SUMMER HALF YEAR DATA VALUES
37-44 WINTER (DJF) DATA VALUES
45-52 SPRING (MAM) DATA VALUES
53-60 SUMMER (JJA) DATA VALUES
61-68 AUTUMN (SON) DATA VALUES
69-76 JANUARY DATA VALUES
etc. 
157-164 DECEMBER DATA VALUES

1847   1960 -999999 -999999 -999999 -999999 -999999 1475    924     -999999 250     -999999 847     1210    1543    1434    1449    1235    930     617     300     
1847   1961 -999999 -999999 -999999 -999999 894     -999999 -999999 240     608     804     889     986     1348    1360    1432    1402    1020    528     -999999 
1847   1962 -999999 -999999 -999999 -999999 623     -999999 -999999 330     -999999 196     696     968     1285    1356    -999999 1178    991     -999999 22      
1847   1963 -999999 -999999 -999999 -999999 751     1386    -999999 -189    -999999 509     739     990     1393    1434    1334    1238    1024    694     263     
1847   1964 -999999 -999999 -999999 -999999 -999999 -999999 -999999 294     -999999 294     809     1247    1284    1479    1440    1332    797     690     -999999 
1847   1965 -999999 -999999 -999999 -999999 -999999 -999999 -999999 253     -999999 400     739     1049    1413    1297    -999999 -999999 1038    -999999 354     
1847   1966 -999999 -999999 -999999 -999999 -999999 1425    -999999 -999999 -999999 585     540     1036    1470    1424    1385    1313    917     501     -999999 
1847   1967 -999999 -999999 -999999 -999999 -999999 1477    -999999 358     -999999 611     665     902     1363    1580    1491    1258    1006    457     -999999 
1847   1968 -999999 -999999 -999999 -999999 -999999 -999999 -999999 322     134     558     -999999 893     1419    1390    1450    1290    1153    -999999 214     
1847   1969 -999999 -999999 -999999 -999999 -999999 1486    -999999 440     -999999 152     637     1006    1330    1579    1551    1332    1229    357     -999999 
1847   1970 -999999 -999999 -999999 -999999 -999999 -999999 -999999 227     201     298     575     1206    1524    1440    1561    1319    967     616     379     
1847   1971 -999999 -999999 -999999 -999999 762     1414    -999999 354     -999999 469     680     1093    1143    1631    1455    1377    1014    506     600     
1847   1972 -999999 -999999 -999999 -999999 765     1346    -999999 -999999 308     543     753     1006    1140    1457    1439    1076    963     549     446     
1847   1973 -999999 -999999 -999999 -999999 -999999 -999999 -999999 -999999 -999999 629     631     1051    1403    1504    1482    1275    816     431     363     
1847   1974 -999999 -999999 -999999 -999999 747     1393    -999999 494     -999999 467     698     1045    1282    1434    1459    1159    714     553     -999999 
1847   1975 -999999 -999999 -999999 -999999 -999999 1604    -999999 622     -999999 413     778     872     1380    1617    1821    1242    884     532     501     
1847   1976 -999999 -999999 -999999 -999999 -999999 1658    -999999 458     370     387     716     1087    1578    1725    1663    1192    970     522     112     
1847   1977 -999999 -999999 -999999 -999999 -999999 1369    -999999 162     327     562     629     943     1166    1470    1468    -999999 1043    540     493     
1847   1978 -999999 -999999 -999999 -999999 -999999 1364    -999999 228     149     588     551     1087    1270    1394    1429    1261    1113    -999999 -999999 
1847   1979 -999999 -999999 -999999 -999999 -999999 1415    -999999 -119    13      364     675     879     1340    1490    1408    1243    1006    576     426     
1847   1980 -999999 -999999 -999999 -999999 739     1388    -999999 -999999 452     377     813     1007    1267    1404    1491    1416    761     572     471     
1847   1981 -999999 -999999 -999999 -999999 -999999 -999999 -999999 360     -999999 592     674     1098    1269    1499    1507    1426    646     642     -170    
1847   1982 -999999 -999999 -999999 -999999 801     -999999 -999999 156     -999999 538     802     1063    1426    1551    1489    1339    946     -999999 323     
1847   1983 -999999 -999999 -999999 -999999 -999999 -999999 -999999 541     90      547     555     948     1290    1811    1659    1248    941     -999999 488     
1847   1984 -999999 -999999 -999999 -999999 -999999 1568    -999999 214     254     389     741     925     1366    1633    1691    1203    1025    -999999 -999999 
1847   1985 -999999 -999999 -999999 -999999 -999999 -999999 -999999 -999999 -999999 -999999 -999999 -999999 -999999 1516    1408    1395    1076    312     -999999 
1847   1986 -999999 -999999 -999999 -999999 -999999 1368    -999999 234     -999999 429     522     1083    1382    1478    1250    1064    995     724     515     
1847   1987 -999999 -999999 -999999 -999999 -999999 -999999 -999999 -999999 303     320     938     960     1160    1494    1433    1274    842     576     516     
1847   1988 -999999 -999999 -999999 -999999 -999999 1433    -999999 424     428     537     750     1086    1368    1451    1469    1187    945     484     702     
1847   1989 -999999 -999999 -999999 -999999 -999999 -999999 -999999 589     -999999 642     575     1208    1383    1698    1540    1383    1062    586     432     
1847   1990 -999999 -999999 -999999 -999999 -999999 1498    -999999 557     -999999 751     738     1137    1253    1564    1668    1176    1065    601     377     
1847   1991 -999999 -999999 -999999 -999999 -999999 1465    -999999 237     137     708     731     999     1121    1678    1604    1372    -999999 568     436     
1847   1992 -999999 -999999 -999999 -999999 -999999 1501    -999999 265     528     631     809     1240    1518    1553    1435    1194    670     638     306     
1847   1993 -999999 -999999 -999999 -999999 -999999 1415    -999999 436     -999999 560     883     -999999 1416    1440    1390    1141    725     356     371     
1847   1994 -999999 -999999 -999999 -999999 807     1526    -999999 395     -999999 641     793     980     1369    1715    1481    1149    917     -999999 -999999 
1847   1995 -999999 -999999 -999999 -999999 -999999 1630    -999999 -999999 542     439     764     1094    1311    1806    1759    1308    1202    -999999 -999999 
1847   1996 -999999 -999999 -999999 -999999 -999999 -999999 -999999 317     205     332     810     834     1341    1552    -999999 -999999 1087    -999999 250     
1847   1997 -999999 -999999 -999999 -999999 -999999 1569    -999999 233     590     778     823     1059    1304    1629    1762    1319    874     -999999 529     
1847   1998 -999999 -999999 -999999 -999999 -999999 -999999 -999999 469     -999999 706     710     -999999 1355    1477    -999999 1395    930     546     494     
1847   1999 -999999 -999999 -999999 -999999 -999999 -999999 -999999 -999999 -999999 670     884     1239    -999999 1720    1552    1531    1009    751     397     
1847   2000 -999999 -999999 -999999 -999999 853     -999999 -999999 475     560     686     757     1125    -999999 1430    1601    1355    977     598     434     
1847   2001 -999999 -999999 -999999 -999999 762     -999999 -999999 264     324     414     696     1202    1322    1630    1590    1282    1280    675     284     
1847   2002 -999999 -999999 -999999 -999999 924     1528    -999999 497     -999999 695     877     1182    1418    1514    1649    1368    914     740     455     
1847   2003 -999999 -999999 -999999 -999999 942     1667    -999999 395     330     694     938     1194    1556    1726    1711    1356    869     729     404     
1847   2004 -999999 -999999 -999999 -999999 894     1566    -999999 453     489     611     900     1163    1466    1529    1697    1390    988     697     505     
1847   2005 1010    -999999 1350    505     873     1574    1104    577     426     689     839     1090    1497    1639    1584    1445    1246    616     425     
1847   2006 1046    590     1439    412     797     1688    1206    411     398     423     805     1162    1568    1920    1571    1596    1235    788     632     
1847   2007 1020    765     1341    621     973     1488    1046    653     574     691     1078    1152    1442    1489    1531    1347    1056    734     463     
1847   2008 967     659     1329    533     859     1534    981     627     508     562     751     1261    1373    1615    1610    1347    953     644     337     
1847   2009 -999999 556     -999999 351     928     -999999 -999999 324     396     668     970     1149    1457    -999999 -999999 -999999 -999999 -999999 -999999 
