EUROPEAN CLIMATE ASSESSMENT & DATASET (ECA&D), file created on: 10-05-2011
THESE DATA CAN BE USED FREELY PROVIDED THAT THE FOLLOWING SOURCE IS ACKNOWLEDGED: 

Klein Tank, A.M.G. and Coauthors, 2002. Daily dataset of 20th-century surface
air temperature and precipitation series for the European Climate Assessment.
Int. J. of Climatol., 22, 1441-1453.
Data and metadata available at http://eca.knmi.nl

FILE FORMAT (MISSING VALUE CODE = -999999):

THIS FILE HOLDS DATA FOR STATION DENMARK                                  KOEBENHAVN: LANDBOHOJSKOLEN-1            (STAID:    116)
LATITUDE: dd:mm:ss +55:40:59
LONGITUDE: ddd:mm:ss +012:31:59
ELEVATION: m    9

DATA IS FOR INDEX Mean of daily mean temperature (TG) with unit 0.01 Temperature (&#176;C)

01-06 SOUID: Source identifier
08-11 YEAR : YYYY
13-20 ANNUAL DATA VALUES
21-28 WINTER HALF YEAR DATA VALUES
29-36 SUMMER HALF YEAR DATA VALUES
37-44 WINTER (DJF) DATA VALUES
45-52 SPRING (MAM) DATA VALUES
53-60 SUMMER (JJA) DATA VALUES
61-68 AUTUMN (SON) DATA VALUES
69-76 JANUARY DATA VALUES
etc. 
157-164 DECEMBER DATA VALUES

116    1874 -999999 -999999 -999999 -999999 603     -999999 906     246     -999999 296     665     820     -999999 1652    1509    1377    1043    258     -168    
116    1875 -999999 -999999 -999999 -999999 -999999 1678    -999999 -63     -310    -56     491     1128    1574    1690    1770    1343    622     138     -163    
116    1876 -999999 -999999 -999999 -999999 583     1665    -999999 -101    -17     209     689     858     1627    1701    1667    1255    942     126     -120    
116    1877 -999999 -999999 -999999 -999999 407     1524    713     41      -48     -53     424     834     1537    1574    1459    917     650     580     118     
116    1878 -999999 -999999 1317    -999999 667     1578    949     -93     110     219     678     1090    1436    1553    1736    1403    1013    425     -70     
116    1879 -999999 -999999 -999999 -999999 463     1499    759     -379    -999999 -1      390     994     1457    1441    1596    1298    752     168     -325    
116    1880 -999999 -999999 -999999 -999999 601     1610    -999999 -221    -34     179     690     948     1404    1685    1728    1436    539     274     67      
116    1881 -999999 -999999 -999999 -999999 403     1534    706     -490    -344    -137    311     1028    1505    1654    1443    1172    542     432     179     
116    1882 -999999 -999999 -999999 157     760     1684    -999999 136     153     488     727     1074    1519    1832    1703    1499    890     204     -111    
116    1883 -999999 -999999 -999999 -999999 506     1653    857     -132    -999999 -220    522     1168    1600    1799    1563    1344    789     465     69      
116    1884 -999999 -999999 -999999 -999999 639     1682    821     183     228     295     495     1105    1471    1849    1719    1529    862     72      43      
116    1885 -999999 -999999 -999999 -999999 611     1579    627     -100    -999999 206     738     900     1487    1783    1462    1115    611     156     13      
116    1886 -999999 -999999 -999999 -999999 522     1579    906     -113    -251    -162    654     1082    1378    1635    1712    1353    888     492     21      
116    1887 -999999 -999999 -999999 -999999 556     1584    -999999 -143    -42     134     567     953     1464    1745    1538    1250    656     310     -29     
116    1888 -999999 -999999 -999999 -999999 -999999 1468    763     -107    -261    -392    300     1021    1411    1508    1481    1244    635     379     273     
116    1889 -999999 -999999 -999999 -999999 635     1693    802     -77     -999999 -73     544     1434    1899    1647    1533    1086    859     457     11      
116    1890 -999999 -999999 -999999 -999999 693     1454    803     157     -50     250     583     1277    1377    1446    1539    1286    731     380     -279    
116    1891 -999999 -999999 -999999 -999999 521     1546    900     -443    -26     84      454     1024    1428    1725    1477    1355    1027    271     228     
116    1892 -999999 -999999 -999999 -999999 555     1489    -999999 -155    -38     9       556     1048    1397    1479    1589    1264    748     400     -131    
116    1893 -999999 -999999 1301    -999999 642     1648    759     -740    -999999 225     636     1051    1497    1782    1661    1135    908     211     223     
116    1894 -999999 -999999 -999999 -999999 711     1609    742     -67     118     369     744     1057    1458    1827    1536    1036    625     556     184     
116    1895 -999999 -999999 1331    -999999 620     1571    872     -241    -719    -42     662     1241    1489    1613    1606    1376    730     455     -18     
116    1896 -999999 -999999 1399    -999999 708     1760    -999999 6       -999999 327     610     1173    1838    1859    1587    1326    889     219     7       
116    1897 -999999 -999999 -999999 -999999 681     1728    -999999 -218    -999999 245     641     1159    1674    1685    1820    1246    748     426     261     
116    1898 -999999 -999999 -999999 -999999 -999999 1549    -999999 -999999 112     172     499     997     1488    1492    1668    1373    837     584     -999999 
116    1899 -999999 -999999 1388    -999999 665     1729    952     111     -999999 157     632     1171    1508    1946    1727    1312    826     704     -999999 
116    1900 -999999 -999999 -999999 -999999 521     1720    895     -65     -999999 41      580     961     1601    1821    1732    1337    841     508     409     
116    1901 -999999 -999999 -999999 -999999 653     1766    950     -220    -401    76      630     1234    1461    2028    1790    1438    1072    316     87      
116    1902 -999999 -999999 -999999 -999999 530     1448    -999999 308     -266    203     470     862     1509    1513    1327    1122    700     290     -999999 
116    1903 -999999 -999999 -999999 -999999 731     1569    -999999 -64     -999999 503     457     1210    1583    1671    1450    1278    829     345     58      
116    1904 -999999 -999999 -999999 -999999 614     1608    -999999 -21     -61     153     642     1017    1478    1688    1657    1305    803     398     284     
116    1905 -999999 -999999 -999999 -999999 -999999 1722    730     -103    -999999 297     429     1154    1724    1812    1629    1305    526     360     199     
116    1906 -999999 -999999 -999999 -999999 731     1688    -999999 49      33      149     762     1283    1640    1730    1691    1379    969     706     -164    
116    1907 -999999 -999999 -999999 -999999 621     1490    -999999 -34     -101    251     561     1052    1424    1607    1445    1264    1197    466     119     
116    1908 -999999 -999999 -999999 -999999 -999999 1695    -999999 -38     145     135     481     1085    1591    1885    1608    1288    981     245     105     
116    1909 -999999 -999999 -999999 -999999 -999999 1547    887     -47     -248    -61     485     870     1440    1586    1611    1309    1147    145     210     
116    1910 -999999 -999999 -999999 -999999 796     1720    -999999 83      166     393     732     1233    1706    1758    1693    1343    948     303     283     
116    1911 -999999 -999999 -999999 -999999 790     1716    -999999 134     106     299     696     1353    1551    1725    1864    1471    858     536     331     
116    1912 -999999 -999999 -999999 -999999 729     1677    739     -330    -999999 411     683     1090    1527    1919    1564    1114    735     325     409     
116    1913 -999999 -999999 -999999 -999999 801     1598    -999999 29      125     429     737     1262    1526    1681    1585    1320    912     671     289     
116    1914 -999999 -999999 -999999 -999999 761     1847    868     -83     324     298     853     1140    1633    2076    1823    1350    886     384     380     
116    1915 -999999 -999999 -999999 -999999 -999999 1613    748     -66     -999999 10      709     1069    1564    1644    1631    1296    696     271     12      
116    1916 -999999 -999999 -999999 -999999 678     1569    -999999 310     -999999 117     755     1199    1354    1740    1608    1248    773     571     231     
116    1917 -999999 -999999 -999999 -999999 490     1840    926     -152    -265    -176    454     1191    1844    1842    1833    1411    814     517     -27     
116    1918 -999999 -999999 -999999 -999999 779     1592    -999999 -102    29      242     826     1255    1358    1707    1699    1210    935     442     235     
116    1919 -999999 -999999 -999999 -999999 -999999 1556    -999999 148     -999999 75      593     1222    1537    1635    1502    1362    732     28      4       
116    1920 -999999 -999999 -999999 -999999 818     1563    -999999 17      -999999 518     794     1153    1425    1711    1550    1357    692     423     171     
116    1921 -999999 -999999 -999999 -999999 894     -999999 -999999 266     170     550     846     1272    1450    1673    1574    1219    985     176     190     
116    1922 -999999 -999999 -999999 -999999 -999999 1491    720     -157    -210    223     472     1190    1409    1566    1494    1203    601     334     334     
116    1923 -999999 -999999 -999999 -999999 -999999 1456    866     254     -82     364     489     926     1156    1728    1476    1267    1001    294     -95     
116    1924 -999999 -999999 -999999 -222    475     1528    975     -283    -299    -38     395     1067    1411    1545    1617    1424    975     541     363     
116    1925 -999999 -999999 -999999 -999999 -999999 1699    -999999 332     311     84      735     1284    1462    1928    1681    1251    771     210     -101    
116    1926 -999999 -999999 -999999 -999999 -999999 1667    -999999 59      68      322     765     1040    1471    1857    1679    1309    682     579     174     
116    1927 -999999 -999999 -999999 -999999 -999999 1599    833     215     68      510     579     825     1214    1826    1724    1347    864     248     -228    
116    1928 -999999 -999999 -999999 -999999 -999999 1455    -999999 26      -999999 150     618     970     1243    1557    1556    1302    867     624     91      
116    1929 -999999 -999999 -999999 -999999 -999999 1484    -999999 -287    -634    187     261     1177    1262    1561    1611    1408    944     575     396     
116    1930 -999999 -999999 -999999 -999999 685     1654    -999999 289     -6      276     687     1108    1635    1681    1645    1316    961     590     261     
116    1931 -999999 -999999 -999999 -999999 573     1531    -999999 -999999 -999999 -71     454     1332    1365    1627    1592    1089    776     545     188     
116    1932 -999999 -999999 -999999 -999999 646     1702    -999999 270     35      83      663     1212    1432    1899    1776    1359    831     491     287     
116    1933 -999999 -999999 -999999 -999999 730     1721    -999999 -74     -999999 397     593     1173    1638    1796    1727    1406    975     426     8       
116    1934 -999999 -999999 -999999 -999999 819     1705    -999999 167     318     415     811     1230    1560    1845    1705    1604    1063    605     517     
116    1935 -999999 -999999 -999999 -999999 677     1686    -999999 -3      175     315     719     987     1617    1741    1702    1374    965     593     232     
116    1936 -999999 -999999 -999999 -999999 -999999 1722    -999999 271     -999999 281     532     1177    1703    1777    1682    1329    707     511     337     
116    1937 -999999 -999999 -999999 -999999 -999999 -999999 -999999 -999999 -999999 114     703     1310    1546    1801    1904    1433    1045    400     31      
116    1938 -999999 -999999 -999999 -999999 817     -999999 1103    190     -999999 690     681     1081    1467    1705    1904    1509    1019    786     111     
116    1939 -999999 -999999 -999999 -999999 697     1787    904     -999999 326     243     724     1122    1628    1782    1947    1491    653     520     -999999 
116    1940 -999999 -999999 -999999 -999999 -999999 1655    824     -485    -738    -74     436     1146    1732    1702    1535    1176    738     517     -14     
116    1941 -999999 -999999 -999999 -999999 -999999 1695    -999999 -606    -303    92      -999999 958     1522    1968    1573    1268    825     265     188     
116    1942 -999999 -999999 -999999 -999999 444     1562    969     -999999 -664    -365    578     1066    1322    1590    1765    1419    1006    464     280     
116    1943 -999999 -999999 -999999 -999999 862     1654    -999999 -93     394     517     848     1219    1539    1775    1645    1417    1062    -999999 190     
116    1944 -999999 -999999 -999999 211     -999999 1734    -999999 305     133     180     634     1040    1407    1851    1944    1355    986     459     199     
116    1945 -999999 -999999 -999999 -999999 815     1712    -999999 -137    182     522     799     1124    1536    1800    1789    1409    1005    -999999 216     
116    1946 -999999 -999999 -999999 -999999 760     1634    -999999 19      -999999 172     843     1228    1390    1849    1663    1400    761     459     64      
116    1947 -999999 -999999 -999999 -999999 610     1830    -999999 -280    -632    -239    668     1354    1714    1782    1983    1583    891     501     248     
116    1948 -999999 -999999 -999999 -999999 -999999 1659    -999999 74      48      418     887     1224    1557    1703    1713    1416    872     480     331     
116    1949 -999999 -999999 -999999 -999999 740     1678    1155    184     296     209     763     1251    1487    1878    1663    1692    1146    627     377     
116    1950 -999999 -999999 -999999 -999999 815     1735    948     -60     -999999 431     723     1311    1618    1728    1851    1390    930     496     100     
116    1951 -999999 -999999 -999999 -999999 630     1657    -999999 86      127     77      693     1100    1574    1685    1714    1502    1012    720     477     
116    1952 -999999 -999999 -999999 -999999 739     1572    -999999 141     124     79      924     1215    1381    1637    1689    1170    753     294     97      
116    1953 -999999 -999999 -999999 -999999 -999999 1754    -999999 37      -50     454     801     1259    1769    1786    1708    1381    1154    729     375     
116    1954 -999999 -999999 -999999 -999999 672     -999999 -999999 -83     -304    157     551     1285    1578    1527    1528    1335    947     432     367     
116    1955 -999999 -999999 -999999 -999999 -999999 1779    -999999 -82     -278    -77     497     943     1355    1971    1981    1501    939     504     157     
116    1956 -999999 -999999 -999999 -999999 -999999 1534    -999999 28      -628    114     440     1187    1445    1734    1426    1372    869     271     330     
116    1957 -999999 -999999 -999999 -999999 -999999 1656    -999999 239     -999999 319     654     1014    1538    1783    1640    1152    961     561     181     
116    1958 -999999 -999999 -999999 -999999 406     1571    1036    -71     -70     -158    440     1038    1414    1723    1576    1429    1058    620     263     
116    1959 -999999 -999999 -999999 -999999 -999999 1787    1019    43      118     450     798     1210    1572    1921    1861    1455    1004    583     239     
116    1960 -999999 -999999 -999999 -999999 -999999 1664    -999999 -63     -115    -999999 626     1237    1653    1638    1701    1392    883     621     299     
116    1961 -999999 -999999 -999999 -999999 -999999 1600    -999999 90      -999999 576     883     1136    1684    1567    1555    1515    1207    486     36      
116    1962 -999999 -999999 -999999 -999999 581     1492    -999999 197     138     20      749     963     1442    1544    1489    1305    973     470     -73     
116    1963 -999999 -999999 -999999 -320    587     1670    -999999 -453    -447    -39     522     1268    1633    1724    1656    1391    963     694     -18     
116    1964 -999999 -999999 -999999 23      689     -999999 -999999 68      22      5       781     1258    1515    1614    1589    1375    898     563     173     
116    1965 -999999 -999999 -999999 -999999 616     1532    911     161     -62     195     681     991     1573    1458    1569    1465    1007    251     111     
116    1966 -999999 -999999 -999999 -999999 624     1651    -999999 -197    -127    328     386     1196    1695    1711    1552    1345    1003    467     212     
116    1967 -999999 -999999 -999999 -999999 803     1668    -999999 9       250     552     646     1233    1468    1774    1737    1474    1129    620     138     
116    1968 -999999 -999999 -999999 -999999 -999999 1722    -999999 -97     -999999 390     846     1042    1711    1631    1818    1538    985     579     42      
116    1969 -999999 -999999 -999999 -999999 574     1794    -999999 18      -999999 42      634     1080    1684    1833    1865    1534    1063    -999999 -109    
116    1970 -999999 -999999 -999999 -999999 555     1709    958     -203    -307    56      441     1162    1774    1604    1750    1335    971     526     270     
116    1971 -999999 -999999 -999999 -999999 694     1699    -999999 40      -999999 65      687     1289    1505    1812    1769    1326    1031    -999999 503     
116    1972 -999999 -999999 -999999 -999999 -999999 1702    -999999 -105    94      392     702     1182    1517    1903    1693    1259    916     609     413     
116    1973 -999999 -999999 -999999 -999999 -999999 1773    -999999 122     274     553     618     1210    1693    1886    1737    1429    816     437     109     
116    1974 -999999 -999999 -999999 -999999 841     1611    -999999 306     333     462     925     1159    1555    1602    1680    1443    768     608     -999999 
116    1975 -999999 -999999 -999999 -999999 729     1820    -999999 489     218     365     603     1223    1535    1878    2044    1595    951     503     380     
116    1976 -999999 -999999 -999999 -999999 -999999 1789    -999999 70      79      61      662     1169    1610    1911    1841    1329    934     574     64      
116    1977 -999999 -999999 -999999 -999999 715     1658    -999999 36      47      412     536     1197    1625    1698    1646    1329    1074    607     315     
116    1978 -999999 -999999 -999999 -999999 -999999 1636    -999999 108     -999999 297     590     1226    1619    1574    1714    1246    1016    -999999 57      
116    1979 -999999 -999999 -999999 -999999 659     1619    908     -326    -246    154     577     1175    1702    1507    1647    1349    893     483     291     
116    1980 -999999 -999999 -999999 -999999 -999999 1651    -999999 -142    -108    73      651     1036    1592    1713    1645    1438    873     -999999 265     
116    1981 -999999 -999999 -999999 -999999 -999999 1637    -999999 -49     133     297     692     1295    1517    1692    1695    1450    863     -999999 -209    
116    1982 -999999 -999999 -999999 -999999 789     -999999 -999999 -281    -999999 429     775     1164    -999999 1859    1836    1481    1109    711     287     
116    1983 -999999 -999999 -999999 -999999 -999999 1788    -999999 473     -999999 401     682     1148    1561    1914    1874    1455    966     452     148     
116    1984 -999999 -999999 -999999 -999999 -999999 -999999 -999999 176     67      192     746     1216    1479    1670    1806    1227    1133    620     302     
116    1985 -999999 -999999 -999999 -999999 -999999 -999999 895     -476    -999999 93      567     1208    1467    1678    1700    1304    1074    287     288     
116    1986 -999999 -999999 -999999 -999999 -999999 -999999 974     -43     -999999 169     531     1288    1612    1725    1580    1183    994     746     291     
116    1987 -999999 -999999 -999999 -999999 513     1469    1024    -528    -999999 -122    660     1051    1290    1597    1520    1339    1068    608     348     
116    1988 -999999 -999999 -999999 -999999 740     1735    -999999 394     280     192     646     1359    1732    1793    1679    1426    950     360     339     
116    1989 -999999 -999999 -999999 -999999 899     1725    -999999 464     525     625     707     1338    1579    1876    1706    1510    1135    539     274     
116    1990 -999999 -999999 -999999 -999999 1006    1742    -999999 448     645     700     894     1414    1658    1745    1825    1338    1130    549     267     
116    1991 -999999 -999999 -999999 -999999 -999999 -999999 -999999 308     -30     468     723     1062    1301    1856    1873    1460    1064    577     328     
116    1992 -999999 -999999 -999999 -999999 888     1846    -999999 266     368     512     739     1407    1892    1897    1749    1401    731     523     349     
116    1993 -999999 -999999 -999999 -999999 912     1529    -999999 275     -999999 375     840     1499    1514    1551    1524    1148    817     280     261     
116    1994 -999999 -999999 -999999 -999999 818     1830    1006    292     -999999 373     862     1206    1482    2101    1884    1430    869     724     428     
116    1995 -999999 -999999 -999999 -999999 744     1807    -999999 71      386     398     744     1089    1555    1866    1987    1410    1210    375     -96     
116    1996 -999999 -999999 -999999 -138    590     1682    954     -103    -222    75      774     970     1536    1601    1900    1262    1028    555     -5      
116    1997 -999999 -999999 1489    -999999 740     1889    912     -106    356     458     663     1088    1606    1893    2159    1462    811     465     258     
116    1998 881     440     1358    338     801     1545    861     285     485     340     758     1305    1510    1543    1582    1441    918     221     154     
116    1999 950     330     1478    156     783     1715    1095    216     90      356     882     1114    1503    1871    1765    1721    996     570     255     
116    2000 997     478     1419    293     920     1590    1118    246     384     412     931     1418    1499    1623    1646    1383    1190    780     431     
116    2001 896     480     1405    242     708     1711    1023    204     74      169     654     1298    1398    1922    1805    1327    1223    514     90      
116    2002 970     484     1548    230     868     1871    911     185     434     456     779     1367    1673    1826    2109    1514    769     456     33      
116    2003 919     255     1488    -32     784     1818    949     2       -142    380     715     1255    1675    1887    1889    1486    650     720     435     
116    2004 938     399     1449    196     869     1663    1032    -68     224     430     893     1285    1474    1602    1907    1518    1037    539     395     
116    2005 959     430     1472    280     750     1714    1122    346     79      150     846     1259    1513    1921    1700    1576    1149    640     270     
116    2006 -999999 -999999 1532    79      577     1889    1244    -71     30      -33     611     1174    1650    2149    1860    1687    1271    773     655     
116    2007 -999999 -999999 -999999 -999999 949     1731    939     480     225     639     924     1274    1712    1698    1781    1376    920     536     398     
116    2008 -999999 -999999 -999999 421     829     1754    1028    399     471     388     808     1305    1601    1869    1787    1418    1030    620     320     
116    2009 -999999 -999999 1525    172     899     1785    1084    87      96      425     970     1258    1518    1928    1894    1577    850     787     175     
116    2010 -999999 -999999 -999999 -80     732     1782    854     -270    -143    326     790     1078    1533    2055    1742    1334    884     358     -380    
116    2011 -999999 208     -999999 -128    -999999 -999999 -999999 23      -14     359     1082    -999999 -999999 -999999 -999999 -999999 -999999 -999999 -999999 
