EUROPEAN CLIMATE ASSESSMENT & DATASET (ECA&D), file created on: 10-05-2011
THESE DATA CAN BE USED FREELY PROVIDED THAT THE FOLLOWING SOURCE IS ACKNOWLEDGED: 

Klein Tank, A.M.G. and Coauthors, 2002. Daily dataset of 20th-century surface
air temperature and precipitation series for the European Climate Assessment.
Int. J. of Climatol., 22, 1441-1453.
Data and metadata available at http://eca.knmi.nl

FILE FORMAT (MISSING VALUE CODE = -999999):

THIS FILE HOLDS DATA FOR STATION CZECH REPUBLIC                           PRIBYSLAV                                (STAID:    669)
LATITUDE: dd:mm:ss +49:34:58
LONGITUDE: ddd:mm:ss +015:45:45
ELEVATION: m  530

DATA IS FOR INDEX Mean of daily mean temperature (TG) with unit 0.01 Temperature (&#176;C)

01-06 SOUID: Source identifier
08-11 YEAR : YYYY
13-20 ANNUAL DATA VALUES
21-28 WINTER HALF YEAR DATA VALUES
29-36 SUMMER HALF YEAR DATA VALUES
37-44 WINTER (DJF) DATA VALUES
45-52 SPRING (MAM) DATA VALUES
53-60 SUMMER (JJA) DATA VALUES
61-68 AUTUMN (SON) DATA VALUES
69-76 JANUARY DATA VALUES
etc. 
157-164 DECEMBER DATA VALUES

669    1954 -999999 -999999 1256    -999999 -999999 1549    725     -999999 -999999 -999999 397     1133    1619    1444    1587    1343    741     90      99      
669    1955 604     9       1212    -230    439     1518    710     -419    -385    -108    432     993     1363    1638    1547    1279    691     159     -16     
669    1956 527     -94     1195    -452    492     1439    638     -283    -1121   -86     465     1097    1282    1603    1426    1277    704     -92     -96     
669    1957 694     115     1205    -109    623     1564    694     -289    77      369     620     880     1641    1687    1368    1024    726     331     -138    
669    1958 659     35      1249    -181    463     1511    783     -355    -38     -311    339     1355    1358    1621    1548    1244    769     337     -2      
669    1959 712     162     1284    -193    779     1586    645     -277    -313    426     745     1154    1473    1711    1570    1035    665     235     37      
669    1960 664     72      1202    -227    633     1477    759     -382    -344    201     603     1095    1461    1436    1532    1071    808     398     50      
669    1961 731     230     1321    -93     782     1508    862     -397    86      426     985     943     1568    1447    1511    1474    881     229     -395    
669    1962 565     -6      1205    -312    492     1458    686     -228    -313    -230    786     929     1304    1438    1627    1136    747     175     -638    
669    1963 593     -230    1356    -776    618     1638    869     -943    -743    -11     744     1125    1542    1759    1610    1340    697     575     -650    
669    1964 622     -97     1335    -559    594     1612    710     -665    -349    -183    776     1196    1691    1715    1433    1190    637     306     -298    
669    1965 575     -16     1186    -350    499     1452    596     -209    -565    -9      547     961     1456    1505    1396    1239    654     -108    -55     
669    1966 730     53      1299    -130    723     1523    806     -653    365     140     844     1188    1538    1547    1483    1181    1103    125     -115    
669    1967 727     174     1307    -180    703     1571    839     -364    -48     322     597     1187    1413    1744    1549    1330    977     206     -241    
669    1968 661     98      1274    -284    698     1530    760     -489    -111    238     811     1050    1573    1524    1496    1180    779     322     -446    
669    1969 633     -29     1310    -395    621     1539    819     -386    -350    -115    611     1367    1395    1721    1496    1246    859     349     -658    
669    1970 620     -48     1225    -499    497     1565    729     -464    -363    -27     511     1008    1563    1576    1557    1120    676     393     -175    
669    1971 687     55      1303    -219    643     1589    602     -406    -60     -100    734     1297    1298    1670    1789    1000    654     151     157     
669    1972 672     169     1236    -78     717     1570    579     -443    62      424     602     1121    1492    1711    1504    967     495     277     -168    
669    1973 664     87      1271    -172    613     1566    637     -258    -81     248     419     1165    1448    1573    1672    1331    540     44      -187    
669    1974 736     186     1214    -7      722     1481    593     -24     212     528     641     995     1247    1463    1727    1196    368     224     223     
669    1975 746     186     1345    69      702     1580    744     143     -183    308     589     1206    1395    1690    1651    1523    684     26      -154    
669    1976 672     17      1268    -168    556     1571    771     -186    -162    -116    632     1154    1546    1775    1391    1091    863     357     -303    
669    1977 699     191     1201    -199    709     1517    724     -248    -30     493     487     1140    1533    1525    1495    1006    840     322     -232    
669    1978 604     113     1128    -271    617     1374    647     -192    -402    301     533     1014    1349    1409    1362    1086    782     70      -142    
669    1979 658     17      1243    -345    665     1500    668     -648    -234    253     516     1223    1702    1347    1457    1202    613     191     223     
669    1980 562     88      1114    -133    464     1411    630     -604    -9      110     374     905     1354    1386    1491    1157    628     107     -164    
669    1981 677     70      1272    -287    765     1528    749     -486    -204    516     559     1214    1533    1514    1536    1263    754     231     -366    
669    1982 704     2       1321    -428    625     1621    856     -593    -314    278     415     1175    1536    1688    1637    1459    820     291     -17     
669    1983 741     183     1380    -97     746     1680    677     147     -456    257     803     1178    1484    1894    1657    1244    743     42      -193    
669    1984 630     28      1168    -219    562     1405    767     -207    -261    27      568     1091    1300    1392    1520    1124    840     334     -199    
669    1985 573     -63     1242    -574    660     1469    599     -869    -661    134     593     1251    1207    1613    1577    1188    689     -84     133     
669    1986 646     -21     1287    -296    752     1504    705     -265    -806    127     776     1355    1411    1528    1569    1063    759     290     -160    
669    1987 596     -84     1244    -416    452     1464    821     -848    -221    -325    708     980     1377    1617    1394    1381    798     285     -28     
669    1988 725     182     1324    0       670     1566    641     47      -22     3       683     1324    1420    1667    1606    1223    802     -107    11      
669    1989 768     209     1305    18      800     1535    725     -93     148     477     759     1161    1349    1644    1608    1290    864     15      -56     
669    1990 768     255     1260    31      768     1591    709     -95     267     529     559     1210    1465    1560    1744    997     811     316     -187    
669    1991 649     135     1236    -256    572     1590    719     -95     -511    416     526     773     1372    1777    1614    1340    625     194     -332    
669    1992 788     107     1456    -146    732     1832    698     -125    30      246     670     1276    1626    1812    2051    1275    561     261     -254    
669    1993 702     39      1330    -218    761     1525    616     -73     -341    50      802     1431    1441    1522    1609    1157    759     -73     53      
669    1994 844     205     1441    17      780     1804    771     116     -134    466     700     1171    1554    2066    1785    1348    547     425     6       
669    1995 730     176     1346    -18     679     1664    691     -285    253     128     744     1168    1393    1928    1662    1157    955     -48     -327    
669    1996 578     -95     1238    -450    588     1531    720     -475    -554    -147    673     1242    1532    1495    1565    904     835     416     -587    
669    1997 685     80      1271    -356    621     1601    652     -495    54      264     388     1205    1513    1548    1740    1208    502     252     4       
669    1998 743     177     1362    44      757     1625    635     -66     209     169     846     1258    1606    1623    1645    1178    763     -39     -305    
669    1999 764     74      1404    -230    807     1607    788     -142    -247    378     780     1261    1439    1779    1599    1554    727     85      -114    
669    2000 854     127     1436    -106    904     1640    929     -345    159     252     1057    1408    1633    1480    1807    1217    1038    528     -4      
669    2001 712     260     1310    -109    761     1598    747     -262    -56     295     631     1355    1338    1705    1741    1058    1091    82      -498    
669    2002 798     178     1410    -165    833     1726    722     -224    267     358     672     1464    1642    1760    1773    1124    597     450     -339    
669    2003 808     34      1533    -394    811     1902    797     -305    -554    308     651     1470    1857    1809    2040    1351    522     529     -75     
669    2004 783     132     1392    -163    726     1697    865     -414    12      221     852     1109    1537    1722    1827    1288    945     360     -78     
669    2005 659     145     1283    -163    651     1497    704     -51     -381    31      760     1164    1424    1631    1434    1275    787     48      -284    
669    2006 684     -123    1347    -483    550     1620    906     -710    -453    -152    675     1131    1547    1967    1343    1406    893     420     69      
669    2007 833     361     1443    131     912     1752    606     186     138     444     940     1353    1751    1761    1742    1091    665     60      -182    
669    2008 834     168     1383    11      754     1700    798     63      163     233     730     1297    1672    1718    1708    1153    809     431     13      
669    2009 779     145     1458    -207    871     1638    846     -446    -184    223     1149    1251    1400    1729    1777    1432    649     464     -141    
669    2010 672     64      1359    -313    667     1742    702     -535    -256    185     711     1105    1605    1947    1669    1096    560     456     -531    
669    2011 -999999 80      -999999 -313    -999999 -999999 -999999 -175    -224    379     989     -999999 -999999 -999999 -999999 -999999 -999999 -999999 -999999 
