EUROPEAN CLIMATE ASSESSMENT & DATASET (ECA&D), file created on: 10-05-2011
THESE DATA CAN BE USED FREELY PROVIDED THAT THE FOLLOWING SOURCE IS ACKNOWLEDGED: 

Klein Tank, A.M.G. and Coauthors, 2002. Daily dataset of 20th-century surface
air temperature and precipitation series for the European Climate Assessment.
Int. J. of Climatol., 22, 1441-1453.
Data and metadata available at http://eca.knmi.nl

FILE FORMAT (MISSING VALUE CODE = -999999):

THIS FILE HOLDS DATA FOR STATION ITALY                                    PIAN ROSA                                (STAID:   2073)
LATITUDE: dd:mm:ss +45:55:48
LONGITUDE: ddd:mm:ss +007:42:00
ELEVATION: m 3480

DATA IS FOR INDEX Mean of daily mean temperature (TG) with unit 0.01 Temperature (&#176;C)

01-06 SOUID: Source identifier
08-11 YEAR : YYYY
13-20 ANNUAL DATA VALUES
21-28 WINTER HALF YEAR DATA VALUES
29-36 SUMMER HALF YEAR DATA VALUES
37-44 WINTER (DJF) DATA VALUES
45-52 SPRING (MAM) DATA VALUES
53-60 SUMMER (JJA) DATA VALUES
61-68 AUTUMN (SON) DATA VALUES
69-76 JANUARY DATA VALUES
etc. 
157-164 DECEMBER DATA VALUES

2073   1952 -999999 -999999 362     -999999 556     325     653     -999999 -999999 924     434     305     180     533     255     459     436     1117    1270    
2073   1953 -476    -999999 -106    -457    -670    92      -172    -1332   -1339   -975    -705    -333    -127    238     159     102     -256    -357    -845    
2073   1954 -618    -862    -291    -1177   -837    -64     -389    -1492   -1196   -1043   -945    -527    -38     -117    -37     -88     -335    -747    -890    
2073   1955 -999999 -916    -999999 -1087   -999999 -999999 -999999 -929    -1479   -1165   -909    -999999 -999999 -999999 -999999 -999999 -999999 -999999 -999999 
2073   1956 -999999 -999999 -999999 -999999 -861    -999999 -488    -1135   -2000   -1140   -1033   -416    -393    -999999 32      54      -550    -968    -1046   
2073   1957 -999999 -915    -999999 -1107   -999999 11      -316    -1206   -1066   -669    -999999 -626    -71     83      17      -65     -239    -647    -1024   
2073   1958 -571    -930    -158    -1097   -929    93      -359    -1187   -1077   -1409   -1148   -238    -168    172     267     146     -504    -714    -1028   
2073   1959 -999999 -885    -139    -1071   -653    58      -402    -1329   -833    -889    -701    -370    -76     188     56      59      -418    -846    -999999 
2073   1960 -639    -999999 -261    -999999 -776    -5      -629    -1186   -1096   -1032   -918    -382    30      -67     23      -265    -709    -911    -1173   
2073   1961 -477    -959    -118    -1094   -676    60      -276    -1167   -924    -868    -587    -570    -31     21      188     275     -312    -791    -970    
2073   1962 -609    -947    -192    -1097   -971    141     -414    -1097   -1236   -1297   -995    -621    -133    139     409     32      -185    -1095   -1279   
2073   1963 -582    -1117   -160    -1458   -763    100     -323    -1587   -1514   -1077   -753    -460    -68     314     48      -57     -228    -687    -985    
2073   1964 -481    -820    -72     -988    -674    162     -431    -896    -1090   -1047   -740    -238    100     277     108     50      -728    -603    -985    
2073   1965 -607    -1004   -265    -1199   -891    62      -393    -1181   -1458   -1099   -1013   -565    -3      102     84      -209    -128    -849    -1033   
2073   1966 -568    -880    -132    -1034   -729    47      -457    -1293   -750    -1211   -738    -239    49      25      68      33      -246    -1165   -1353   
2073   1967 -489    -964    -182    -1174   -766    132     -232    -1126   -1028   -880    -976    -450    -188    367     206     -74     -84     -543    -1136   
2073   1968 -535    -851    -155    -1176   -637    47      -317    -1279   -1109   -963    -548    -396    -4      148     -5      -131    -180    -645    -1315   
2073   1969 -598    -979    -176    -1325   -744    11      -311    -1042   -1649   -1100   -934    -205    -239    238     28      34      -130    -843    -1424   
2073   1970 -659    -1064   -258    -1330   -1074   62      -375    -1018   -1571   -1441   -1148   -635    -2      77      109     39      -502    -659    -1212   
2073   1971 -586    -1070   -214    -1201   -923    11      -423    -1173   -1221   -1653   -768    -343    -287    157     155     -217    -173    -888    -682    
2073   1972 -639    -799    -346    -958    -753    -52     -679    -1156   -1043   -869    -841    -553    -132    56      -82     -541    -577    -921    -1026   
2073   1973 -686    -1105   -271    -1265   -933    -16     -487    -1198   -1605   -1343   -1311   -157    -151    -102    200     -130    -509    -822    -1180   
2073   1974 -733    -962    -325    -1126   -934    -21     -894    -935    -1278   -1075   -1178   -556    -286    28      186     -165    -1332   -1172   -1082   
2073   1975 -591    -1132   -267    -1008   -879    -57     -503    -892    -1053   -1257   -899    -481    -316    84      53      -55     -521    -932    -867    
2073   1976 -655    -933    -314    -1019   -773    -105    -567    -1177   -1013   -1093   -864    -365    -81     8       -242    -353    -389    -964    -1341   
2073   1977 -603    -1068   -273    -1358   -839    -22     -366    -1378   -1356   -1003   -989    -529    -160    97      -6      -62     -108    -936    -876    
2073   1978 -999999 -999999 -369    -1075   -873    -185    -306    -1216   -999999 -1035   -948    -639    -322    -195    -42     -76     -270    -573    -891    
2073   1979 -999999 -911    -367    -1148   -1034   -88     -999999 -1420   -1131   -1190   -1199   -718    -296    -42     67      -29     -999999 -745    -867    
2073   1980 -723    -999999 -379    -1120   -994    -113    -506    -1474   -1014   -1109   -1277   -604    -347    -132    133     -64     -530    -924    -1341   
2073   1981 -999999 -1070   -257    -1350   -726    -47     -999999 -1433   -1268   -939    -726    -514    -127    -87     72      -167    -999999 -868    -1414   
2073   1982 -623    -999999 -230    -1223   -945    48      -494    -1068   -1183   -1402   -973    -461    -88     225     2       -102    -612    -765    -1083   
2073   1983 -519    -931    -219    -1132   -745    48      -307    -930    -1411   -825    -887    -527    -177    299     15      -49     -276    -596    -932    
2073   1984 -738    -957    -462    -1196   -992    -209    -542    -1285   -1382   -1288   -967    -721    -360    -95     -178    -465    -464    -701    -981    
2073   1985 -611    -1000   -252    -1193   -896    -85     -324    -1570   -1012   -1262   -890    -536    -360    54      43      170     -173    -973    -851    
2073   1986 -657    -989    -308    -1252   -779    -125    -421    -1454   -1473   -1057   -951    -336    -219    -84     -75     -196    -385    -683    -1029   
2073   1987 -337    -930    27      -1060   -658    178     -62     -1204   -935    -1334   -217    -394    -57     310     274     235     -166    -250    -325    
2073   1988 -565    -702    -186    -728    -955    48      -379    -965    -903    -1598   -949    -318    -224    145     215     -5      -317    -849    -1044   
2073   1989 -178    -999999 -76     -552    -270    49      -174    -322    -263    -323    -301    -183    -171    130     182     -129    -115    -279    -376    
2073   1990 -98     -311    116     -344    -257    321     -131    -276    -384    -441    -345    13      118     402     437     55      -93     -355    -333    
2073   1991 -259    -312    36      -374    -323    261     -406    -270    -535    -308    -359    -302    47      375     354     92      -463    -846    -917    
2073   1992 -519    -914    -80     -1013   -737    227     -531    -962    -1170   -1138   -912    -165    -113    314     468     -103    -785    -697    -998    
2073   1993 -603    -962    -222    -1060   -766    62      -652    -979    -1220   -1108   -859    -333    -12     8       188     -345    -662    -961    -1039   
2073   1994 -999999 -999999 -999999 -1142   -693    195     -303    -1112   -1284   -716    -1031   -331    -83     319     349     -157    -324    -423    -885    
2073   1995 -589    -851    -227    -1057   -810    83      -487    -1354   -920    -1193   -789    -447    -192    415     7       -369    -109    -995    -1120   
2073   1996 -539    -914    -152    -1088   -712    147     -532    -686    -1483   -1128   -747    -263    88      185     169     -338    -422    -840    -1007   
2073   1997 -999999 -935    -999999 -1152   -694    126     -260    -1344   -1100   -908    -876    -304    -31     87      322     330     -326    -740    -1152   
2073   1998 -999999 -999999 -44     -984    -670    302     -548    -1132   -652    -993    -862    -212    121     330     454     -101    -430    -1118   -995    
2073   1999 -999999 -999999 -999999 -1144   -557    131     -999999 -1058   -1404   -949    -631    -80     -130    227     288     -27     -999999 -1125   -1328   
2073   2000 -999999 -999999 -999999 -1259   -999999 -999999 -999999 -1267   -1177   -1092   -999999 -999999 -999999 -999999 -999999 -999999 -999999 -999999 -999999 
2073   2001 -999999 -999999 -999999 -999999 -999999 -999999 -999999 -999999 -999999 -999999 -999999 -999999 -999999 -999999 -999999 -999999 -999999 -999999 -999999 
2073   2002 -999999 -999999 -999999 -999999 -999999 -999999 -999999 -999999 -999999 -999999 -999999 -999999 -999999 -999999 -999999 -999999 -999999 -999999 -999999 
2073   2003 -999999 -999999 -999999 -999999 -999999 -999999 -999999 -999999 -999999 -999999 -999999 -999999 -999999 -999999 -999999 -999999 -999999 -999999 -999999 
2073   2004 -999999 -999999 -999999 -999999 -999999 -999999 -405    -1470   -999999 -1108   -999999 -619    -999999 124     -999999 10      -340    -906    -917    
2073   2005 -999999 -999999 -999999 -999999 -710    146     -999999 -1205   -999999 -1080   -782    -305    118     226     99      -999999 -124    -900    -1298   
2073   2006 -999999 -999999 -999999 -999999 -751    165     -141    -1250   -999999 -1208   -711    -347    30      537     -64     156     -53     -523    -707    
2073   2007 -999999 -999999 -999999 -999999 -498    183     -383    -743    -836    -962    -307    -220    107     218     227     -97     -225    -828    -1082   
2073   2008 -999999 -864    -999999 -971    -873    20      -541    -949    -874    -1207   -966    -420    -49     3       96      -333    -347    -944    -1038   
2073   2009 -999999 -999999 -999999 -1183   -574    -999999 -999999 -1120   -1423   -1049   -600    -73     24      383     -999999 -999999 -999999 -999999 -999999 
2073   2010 -999999 -999999 -145    -999999 -854    197     -430    -1340   -1374   -1185   -801    -575    -104    483     202     -81     -351    -864    -1373   
2073   2011 -999999 -999999 -999999 -1144   -999999 -999999 -999999 -1120   -933    -855    -500    -999999 -999999 -999999 -999999 -999999 -999999 -999999 -999999 
