EUROPEAN CLIMATE ASSESSMENT & DATASET (ECA&D), file created on: 10-05-2011
THESE DATA CAN BE USED FREELY PROVIDED THAT THE FOLLOWING SOURCE IS ACKNOWLEDGED: 

Klein Tank, A.M.G. and Coauthors, 2002. Daily dataset of 20th-century surface
air temperature and precipitation series for the European Climate Assessment.
Int. J. of Climatol., 22, 1441-1453.
Data and metadata available at http://eca.knmi.nl

FILE FORMAT (MISSING VALUE CODE = -999999):

THIS FILE HOLDS DATA FOR STATION UNITED KINGDOM                           WYTON                                    (STAID:   2122)
LATITUDE: dd:mm:ss +52:21:25
LONGITUDE: ddd:mm:ss -000:06:28
ELEVATION: m   41

DATA IS FOR INDEX Mean of daily mean temperature (TG) with unit 0.01 Temperature (&#176;C)

01-06 SOUID: Source identifier
08-11 YEAR : YYYY
13-20 ANNUAL DATA VALUES
21-28 WINTER HALF YEAR DATA VALUES
29-36 SUMMER HALF YEAR DATA VALUES
37-44 WINTER (DJF) DATA VALUES
45-52 SPRING (MAM) DATA VALUES
53-60 SUMMER (JJA) DATA VALUES
61-68 AUTUMN (SON) DATA VALUES
69-76 JANUARY DATA VALUES
etc. 
157-164 DECEMBER DATA VALUES

2122   1958 -999999 -999999 1402    -999999 810     1599    1121    343     -999999 408     788     1233    1442    1672    1676    1566    1129    635     485     
2122   1959 -999999 -999999 -999999 338     989     1750    1174    129     423     753     993     1238    1594    1817    1836    1561    1289    666     585     
2122   1960 995     656     1393    457     939     1587    1051    372     416     588     902     1327    1607    1571    1583    1355    1044    753     405     
2122   1961 1024    680     1417    467     1004    1586    1101    321     697     861     1027    1124    1550    1578    1629    1593    1106    602     186     
2122   1962 861     496     1262    336     691     1478    958     408     422     247     785     1045    1397    1505    1531    1300    1051    520     92      
2122   1963 844     305     1300    -123    848     1499    1090    -331    -130    595     864     1086    1498    1549    1452    1343    1106    821     221     
2122   1964 950     521     1418    272     886     1588    1013    182     422     379     896     1384    1425    1693    1640    1457    878     709     317     
2122   1965 915     517     1302    322     866     1476    950     337     310     535     848     1216    1456    1434    1536    1312    1076    458     419     
2122   1966 -999999 433     -999999 274     256     -999999 -999999 225     167     225     223     325     348     -999999 -999999 -999999 310     208     225     
2122   1967 999     414     1362    397     881     1629    1030    436     544     768     770     1101    1412    1809    1659    1406    1143    537     365     
2122   1968 950     553     1323    313     863     1529    1125    392     174     684     861     1044    1516    1521    1550    1440    1304    625     255     
2122   1969 965     534     1387    308     776     1625    1119    580     66      334     787     1206    1416    1784    1670    1444    1343    564     307     
2122   1970 983     539     1410    330     787     1628    1148    369     311     319     694     1345    1646    1606    1633    1527    1128    791     389     
2122   1971 991     620     1345    429     813     1555    1080    445     457     497     759     1180    1268    1748    1638    1459    1173    606     615     
2122   1972 958     650     1283    480     892     1487    991     375     449     669     863     1142    1287    1592    1574    1221    1102    645     545     
2122   1973 994     637     1400    468     867     1646    1004    430     424     653     753     1191    1572    1627    1737    1510    934     570     482     
2122   1974 985     624     1296    548     830     1534    909     602     560     588     771     1127    1423    1568    1608    1267    775     690     800     
2122   1975 1012    645     1415    641     777     1736    999     676     424     486     862     986     1439    1795    1964    1426    1006    566     469     
2122   1976 1031    585     1497    488     848     1827    1048    552     439     469     819     1256    1815    1908    1757    1411    1116    616     192     
2122   1977 972     574     1268    328     841     1466    1090    279     532     708     761     1052    1232    1601    1558    1390    1210    665     634     
2122   1978 958     636     1286    402     817     1495    1187    307     250     712     635     1099    1421    1506    1555    1490    1232    836     403     
2122   1979 921     507     1353    153     809     1577    1071    -46     96      491     816     1120    1445    1679    1602    1442    1121    648     578     
2122   1980 962     608     1359    455     817     1548    1039    220     577     507     866     1080    1478    1509    1655    1562    935     624     531     
2122   1981 951     612     1371    424     922     1579    1063    448     279     825     767     1169    1392    1641    1697    1549    885     761     -41     
2122   1982 1009    483     1423    202     892     1655    1121    219     453     630     858     1187    1613    1680    1671    1516    1051    798     402     
2122   1983 1028    629     1404    415     815     1732    1090    665     153     666     718     1057    1461    1941    1786    1444    1074    752     540     
2122   1984 981     589     1347    410     724     1656    1139    365     319     472     768     933     1472    1677    1813    1406    1176    834     514     
2122   1985 911     533     1337    232     809     1506    1031    38      134     472     868     1088    1274    1695    1541    1548    1150    390     676     
2122   1986 905     487     1275    281     773     1547    1037    337     -218    516     626     1171    1505    1679    1456    1198    1125    784     590     
2122   1987 921     544     1343    318     810     1523    1028    25      343     384     1045    1008    1324    1625    1614    1437    1008    639     569     
2122   1988 999     643     1338    527     885     1529    1008    523     486     625     825     1202    1400    1559    1625    1404    1113    504     697     
2122   1989 1090    717     1451    626     922     1713    1150    600     576     788     648     1322    1488    1868    1777    1585    1248    613     512     
2122   1990 1120    784     1446    651     998     1716    1121    670     784     874     817     1298    1436    1747    1956    1400    1266    691     458     
2122   1991 986     626     1388    313     906     1633    1092    336     128     827     811     1076    1256    1820    1809    1534    1057    686     417     
2122   1992 1043    655     1460    461     1032    1678    1005    401     573     793     918     1383    1627    1736    1670    1412    829     779     385     
2122   1993 995     627     1359    482     958     1557    907     600     459     702     974     1198    1533    1589    1549    1302    911     507     577     
2122   1994 1067    626     1400    510     907     1713    1109    581     358     790     842     1086    1526    1920    1687    1321    1011    997     628     
2122   1995 1078    727     1486    587     916     1783    1165    475     665     589     945     1215    1417    1979    1940    1400    1331    758     192     
2122   1996 945     563     1374    279     757     1664    1047    405     239     437     887     951     1543    1723    1722    1408    1170    558     274     
2122   1997 1090    620     1487    362     999     1761    1124    176     667     877     885     1230    1506    1715    2055    1512    1007    856     568     
2122   1998 1061    749     1417    601     1017    1605    1017    538     707     820     869     1357    1504    1646    1661    1454    1066    530     554     
2122   1999 1109    673     1507    546     1054    1664    1188    568     512     785     1000    1377    1425    1854    1706    1667    1102    797     468     
2122   2000 -999999 -999999 -999999 529     -999999 1667    1144    502     623     -999999 -999999 1308    1614    1585    1800    1600    1096    737     604     
2122   2001 -999999 -999999 -999999 476     910     1698    -999999 357     467     584     815     1328    1488    1818    1786    1383    1406    651     282     
2122   2002 -999999 -999999 -999999 -999999 1019    1679    1087    563     -999999 793     1001    1270    1544    1707    1790    1431    1003    813     594     
2122   2003 -999999 -999999 -999999 -999999 1011    1838    1092    392     417     760     999     1266    1714    1854    1942    1469    953     836     489     
2122   2004 -999999 -999999 -999999 -999999 988     1743    -999999 506     508     725     1000    1259    1630    1689    1906    1571    1131    766     476     
2122   2005 1116    -999999 1498    524     1007    1698    1230    612     471     758     1030    1232    1654    1756    1681    1630    1413    640     466     
2122   2006 -999999 -999999 1606    461     -999999 1846    1358    457     459     -999999 942     1339    1711    2141    1682    1809    1401    864     677     
2122   2007 -999999 854     -999999 688     -999999 1640    1115    748     633     778     -999999 1290    1608    1677    1634    1501    1121    708     535     
2122   2008 1079    721     1478    599     1012    1703    1047    711     548     689     924     1420    1550    1777    1778    1401    997     734     386     
2122   2009 -999999 -999999 -999999 369     1080    -999999 -999999 294     440     755     1126    1369    1624    -999999 -999999 -999999 -999999 -999999 -999999 
