EUROPEAN CLIMATE ASSESSMENT & DATASET (ECA&D), file created on: 10-05-2011
THESE DATA CAN BE USED FREELY PROVIDED THAT THE FOLLOWING SOURCE IS ACKNOWLEDGED: 

Klein Tank, A.M.G. and Coauthors, 2002. Daily dataset of 20th-century surface
air temperature and precipitation series for the European Climate Assessment.
Int. J. of Climatol., 22, 1441-1453.
Data and metadata available at http://eca.knmi.nl

FILE FORMAT (MISSING VALUE CODE = -999999):

THIS FILE HOLDS DATA FOR STATION FRANCE                                   CARCASSONNE                              (STAID:    766)
LATITUDE: dd:mm:ss +43:12:51
LONGITUDE: ddd:mm:ss +002:18:36
ELEVATION: m  126

DATA IS FOR INDEX Mean of daily mean temperature (TG) with unit 0.01 Temperature (&#176;C)

01-06 SOUID: Source identifier
08-11 YEAR : YYYY
13-20 ANNUAL DATA VALUES
21-28 WINTER HALF YEAR DATA VALUES
29-36 SUMMER HALF YEAR DATA VALUES
37-44 WINTER (DJF) DATA VALUES
45-52 SPRING (MAM) DATA VALUES
53-60 SUMMER (JJA) DATA VALUES
61-68 AUTUMN (SON) DATA VALUES
69-76 JANUARY DATA VALUES
etc. 
157-164 DECEMBER DATA VALUES

766    1948 1398    -999999 1793    -999999 1351    2028    1451    759     687     1211    1250    1590    1861    2050    2168    1825    1482    1045    811     
766    1949 1439    934     1962    735     1221    2256    1556    627     771     858     1437    1376    1971    2422    2365    2189    1583    894     735     
766    1950 1382    907     1899    690     1178    2297    1480    516     835     872     1043    1615    2210    2453    2226    1828    1537    1072    341     
766    1951 1310    857     1730    549     1116    1986    1427    648     669     865     1149    1335    1858    2091    2005    1934    1262    1090    777     
766    1952 1381    875     1915    579     1385    2252    1343    428     528     1151    1284    1717    2177    2341    2237    1714    1462    850     645     
766    1953 1338    780     1809    459     1303    2002    1440    272     460     960     1223    1724    1710    2066    2221    1890    1429    1000    1030    
766    1954 1262    877     1671    617     1140    1912    1453    383     419     959     1059    1400    1874    1918    1942    1827    1457    1075    772     
766    1955 1376    945     1867    787     1239    2131    1311    920     655     770     1351    1598    1901    2247    2236    1849    1305    780     836     
766    1956 1218    729     1737    444     1215    1922    1334    686     -234    942     1070    1628    1700    2060    1998    1950    1339    712     686     
766    1957 1319    901     1730    700     1265    2001    1340    500     936     1232    1151    1407    1795    2129    2073    1814    1406    799     556     
766    1958 1358    838     1814    649     1173    2016    1505    569     839     856     1048    1612    1845    2069    2130    2169    1424    926     777     
766    1959 1412    940     1871    713     1317    2145    1452    584     783     1132    1231    1585    1945    2340    2144    1967    1454    934     794     
766    1960 1328    936     1786    710     1326    2037    1350    553     790     1080    1178    1715    2074    2044    1995    1698    1340    1013    440     
766    1961 1455    916     1908    667     1383    2077    1558    555     1042    1121    1421    1609    1984    2164    2079    2186    1543    946     789     
766    1962 1312    892     1822    713     1108    2107    1421    749     590     706     1132    1486    1884    2167    2262    1984    1543    733     456     
766    1963 1264    716     1744    347     1203    2012    1452    275     304     945     1180    1484    1898    2213    1923    1753    1473    1129    523     
766    1964 1356    854     1932    564     1255    2213    1383    436     744     822     1203    1737    2075    2357    2201    2001    1234    918     526     
766    1965 1322    775     1742    499     1215    2040    1410    581     378     977     1108    1557    1970    2076    2072    1653    1606    966     842     
766    1966 1371    989     1815    826     1239    2013    1417    633     1022    870     1326    1524    1986    2021    2032    1998    1486    765     775     
766    1967 1373    893     1829    680     1234    2140    1566    511     761     1044    1149    1505    1813    2371    2225    1893    1707    1094    355     
766    1968 1354    899     1767    562     1198    2019    1508    629     710     893     1249    1452    1849    2140    2063    1836    1658    1024    718     
766    1969 1319    935     1782    651     1232    2045    1447    707     514     953     1200    1542    1756    2229    2141    1803    1580    954     384     
766    1970 1350    857     1837    632     1101    2131    1506    742     784     697     1098    1507    2038    2186    2166    2016    1358    1149    432     
766    1971 1346    792     1879    554     1176    2135    1384    588     652     572     1371    1591    1831    2280    2284    1899    1584    662     779     
766    1972 1308    927     1658    749     1194    1937    1354    637     837     1047    1102    1431    1708    2145    1950    1592    1404    1066    754     
766    1973 1332    844     1863    602     1157    2172    1426    517     529     771     1039    1656    1970    2177    2362    1953    1352    976     624     
766    1974 1331    915     1762    728     1218    2057    1219    828     734     960     1153    1538    1941    2136    2090    1700    989     976     879     
766    1975 1363    897     1818    876     1137    2141    1388    849     904     788     1161    1463    1862    2275    2276    1854    1413    897     582     
766    1976 1356    871     1848    655     1213    2212    1292    568     827     935     1112    1587    2232    2263    2140    1739    1351    784     719     
766    1977 1327    904     1671    744     1188    1906    1438    586     946     1040    1147    1377    1747    2016    1949    1776    1621    912     777     
766    1978 1311    929     1731    674     1157    1987    1418    487     768     991     1044    1430    1784    2054    2118    1945    1360    950     769     
766    1979 1330    888     1767    669     1178    2068    1398    530     713     988     1046    1496    1909    2216    2073    1843    1498    850     752     
766    1980 1267    884     1733    691     1111    1984    1374    435     901     866     1050    1415    1755    1985    2206    1976    1319    829     464     
766    1981 1355    804     1807    509     1279    2058    1453    545     519     1123    1287    1428    1959    1992    2221    1946    1479    934     768     
766    1982 1438    974     1895    845     1230    2186    1503    910     859     883     1232    1575    2076    2411    2066    1999    1400    1114    698     
766    1983 1397    884     1884    605     1214    2216    1555    643     459     954     1199    1490    1958    2490    2191    1960    1529    1177    649     
766    1984 1299    897     1709    626     1084    2027    1449    666     560     787     1197    1270    1849    2195    2032    1699    1430    1220    656     
766    1985 1313    834     1853    528     1153    2091    1470    102     858     754     1275    1433    1848    2337    2081    2135    1610    661     640     
766    1986 1372    821     1830    559     1191    2121    1555    632     389     950     929     1684    1950    2241    2168    1986    1626    1051    775     
766    1987 1362    858     1875    550     1184    2102    1574    196     691     795     1354    1408    1845    2202    2252    2180    1571    972     838     
766    1988 1404    981     1852    820     1241    2119    1490    912     701     875     1235    1613    1913    2196    2242    1894    1617    955     661     
766    1989 1482    981     1923    725     1324    2266    1493    686     838     1111    1077    1776    2082    2365    2344    1873    1518    1087    969     
766    1990 1446    1089    1906    933     1341    2203    1489    713     1136    1115    1100    1802    1949    2349    2303    1911    1584    968     400     
766    1991 1359    877     1862    520     1194    2190    1442    598     565     1117    1099    1364    1849    2294    2418    2131    1287    915     617     
766    1992 1343    810     1816    550     1286    2065    1393    348     694     992     1173    1688    1700    2167    2317    1825    1231    1129    831     
766    1993 1352    917     1813    733     1259    2081    1310    709     652     930     1181    1662    1981    2036    2222    1782    1297    851     864     
766    1994 1473    947     1905    767     1311    2295    1514    690     745     1214    1040    1670    1986    2449    2439    1819    1484    1239    841     
766    1995 1446    1011    1875    811     1253    2222    1506    634     975     898     1255    1604    1918    2411    2327    1710    1750    1050    783     
766    1996 1388    1014    1830    788     1248    2146    1366    980     588     908     1254    1581    2063    2259    2113    1692    1431    972     774     
766    1997 1521    1028    1944    822     1452    2178    1613    706     1002    1276    1356    1720    1927    2199    2400    2044    1675    1117    792     
766    1998 1413    1059    1883    823     1319    2175    1368    777     908     1075    1161    1717    2010    2228    2283    1882    1437    784     648     
766    1999 1436    897     1950    702     1352    2207    1471    789     664     1034    1293    1726    1991    2321    2301    2048    1569    793     641     
766    2000 1452    926     1899    707     1360    2123    1493    569     927     1051    1248    1777    1999    2082    2283    1989    1457    1033    995     
766    2001 1446    1061    1901    855     1403    2230    1462    781     783     1290    1192    1722    2069    2265    2351    1788    1790    797     458     
766    2002 1464    983     1848    699     1340    2126    1523    735     925     1181    1308    1530    2077    2155    2145    1861    1569    1139    908     
766    2003 1530    983     2128    668     1406    2567    1506    479     613     1159    1341    1715    2448    2521    2728    1998    1385    1140    775     
766    2004 1423    933     1923    717     1223    2260    1507    684     690     916     1178    1575    2194    2280    2303    1998    1657    860     715     
766    2005 -999999 864     -999999 594     1268    2263    1511    608     445     861     1260    1682    2239    2369    2178    1968    1665    917     340     
766    2006 1519    -999999 2044    486     1403    2343    1716    543     583     1055    1391    1752    2192    2677    2156    2080    1780    1284    629     
766    2007 1454    1071    1941    789     1431    2151    1418    812     941     970     1593    1721    2057    2223    2170    1874    1497    880     664     
766    2008 1439    979     1905    829     1325    2185    1433    851     983     995     1262    1714    2022    2255    2274    1885    1496    914     598     
766    2009 1476    883     -999999 613     1333    2309    1604    558     691     1024    1230    1787    2152    2336    2433    1993    1602    1217    666     
766    2010 1361    893     1916    558     1236    2243    1419    415     591     835     1368    1509    2004    2433    2285    1883    1408    964     560     
766    2011 -999999 887     -999999 631     -999999 -999999 -999999 575     771     1037    1556    -999999 -999999 -999999 -999999 -999999 -999999 -999999 -999999 
