EUROPEAN CLIMATE ASSESSMENT & DATASET (ECA&D), file created on: 10-05-2011
THESE DATA CAN BE USED FREELY PROVIDED THAT THE FOLLOWING SOURCE IS ACKNOWLEDGED: 

Klein Tank, A.M.G. and Coauthors, 2002. Daily dataset of 20th-century surface
air temperature and precipitation series for the European Climate Assessment.
Int. J. of Climatol., 22, 1441-1453.
Data and metadata available at http://eca.knmi.nl

FILE FORMAT (MISSING VALUE CODE = -999999):

THIS FILE HOLDS DATA FOR STATION FRANCE                                   BEAUVAIS-TILLE                           (STAID:    762)
LATITUDE: dd:mm:ss +49:26:48
LONGITUDE: ddd:mm:ss +002:07:41
ELEVATION: m   89

DATA IS FOR INDEX Mean of daily mean temperature (TG) with unit 0.01 Temperature (&#176;C)

01-06 SOUID: Source identifier
08-11 YEAR : YYYY
13-20 ANNUAL DATA VALUES
21-28 WINTER HALF YEAR DATA VALUES
29-36 SUMMER HALF YEAR DATA VALUES
37-44 WINTER (DJF) DATA VALUES
45-52 SPRING (MAM) DATA VALUES
53-60 SUMMER (JJA) DATA VALUES
61-68 AUTUMN (SON) DATA VALUES
69-76 JANUARY DATA VALUES
etc. 
157-164 DECEMBER DATA VALUES

762    1931 -999999 -999999 -999999 -999999 -999999 -999999 -999999 -999999 -999999 -999999 -999999 -999999 -999999 -999999 -999999 -999999 -999999 -999999 348     
762    1932 -999999 -999999 -999999 -999999 -999999 -999999 -999999 462     -999999 -999999 -999999 -999999 -999999 -999999 -999999 -999999 -999999 -999999 440     
762    1933 957     -999999 1494    289     980     1738    1037    46      391     752     916     1271    1465    1848    1892    1557    1107    444     -242    
762    1934 1060    392     1526    91      919     1740    1126    295     233     501     1013    1247    1620    1911    1685    1671    1153    553     775     
762    1935 1010    640     1450    518     858     1724    1069    269     510     563     895     1117    1655    1815    1700    1511    1030    668     358     
762    1936 -999999 -999999 1408    -999999 901     1643    992     543     -999999 721     695     1279    1570    1664    1694    1532    852     596     316     
762    1937 1028    561     1482    483     944     1695    1006    493     657     465     960     1407    1539    1701    1835    1438    1098    478     254     
762    1938 -999999 601     1368    374     882     1650    -999999 516     350     889     680     1073    1561    1639    1746    1500    1049    -999999 -999999 
762    1939 -999999 -999999 -999999 -999999 -999999 -999999 -999999 -999999 -999999 -999999 -999999 -999999 -999999 -999999 -999999 -999999 -999999 -999999 -999999 
762    1940 -999999 -999999 -999999 -999999 -999999 -999999 -999999 -999999 -999999 -999999 -999999 -999999 -999999 -999999 -999999 -999999 -999999 -999999 -999999 
762    1941 -999999 -999999 -999999 -999999 -999999 -999999 -999999 -999999 -999999 -999999 -999999 -999999 -999999 -999999 -999999 -999999 -999999 -999999 -999999 
762    1942 -999999 -999999 -999999 -999999 -999999 -999999 -999999 -999999 -999999 -999999 -999999 -999999 -999999 -999999 -999999 -999999 -999999 -999999 -999999 
762    1943 -999999 -999999 -999999 -999999 -999999 -999999 -999999 -999999 -999999 -999999 -999999 -999999 -999999 -999999 -999999 -999999 -999999 -999999 -999999 
762    1944 -999999 -999999 -999999 -999999 -999999 -999999 -999999 -999999 -999999 -999999 -999999 -999999 -999999 -999999 -999999 -999999 -999999 701     351     
762    1945 1057    -999999 1546    258     1110    1715    1103    -235    699     788     1095    1445    1628    1808    1706    1584    1185    537     426     
762    1946 949     551     1421    338     937     1584    1060    -2      618     548     1007    1256    1378    1782    1585    1506    984     694     27      
762    1947 1051    361     1650    -43     1044    1883    1165    -2      -166    592     1096    1445    1673    1913    2057    1699    1047    752     422     
762    1948 1015    662     1428    437     1059    1603    983     565     316     852     976     1347    1516    1634    1656    1426    960     564     338     
762    1949 1074    542     1546    410     912     1735    1197    430     468     483     1135    1125    1477    1920    1800    1812    1226    552     425     
762    1950 1014    624     1487    411     961     1775    1043    179     651     712     817     1351    1749    1850    1725    1415    1025    689     -15     
762    1951 1009    521     1409    289     831     1632    1128    491     401     528     795     1170    1512    1736    1645    1584    963     844     402     
762    1952 992     582     1498    310     1088    1755    853     284     241     745     1094    1426    1619    1857    1784    1188    981     385     269     
762    1953 1026    445     1487    197     1024    1677    1075    24      307     687     979     1406    1525    1715    1785    1500    1136    586     612     
762    1954 967     540     1353    249     920     1548    1143    25      94      743     771     1242    1499    1520    1624    1450    1275    699     599     
762    1955 986     577     1463    379     816     1733    1014    262     266     335     967     1150    1537    1853    1804    1453    964     627     563     
762    1956 909     465     1359    183     892     1505    1039    385     -440    641     727     1303    1324    1685    1499    1599    1052    465     596     
762    1957 1041    684     1421    540     965     1721    1035    340     698     949     871     1073    1684    1836    1642    1413    1097    592     280     
762    1958 1007    550     1436    401     816     1638    1093    375     565     396     730     1319    1474    1693    1740    1641    1100    536     477     
762    1959 1086    564     1571    316     1046    1803    1132    212     251     777     1004    1356    1650    1912    1843    1647    1155    593     567     
762    1960 1020    632     1431    441     1003    1627    1095    339     416     705     917     1385    1629    1601    1652    1394    1084    808     292     
762    1961 1070    664     1503    432     1039    1634    1148    291     744     777     1185    1158    1536    1632    1732    1775    1146    524     328     
762    1962 902     529     1341    390     759     1572    972     472     369     318     876     1087    1454    1611    1647    1362    1092    457     42      
762    1963 853     282     1369    -175    881     1580    1127    -376    -192    628     917     1100    1524    1671    1543    1451    1054    879     -22     
762    1964 971     485     1481    175     917     1670    1025    52      518     440     891     1419    1529    1765    1710    1554    865     661     241     
762    1965 927     465     1334    207     898     1548    934     255     117     623     849     1221    1498    1523    1621    1281    1034    484     549     
762    1966 1020    584     1432    452     949     1616    1051    85      751     615     1029    1207    1659    1595    1595    1501    1185    464     541     
762    1967 1016    638     1412    477     907     1664    1087    326     575     728     803     1187    1448    1849    1689    1482    1247    528     297     
762    1968 952     551     1388    284     882     1617    1090    310     242     660     928     1061    1512    1646    1688    1486    1265    513     83      
762    1969 987     519     1452    238     914     1676    1121    498     122     597     857     1286    1486    1827    1708    1531    1201    630     35      
762    1970 995     495     1452    257     793     1698    1158    380     367     348     727     1303    1735    1620    1741    1580    1096    799     210     
762    1971 997     531     1468    310     906     1660    1017    334     394     350     966     1405    1401    1831    1742    1447    1049    555     446     
762    1972 948     584     1316    374     930     1538    959     234     447     763     885     1140    1307    1716    1585    1250    979     646     399     
762    1973 989     530     1463    329     839     1747    1028    268     320     554     732     1229    1625    1704    1907    1568    966     552     391     
762    1974 1028    615     1386    509     902     1625    946     641     495     633     917     1156    1520    1614    1737    1362    746     736     747     
762    1975 1007    648     1454    641     820     1740    1002    683     475     486     869     1105    1467    1795    1948    1521    895     596     205     
762    1976 1064    501     1575    352     874     1942    1092    476     377     455     807     1357    1898    2040    1885    1447    1198    626     169     
762    1977 995     610     1313    354     883     1550    1065    316     602     750     734     1162    1400    1688    1557    1325    1205    661     511     
762    1978 935     596     1317    330     875     1517    1049    255     212     696     716     1206    1417    1589    1541    1422    1154    567     384     
762    1979 948     447     1384    123     862     1602    1115    -183    173     562     826     1196    1518    1670    1616    1468    1197    676     604     
762    1980 958     626     1403    433     849     1613    1018    95      611     572     826     1149    1478    1587    1770    1597    967     492     348     
762    1981 1019    568     1436    330     1037    1633    1088    397     237     935     911     1262    1436    1688    1768    1540    1015    712     262     
762    1982 1070    557     1527    318     927     1770    1192    247     459     639     842     1295    1704    1883    1721    1704    1080    797     435     
762    1983 1071    636     1539    419     881     1910    1080    635     164     665     876     1102    1679    2146    1899    1517    1094    630     375     
762    1984 1009    553     1397    375     781     1691    1173    420     328     461     860     1025    1527    1744    1798    1417    1168    933     405     
762    1985 919     484     1434    103     893     1613    995     -235    143     474     924     1283    1448    1774    1611    1550    1085    347     571     
762    1986 968     448     1382    241     820     1702    1097    357     -252    507     639     1306    1706    1756    1645    1223    1275    788     561     
762    1987 950     514     1456    201     859     1633    1144    -236    287     399     1126    1062    1443    1724    1726    1650    1138    643     412     
762    1988 1075    664     1449    510     986     1643    1055    659     455     663     918     1374    1507    1651    1765    1462    1163    537     708     
762    1989 1132    719     1559    556     1084    1798    1177    402     559     925     831     1489    1598    1948    1842    1626    1332    568     409     
762    1990 1152    765     1530    598     1064    1809    1146    532     880     870     866     1448    1515    1867    2035    1423    1325    686     351     
762    1991 1011    631     1467    273     965     1719    1099    385     62      922     883     1086    1399    1827    1922    1670    1030    599     267     
762    1992 1048    565     1505    323     1034    1759    1033    254     458     775     885     1438    1559    1847    1865    1418    853     835     364     
762    1993 1018    593     1466    406     1042    1644    879     573     267     644     1100    1385    1629    1665    1638    1371    937     327     620     
762    1994 1146    625     1520    535     1019    1833    1196    568     404     865     877     1310    1583    2103    1805    1420    1081    1093    581     
762    1995 1122    767     1542    603     933     1875    1186    481     763     616     904     1279    1504    2074    2035    1429    1408    712     226     
762    1996 959     565     1425    235     854     1729    1036    286     190     546     953     1066    1640    1763    1783    1334    1152    620     151     
762    1997 1105    576     1543    250     1027    1843    1149    -40     680     904     857     1314    1611    1749    2162    1547    1095    807     547     
762    1998 1090    713     1525    517     1076    1715    1048    452     555     808     919     1495    1630    1677    1835    1578    1109    457     520     
762    1999 1158    663     1629    529     1116    1822    1160    611     449     807     1035    1502    1576    1989    1893    1759    1115    608     489     
762    2000 1133    671     1535    504     1071    1720    1189    396     635     780     950     1480    1648    1623    1886    1611    1166    792     618     
762    2001 1105    715     1522    516     1027    1817    1160    411     520     769     876     1431    1586    1897    1960    1355    1485    630     279     
762    2002 1160    746     1531    500     1053    1782    1183    485     763     830     1010    1318    1695    1794    1854    1506    1153    892     597     
762    2003 1149    699     1674    404     1112    2013    1100    280     328     918     1043    1373    1909    1946    2179    1576    900     832     453     
762    2004 1090    642     1539    482     968     1784    1173    469     528     672     1009    1223    1671    1756    1921    1644    1189    686     296     
762    2005 -999999 -999999 1575    353     1002    1798    1264    498     252     620     1042    1321    1752    1906    1733    1696    1509    607     361     
762    2006 1146    601     1634    308     967     1870    1370    247     316     538     942     1419    1681    2202    1720    1833    1438    852     528     
762    2007 1140    828     1578    653     1152    1753    1058    725     711     704     1277    1479    1764    1794    1701    1451    1053    670     349     
762    2008 1094    652     1528    500     1040    1768    1080    615     538     680     916     1519    1637    1823    1841    1413    1059    767     295     
762    2009 1115    -999999 1618    242     1079    1831    1277    63      383     663     1180    1397    1620    1895    1973    1633    1196    1006    336     
762    2010 990     604     1525    237     942     1850    1051    22      366     686     980     1161    1725    2072    1748    1449    1084    619     -73     
762    2011 -999999 569     -999999 302     -999999 -999999 -999999 410     598     777     1248    -999999 -999999 -999999 -999999 -999999 -999999 -999999 -999999 
