EUROPEAN CLIMATE ASSESSMENT & DATASET (ECA&D), file created on: 10-05-2011
THESE DATA CAN BE USED FREELY PROVIDED THAT THE FOLLOWING SOURCE IS ACKNOWLEDGED: 

Klein Tank, A.M.G. and Coauthors, 2002. Daily dataset of 20th-century surface
air temperature and precipitation series for the European Climate Assessment.
Int. J. of Climatol., 22, 1441-1453.
Data and metadata available at http://eca.knmi.nl

FILE FORMAT (MISSING VALUE CODE = -999999):

THIS FILE HOLDS DATA FOR STATION TURKEY                                   ISPARTA                                  (STAID:    346)
LATITUDE: dd:mm:ss +37:45:00
LONGITUDE: ddd:mm:ss +030:33:00
ELEVATION: m  997

DATA IS FOR INDEX Mean of daily mean temperature (TG) with unit 0.01 Temperature (&#176;C)

01-06 SOUID: Source identifier
08-11 YEAR : YYYY
13-20 ANNUAL DATA VALUES
21-28 WINTER HALF YEAR DATA VALUES
29-36 SUMMER HALF YEAR DATA VALUES
37-44 WINTER (DJF) DATA VALUES
45-52 SPRING (MAM) DATA VALUES
53-60 SUMMER (JJA) DATA VALUES
61-68 AUTUMN (SON) DATA VALUES
69-76 JANUARY DATA VALUES
etc. 
157-164 DECEMBER DATA VALUES

346    1929 -999999 -999999 1895    -999999 1091    2262    1308    63      -3      334     1115    1825    2035    2246    2497    1624    1282    1018    473     
346    1930 1273    720     1809    399     1103    2148    1363    353     368     799     1067    1441    1818    2281    2335    1893    1341    857     659     
346    1931 1200    710     1793    465     1003    2150    1290    292     442     648     914     1443    1835    2314    2292    1935    1362    571     290     
346    1932 -999999 -999999 1786    -999999 985     2122    1513    2       -999999 591     954     1408    1920    2243    2198    1979    1765    788     274     
346    1933 -999999 -999999 1616    260     826     2001    1349    134     369     458     706     1311    1737    2056    2201    1662    1255    1133    331     
346    1934 -999999 -999999 1773    -999999 1177    2052    1355    226     -999999 826     1228    1478    1832    2129    2187    1768    1336    960     410     
346    1935 1291    649     1909    337     1110    2226    1365    245     360     559     1011    1757    2093    2246    2334    1991    1415    688     688     
346    1936 1210    -999999 1745    547     1091    2099    1291    493     442     764     1158    1352    1741    2218    2325    1653    1403    813     52      
346    1937 -999999 -999999 1880    175     1169    2200    1483    -69     545     940     1129    1437    1911    2405    2276    2104    1369    979     555     
346    1938 1191    595     1828    269     948     2240    1293    87      149     383     1006    1457    1998    2352    2362    1773    1396    707     510     
346    1939 1222    606     1804    353     1065    2050    1402    315     223     455     1118    1624    1765    2213    2161    1924    1534    745     517     
346    1940 -999999 -999999 1752    396     988     2107    1389    181     468     559     1079    1314    1854    2266    2192    1787    1470    908     501     
346    1941 -999999 -999999 1850    494     1148    2181    1164    414     570     576     1172    1695    2000    2252    2285    1673    1152    666     65      
346    1942 -999999 -999999 1851    -999999 1184    2174    1279    -999999 421     759     1132    1645    2116    2185    2219    1792    1260    785     382     
346    1943 1226    -999999 1782    240     923     2133    1540    126     207     429     905     1416    1843    2187    2358    1962    1550    1108    465     
346    1944 1211    696     1809    300     1060    2127    1358    83      347     593     1190    1401    2001    2216    2159    1875    1414    784     409     
346    1945 -999999 -999999 1880    246     1041    2173    1352    220     81      298     913     1860    1930    2231    2349    1969    1197    896     297     
346    1946 1232    558     1824    264     1000    2113    1463    247     246     445     1060    1496    1900    2207    2226    2040    1213    1144    505     
346    1947 1308    756     1886    379     1314    2191    1292    140     503     1017    1314    1610    2042    2305    2221    1809    1246    822     614     
346    1948 -999999 621     1819    485     884     2197    1342    565     263     199     963     1494    1851    2351    2379    1851    1352    786     4       
346    1949 -999999 -999999 1705    -999999 938     2063    1361    -999999 67      374     748     1687    1909    2134    2142    1583    1396    1103    559     
346    1950 -999999 -999999 1854    -999999 1136    2086    1359    -999999 -999999 592     1371    1452    1863    2216    2172    2041    1191    851     718     
346    1951 1234    738     1842    523     1184    2109    1291    306     548     801     1181    1572    1869    2181    2269    1962    1114    803     135     
346    1952 1300    557     1883    300     1040    2157    1526    340     428     510     1169    1447    1845    2222    2395    2206    1492    880     645     
346    1953 1150    646     1805    455     856     2178    1262    337     374     131     1082    1361    1889    2320    2317    1844    1392    547     121     
346    1954 -999999 -999999 1868    -999999 1051    2305    1407    108     311     773     914     1460    2106    2402    2400    1907    1421    895     445     
346    1955 1339    791     1854    548     1119    2212    1439    505     710     764     918     1669    2180    2257    2199    1882    1552    880     511     
346    1956 1208    664     1868    388     978     2273    1279    357     289     370     1156    1415    1969    2338    2501    1809    1276    751     171     
346    1957 1301    598     1893    264     1088    2268    1479    96      551     728     1144    1394    2009    2349    2439    2008    1590    835     420     
346    1958 1297    747     1840    432     1146    2178    1356    334     553     734     1082    1620    1936    2220    2369    1791    1343    936     593     
346    1959 1168    616     1781    266     1084    2107    1215    372     -213    594     1098    1561    1917    2229    2168    1693    1176    776     541     
346    1960 1328    -999999 1835    467     1103    2110    1540    362     503     578     1088    1643    1863    2254    2205    1939    1644    1035    715     
346    1961 1265    -999999 1863    425     1100    2243    1311    290     246     524     1196    1583    1972    2355    2395    1651    1357    924     544     
346    1962 1375    728     1943    413     1154    2339    1543    387     295     828     1000    1629    2032    2411    2564    1994    1425    1213    639     
346    1963 1293    789     1850    544     960     2232    1468    415     582     454     1057    1373    1963    2291    2434    1963    1436    1006    503     
346    1964 1241    -999999 1794    266     1065    2163    1408    43      220     746     1059    1388    1897    2343    2240    1815    1518    886     539     
346    1965 1284    -999999 1902    385     1069    2276    1375    294     308     724     1015    1466    2101    2374    2347    2094    1198    840     488     
346    1966 1397    715     1931    519     1127    2315    1615    412     671     683     1194    1505    2007    2404    2525    1931    1652    1262    469     
346    1967 -999999 -999999 1797    276     1017    2133    1302    252     87      531     1007    1512    1845    2225    2320    1851    1346    707     608     
346    1968 1291    -999999 1909    405     1267    2143    1342    172     435     582     1386    1836    1920    2376    2126    1790    1312    925     529     
346    1969 1296    695     1866    378     1091    2215    1457    171     441     775     795     1694    2083    2155    2401    2047    1399    926     600     
346    1970 1271    808     1854    562     1183    2201    1238    504     586     816     1307    1430    2058    2368    2173    1773    1124    821     221     
346    1971 1180    -999999 1739    374     1010    2061    1243    563     326     625     927     1475    1877    2184    2117    1838    1114    780     181     
346    1972 -999999 -999999 1772    -999999 1116    2027    1256    -1      173     656     1213    1482    1873    2128    2075    1847    1275    645     194     
346    1973 -999999 -999999 1784    -999999 1012    2076    1267    241     376     484     967     1584    1797    2232    2189    1913    1364    522     393     
346    1974 -999999 -999999 1690    -999999 1043    2051    1321    -999999 -999999 812     879     1432    1921    2162    2067    1661    1532    764     225     
346    1975 -999999 -999999 1744    185     1094    2042    1233    95      249     727     1173    1386    1814    2198    2106    1769    1227    704     133     
346    1976 -999999 -999999 1637    -999999 1013    1928    1281    157     -999999 624     963     1450    1769    2019    1990    1614    1371    857     364     
346    1977 1206    -999999 1801    370     1038    2146    1289    199     554     594     1029    1490    1876    2262    2291    1834    1079    961     198     
346    1978 1197    634     1725    368     1063    2059    1213    357     567     646     994     1548    1835    2290    2045    1616    1397    619     397     
346    1979 1217    -999999 1733    420     1063    2032    1344    321     548     748     998     1442    1861    2068    2160    1852    1359    819     325     
346    1980 1153    553     1734    206     940     2126    1287    70      219     498     958     1363    1874    2294    2203    1692    1310    859     431     
346    1981 1197    651     1722    312     1003    2092    1301    261     238     777     996     1235    1947    2187    2136    1819    1487    567     622     
346    1982 -999999 -999999 1660    376     946     1923    1206    367     84      455     994     1391    1769    1925    2072    1799    1269    548     343     
346    1983 -999999 -999999 1657    -999999 1004    1904    1234    -999999 -999999 533     1020    1460    1679    2046    1978    1742    1124    840     440     
346    1984 1136    638     1666    430     972     1952    1278    376     478     568     821     1523    1871    2093    1889    1785    1330    717     126     
346    1985 -999999 -999999 1783    -999999 1137    2064    1268    478     -999999 694     1118    1555    1857    2042    2287    1820    1055    938     317     
346    1986 1223    652     1834    386     1085    2184    1241    397     450     748     1213    1299    1844    2332    2365    1932    1259    530     255     
346    1987 -999999 -999999 1729    384     841     2077    1269    421     486     251     839     1377    1837    2253    2133    1919    1213    676     422     
346    1988 1188    -999999 1828    357     1038    2174    1172    304     347     442     1075    1540    1904    2350    2260    1814    1203    497     384     
346    1989 1210    -999999 1870    212     1240    2148    1256    -17     282     788     1421    1518    1836    2304    2292    1831    1185    755     177     
346    1990 -999999 -999999 1801    -999999 1078    2177    1375    -999999 332     753     1043    1437    1879    2406    2237    1782    1404    938     514     
346    1991 -999999 -999999 1820    -999999 1090    2212    1340    229     341     896     1057    1316    2009    2292    2330    1899    1350    771     67      
346    1992 -999999 -999999 1745    -999999 958     2076    1327    -263    -126    385     1039    1452    1882    2048    2292    1740    1558    676     83      
346    1993 1192    -999999 1814    -999999 982     2184    1353    -28     86      530     1053    1365    1948    2250    2348    1903    1530    622     505     
346    1994 1299    698     1935    454     1170    2188    1461    483     365     648     1250    1616    1957    2310    2290    2172    1556    652     224     
346    1995 1231    662     1837    372     1018    2207    1245    378     528     618     905     1526    2146    2174    2299    1953    1258    471     413     
346    1996 -999999 -999999 1847    -999999 1015    2251    1288    256     474     487     868     1685    2020    2417    2308    1752    1172    942     629     
346    1997 1187    -999999 1740    439     919     2112    1295    364     296     382     662     1705    1994    2263    2074    1711    1324    848     462     
346    1998 1307    619     1932    390     1028    2318    1471    245     471     356     1235    1499    2007    2438    2498    1895    1500    1016    471     
346    1999 1332    742     1920    413     1180    2240    1433    405     356     676     1125    1736    1984    2366    2363    1925    1511    859     596     
346    2000 -999999 -999999 1904    -999999 1053    2277    1369    -49     226     463     1193    1507    2029    2475    2319    1884    1267    960     356     
346    2001 1356    766     1949    406     1252    2363    1374    417     450     1121    1101    1528    2115    2506    2459    1964    1396    761     377     
346    2002 -999999 697     1793    373     1126    2184    1327    104     666     874     1000    1501    2013    2319    2214    1688    1393    899     236     
346    2003 1249    -999999 1858    -999999 1017    2229    1381    631     72      416     972     1662    2055    2292    2335    1809    1484    847     278     
346    2004 -999999 -999999 1836    269     1110    2171    1409    165     366     768     1074    1497    1949    2307    2251    1911    1512    817     400     
346    2005 1256    -999999 1870    357     1126    2248    1229    390     276     714     1105    1546    1966    2402    2368    1808    1197    682     477     
346    2006 -999999 -999999 1912    279     1130    2292    1347    80      294     703     1179    1510    2049    2307    2512    1908    1409    698     326     
346    2007 1296    -999999 1933    280     1136    2335    1401    173     348     744     937     1719    2121    2435    2443    1914    1456    832     330     
346    2008 1312    647     1957    207     1221    2343    1420    65      227     922     1243    1500    2126    2396    2503    1970    1336    956     454     
346    2009 1298    697     1850    431     1053    2234    1399    398     442     583     1107    1472    2063    2349    2286    1808    1548    836     619     
346    2010 1419    831     1978    563     1244    2322    1510    477     596     888     1179    1663    1905    2424    2624    2049    1307    1179    683     
346    2011 -999999 775     -999999 493     -999999 -999999 -999999 348     444     669     1055    -999999 -999999 -999999 -999999 -999999 -999999 -999999 -999999 
