EUROPEAN CLIMATE ASSESSMENT & DATASET (ECA&D), file created on: 10-05-2011
THESE DATA CAN BE USED FREELY PROVIDED THAT THE FOLLOWING SOURCE IS ACKNOWLEDGED: 

Klein Tank, A.M.G. and Coauthors, 2002. Daily dataset of 20th-century surface
air temperature and precipitation series for the European Climate Assessment.
Int. J. of Climatol., 22, 1441-1453.
Data and metadata available at http://eca.knmi.nl

FILE FORMAT (MISSING VALUE CODE = -999999):

THIS FILE HOLDS DATA FOR STATION FINLAND                                  ROVANIEMI AIRPORT/RO                     (STAID:    733)
LATITUDE: dd:mm:ss +66:34:11
LONGITUDE: ddd:mm:ss +025:49:48
ELEVATION: m  195

DATA IS FOR INDEX Mean of daily mean temperature (TG) with unit 0.01 Temperature (&#176;C)

01-06 SOUID: Source identifier
08-11 YEAR : YYYY
13-20 ANNUAL DATA VALUES
21-28 WINTER HALF YEAR DATA VALUES
29-36 SUMMER HALF YEAR DATA VALUES
37-44 WINTER (DJF) DATA VALUES
45-52 SPRING (MAM) DATA VALUES
53-60 SUMMER (JJA) DATA VALUES
61-68 AUTUMN (SON) DATA VALUES
69-76 JANUARY DATA VALUES
etc. 
157-164 DECEMBER DATA VALUES

733    1959 155     -999999 893     -999999 79      1425    26      -1206   -530    -246    -229    701     1297    1572    1403    583     32      -536    -1034   
733    1960 115     -820    1097    -1272   144     1575    -94     -1417   -1371   -617    40      1007    1410    1855    1454    785     -345    -714    -763    
733    1961 208     -654    891     -789    -113    1465    388     -900    -693    -512    -278    447     1487    1639    1271    756     603     -202    -1175   
733    1962 -29     -703    756     -1120   -240    1097    177     -1201   -971    -1284   37      535     1012    1229    1046    658     127     -253    -1320   
733    1963 39      -893    966     -1369   -29     1248    161     -1388   -1403   -1151   -6      1069    1050    1331    1355    964     138     -618    -978    
733    1964 86      -685    810     -978    -77     1257    121     -678    -1300   -710    -151    628     1084    1442    1240    586     364     -594    -950    
733    1965 -34     -701    783     -1048   -213    1199    15      -1083   -1119   -858    -44     268     1190    1282    1125    867     112     -938    -1282   
733    1966 -141    -1213   799     -1729   -371    1369    31      -1864   -2075   -1306   -341    534     1430    1495    1184    464     -125    -240    -977    
733    1967 77      -721    929     -1230   84      1365    314     -1773   -908    -304    -17     570     1163    1439    1488    910     95      -54     -1726   
733    1968 -110    -939    732     -1679   -162    1243    -255    -1819   -1478   -660    -132    306     1283    1244    1203    470     -541    -686    -555    
733    1969 -31     -952    825     -1189   -280    1402    72      -1389   -1670   -934    -207    303     1206    1496    1497    624     171     -583    -1013   
733    1970 33      -828    905     -1347   -118    1495    -2      -1277   -1794   -560    -348    547     1516    1603    1365    719     90      -817    -793    
733    1971 -60     -817    777     -1031   -321    1304    -179    -999    -1331   -1100   -344    479     1220    1411    1278    590     -86     -1044   -899    
733    1972 184     -788    973     -1005   -76     1574    16      -1045   -1076   -602    -109    482     1491    1829    1398    723     48      -724    -269    
733    1973 42      -516    904     -642    -18     1496    -270    -709    -981    -510    -87     542     1398    1896    1192    456     -348    -916    -1504   
733    1974 239     -796    951     -1033   -7      1437    161     -874    -688    -437    -45     458     1412    1553    1344    967     41      -522    -407    
733    1975 153     -472    846     -704    143     1178    175     -977    -731    -261    -93     776     1054    1361    1116    840     70      -383    -1001   
733    1976 -46     -804    823     -1223   -55     1261    -169    -1633   -1022   -859    -95     787     1054    1383    1339    438     -249    -694    -1035   
733    1977 -30     -847    710     -1161   -171    1189    -26     -1145   -1316   -681    -254    419     1020    1427    1114    508     -92     -491    -965    
733    1978 -95     -819    794     -1240   -69     1236    -43     -1231   -1553   -641    -231    658     1189    1431    1085    603     -89     -642    -1821   
733    1979 34      -1000   884     -1586   -47     1396    5       -1600   -1308   -555    -261    669     1332    1491    1363    680     -203    -456    -833    
733    1980 -39     -872    952     -1234   -82     1432    -139    -1435   -1447   -882    77      563     1544    1542    1214    756     -88     -1088   -1272   
733    1981 -72     -1002   791     -1217   -225    1173    83      -1084   -1303   -1213   -162    703     968     1464    1079    667     140     -560    -1646   
733    1982 71      -843    794     -1408   1       1195    153     -1685   -837    -457    -43     502     840     1530    1205    701     24      -262    -716    
733    1983 80      -585    942     -902    123     1282    -49     -901    -1110   -585    142     811     1190    1523    1129    837     61      -1050   -1173   
733    1984 121     -827    912     -1048   70      1262    33      -1241   -709    -849    31      1026    1259    1365    1161    602     90      -596    -715    
733    1985 -169    -986    819     -1604   -173    1357    50      -2092   -2047   -644    -290    410     1257    1520    1291    699     166     -719    -1711   
733    1986 9       -931    819     -1576   41      1333    159     -1666   -1326   -359    -204    678     1519    1509    975     414     235     -174    -1580   
733    1987 -77     -939    779     -1625   -136    1181    152     -1915   -1356   -860    -110    563     1163    1358    1022    659     542     -758    -1314   
733    1988 89      -710    978     -1140   -51     1493    25      -1027   -1074   -653    -231    724     1426    1783    1266    872     81      -879    -1269   
733    1989 240     -615    997     -905    271     1376    124     -746    -676    -215    249     779     1397    1444    1288    809     -34     -398    -1077   
733    1990 171     -607    900     -927    106     1335    -47     -1399   -238    -452    159     612     1191    1467    1343    607     70      -821    -518    
733    1991 92      -729    825     -991    -106    1345    135     -1054   -1444   -681    0       367     1092    1534    1400    532     103     -229    -627    
733    1992 130     -389    845     -646    56      1232    -213    -686    -624    -284    -360    798     1436    1264    1002    911     -688    -844    -397    
733    1993 79      -678    780     -657    11      1213    -90     -810    -777    -568    -137    734     912     1529    1189    412     -224    -453    -934    
733    1994 112     -831    935     -1225   8       1404    73      -1350   -1409   -659    206     485     1212    1623    1370    694     56      -532    -460    
733    1995 117     -451    872     -647    34      1359    -1      -790    -696    -309    -65     474     1468    1327    1287    725     155     -888    -1339   
733    1996 118     -768    840     -1142   -68     1368    198     -777    -1320   -476    -135    404     1133    1394    1569    645     267     -320    -1029   
733    1997 136     -599    930     -1022   -143    1553    48      -1048   -987    -505    -375    445     1393    1767    1492    825     -103    -571    -791    
733    1998 1       -806    831     -1110   -175    1302    22      -984    -1603   -855    -224    553     1139    1621    1139    731     143     -812    -964    
733    1999 112     -798    961     -1206   31      1386    305     -1467   -1185   -541    166     474     1507    1547    1107    956     227     -265    -1243   
733    2000 228     -641    953     -1078   54      1381    382     -1036   -947    -590    15      737     1227    1621    1292    802     473     -130    -766    
733    2001 115     -536    959     -880    -135    1433    125     -634    -1278   -938    12      527     1416    1591    1292    897     119     -640    -1083   
733    2002 112     -680    1066    -1015   161     1567    -202    -1167   -771    -543    236     793     1492    1699    1506    644     -212    -1037   -1351   
733    2003 184     -891    991     -1281   145     1471    186     -1735   -703    -296    -31     755     1166    1929    1308    787     80      -306    -798    
733    2004 188     -590    974     -941    117     1375    119     -987    -1043   -505    168     690     1166    1659    1294    844     104     -592    -596    
733    2005 -999999 -999999 1016    -699    -29     1527    366     -661    -857    -801    133     538     1349    1775    1452    817     329     -47     -894    
733    2006 218     -999999 1082    -984    28      1530    88      -854    -1222   -962    209     843     1360    1572    1654    831     -75     -487    -358    
733    2007 233     -591    951     -968    222     1414    206     -1050   -1553   -113    128     648     1322    1507    1411    668     409     -465    -261    
733    2008 196     -400    841     -556    -28     1256    118     -716    -701    -688    10      595     1183    1468    1115    641     213     -511    -317    
733    2009 186     -999999 1020    -781    122     1412    208     -989    -1064   -544    -24     928     1240    1500    1492    954     -161    -157    -1023   
733    2010 49      -824    1017    -1300   123     1367    70      -1416   -1479   -752    182     941     1170    1696    1230    855     235     -886    -1295   
733    2011 -999999 -839    -999999 -1330   -999999 -999999 -999999 -1157   -1559   -441    319     -999999 -999999 -999999 -999999 -999999 -999999 -999999 -999999 
