EUROPEAN CLIMATE ASSESSMENT & DATASET (ECA&D), file created on: 10-05-2011
THESE DATA CAN BE USED FREELY PROVIDED THAT THE FOLLOWING SOURCE IS ACKNOWLEDGED: 

Klein Tank, A.M.G. and Coauthors, 2002. Daily dataset of 20th-century surface
air temperature and precipitation series for the European Climate Assessment.
Int. J. of Climatol., 22, 1441-1453.
Data and metadata available at http://eca.knmi.nl

FILE FORMAT (MISSING VALUE CODE = -999999):

THIS FILE HOLDS DATA FOR STATION SWEDEN                                   SATENAS                                  (STAID:   1416)
LATITUDE: dd:mm:ss +58:26:08
LONGITUDE: ddd:mm:ss +012:42:27
ELEVATION: m   54

DATA IS FOR INDEX Mean of daily mean temperature (TG) with unit 0.01 Temperature (&#176;C)

01-06 SOUID: Source identifier
08-11 YEAR : YYYY
13-20 ANNUAL DATA VALUES
21-28 WINTER HALF YEAR DATA VALUES
29-36 SUMMER HALF YEAR DATA VALUES
37-44 WINTER (DJF) DATA VALUES
45-52 SPRING (MAM) DATA VALUES
53-60 SUMMER (JJA) DATA VALUES
61-68 AUTUMN (SON) DATA VALUES
69-76 JANUARY DATA VALUES
etc. 
157-164 DECEMBER DATA VALUES

1416   1961 -999999 -999999 1238    -999999 718     1503    923     -250    155     504     589     1023    1554    1532    1424    1299    1070    395     -238    
1416   1962 544     115     1042    -108    235     1335    707     -25     -57     -462    385     786     1299    1407    1298    1065    886     163     -255    
1416   1963 525     -190    1201    -652    378     1521    803     -945    -766    -269    368     1035    1493    1565    1502    1225    800     383     -175    
1416   1964 643     102     1181    -153    521     1422    717     -33     -259    -116    548     1132    1366    1455    1444    1127    660     366     -7      
1416   1965 553     101     1111    -102    395     1374    660     -107    -201    -124    458     852     1398    1370    1355    1224    860     -111    -389    
1416   1966 518     -188    1136    -641    368     1521    692     -612    -952    2       116     980     1579    1557    1429    1138    685     254     -63     
1416   1967 688     135     1189    -178    594     1502    859     -378    -83     379     453     946     1338    1614    1549    1215    895     465     -195    
1416   1968 621     79      1254    -337    547     1581    653     -454    -364    113     663     870     1591    1554    1599    1240    679     40      -115    
1416   1969 562     -150    1264    -326    211     1663    765     -235    -661    -650    383     904     1613    1668    1708    1293    838     162     -364    
1416   1970 495     -208    1154    -692    295     1563    662     -680    -1068   -208    134     954     1675    1477    1541    1127    732     124     21      
1416   1971 682     103     1178    -26     427     1502    723     -89     -10     -170    360     1087    1336    1657    1508    1098    834     232     278     
1416   1972 671     140     1194    -92     499     1552    702     -417    -139    35      497     965     1408    1767    1476    1029    711     367     324     
1416   1973 692     315     1233    141     600     1619    527     6       86      377     406     1012    1530    1796    1529    1103    447     34      -65     
1416   1974 742     138     1221    63      601     1478    713     108     154     145     651     1009    1417    1508    1506    1221    557     366     231     
1416   1975 810     256     1312    168     550     1666    825     255     3       104     429     1113    1418    1720    1851    1319    813     343     280     
1416   1976 626     135     1233    -54     451     1613    671     -282    -167    -189    469     1075    1479    1757    1598    999     634     381     -265    
1416   1977 614     7       1126    -360    448     1474    771     -328    -501    81      243     1014    1479    1509    1436    1055    878     375     37      
1416   1978 595     125     1137    -162    432     1486    816     -36     -521    -40     333     1001    1498    1483    1478    1011    810     628     -582    
1416   1979 516     -99     1140    -675    420     1459    669     -635    -824    -38     360     937     1496    1485    1395    1155    559     295     -87     
1416   1980 580     -77     1230    -375    420     1554    656     -399    -656    -201    472     992     1511    1623    1526    1245    600     124     78      
1416   1981 569     65      1151    -80     496     1378    676     -182    -142    -110    454     1142    1238    1479    1413    1159    627     245     -532    
1416   1982 670     -55     1220    -488    567     1539    812     -697    -208    228     532     939     1303    1702    1605    1217    762     458     136     
1416   1983 721     258     1216    48      564     1526    761     301     -329    168     542     980     1338    1666    1569    1179    814     289     44      
1416   1984 681     142     1168    -67     508     1474    766     -148    -98     -58     497     1085    1318    1557    1541    986     916     392     154     
1416   1985 478     -5      1077    -444    378     1428    650     -675    -853    -35     207     955     1323    1520    1439    993     897     53      -199    
1416   1986 592     -19     1105    -412    497     1455    735     -362    -703    137     231     1115    1469    1549    1348    898     747     558     17      
1416   1987 451     -72     1019    -407    259     1267    654     -907    -321    -529    474     838     1118    1421    1258    989     732     238     59      
1416   1988 689     187     1242    82      460     1565    664     148     36      -96     356     1118    1598    1618    1480    1264    624     106     -4      
1416   1989 830     331     1253    265     713     1539    785     430     379     448     562     1124    1469    1704    1442    1198    823     332     15      
1416   1990 837     407     1277    247     807     1568    686     291     455     528     698     1189    1487    1598    1617    1050    743     264     93      
1416   1991 733     199     1219    -36     597     1515    788     30      -253    274     570     945     1150    1748    1636    1239    723     403     245     
1416   1992 767     334     1297    183     680     1631    608     158     143     321     426     1285    1696    1702    1498    1158    417     255     115     
1416   1993 647     169     1141    58      671     1352    540     53      0       159     589     1261    1327    1417    1312    922     579     117     -18     
1416   1994 703     13      1296    -256    601     1651    713     -83     -711    128     651     1025    1316    1963    1664    1134    641     366     224     
1416   1995 686     225     1222    49      518     1596    755     -207    140     185     416     951     1389    1643    1748    1162    979     116     -333    
1416   1996 566     -33     1158    -405    397     1546    726     -342    -548    -98     494     797     1384    1483    1767    1005    831     338     -364    
1416   1997 719     135     1304    -216    534     1738    675     -301    41      261     437     901     1504    1755    1946    1258    555     217     5       
1416   1998 660     205     1156    105     543     1396    609     25      304     133     426     1067    1301    1490    1394    1241    662     -77     -75     
1416   1999 738     77      1279    -99     586     1528    923     -103    -122    155     673     933     1370    1686    1521    1479    793     503     -82     
1416   2000 814     271     1237    50      693     1461    925     96      141     174     693     1212    1361    1530    1488    1118    1024    629     281     
1416   2001 692     255     1252    -5      488     1576    853     -30     -294    -119    475     1107    1362    1758    1601    1184    1022    347     -184    
1416   2002 765     304     1393    54      711     1725    607     86      284     271     645     1213    1541    1724    1905    1305    432     89      -351    
1416   2003 723     -27     1319    -316    604     1675    725     -266    -333    242     495     1073    1534    1823    1665    1307    468     409     191     
1416   2004 725     134     1285    -72     668     1524    750     -336    -72     141     708     1155    1351    1499    1716    1265    740     246     259     
1416   2005 752     205     1277    115     502     1581    866     192     -128    -109    609     1010    1402    1774    1562    1290    823     486     49      
1416   2006 773     23      1394    -220    361     1743    1038    -375    -347    -520    503     1105    1571    1936    1716    1515    1007    593     492     
1416   2007 787     426     1297    186     745     1573    714     198     -167    382     794     1062    1563    1557    1600    1196    659     290     244     
1416   2008 806     317     1293    268     672     1586    757     251     311     143     678     1194    1471    1755    1530    1109    814     347     47      
1416   2009 718     182     1325    -91     705     1565    778     -71     -265    183     845     1090    1370    1701    1617    1315    533     493     -255    
1416   2010 493     -120    1259    -557    493     1605    599     -760    -666    -97     596     982     1400    1806    1603    1148    626     22      -823    
1416   2011 -999999 -95     -999999 -468    -999999 -999999 -999999 -243    -326    154     923     -999999 -999999 -999999 -999999 -999999 -999999 -999999 -999999 
