EUROPEAN CLIMATE ASSESSMENT & DATASET (ECA&D), file created on: 10-05-2011
THESE DATA CAN BE USED FREELY PROVIDED THAT THE FOLLOWING SOURCE IS ACKNOWLEDGED: 

Klein Tank, A.M.G. and Coauthors, 2002. Daily dataset of 20th-century surface
air temperature and precipitation series for the European Climate Assessment.
Int. J. of Climatol., 22, 1441-1453.
Data and metadata available at http://eca.knmi.nl

FILE FORMAT (MISSING VALUE CODE = -999999):

THIS FILE HOLDS DATA FOR STATION POLAND                                   SLUBICE                                  (STAID:    779)
LATITUDE: dd:mm:ss +52:21:00
LONGITUDE: ddd:mm:ss +014:36:00
ELEVATION: m   21

DATA IS FOR INDEX Mean of daily mean temperature (TG) with unit 0.01 Temperature (&#176;C)

01-06 SOUID: Source identifier
08-11 YEAR : YYYY
13-20 ANNUAL DATA VALUES
21-28 WINTER HALF YEAR DATA VALUES
29-36 SUMMER HALF YEAR DATA VALUES
37-44 WINTER (DJF) DATA VALUES
45-52 SPRING (MAM) DATA VALUES
53-60 SUMMER (JJA) DATA VALUES
61-68 AUTUMN (SON) DATA VALUES
69-76 JANUARY DATA VALUES
etc. 
157-164 DECEMBER DATA VALUES

779    1961 878     -999999 1465    -999999 907     1696    1028    -302    282     587     1008    1130    1792    1661    1638    1559    1134    387     -354    
779    1962 750     188     1363    -127    683     1596    849     60      -83     -39     1043    1058    1489    1588    1708    1283    861     403     -417    
779    1963 730     -159    1556    -767    769     1844    1043    -1116   -768    40      877     1395    1719    1957    1852    1517    904     711     -416    
779    1964 803     77      1525    -335    682     1835    867     -303    -283    -156    828     1378    1936    1888    1684    1426    780     399     28      
779    1965 747     155     1383    -123    628     1651    787     9       -436    99      720     1066    1681    1650    1622    1556    847     -44     112     
779    1966 -999999 -999999 1480    -999999 879     1756    924     -438    -999999 393     877     1367    1821    1739    1709    1336    1154    259     242     
779    1967 -999999 -999999 1491    -999999 925     1759    1101    -38     234     644     706     1399    1602    1945    1725    1546    1226    486     137     
779    1968 -999999 -999999 1472    -999999 882     1764    972     -130    39      524     969     1145    1796    1724    1772    1420    1019    459     -356    
779    1969 -999999 -999999 1475    -999999 694     1760    1013    -999999 -282    -81     747     1391    1615    1962    1695    1423    977     624     -739    
779    1970 -999999 -999999 1400    -999999 630     1754    905     -595    -999999 36      622     1213    1769    1738    1756    1281    892     529     124     
779    1971 -999999 -999999 1467    -999999 790     1773    -999999 -255    -999999 108     794     1468    1507    1861    1944    1201    928     -999999 -999999 
779    1972 -999999 -999999 1395    -999999 854     1744    750     -481    80      512     806     1230    1600    1959    1663    1097    648     497     7       
779    1973 -999999 -999999 1410    -999999 797     1723    816     -999999 -999999 485     587     1310    1631    1815    1719    1373    711     353     -11     
779    1974 -999999 -999999 1366    -999999 813     1625    864     -999999 329     524     763     1152    1478    1626    1767    1392    657     524     492     
779    1975 -999999 -999999 1509    -999999 794     1803    886     495     0       353     712     1314    1591    1930    1880    1610    781     249     224     
779    1976 -999999 -999999 -999999 -999999 679     1723    -999999 -999999 -999999 81      686     1272    1642    1919    1611    1297    863     519     -58     
779    1977 -999999 -999999 1351    -999999 835     1680    937     -999999 -999999 626     627     1238    1719    1678    1643    1196    965     630     -999999 
779    1978 -999999 -999999 1343    -999999 835     1630    920     74      -999999 550     677     1237    1581    1662    1645    1241    965     552     -232    
779    1979 -999999 -999999 1431    -999999 828     1682    -999999 -372    -425    354     734     1391    1835    1513    1704    1378    707     -999999 394     
779    1980 -999999 -999999 -999999 -999999 636     1624    876     -598    -999999 215     620     1060    1579    1642    1649    1344    887     343     155     
779    1981 -999999 -999999 1453    -999999 957     1703    946     -127    67      676     733     1446    1680    1753    1676    1414    898     510     -385    
779    1982 -999999 -999999 1520    -999999 837     1843    1096    -368    -114    514     656     1326    1699    1924    1902    1592    1035    634     252     
779    1983 -999999 -999999 1552    -999999 960     1845    952     490     -208    564     968     1349    1661    2048    1820    1450    973     375     3       
779    1984 -999999 -999999 1373    -999999 765     1612    924     115     -8      199     786     1294    1442    1636    1753    1310    1082    355     -57     
779    1985 -999999 -999999 -999999 -999999 888     1668    846     -640    -999999 345     819     1518    1447    1783    1776    1351    906     192     400     
779    1986 -999999 -999999 1423    -999999 856     1707    914     -20     -895    301     713     1531    1609    1813    1697    1149    924     661     211     
779    1987 -999999 -999999 1385    -999999 639     1632    -999999 -760    -130    -82     878     1089    1533    1756    1603    1429    927     -999999 181     
779    1988 -999999 -999999 1502    -999999 885     1750    876     319     283     282     829     1523    1616    1871    1758    1394    961     203     -999999 
779    1989 -999999 -999999 1524    -999999 989     1766    974     276     438     685     873     1405    1615    1879    1798    1557    1129    232     190     
779    1990 -999999 -999999 1466    -999999 1017    1744    907     359     -999999 770     856     1413    1666    1730    1833    1249    977     491     67      
779    1991 -999999 -999999 1433    -19     787     1770    925     152     -302    592     773     997     1490    1979    1831    1510    846     424     97      
779    1992 -999999 -999999 1614    -999999 945     2000    807     23      337     520     877     1423    1924    2030    2043    1364    580     473     -10     
779    1993 -999999 -999999 1472    -999999 1009    1629    -999999 122     -13     352     1043    1611    1571    1675    1638    1269    833     -42     317     
779    1994 937     -999999 1532    135     893     1860    872     264     -209    511     899     1270    1566    2140    1865    1433    712     476     228     
779    1995 874     354     1495    189     815     1846    855     -35     393     355     854     1237    1631    2044    1857    1324    1099    133     -441    
779    1996 715     -21     1393    -457    712     1696    883     -505    -422    -13     853     1299    1640    1613    1834    1098    990     557     -391    
779    1997 856     253     1446    -160    778     1800    792     -344    300     422     578     1326    1643    1793    1958    1351    737     291     174     
779    1998 910     362     1517    263     955     1719    757     178     456     341     1055    1471    1722    1745    1690    1406    852     11      -30     
779    1999 947     241     1568    15      925     1808    958     124     -56     510     950     1317    1621    2019    1779    1707    885     286     152     
779    2000 1014    346     1561    155     1077    1751    1049    -21     347     427     1218    1589    1753    1661    1839    1289    1214    640     199     
779    2001 901     399     1512    83      847     1848    929     -9      56      269     813     1458    1519    2015    1999    1240    1227    311     -160    
779    2002 989     391     1675    92      1031    2008    876     54      413     504     896     1689    1792    2070    2154    1420    776     435     -367    
779    2003 -999999 -999999 1596    -235    939     1916    854     -77     -247    370     837     1551    1894    1927    1927    1417    567     558     210     
779    2004 -999999 -999999 1495    -999999 926     1762    957     -999999 220     506     981     1292    1586    1771    1922    1401    1004    448     193     
779    2005 954     -999999 1541    139     889     1766    1037    276     -70     291     963     1415    1650    1950    1695    1561    1106    440     92      
779    2006 1020    224     1660    -125    827     1948    1249    -418    -42     145     960     1379    1768    2267    1803    1769    1211    769     569     
779    2007 1060    697     1609    483     1124    1874    863     538     326     733     1075    1564    1879    1913    1829    1378    844     367     222     
779    2008 1038    477     1547    364     961     1853    986     365     517     548     898     1434    1768    1917    1870    1378    999     581     168     
779    2009 956     352     1593    -14     1032    1828    1016    -264    62      546     1212    1344    1579    1971    1928    1512    796     749     -13     
779    2010 820     240     1527    -206    862     1903    874     -572    -16     490     914     1183    1659    2148    1895    1339    777     509     -531    
779    2011 -999999 208     -999999 -177    -999999 -999999 -999999 103     -96     467     1267    -999999 -999999 -999999 -999999 -999999 -999999 -999999 -999999 
