EUROPEAN CLIMATE ASSESSMENT & DATASET (ECA&D), file created on: 10-05-2011
THESE DATA CAN BE USED FREELY PROVIDED THAT THE FOLLOWING SOURCE IS ACKNOWLEDGED: 

Klein Tank, A.M.G. and Coauthors, 2002. Daily dataset of 20th-century surface
air temperature and precipitation series for the European Climate Assessment.
Int. J. of Climatol., 22, 1441-1453.
Data and metadata available at http://eca.knmi.nl

FILE FORMAT (MISSING VALUE CODE = -999999):

THIS FILE HOLDS DATA FOR STATION FRANCE                                   ROUEN                                    (STAID:   2184)
LATITUDE: dd:mm:ss +49:22:48
LONGITUDE: ddd:mm:ss +001:10:48
ELEVATION: m  156

DATA IS FOR INDEX Mean of daily mean temperature (TG) with unit 0.01 Temperature (&#176;C)

01-06 SOUID: Source identifier
08-11 YEAR : YYYY
13-20 ANNUAL DATA VALUES
21-28 WINTER HALF YEAR DATA VALUES
29-36 SUMMER HALF YEAR DATA VALUES
37-44 WINTER (DJF) DATA VALUES
45-52 SPRING (MAM) DATA VALUES
53-60 SUMMER (JJA) DATA VALUES
61-68 AUTUMN (SON) DATA VALUES
69-76 JANUARY DATA VALUES
etc. 
157-164 DECEMBER DATA VALUES

2184   1956 947     -999999 1367    -999999 929     1504    1071    451     -315    715     749     1317    1342    1678    1486    1619    1049    546     656     
2184   1957 1084    737     1446    592     1029    1732    1068    415     717     1032    927     1124    1721    1832    1644    1417    1149    634     371     
2184   1958 1037    612     1435    477     836     1629    1140    472     600     446     769     1290    1441    1686    1755    1655    1146    617     531     
2184   1959 1140    631     1594    393     1082    1805    1226    261     385     819     1031    1395    1652    1930    1827    1719    1239    720     643     
2184   1960 1073    713     1468    505     1067    1656    1150    391     479     793     972     1434    1684    1623    1661    1425    1141    883     373     
2184   1961 1117    729     1535    501     1086    1669    1187    368     791     828     1202    1232    1569    1685    1749    1771    1166    624     410     
2184   1962 963     595     1378    463     794     1615    1053    545     432     377     895     1114    1511    1673    1659    1404    1168    583     160     
2184   1963 916     392     1401    -46     928     1618    1175    -227    -74     699     937     1147    1555    1735    1561    1466    1115    946     77      
2184   1964 1038    557     1538    252     981     1719    1095    149     550     517     943     1482    1588    1808    1756    1636    908     746     361     
2184   1965 1005    555     1391    319     970     1597    1030    383     200     702     910     1297    1558    1585    1646    1340    1165    580     622     
2184   1966 1082    680     1479    548     997     1656    1113    207     843     678     1061    1253    1709    1623    1637    1586    1200    551     634     
2184   1967 1063    703     1436    564     937     1687    1132    439     625     759     819     1229    1477    1871    1705    1498    1270    623     398     
2184   1968 955     620     1356    391     853     1578    1092    447     323     637     894     1030    1475    1600    1655    1473    1268    530     104     
2184   1969 979     531     1413    257     889     1626    1133    516     140     590     847     1227    1436    1771    1666    1515    1255    624     96      
2184   1970 978     520     1415    285     782     1648    1148    424     342     362     700     1281    1682    1565    1696    1555    1085    808     196     
2184   1971 993     537     1442    317     885     1618    1057    353     410     368     967     1323    1360    1808    1678    1496    1113    561     431     
2184   1972 941     604     1276    377     908     1493    977     250     457     802     818     1099    1249    1656    1565    1250    1016    663     440     
2184   1973 983     547     1444    341     836     1719    1043    277     300     566     716     1221    1584    1670    1900    1555    981     594     383     
2184   1974 991     613     1332    491     871     1568    907     615     475     618     893     1101    1466    1555    1678    1289    723     714     721     
2184   1975 990     642     1409    647     792     1698    981     673     536     477     829     1073    1453    1733    1900    1451    895     598     235     
2184   1976 1047    507     1555    355     880     1917    1050    435     396     476     812     1348    1884    1981    1884    1404    1148    596     179     
2184   1977 979     588     1284    342     857     1517    1065    299     569     736     692     1136    1341    1649    1556    1314    1231    643     546     
2184   1978 933     609     1294    360     869     1474    1063    271     253     674     717     1210    1365    1535    1517    1407    1161    617     414     
2184   1979 924     472     1337    161     826     1555    1086    -122    193     545     790     1143    1459    1641    1562    1418    1182    654     571     
2184   1980 926     605     1355    412     826     1548    995     83      593     546     807     1125    1417    1523    1699    1551    961     474     332     
2184   1981 991     557     1391    325     999     1578    1063    386     250     904     887     1203    1371    1606    1752    1513    965     712     284     
2184   1982 1037    555     1478    342     897     1716    1138    289     464     611     808     1269    1657    1832    1657    1633    1029    756     409     
2184   1983 1034    594     1479    387     818     1849    1066    579     150     601     791     1060    1601    2106    1832    1467    1061    671     413     
2184   1984 984     565     1358    388     778     1640    1132    412     336     484     891     964     1482    1716    1716    1368    1116    913     392     
2184   1985 913     494     1396    157     853     1566    1003    -142    229     446     904     1210    1392    1733    1568    1558    1094    355     560     
2184   1986 935     459     1319    256     776     1635    1059    368     -205    516     590     1217    1639    1697    1569    1186    1225    759     561     
2184   1987 913     501     1398    204     840     1557    1090    -230    290     388     1118    1023    1374    1646    1644    1579    1093    598     404     
2184   1988 1010    618     1365    469     923     1540    1022    594     406     601     896     1273    1420    1541    1654    1392    1141    528     638     
2184   1989 1073    679     1472    508     1003    1699    1139    382     506     857     692     1451    1516    1842    1733    1578    1267    566     428     
2184   1990 1087    731     1452    571     1004    1710    1093    501     808     817     803     1387    1379    1798    1942    1380    1261    634     299     
2184   1991 963     574     1390    223     892     1626    1086    332     18      849     819     1006    1292    1745    1830    1635    1018    606     333     
2184   1992 1086    592     1545    368     1071    1790    1078    285     496     806     911     1490    1599    1856    1907    1484    897     858     424     
2184   1993 1005    633     1419    455     1026    1591    866     638     287     670     1075    1335    1597    1597    1581    1320    915     342     625     
2184   1994 1116    629     1458    548     987     1754    1190    578     429     843     858     1255    1522    1993    1755    1379    1116    1076    593     
2184   1995 1113    778     1514    612     930     1841    1173    490     769     634     885     1270    1483    2017    2012    1393    1395    724     251     
2184   1996 957     587     1397    280     829     1696    1047    361     226     547     923     1020    1615    1729    1743    1344    1175    618     157     
2184   1997 1098    588     1514    266     1034    1785    1157    -8      690     904     897     1298    1555    1701    2092    1526    1121    827     550     
2184   1998 1071    731     1469    539     1052    1639    1050    468     606     806     890     1453    1544    1616    1755    1542    1103    504     520     
2184   1999 1142    670     1587    531     1091    1778    1159    613     453     803     1015    1452    1534    1955    1838    1712    1120    648     503     
2184   2000 1104    676     1486    513     1021    1670    1160    390     655     738     912     1410    1603    1595    1810    1578    1150    753     636     
2184   2001 1089    710     1481    527     1003    1761    1157    417     529     756     847     1401    1556    1815    1906    1340    1457    663     325     
2184   2002 1127    763     1459    531     1020    1688    1163    543     747     836     982     1240    1580    1711    1769    1467    1148    873     617     
2184   2003 -999999 -999999 -999999 437     1097    1963    1107    311     368     936     1042    1306    1857    1875    2136    1578    921     829     489     
2184   2004 -999999 651     -999999 501     950     1714    1189    497     519     647     989     1215    1612    1713    1833    1625    1203    739     339     
2184   2005 1103    644     1528    398     996     1740    1262    529     318     706     1020    1262    1721    1791    1707    1661    1470    650     344     
2184   2006 1145    606     1622    320     955     1857    1371    298     318     532     947     1385    1723    2187    1655    1826    1422    865     533     
2184   2007 1148    843     1549    668     1170    1692    1095    715     765     749     1359    1408    1668    1705    1702    1448    1114    723     406     
2184   2008 1108    699     1534    547     1086    1739    1080    623     617     707     945     1598    1625    1812    1777    1405    1052    784     327     
2184   2009 -999999 -999999 1607    279     -999999 1809    1282    136     384     -999999 1177    1397    1667    1842    1915    1636    1220    992     351     
2184   2010 -999999 628     -999999 269     984     1811    1070    88      379     724     1056    1176    1700    2009    1710    1480    1109    618     9       
2184   2011 -999999 602     -999999 340     -999999 -999999 -999999 416     622     842     1307    -999999 -999999 -999999 -999999 -999999 -999999 -999999 -999999 
