EUROPEAN CLIMATE ASSESSMENT & DATASET (ECA&D), file created on: 10-05-2011
THESE DATA CAN BE USED FREELY PROVIDED THAT THE FOLLOWING SOURCE IS ACKNOWLEDGED: 

Klein Tank, A.M.G. and Coauthors, 2002. Daily dataset of 20th-century surface
air temperature and precipitation series for the European Climate Assessment.
Int. J. of Climatol., 22, 1441-1453.
Data and metadata available at http://eca.knmi.nl

FILE FORMAT (MISSING VALUE CODE = -999999):

THIS FILE HOLDS DATA FOR STATION PORTUGAL                                 PORTALEGRE                               (STAID:   1066)
LATITUDE: dd:mm:ss +39:16:48
LONGITUDE: ddd:mm:ss -007:24:36
ELEVATION: m  597

DATA IS FOR INDEX Mean of daily mean temperature (TG) with unit 0.01 Temperature (&#176;C)

01-06 SOUID: Source identifier
08-11 YEAR : YYYY
13-20 ANNUAL DATA VALUES
21-28 WINTER HALF YEAR DATA VALUES
29-36 SUMMER HALF YEAR DATA VALUES
37-44 WINTER (DJF) DATA VALUES
45-52 SPRING (MAM) DATA VALUES
53-60 SUMMER (JJA) DATA VALUES
61-68 AUTUMN (SON) DATA VALUES
69-76 JANUARY DATA VALUES
etc. 
157-164 DECEMBER DATA VALUES

1066   1958 1580    -999999 1964    -999999 1368    2185    1772    849     1168    1059    1327    1718    1950    2272    2326    2178    1812    1325    947     
1066   1959 1494    1168    1925    951     1267    2256    1538    978     924     1006    1235    1558    2007    2427    2325    1979    1543    1091    808     
1066   1960 1460    1040    1940    848     1356    2189    1483    843     898     1053    1402    1615    2136    2308    2122    2052    1300    1103    675     
1066   1961 1614    1091    2054    855     1566    2357    1537    670     1258    1556    1293    1839    2041    2373    2646    2106    1448    1060    1045    
1066   1962 1529    1056    2005    958     1303    2302    1617    895     933     942     1323    1645    2180    2244    2479    2147    1766    909     826     
1066   1963 1477    982     1900    746     1298    2146    1725    771     629     953     1276    1664    1875    2324    2230    2018    2000    1149    772     
1066   1964 1588    1138    2090    906     1420    2294    1729    938     1014    949     1315    1992    2107    2314    2455    2344    1590    1259    763     
1066   1965 1513    1051    2001    778     1517    2227    1482    788     783     1105    1440    2005    2135    2100    2442    1865    1576    1002    857     
1066   1966 1531    1098    2002    935     1413    2200    1541    1011    938     1183    1229    1820    1957    2350    2284    2357    1350    923     924     
1066   1967 1518    1059    1894    914     1334    2219    1630    848     975     1324    1310    1368    2069    2337    2245    2027    1750    1109    809     
1066   1968 1573    1099    1960    892     1290    2315    1763    999     866     1048    1194    1625    2197    2390    2355    1983    2055    1240    891     
1066   1969 1484    1167    1931    889     1259    2338    1483    979     785     1016    1318    1446    1936    2644    2420    1796    1649    1000    750     
1066   1970 1515    1014    1937    825     1311    2112    1823    830     903     940     1322    1671    1772    2329    2223    2292    1745    1434    689     
1066   1971 1421    1079    1744    823     1047    1996    1723    701     1105    815     1079    1248    1693    2225    2059    2152    1985    1022    941     
1066   1972 1344    1038    1751    775     1180    2023    1434    642     741     875     1238    1429    1710    2144    2205    1765    1397    1141    821     
1066   1973 1503    1016    1941    828     1336    2240    1607    818     846     1062    1400    1547    2011    2182    2521    1972    1562    1288    789     
1066   1974 1488    1053    1894    844     1185    2273    1514    939     801     924     1038    1587    1925    2540    2344    1905    1402    1240    1153    
1066   1975 1450    1085    1839    1021    1137    2186    1584    950     955     804     1237    1373    1880    2269    2397    1857    1693    1199    745     
1066   1976 1488    1130    1912    913     1266    2319    1374    1042    954     1140    1040    1613    2295    2350    2311    1845    1276    1004    954     
1066   1977 1458    1004    1810    867     1310    1904    1700    774     873     1132    1362    1438    1658    2023    2024    2352    1649    1100    1073    
1066   1978 1509    1106    1893    928     1156    2135    1853    770     943     1085    1037    1342    1609    2324    2454    2576    1731    1255    939     
1066   1979 1494    1084    1941    883     1178    2276    1606    854     855     854     1135    1544    2115    2344    2365    2128    1388    1309    1005    
1066   1980 1513    1084    1960    930     1267    2213    1699    819     970     1014    1364    1426    1963    2251    2416    2334    1672    1091    824     
1066   1981 1613    1128    1955    936     1215    2376    1870    1060    923     1175    1110    1357    2292    2423    2410    2128    1731    1755    955     
1066   1982 1515    1269    1936    958     1437    2154    1546    961     958     1238    1388    1682    2010    2074    2375    2076    1463    1101    820     
1066   1983 1533    1090    1844    877     1209    2120    1848    1061    737     1324    1075    1224    2163    2027    2171    2410    1813    1323    1024    
1066   1984 1448    1097    1875    871     1125    2193    1619    753     834     826     1473    1087    1898    2357    2314    2114    1673    1067    966     
1066   1985 1545    1055    1977    883     1196    2233    1854    672     1024    923     1315    1353    2003    2317    2373    2495    1966    1098    976     
1066   1986 1491    1105    1886    841     1208    2230    1689    784     754     1016    873     1725    2018    2505    2160    2009    1796    1258    929     
1066   1987 1579    1169    2052    876     1432    2295    1652    829     870     1304    1307    1681    2103    2348    2429    2432    1327    1207    1071    
1066   1988 1525    1090    1890    923     1273    2121    1792    832     863     1227    1192    1398    1738    2252    2360    2386    1682    1312    1030    
1066   1989 1632    1227    2017    1021    1368    2392    1731    993     1042    1288    1001    1802    2143    2669    2355    2107    1889    1191    1043    
1066   1990 1587    1232    2051    1007    1399    2391    1618    855     1136    1269    1147    1774    1989    2631    2539    2198    1491    1170    807     
1066   1991 1580    1006    2112    773     1366    2441    1622    796     709     1038    1270    1788    2193    2525    2597    2280    1445    1149    1109    
1066   1992 1564    1139    2001    961     1539    2226    1586    753     1024    1346    1416    1851    1679    2569    2411    2053    1346    1366    929     
1066   1993 1440    1124    1816    960     1203    2246    1338    977     977     1144    1131    1334    1950    2478    2301    1682    1217    1118    935     
1066   1994 1558    1074    1900    870     1410    2251    1655    834     837     1482    1239    1503    2137    2297    2315    1896    1668    1402    1028    
1066   1995 -999999 1243    2065    1015    1586    2357    1751    952     1071    1329    1596    1827    2088    2448    2531    1880    1990    1301    999     
1066   1996 -999999 -999999 -999999 869     -999999 2309    -999999 857     749     1105    1451    1656    2290    2486    2145    -999999 -999999 -999999 -999999 
1066   1997 -999999 -999999 -999999 -999999 -999999 -999999 1782    -999999 -999999 -999999 -999999 -999999 -999999 -999999 2315    2357    1845    1161    941     
1066   1998 -999999 -999999 -999999 1024    1401    2447    1667    897     1245    1535    1080    1590    2069    2533    2758    2087    1703    1225    980     
1066   1999 -999999 1173    -999999 963     1456    2327    1552    912     997     1197    1483    1688    2182    2507    2276    1982    1587    1085    925     
1066   2000 1594    1194    -999999 1021    1392    2337    1629    841     1318    1415    1028    1731    2248    2352    2408    2249    1627    1012    936     
1066   2001 1598    1119    2047    957     1432    2321    1674    860     1088    1185    1372    1737    2273    2251    2438    2200    1706    1115    926     
1066   2002 -999999 1212    -999999 1033    1439    2292    1579    1064    1120    1328    1429    1565    2107    2437    2322    1935    1665    1134    1023    
1066   2003 -999999 -999999 2133    893     1528    2430    1649    822     823     1326    1307    1942    2252    2330    2695    2267    1511    1173    927     
1066   2004 1625    1125    -999999 995     1315    2450    1732    1005    1056    1077    1350    1549    2540    2501    2312    2293    1653    1253    898     
1066   2005 1662    1141    2188    894     1508    2532    1687    952     825     1244    1442    1828    2465    2502    2628    2249    1752    1058    926     
1066   2006 1687    1103    2213    876     1561    2492    1806    787     918     1160    1543    1980    2227    2573    2671    2255    1771    1395    909     
1066   2007 1608    -999999 2005    956     1407    2243    1777    941     1027    1156    1375    1680    1967    2402    2352    2239    1742    1351    969     
1066   2008 1520    1230    1919    1057    1305    2237    1534    1056    1152    1109    1414    1395    2167    2238    2305    2002    1589    1012    817     
1066   2009 1621    1094    2047    825     1503    2335    1804    654     1024    1473    1168    1856    2192    2245    2565    2237    1951    1219    822     
1066   2010 -999999 1084    2152    761     1360    2525    1641    702     760     1021    1491    1567    2152    2649    2763    2257    1608    1079    878     
1066   2011 -999999 -999999 -999999 932     -999999 -999999 -999999 866     1063    1110    1771    -999999 -999999 -999999 -999999 -999999 -999999 -999999 -999999 
