EUROPEAN CLIMATE ASSESSMENT & DATASET (ECA&D), file created on: 10-05-2011
THESE DATA CAN BE USED FREELY PROVIDED THAT THE FOLLOWING SOURCE IS ACKNOWLEDGED: 

Klein Tank, A.M.G. and Coauthors, 2002. Daily dataset of 20th-century surface
air temperature and precipitation series for the European Climate Assessment.
Int. J. of Climatol., 22, 1441-1453.
Data and metadata available at http://eca.knmi.nl

FILE FORMAT (MISSING VALUE CODE = -999999):

THIS FILE HOLDS DATA FOR STATION SWEDEN                                   OLANDS NORRA UDDE                        (STAID:   1423)
LATITUDE: dd:mm:ss +57:22:12
LONGITUDE: ddd:mm:ss +017:06:00
ELEVATION: m    4

DATA IS FOR INDEX Mean of daily mean temperature (TG) with unit 0.01 Temperature (&#176;C)

01-06 SOUID: Source identifier
08-11 YEAR : YYYY
13-20 ANNUAL DATA VALUES
21-28 WINTER HALF YEAR DATA VALUES
29-36 SUMMER HALF YEAR DATA VALUES
37-44 WINTER (DJF) DATA VALUES
45-52 SPRING (MAM) DATA VALUES
53-60 SUMMER (JJA) DATA VALUES
61-68 AUTUMN (SON) DATA VALUES
69-76 JANUARY DATA VALUES
etc. 
157-164 DECEMBER DATA VALUES

1423   1961 846     -999999 1260    -999999 662     1544    1042    63      247     489     590     904     1510    1591    1531    1425    1169    528     65      
1423   1962 668     302     1096    86      325     1429    838     161     24      -154    397     735     1312    1527    1444    1145    921     443     22      
1423   1963 647     60      1223    -265    310     1585    925     -385    -452    -230    234     924     1436    1663    1652    1407    835     534     66      
1423   1964 746     209     1268    -23     522     1564    873     36      -180    -53     499     1119    1507    1653    1531    1284    858     478     186     
1423   1965 661     252     1122    57      335     1444    869     91      -124    -7      320     692     1370    1453    1507    1382    998     223     -23     
1423   1966 647     88      1152    -265    333     1580    860     -244    -558    75      103     815     1532    1708    1497    1236    892     452     160     
1423   1967 801     307     1260    28      566     1617    1027    -139    65      395     452     845     1344    1770    1727    1406    1095    577     23      
1423   1968 782     277     1317    -87     558     1663    956     -165    -123    238     614     824     1587    1620    1777    1469    916     485     117     
1423   1969 704     181     1270    -54     309     1715    910     -72     -224    -163    384     708     1484    1815    1839    1368    937     423     -113    
1423   1970 589     50      1105    -334    233     1528    812     -295    -621    -84     173     609     1407    1537    1635    1254    841     341     183     
1423   1971 727     231     1176    90      406     1518    830     49      34      -77     366     927     1262    1641    1644    1191    924     372     326     
1423   1972 769     270     1235    62      427     1663    886     -144    0       129     416     737     1412    1868    1699    1255    852     553     425     
1423   1973 804     428     1308    258     589     1733    744     163     180     379     419     965     1563    1927    1704    1247    711     274     63      
1423   1974 769     262     1181    121     484     1501    860     146     158     213     490     748     1305    1568    1625    1334    722     529     345     
1423   1975 874     383     1337    279     515     1727    973     330     149     204     434     903     1378    1806    1985    1495    933     493     321     
1423   1976 700     263     1214    61      380     1612    834     -98     -46     -38     351     827     1384    1695    1749    1254    754     496     41      
1423   1977 706     214     1121    -39     420     1472    895     -12     -157    136     329     791     1368    1439    1605    1177    933     574     226     
1423   1978 706     280     1162    31      372     1580    930     76      -234    65      278     769     1436    1618    1682    1169    906     715     -77     
1423   1979 659     149     1204    -243    419     1545    812     -305    -358    -16     308     960     1563    1505    1568    1302    728     409     172     
1423   1980 656     124     1186    -98     324     1553    839     -165    -315    -100    373     700     1342    1665    1645    1373    813     332     176     
1423   1981 696     225     1212    42      480     1530    847     -73     21      62      404     971     1304    1672    1608    1295    838     407     -206    
1423   1982 749     117     1259    -265    542     1615    934     -330    -258    222     453     947     1275    1779    1781    1292    905     607     235     
1423   1983 814     391     1294    193     518     1702    864     337     -15     245     430     878     1416    1856    1825    1336    883     372     134     
1423   1984 773     246     1215    60      458     1569    953     64      -24     32      464     878     1304    1628    1766    1230    1073    552     275     
1423   1985 562     148     1085    -243    288     1506    757     -335    -715    -32     249     645     1305    1646    1559    1086    920     260     56      
1423   1986 690     110     1191    -198    453     1576    865     -175    -503    47      232     1072    1467    1714    1544    1095    865     635     192     
1423   1987 572     95      1077    -197    253     1384    842     -565    -219    -353    376     740     1164    1555    1426    1184    894     446     166     
1423   1988 754     316     1263    174     454     1615    780     215     137     29      369     961     1438    1773    1628    1393    746     204     127     
1423   1989 913     375     1340    292     704     1640    979     379     380     412     506     1189    1486    1807    1622    1414    1003    520     193     
1423   1990 937     523     1340    345     793     1645    916     328     533     564     666     1145    1539    1622    1770    1282    937     527     294     
1423   1991 813     371     1260    147     540     1619    925     184     -58     303     520     798     1196    1855    1792    1376    892     509     314     
1423   1992 869     421     1363    268     658     1739    811     256     232     316     465     1188    1700    1845    1671    1287    690     461     294     
1423   1993 778     343     1232    203     644     1526    748     179     127     287     492     1149    1448    1610    1518    1156    813     273     226     
1423   1994 829     245     1345    54      534     1763    914     133     -224    203     573     828     1392    2036    1847    1373    803     569     330     
1423   1995 -999999 379     -999999 208     506     -999999 -999999 45      255     270     412     832     1417    1711    -999999 -999999 1114    314     -75     
1423   1996 678     161     1164    -139    330     1574    918     -56     -296    -58     449     604     1385    1491    1839    1203    989     559     -4      
1423   1997 839     328     1365    25      526     1819    893     -56     148     321     408     845     1489    1854    2105    1468    770     446     220     
1423   1998 755     361     1185    263     488     1481    814     238     340     151     354     955     1326    1620    1492    1345    871     223     115     
1423   1999 865     266     1380    84      588     1702    1047    121     9       233     628     906     1493    1887    1721    1633    935     577     181     
1423   2000 897     394     1292    185     679     1557    1069    164     214     287     584     1162    1429    1576    1663    1321    1143    740     450     
1423   2001 857     442     1371    221     565     1755    990     167     28      91      556     1049    1481    1991    1785    1338    1134    492     102     
1423   2002 915     -999999 1486    191     678     1890    907     160     341     384     567     1079    1693    1863    2109    1587    730     412     -30     
1423   2003 -999999 186     -999999 -103    601     1786    938     -64     -229    264     377     1155    1582    1913    1864    1510    752     595     352     
1423   2004 848     336     1371    117     623     1721    936     -115    114     299     584     985     1518    1706    1934    1479    916     413     286     
1423   2005 894     -999999 1435    183     575     1777    1051    237     12      14      616     1096    1576    1969    1779    1557    1038    558     170     
1423   2006 947     244     1527    3       474     1938    1206    -95     -73     -157    576     1007    1677    2163    1966    1755    1221    643     604     
1423   2007 932     -999999 1434    332     801     1750    916     327     25      449     773     1179    1685    1742    1820    1391    892     467     321     
1423   2008 949     450     -999999 345     712     1772    978     313     407     302     648     1183    1640    1903    1773    1415    1013    535     302     
1423   2009 869     368     1426    141     701     1725    948     95      16      220     752     1131    1384    1910    1869    1490    738     621     147     
1423   2010 747     194     1381    -98     494     1834    881     -210    -246    86      529     870     1528    2113    1850    1390    808     446     -230    
1423   2011 -999999 165     -999999 -156    -999999 -999999 -999999 -63     -176    180     770     -999999 -999999 -999999 -999999 -999999 -999999 -999999 -999999 
