EUROPEAN CLIMATE ASSESSMENT & DATASET (ECA&D), file created on: 10-05-2011
THESE DATA CAN BE USED FREELY PROVIDED THAT THE FOLLOWING SOURCE IS ACKNOWLEDGED: 

Klein Tank, A.M.G. and Coauthors, 2002. Daily dataset of 20th-century surface
air temperature and precipitation series for the European Climate Assessment.
Int. J. of Climatol., 22, 1441-1453.
Data and metadata available at http://eca.knmi.nl

FILE FORMAT (MISSING VALUE CODE = -999999):

THIS FILE HOLDS DATA FOR STATION GERMANY                                  FICHTELBERG                              (STAID:    488)
LATITUDE: dd:mm:ss +50:25:45
LONGITUDE: ddd:mm:ss +012:57:19
ELEVATION: m 1213

DATA IS FOR INDEX Mean of daily mean temperature (TG) with unit 0.01 Temperature (&#176;C)

01-06 SOUID: Source identifier
08-11 YEAR : YYYY
13-20 ANNUAL DATA VALUES
21-28 WINTER HALF YEAR DATA VALUES
29-36 SUMMER HALF YEAR DATA VALUES
37-44 WINTER (DJF) DATA VALUES
45-52 SPRING (MAM) DATA VALUES
53-60 SUMMER (JJA) DATA VALUES
61-68 AUTUMN (SON) DATA VALUES
69-76 JANUARY DATA VALUES
etc. 
157-164 DECEMBER DATA VALUES

488    1947 325     -999999 1029    -999999 328     1233    510     -912    -1031   -231    377     839     1173    1287    1238    1253    346     -65     -460    
488    1948 387     -140    859     -417    433     1019    420     -226    -576    115     393     790     960     1002    1093    909     339     14      -212    
488    1949 377     -131    868     -251    225     1009    521     -255    -288    -394    421     653     706     1133    1177    1106    583     -129    -235    
488    1950 324     -111    885     -362    280     1225    271     -642    -193    -61     46      849     1210    1236    1229    722     249     -157    -636    
488    1951 355     -275    838     -451    99      1127    451     -347    -360    -405    142     561     978     1152    1246    932     316     109     -110    
488    1952 230     -207    847     -431    231     1181    69      -575    -621    -377    519     562     929     1291    1314    450     129     -376    -522    
488    1953 409     -316    888     -554    348     1137    524     -595    -543    -16     371     689     1074    1244    1090    848     641     79      -45     
488    1954 223     -201    732     -628    150     1012    400     -1006   -854    -73     -104    619     1099    840     1098    827     451     -79     -222    
488    1955 226     -257    741     -463    -41     1058    364     -440    -758    -536    -9      423     882     1148    1139    845     302     -54     -301    
488    1956 125     -409    703     -750    43      908     297     -573    -1418   -465    -74     665     705     1133    880     889     349     -348    -325    
488    1957 351     -122    749     -299    229     1109    359     -390    -168    136     167     382     1187    1226    917     603     497     -28     -349    
488    1958 286     -232    805     -405    4       1073    438     -494    -370    -658    -159    823     888     1164    1161    931     405     -23     -286    
488    1959 424     -77     896     -329    375     1172    447     -526    -159    120     340     664     1022    1334    1155    846     445     49      -243    
488    1960 280     -162    758     -424    210     995     371     -521    -515    -205    150     684     994     943     1050    716     389     9       -355    
488    1961 386     -83     861     -319    334     990     587     -532    -45     42      579     388     1053    881     1038    1236    559     -33     -533    
488    1962 177     -278    691     -531    -6      933     348     -403    -670    -615    288     319     781     935     1078    735     510     -207    -676    
488    1963 233     -442    861     -918    223     1113    488     -1175   -903    -241    259     651     1001    1258    1077    905     345     218     -665    
488    1964 307     -257    902     -534    184     1165    317     -453    -481    -509    293     772     1222    1261    1015    840     192     -78     -406    
488    1965 214     -304    710     -545    71      973     318     -415    -841    -318    76      455     996     948     974     806     522     -380    -336    
488    1966 335     -219    846     -386    270     1046    431     -775    -11     -320    400     735     1128    1008    1005    792     714     -224    -441    
488    1967 359     -149    847     -436    213     1146    523     -488    -374    -107    29      712     923     1374    1135    887     676     0       -513    
488    1968 297     -191    798     -558    213     1056    486     -710    -443    -165    301     505     1034    1057    1076    806     592     56      -564    
488    1969 286     -235    847     -533    145     1095    514     -294    -763    -476    76      832     908     1304    1066    877     728     -71     -838    
488    1970 236     -316    743     -697    -54     1097    453     -556    -695    -492    -113    439     1095    1047    1147    826     394     141     -462    
488    1971 327     -214    859     -438    197     1131    283     -353    -506    -517    267     844     786     1275    1320    634     438     -228    -108    
488    1972 291     -128    737     -331    205     1084    222     -683    -193    2       51      556     946     1266    1035    546     231     -112    -172    
488    1973 286     -175    815     -328    108     1142    308     -327    -503    -194    -156    666     993     1113    1315    937     233     -242    -465    
488    1974 311     -136    734     -281    231     973     207     -152    -220    19      171     501     783     907     1222    806     -94     -82     -164    
488    1975 375     -150    876     -189    165     1153    438     -127    -286    -160    15      635     892     1245    1314    1139    412     -237    -394    
488    1976 293     -280    831     -434    76      1152    424     -534    -370    -564    88      703     1109    1349    996     723     627     -85     -554    
488    1977 334     -105    697     -423    184     1032    413     -438    -262    65      -113    589     1002    1021    1072    593     737     -104    -217    
488    1978 254     -134    665     -448    171     920     416     -524    -621    -122    92      540     873     962     925     586     440     222     -382    
488    1979 244     -239    768     -637    162     1033    332     -912    -614    -212    -12     704     1185    860     1060    801     391     -196    -182    
488    1980 185     -201    677     -368    2       947     272     -656    -258    -310    -79     392     844     891     1104    897     224     -304    -531    
488    1981 262     -293    819     -595    321     1034    333     -654    -602    78      162     717     970     1028    1100    923     244     -164    -712    
488    1982 396     -268    897     -517    158     1187    590     -385    -448    -155    -61     684     1051    1303    1201    1184    475     117     -273    
488    1983 392     -116    944     -386    261     1284    406     -192    -728    -149    307     626     1068    1506    1273    862     406     -50     -317    
488    1984 251     -261    688     -498    42      967     473     -536    -649    -435    56      504     749     961     1183    657     547     213     -268    
488    1985 221     -262    785     -702    206     1000    294     -985    -868    -257    129     744     682     1166    1142    828     528     -482    -71     
488    1986 276     -336    816     -608    262     1059    450     -623    -1185   -271    141     913     948     1113    1113    644     523     181     -296    
488    1987 214     -279    757     -552    -25     974     423     -956    -388    -731    284     382     837     1134    948     955     371     -54     -237    
488    1988 335     -143    830     -258    183     1092    335     -118    -429    -407    156     799     890     1183    1197    730     511     -241    -295    
488    1989 469     -1      858     -136    359     1078    476     -60     -43     112     191     768     922     1162    1146    943     578     -97     -41     
488    1990 393     75      798     -57     348     1112    319     -192    74      124     92      821     968     1025    1338    515     550     -116    -515    
488    1991 302     -164    771     -524    155     1107    391     -347    -729    123     72      267     760     1336    1212    960     245     -27     -335    
488    1992 417     -132    965     -280    264     1321    308     -314    -186    -179    150     818     1150    1315    1490    841     105     -16     -200    
488    1993 325     -165    845     -268    359     995     227     -309    -297    -280    441     917     930     996     1058    715     310     -348    -280    
488    1994 421     -187    929     -366    282     1296    417     -278    -559    -8      196     654     1020    1629    1229    822     260     175     -172    
488    1995 356     -130    855     -286    171     1186    477     -493    -184    -360    225     650     803     1485    1257    684     826     -91     -571    
488    1996 217     -246    742     -562    127     1029    268     -476    -645    -541    322     605     986     959     1141    422     436     -61     -574    
488    1997 361     -127    836     -387    215     1150    352     -366    -204    4       -76     708     958     1098    1387    918     197     -55     -285    
488    1998 359     -109    877     -195    320     1094    235     -256    -27     -217    353     824     1104    1049    1130    790     292     -380    -374    
488    1999 384     -200    935     -378    359     1114    438     -193    -588    -2      293     782     894     1306    1134    1189    327     -198    -415    
488    2000 450     -195    938     -384    422     1110    527     -482    -246    -160    487     941     1139    899     1293    859     608     113     -74     
488    2001 338     -45     817     -279    263     1123    398     -448    -319    -173    90      865     797     1241    1320    553     834     -208    -594    
488    2002 422     -51     916     -319    334     1249    342     -219    -135    -16     133     879     1162    1228    1353    719     215     95      -388    
488    2003 425     -198    1030    -497    349     1394    374     -562    -547    -24     160     906     1385    1269    1529    910     7       216     -213    
488    2004 324     -220    832     -433    195     1105    410     -681    -405    -244    328     505     928     1122    1260    835     488     -96     -176    
488    2005 354     -196    907     -441    292     1093    559     -429    -749    -264    394     749     1024    1233    1021    1013    699     -41     -476    
488    2006 452     -218    966     -515    156     1243    732     -505    -569    -447    220     698     1126    1673    927     1140    783     271     40      
488    2007 462     133     971     -99     512     1205    291     -187    -157    24      600     915     1214    1202    1201    681     330     -139    -187    
488    2008 416     -96     904     -178    287     1207    403     -204    -141    -241    196     903     1180    1246    1195    687     454     67      -365    
488    2009 405     -169    1001    -452    439     1159    492     -524    -470    -199    722     803     866     1238    1363    1000    243     240     -469    
488    2010 259     -275    871     -643    193     1250    315     -891    -561    -222    308     495     1100    1515    1132    657     305     -15     -765    
488    2011 -999999 -209    -999999 -526    -999999 -999999 -999999 -378    -425    9       672     -999999 -999999 -999999 -999999 -999999 -999999 -999999 -999999 
