EUROPEAN CLIMATE ASSESSMENT & DATASET (ECA&D), file created on: 10-05-2011
THESE DATA CAN BE USED FREELY PROVIDED THAT THE FOLLOWING SOURCE IS ACKNOWLEDGED: 

Klein Tank, A.M.G. and Coauthors, 2002. Daily dataset of 20th-century surface
air temperature and precipitation series for the European Climate Assessment.
Int. J. of Climatol., 22, 1441-1453.
Data and metadata available at http://eca.knmi.nl

FILE FORMAT (MISSING VALUE CODE = -999999):

THIS FILE HOLDS DATA FOR STATION UNITED KINGDOM                           PRESTON: MOOR PARK                       (STAID:   1806)
LATITUDE: dd:mm:ss +53:46:26
LONGITUDE: ddd:mm:ss -002:42:11
ELEVATION: m   33

DATA IS FOR INDEX Mean of daily mean temperature (TG) with unit 0.01 Temperature (&#176;C)

01-06 SOUID: Source identifier
08-11 YEAR : YYYY
13-20 ANNUAL DATA VALUES
21-28 WINTER HALF YEAR DATA VALUES
29-36 SUMMER HALF YEAR DATA VALUES
37-44 WINTER (DJF) DATA VALUES
45-52 SPRING (MAM) DATA VALUES
53-60 SUMMER (JJA) DATA VALUES
61-68 AUTUMN (SON) DATA VALUES
69-76 JANUARY DATA VALUES
etc. 
157-164 DECEMBER DATA VALUES

1806   1960 -999999 -999999 -999999 -999999 936     1494    1001    351     389     620     860     1283    1552    1485    1449    1301    994     697     366     
1806   1961 -999999 -999999 1316    -999999 946     1450    1090    288     677     821     976     1047    1369    1479    1497    1502    1090    677     166     
1806   1962 -999999 -999999 -999999 339     696     1383    949     433     -999999 282     756     1040    1316    1443    1389    1242    1028    558     221     
1806   1963 -999999 -999999 -999999 22      827     1451    1037    -116    -46     591     832     1052    1477    1488    1386    1243    1095    745     258     
1806   1964 -999999 -999999 -999999 355     -999999 1437    997     356     454     420     846     1298    1331    1507    1469    1368    884     731     333     
1806   1965 -999999 -999999 -999999 -999999 808     1413    934     291     357     513     780     1140    1430    1358    1450    1228    1128    383     386     
1806   1966 -999999 -999999 -999999 -999999 789     1475    976     310     504     635     657     1069    1496    1485    1443    1378    977     574     524     
1806   1967 -999999 -999999 -999999 -999999 817     1491    -999999 440     555     691     752     1000    1374    1557    1540    1332    1060    496     430     
1806   1968 -999999 -999999 -999999 365     797     1491    1089    449     201     596     824     971     1472    1449    1547    1387    1232    634     300     
1806   1969 -999999 -999999 -999999 -999999 683     1522    1075    512     -999999 304     699     1047    1376    1591    1601    1410    1294    496     277     
1806   1970 -999999 -999999 -999999 304     770     1541    -999999 368     265     394     632     1291    1610    1443    1572    1396    1057    724     -999999 
1806   1971 -999999 -999999 -999999 -999999 806     1445    1049    447     471     461     783     1150    1209    1608    1504    1391    1142    612     680     
1806   1972 -999999 -999999 -999999 -999999 828     1386    949     404     468     624     830     1036    1158    1537    1454    1153    1060    630     542     
1806   1973 -999999 -999999 -999999 -999999 806     1518    -999999 478     426     641     678     1108    1456    1524    1570    1386    918     604     471     
1806   1974 -999999 -999999 -999999 -999999 846     1419    857     603     544     576     828     1115    1337    1432    1487    1170    752     655     777     
1806   1975 -999999 -999999 1326    -999999 753     1630    967     678     479     490     818     941     1427    1654    1809    1299    988     602     578     
1806   1976 -999999 -999999 -999999 561     801     1694    986     594     509     481     797     1124    1585    1753    1732    1283    1052    631     181     
1806   1977 -999999 -999999 -999999 -999999 819     1443    -999999 227     460     701     711     1038    1247    1556    1522    1240    1200    626     585     
1806   1978 -999999 -999999 -999999 -999999 840     1402    -999999 314     282     640     674     1193    1310    1429    1465    1338    1190    850     287     
1806   1979 -999999 -999999 -999999 -999999 705     -999999 -999999 -5      171     456     724     914     1363    1505    1421    1295    1148    654     536     
1806   1980 -999999 -999999 -999999 -999999 827     1439    998     194     571     433     903     1135    1331    1471    1515    1465    859     655     556     
1806   1981 -999999 -999999 -999999 445     896     -999999 999     443     322     738     761     1171    1283    1464    1508    1427    795     767     -32     
1806   1982 -999999 -999999 -999999 -999999 862     1532    1069    330     484     600     842     1134    1482    1598    1519    1394    1026    733     406     
1806   1983 -999999 -999999 -999999 -999999 760     1625    1035    656     220     630     620     1030    1388    1834    1645    1326    1018    729     594     
1806   1984 -999999 -999999 -999999 -999999 778     1585    -999999 337     340     447     850     1019    1376    1635    1737    1292    1066    774     533     
1806   1985 -999999 -999999 -999999 -999999 779     1422    958     90      270     464     796     1098    1237    1572    1462    1453    1049    376     574     
1806   1986 -999999 -999999 -999999 -999999 751     1411    998     313     4       506     592     1130    1455    1482    1297    1126    1075    789     626     
1806   1987 -999999 -999999 -999999 -999999 815     1449    986     67      354     435     1004    1016    1227    1585    1524    1321    970     668     556     
1806   1988 -999999 -999999 -999999 536     885     1483    945     528     520     602     872     1191    1485    1465    1499    1274    1027    562     742     
1806   1989 -999999 -999999 -999999 681     883     1572    1073    655     644     729     675     1250    1413    1730    1579    1394    1149    662     390     
1806   1990 -999999 -999999 -999999 -999999 971     1561    1015    670     -999999 826     814     1269    1378    1629    1673    1274    1144    591     433     
1806   1991 -999999 -999999 -999999 325     883     1524    1040    309     230     762     806     1071    1210    1737    1632    1412    1019    664     526     
1806   1992 -999999 -999999 -999999 487     966     1523    906     373     578     704     877     1322    1526    1562    1482    1311    718     690     360     
1806   1993 -999999 -999999 -999999 -999999 902     1429    777     536     -999999 646     968     1099    1469    1430    1390    1165    760     420     391     
1806   1994 -999999 -999999 -999999 -999999 828     1526    -999999 453     273     655     780     1034    1363    1691    1519    1209    996     -999999 553     
1806   1995 -999999 -999999 -999999 -999999 833     1689    -999999 420     603     484     883     1118    1389    1809    1844    1313    1287    766     191     
1806   1996 -999999 -999999 -999999 -999999 747     1518    -999999 486     -999999 464     873     893     1362    1548    1639    1319    1136    478     318     
1806   1997 -999999 -999999 -999999 -999999 -999999 1630    -999999 288     -999999 803     870     1145    1395    1673    1805    1390    952     844     568     
1806   1998 -999999 -999999 -999999 -999999 963     1482    -999999 509     750     780     792     1318    1373    1528    1531    1450    1003    612     509     
1806   1999 -999999 -999999 -999999 -999999 982     1556    1131    510     506     714     959     1272    1352    1707    1587    1541    1057    797     454     
1806   2000 -999999 -999999 -999999 519     922     1528    1031    484     625     729     822     1210    -999999 1532    1613    1408    1004    698     510     
1806   2001 -999999 -999999 -999999 -999999 -999999 -999999 1139    318     379     464     745     -999999 -999999 1613    1595    1296    1332    770     336     
1806   2002 -999999 -999999 -999999 -999999 942     1516    1079    533     680     747     899     1179    1421    1519    1611    1426    941     854     531     
1806   2003 -999999 -999999 -999999 469     998     -999999 1047    448     427     781     991     1229    1557    1748    1703    1387    906     843     459     
1806   2004 -999999 -999999 -999999 507     969     1604    1139    543     520     675     1001    1230    1508    1560    1751    1476    1056    880     678     
1806   2005 1079    -999999 1409    617     963     1620    1170    676     493     807     935     1145    1540    1691    1627    1509    1334    660     485     
1806   2006 -999999 658     -999999 482     877     -999999 -999999 477     485     493     895     1244    -999999 -999999 -999999 -999999 -999999 -999999 -999999 
1806   2007 -999999 -999999 -999999 -999999 -999999 -999999 -999999 -999999 -999999 -999999 -999999 -999999 -999999 -999999 -999999 -999999 -999999 813     528     
1806   2008 -999999 -999999 -999999 612     -999999 -999999 -999999 679     631     -999999 -999999 -999999 -999999 -999999 -999999 -999999 -999999 -999999 -999999 
1806   2009 -999999 -999999 -999999 -999999 -999999 -999999 -999999 -999999 -999999 -999999 1034    -999999 1499    -999999 -999999 -999999 -999999 -999999 -999999 
