EUROPEAN CLIMATE ASSESSMENT & DATASET (ECA&D), file created on: 10-05-2011
THESE DATA CAN BE USED FREELY PROVIDED THAT THE FOLLOWING SOURCE IS ACKNOWLEDGED: 

Klein Tank, A.M.G. and Coauthors, 2002. Daily dataset of 20th-century surface
air temperature and precipitation series for the European Climate Assessment.
Int. J. of Climatol., 22, 1441-1453.
Data and metadata available at http://eca.knmi.nl

FILE FORMAT (MISSING VALUE CODE = -999999):

THIS FILE HOLDS DATA FOR STATION SPAIN                                    JEREZ DE LA FRONTERA                     (STAID:   1405)
LATITUDE: dd:mm:ss +36:45:02
LONGITUDE: ddd:mm:ss -006:03:20
ELEVATION: m   27

DATA IS FOR INDEX Mean of daily mean temperature (TG) with unit 0.01 Temperature (&#176;C)

01-06 SOUID: Source identifier
08-11 YEAR : YYYY
13-20 ANNUAL DATA VALUES
21-28 WINTER HALF YEAR DATA VALUES
29-36 SUMMER HALF YEAR DATA VALUES
37-44 WINTER (DJF) DATA VALUES
45-52 SPRING (MAM) DATA VALUES
53-60 SUMMER (JJA) DATA VALUES
61-68 AUTUMN (SON) DATA VALUES
69-76 JANUARY DATA VALUES
etc. 
157-164 DECEMBER DATA VALUES

1405   1958 -999999 -999999 2105    -999999 1543    2310    -999999 973     1351    1273    1432    1911    2028    2425    2467    2349    -999999 -999999 -999999 
1405   1959 -999999 -999999 -999999 -999999 1528    2413    1798    1272    1099    1356    1530    1726    2138    2516    2577    2195    1780    1420    1166    
1405   1960 1784    1367    2230    1179    1710    2464    1841    1063    1318    1455    1661    2013    2374    2531    2484    2307    1721    1500    976     
1405   1961 -999999 -999999 -999999 -999999 -999999 -999999 -999999 1018    -999999 1529    -999999 -999999 -999999 2607    2703    -999999 -999999 -999999 1266    
1405   1962 -999999 -999999 -999999 1208    -999999 -999999 -999999 1220    1130    -999999 -999999 1903    2239    -999999 -999999 -999999 -999999 -999999 -999999 
1405   1963 -999999 -999999 -999999 -999999 -999999 -999999 -999999 -999999 -999999 -999999 1603    -999999 2134    -999999 2451    2147    -999999 1551    1217    
1405   1964 -999999 -999999 -999999 -999999 -999999 -999999 -999999 1137    -999999 -999999 1551    -999999 2212    2525    -999999 2610    -999999 -999999 -999999 
1405   1965 -999999 -999999 -999999 -999999 1722    -999999 -999999 1019    -999999 1402    1649    2091    2373    2330    -999999 -999999 -999999 1418    1149    
1405   1966 -999999 -999999 -999999 1260    -999999 2371    1739    1283    1358    -999999 1586    2015    2191    2378    2537    2400    1757    1103    995     
1405   1967 -999999 -999999 -999999 -999999 1587    -999999 -999999 1004    -999999 1465    1476    1813    -999999 2542    2557    2196    1978    -999999 876     
1405   1968 -999999 -999999 -999999 -999999 -999999 -999999 1965    901     -999999 1315    -999999 -999999 -999999 2515    2439    2300    2077    1515    -999999 
1405   1969 -999999 -999999 -999999 -999999 1551    -999999 -999999 -999999 1152    1395    1494    1757    2092    2597    -999999 -999999 -999999 -999999 -999999 
1405   1970 -999999 -999999 2156    -999999 1552    2357    -999999 1273    1153    1227    1594    1826    2070    2544    2449    2440    1888    -999999 -999999 
1405   1971 -999999 -999999 -999999 -999999 -999999 2271    -999999 -999999 1215    -999999 1444    -999999 2001    2453    2350    2305    2163    -999999 -999999 
1405   1972 -999999 -999999 2005    -999999 -999999 2234    -999999 953     1137    -999999 1517    1726    1960    2340    2392    2078    -999999 -999999 -999999 
1405   1973 -999999 -999999 2152    -999999 1550    2428    1901    -999999 1051    1275    1512    1853    2183    2423    2672    2251    1835    1619    -999999 
1405   1974 -999999 -999999 -999999 -999999 -999999 2496    -999999 1195    1138    1210    1320    -999999 2183    2696    2600    2208    -999999 1461    1174    
1405   1975 -999999 -999999 -999999 -999999 -999999 2418    -999999 1127    -999999 -999999 1446    1613    2083    2560    2601    -999999 -999999 -999999 1102    
1405   1976 1714    -999999 2151    1088    1478    2527    1691    917     1255    1285    1343    1802    2407    2554    2615    2171    1727    1173    1301    
1405   1977 1750    1340    2061    1234    1630    2168    1907    1149    1255    1422    1673    1788    1933    2266    2299    2401    1925    1393    1445    
1405   1978 -999999 -999999 2127    -999999 1498    2356    2001    -999999 1301    1357    1454    1676    1902    2587    2565    2565    1915    1527    1412    
1405   1979 1779    1455    2195    1332    1563    2477    1836    1322    1254    1278    1519    1880    2240    2557    2626    2331    1792    1387    1108    
1405   1980 1780    1336    2232    1145    1606    2458    1956    1063    1273    1387    1640    1793    2225    2482    2661    2586    1863    1422    958     
1405   1981 1830    1317    2191    1013    1606    2506    2058    982     1108    1557    1476    1778    2393    2602    2518    2370    2072    1732    1317    
1405   1982 1786    1514    2220    1250    1698    2447    1854    1209    1222    1510    1624    1956    2349    2391    2597    2391    1763    1411    969     
1405   1983 1806    1299    2145    1027    1589    2341    2175    1069    1044    1524    1529    1711    2329    2268    2426    2609    2188    1727    1200    
1405   1984 1727    1399    2147    1083    1471    2438    1903    1010    1037    1217    1663    1537    2098    2630    2576    2365    1869    1476    1219    
1405   1985 1786    1349    2195    1178    1499    2434    2029    931     1406    1200    1618    1685    2171    2531    2591    2566    2094    1425    1195    
1405   1986 1730    1351    2145    1093    1523    2402    1934    973     1113    1280    1260    2012    2142    2588    2466    2382    1999    1417    1067    
1405   1987 1791    1358    2217    1096    1633    2424    1881    1040    1190    1424    1651    1826    2257    2497    2513    2551    1763    1333    1408    
1405   1988 1792    1376    2186    1253    1586    2435    2001    1161    1186    1389    1613    1755    2034    2614    2644    2441    1944    1620    1078    
1405   1989 1871    1396    2248    1120    1595    2586    2034    1048    1245    1433    1414    1934    2322    2756    2672    2368    2117    1613    1475    
1405   1990 1818    1533    2250    1296    1672    2514    1926    1072    1346    1560    1497    1954    2146    2689    2694    2503    1900    1375    1047    
1405   1991 1768    1284    2246    1006    1569    2560    1860    959     1011    1386    1476    1842    2318    2631    2724    2471    1752    1360    1228    
1405   1992 1758    1309    2209    1105    1715    2390    1822    926     1163    1416    1690    2039    1929    2598    2627    2348    1685    1438    1213    
1405   1993 1690    1309    2094    1107    1522    2441    1717    930     1187    1395    1450    1719    2158    2610    2547    2061    1696    1394    1098    
1405   1994 1816    1313    2218    1073    1649    2563    1933    990     1136    1549    1524    1870    2352    2696    2633    2214    2001    1580    1190    
1405   1995 1900    1436    2265    1177    1767    2525    2033    1041    1314    1481    1689    2127    2242    2637    2686    2183    2156    1755    1439    
1405   1996 1809    1534    2208    1283    1683    2490    1827    1333    1062    1434    1714    1902    2429    2622    2418    2151    1891    1436    1280    
1405   1997 1882    1474    2227    1281    1814    2372    2065    1207    1363    1653    1892    1901    2134    2431    2544    2454    2144    1593    1232    
1405   1998 1836    1530    2237    1274    1654    2568    1903    1174    1433    1596    1518    1843    2347    2645    2705    2350    1851    1509    1031    
1405   1999 1824    1326    2288    1046    1740    2554    1882    1042    1068    1436    1727    2056    2399    2635    2624    2272    2039    1330    1204    
1405   2000 1818    1406    2233    1177    1655    2531    1868    986     1350    1517    1474    1967    2439    2539    2611    2353    1851    1400    1312    
1405   2001 -999999 -999999 -999999 -999999 1763    2520    1942    1256    1308    1623    1713    1946    2466    2491    2609    2328    2098    1403    1199    
1405   2002 -999999 -999999 2181    1250    1708    2420    1936    1254    1300    1549    1674    1895    2301    2541    2414    2236    1990    1578    1416    
1405   2003 -999999 -999999 -999999 -999999 1767    2597    -999999 1113    1144    1567    1640    2144    2460    2572    2761    2409    1961    1566    1187    
1405   2004 -999999 -999999 -999999 -999999 -999999 -999999 -999999 1239    1276    -999999 1569    1799    -999999 2693    -999999 -999999 2035    -999999 -999999 
1405   2005 -999999 -999999 -999999 -999999 -999999 -999999 -999999 933     -999999 1496    -999999 -999999 -999999 2620    2664    -999999 1991    1410    1200    
1405   2006 -999999 -999999 -999999 -999999 1746    2559    2105    970     1112    1402    1734    2103    2343    2656    2660    2466    2156    1694    1115    
1405   2007 -999999 -999999 -999999 -999999 -999999 2447    -999999 1057    1420    -999999 1569    1914    2212    2601    2531    2369    1918    1508    1219    
1405   2008 -999999 -999999 -999999 -999999 1694    -999999 -999999 1284    1485    1470    1749    1857    -999999 2624    2639    -999999 1829    1176    950     
1405   2009 -999999 -999999 -999999 1007    -999999 2524    2138    951     1127    1429    1430    1938    2323    2556    2703    2439    2253    1703    1380    
1405   2010 -999999 -999999 -999999 1349    1794    2627    1937    1254    1424    1513    1873    1986    2265    2734    2871    2480    1915    1435    1387    
1405   2011 -999999 -999999 -999999 1266    -999999 -999999 -999999 1146    1256    1445    1939    -999999 -999999 -999999 -999999 -999999 -999999 -999999 -999999 
