EUROPEAN CLIMATE ASSESSMENT & DATASET (ECA&D), file created on: 10-05-2011
THESE DATA CAN BE USED FREELY PROVIDED THAT THE FOLLOWING SOURCE IS ACKNOWLEDGED: 

Klein Tank, A.M.G. and Coauthors, 2002. Daily dataset of 20th-century surface
air temperature and precipitation series for the European Climate Assessment.
Int. J. of Climatol., 22, 1441-1453.
Data and metadata available at http://eca.knmi.nl

FILE FORMAT (MISSING VALUE CODE = -999999):

THIS FILE HOLDS DATA FOR STATION FINLAND                                  MAANINKA HALOLA                          (STAID:    722)
LATITUDE: dd:mm:ss +63:09:00
LONGITUDE: ddd:mm:ss +027:19:12
ELEVATION: m   88

DATA IS FOR INDEX Mean of daily mean temperature (TG) with unit 0.01 Temperature (&#176;C)

01-06 SOUID: Source identifier
08-11 YEAR : YYYY
13-20 ANNUAL DATA VALUES
21-28 WINTER HALF YEAR DATA VALUES
29-36 SUMMER HALF YEAR DATA VALUES
37-44 WINTER (DJF) DATA VALUES
45-52 SPRING (MAM) DATA VALUES
53-60 SUMMER (JJA) DATA VALUES
61-68 AUTUMN (SON) DATA VALUES
69-76 JANUARY DATA VALUES
etc. 
157-164 DECEMBER DATA VALUES

722    1959 -999999 -999999 -999999 -999999 -999999 1500    255     -999999 -999999 -999999 -999999 766     1390    1596    1510    698     266     -200    -1239   
722    1960 -999999 -693    1144    -1247   186     1626    203     -1217   -1286   -506    114     948     1525    1834    1516    896     -24     -305    -444    
722    1961 396     -999999 1032    -513    148     1548    551     -692    -387    -282    -74     792     1649    1638    1362    799     778     68      -946    
722    1962 191     -479    925     -868    -30     1215    471     -777    -883    -1133   293     761     1129    1373    1139    840     546     25      -1075   
722    1963 179     -753    1106    -1300   23      1380    489     -1383   -1456   -1215   145     1142    1191    1510    1431    1191    463     -185    -792    
722    1964 236     -514    970     -855    13      1375    326     -536    -1264   -806    78      770     1255    1502    1365    823     572     -425    -578    
722    1965 168     -487    948     -804    -47     1356    221     -693    -1178   -682    78      467     1347    1381    1339    1064    374     -780    -792    
722    1966 42      -989    961     -1560   -120    1503    335     -1946   -1982   -900    -211    747     1575    1645    1292    691     270     44      -856    
722    1967 271     -505    1073    -1110   299     1474    608     -1575   -877    -53     178     768     1261    1542    1612    1057    568     200     -1485   
722    1968 117     -700    987     -1550   141     1460    70      -2132   -996    -344    160     608     1547    1382    1454    767     -93     -460    -473    
722    1969 100     -819    986     -1169   -61     1468    338     -1586   -1479   -876    58      639     1379    1533    1488    795     395     -176    -1063   
722    1970 177     -681    1031    -1333   111     1539    224     -1270   -1703   -354    -48     731     1543    1677    1398    860     263     -454    -666    
722    1971 162     -570    934     -796    -81     1405    154     -615    -1140   -859    -96     713     1282    1483    1446    748     237     -526    -825    
722    1972 355     -628    1139    -978    97      1702    299     -1204   -900    -563    74      780     1600    1932    1569    853     296     -253    21      
722    1973 244     -277    1065    -432    228     1573    15      -529    -826    -421    199     906     1540    1809    1368    536     33      -526    -1235   
722    1974 411     -530    1027    -773    36      1501    476     -773    -262    -391    -11     507     1398    1664    1438    1148    392     -110    -125    
722    1975 401     -183    1058    -424    311     1382    435     -516    -643    -135    81      979     1236    1568    1338    1119    333     -142    -487    
722    1976 70      -652    912     -1082   47      1279    90      -1624   -1140   -865    47      959     1088    1430    1313    601     -75     -249    -682    
722    1977 216     -563    952     -878    115     1399    267     -834    -1145   -441    27      756     1372    1509    1316    708     212     -115    -871    
722    1978 80      -657    959     -1212   126     1379    304     -1124   -1688   -439    -45     858     1385    1494    1259    780     200     -66     -1773   
722    1979 249     -751    1069    -1459   206     1522    325     -1258   -1335   -307    -78     994     1497    1527    1541    903     131     -52     -682    
722    1980 163     -644    1066    -1036   13      1532    184     -1199   -1241   -842    253     635     1647    1561    1392    896     369     -718    -845    
722    1981 197     -673    991     -900    -42     1407    365     -737    -1142   -1011   -47     931     1212    1720    1285    817     497     -224    -1031   
722    1982 239     -617    963     -1256   206     1339    415     -1760   -947    -260    90      784     947     1614    1444    868     224     160     -374    
722    1983 285     -389    1121    -759    290     1442    267     -650    -1307   -461    317     1014    1312    1644    1366    1054    360     -615    -734    
722    1984 312     -574    1087    -811    238     1390    382     -947    -746    -775    305     1185    1328    1522    1316    837     484     -178    -619    
722    1985 25      -800    972     -1603   56      1458    357     -2241   -1986   -355    -150    667     1322    1518    1532    918     492     -342    -1210   
722    1986 194     -659    999     -1337   271     1478    393     -1362   -1448   -149    56      900     1602    1643    1192    575     425     177     -1391   
722    1987 31      -838    900     -1613   -26     1283    314     -2211   -1198   -833    42      717     1339    1395    1119    774     605     -447    -1000   
722    1988 256     -509    1114    -895    80      1623    233     -792    -891    -549    -97     880     1572    1915    1380    1006    349     -660    -1086   
722    1989 469     -341    1161    -585    438     1535    390     -359    -279    -13     348     977     1583    1595    1429    1018    318     -163    -868    
722    1990 361     -348    1035    -677    305     1437    184     -1079   -20     -240    359     799     1304    1562    1441    718     352     -524    -367    
722    1991 345     -482    1040    -765    154     1488    497     -874    -1084   -455    263     656     1301    1605    1551    840     477     174     -416    
722    1992 345     -164    1052    -529    273     1426    95      -623    -548    -61     -120    987     1489    1501    1291    1141    -240    -607    -111    
722    1993 272     -402    967     -449    337     1333    56      -616    -639    -230    116     1119    1067    1577    1347    537     193     -566    -723    
722    1994 257     -697    1078    -1112   158     1511    310     -948    -1723   -510    347     642     1328    1763    1436    932     319     -322    -327    
722    1995 371     -240    1087    -441    274     1524    371     -575    -419    -139    135     820     1673    1471    1434    975     641     -512    -1106   
722    1996 255     -591    1003    -1070   101     1474    461     -735    -1391   -491    105     690     1333    1451    1633    782     477     124     -979    
722    1997 295     -406    1073    -899    27      1657    272     -951    -752    -373    -152    601     1504    1826    1636    997     109     -284    -688    
722    1998 246     -557    1005    -800    -38     1439    350     -579    -1168   -783    -104    771     1354    1639    1321    1027    451     -431    -655    
722    1999 340     -540    1139    -970    191     1602    506     -1181   -1085   -387    382     583     1790    1728    1294    1050    532     -65     -644    
722    2000 471     -310    1124    -655    297     1528    579     -698    -621    -375    356     912     1417    1719    1444    875     741     115     -275    
722    2001 -999999 -999999 -999999 -999999 -999999 -999999 -999999 -999999 -999999 -999999 -999999 -999999 -999999 -999999 -999999 -999999 -999999 -999999 -999999 
722    2002 -999999 -999999 -999999 -999999 -999999 -999999 -999999 -999999 -999999 -999999 -999999 -999999 -999999 -999999 -999999 -999999 -999999 -999999 -999999 
722    2003 -999999 -999999 -999999 -999999 -999999 -999999 -999999 -999999 -999999 -999999 -999999 -999999 -999999 -999999 -999999 -999999 -999999 -999999 -999999 
722    2004 -999999 -999999 -999999 -999999 -999999 -999999 -999999 -999999 -999999 -999999 -999999 -999999 -999999 -999999 -999999 -999999 -999999 -999999 -999999 
722    2005 -999999 -999999 -999999 -999999 -999999 -999999 -999999 -999999 -999999 -999999 -999999 -999999 -999999 -999999 -999999 -999999 -999999 -999999 -999999 
722    2006 -999999 -999999 -999999 -999999 -999999 -999999 -999999 -999999 -999999 -999999 -999999 -999999 -999999 -999999 -999999 -999999 -999999 -999999 -999999 
722    2007 -999999 -999999 -999999 -999999 -999999 -999999 -999999 -999999 -999999 -999999 -999999 -999999 -999999 -999999 -999999 -999999 -999999 -999999 -999999 
722    2008 -999999 -999999 -999999 -999999 257     1399    462     -999999 -356    -379    334     817     1322    1569    1304    802     594     33      -186    
722    2009 351     -267    1155    -625    294     1499    446     -843    -870    -378    199     1058    1346    1624    1521    1157    141     52      -872    
722    2010 220     -687    1265    -1264   314     1682    305     -1650   -1272   -553    361     1135    1298    2142    1595    1022    372     -480    -1435   
722    2011 -999999 -733    -999999 -1334   -999999 -999999 -999999 -960    -1636   -338    451     -999999 -999999 -999999 -999999 -999999 -999999 -999999 -999999 
