EUROPEAN CLIMATE ASSESSMENT & DATASET (ECA&D), file created on: 10-05-2011
THESE DATA CAN BE USED FREELY PROVIDED THAT THE FOLLOWING SOURCE IS ACKNOWLEDGED: 

Klein Tank, A.M.G. and Coauthors, 2002. Daily dataset of 20th-century surface
air temperature and precipitation series for the European Climate Assessment.
Int. J. of Climatol., 22, 1441-1453.
Data and metadata available at http://eca.knmi.nl

FILE FORMAT (MISSING VALUE CODE = -999999):

THIS FILE HOLDS DATA FOR STATION FRANCE                                   POITIERS                                 (STAID:    749)
LATITUDE: dd:mm:ss +46:34:48
LONGITUDE: ddd:mm:ss +000:18:36
ELEVATION: m  120

DATA IS FOR INDEX Mean of daily mean temperature (TG) with unit 0.01 Temperature (&#176;C)

01-06 SOUID: Source identifier
08-11 YEAR : YYYY
13-20 ANNUAL DATA VALUES
21-28 WINTER HALF YEAR DATA VALUES
29-36 SUMMER HALF YEAR DATA VALUES
37-44 WINTER (DJF) DATA VALUES
45-52 SPRING (MAM) DATA VALUES
53-60 SUMMER (JJA) DATA VALUES
61-68 AUTUMN (SON) DATA VALUES
69-76 JANUARY DATA VALUES
etc. 
157-164 DECEMBER DATA VALUES

749    1958 1123    -999999 1545    -999999 966     1741    1193    468     738     623     866     1406    1586    1793    1840    1765    1159    658     549     
749    1959 1220    715     1659    503     1153    1881    1282    397     568     941     1069    1446    1687    2039    1911    1786    1275    785     684     
749    1960 1140    776     1554    555     1145    1769    1196    404     580     919     1020    1491    1818    1719    1773    1494    1184    912     349     
749    1961 1226    771     1659    554     1137    1799    1336    466     878     855     1269    1290    1709    1848    1837    2002    1319    687     547     
749    1962 1072    671     1546    516     890     1814    1167    553     440     459     997     1217    1625    1858    1952    1612    1255    630     217     
749    1963 1010    480     1497    36      1053    1710    1256    -169    64      847     1052    1258    1653    1844    1632    1534    1223    1013    116     
749    1964 1123    624     1665    269     1064    1887    1170    112     600     692     990     1508    1701    2011    1944    1820    999     695     395     
749    1965 1093    596     1474    351     1038    1716    1149    462     180     807     950     1354    1672    1743    1732    1377    1321    743     696     
749    1966 1177    799     1594    692     1060    1747    1207    425     983     642     1184    1359    1738    1741    1762    1776    1334    508     675     
749    1967 1149    744     1552    594     1014    1839    1254    451     663     817     924     1297    1625    2030    1856    1562    1430    763     325     
749    1968 1119    711     1516    432     995     1763    1255    468     508     757     1024    1205    1669    1827    1791    1570    1413    775     403     
749    1969 1144    726     1598    454     1074    1837    1257    620     326     783     1063    1377    1571    2011    1920    1627    1386    755     228     
749    1970 1136    673     1606    437     941     1878    1286    488     611     566     871     1385    1849    1844    1939    1734    1140    989     199     
749    1971 1110    617     1611    377     1021    1808    1135    500     439     431     1175    1462    1530    2050    1836    1598    1260    543     450     
749    1972 1096    710     1451    514     1036    1697    1092    414     691     897     986     1224    1425    1885    1771    1396    1138    739     564     
749    1973 1114    633     1640    421     973     1932    1176    324     370     639     831     1444    1784    1882    2125    1759    1052    722     381     
749    1974 1161    722     1555    583     1015    1856    1050    759     610     794     976     1275    1706    1894    1963    1499    818     841     760     
749    1975 1120    727     1587    705     929     1902    1131    680     672     591     972     1227    1663    1945    2090    1609    1084    700     173     
749    1976 1179    608     1698    393     1027    2083    1123    415     604     676     949     1454    2086    2107    2056    1520    1235    611     406     
749    1977 1132    731     1458    535     1030    1693    1192    418     808     913     882     1290    1547    1830    1697    1484    1366    718     597     
749    1978 1094    747     1452    524     971     1673    1171    387     596     803     811     1295    1550    1759    1705    1579    1221    710     677     
749    1979 1113    682     1519    467     974     1772    1227    188     543     743     933     1245    1678    1895    1742    1613    1331    735     669     
749    1980 1041    726     1475    542     910     1683    1132    255     714     652     883     1195    1529    1656    1859    1720    1111    566     346     
749    1981 1117    633     1520    356     1114    1723    1186    437     277     1027    1032    1281    1530    1750    1884    1634    1208    715     565     
749    1982 1202    756     1629    636     1007    1877    1275    694     650     690     920     1408    1836    2044    1751    1802    1133    894     575     
749    1983 1157    720     1620    511     956     1975    1218    581     364     744     938     1184    1777    2226    1916    1662    1175    817     444     
749    1984 1104    662     1494    464     885     1801    1248    536     407     583     988     1088    1635    1933    1829    1477    1253    1015    475     
749    1985 1051    640     1551    319     969     1733    1159    -43     545     597     1071    1243    1520    1966    1706    1788    1245    440     506     
749    1986 1086    575     1499    365     906     1810    1220    526     31      642     701     1368    1756    1892    1780    1479    1387    787     598     
749    1987 1082    603     1594    278     979     1792    1273    -198    451     583     1177    1184    1562    1921    1884    1828    1301    691     575     
749    1988 1173    774     1561    637     1092    1734    1205    760     572     731     1082    1464    1650    1715    1835    1611    1359    640     623     
749    1989 1226    780     1648    551     1164    1911    1273    401     637     1004    855     1623    1711    2064    1951    1663    1403    750     599     
749    1990 1240    860     1664    711     1140    1923    1279    596     962     858     980     1576    1598    2060    2098    1646    1401    786     297     
749    1991 1120    680     1610    301     1029    1890    1225    421     171     959     883     1242    1515    1986    2156    1857    1092    730     355     
749    1992 1130    623     1595    365     1091    1866    1133    248     500     805     915     1547    1678    1924    1991    1495    920     992     525     
749    1993 1107    707     1554    517     1080    1793    974     675     334     768     1057    1413    1756    1776    1846    1465    1025    430     675     
749    1994 1257    723     1619    645     1089    1959    1294    582     682     934     908     1419    1715    2135    2019    1494    1316    1070    755     
749    1995 1216    866     1620    699     1029    1961    1256    521     835     702     1009    1375    1643    2160    2069    1437    1546    776     483     
749    1996 1103    759     1536    511     990     1836    1116    674     368     684     1018    1269    1804    1915    1788    1409    1208    727     336     
749    1997 1235    696     1673    423     1159    1930    1306    215     749     944     1033    1495    1640    1891    2251    1708    1277    933     649     
749    1998 1168    818     1617    595     1126    1837    1143    557     576     899     949     1525    1674    1860    1973    1705    1201    521     520     
749    1999 1218    707     1685    546     1170    1889    1227    618     496     860     1066    1581    1678    2040    1942    1784    1297    598     598     
749    2000 1222    729     1636    570     1113    1847    1267    417     705     756     1051    1530    1826    1756    1960    1682    1216    904     840     
749    2001 1186    864     1600    680     1148    1911    1194    621     569     1008    918     1510    1743    1947    2036    1422    1586    561     251     
749    2002 1260    798     1600    570     1122    1856    1283    660     823     901     1083    1380    1846    1886    1834    1559    1315    974     834     
749    2003 1294    827     1852    546     1234    2236    1238    330     467     1015    1229    1459    2191    2064    2453    1703    1086    929     552     
749    2004 1192    727     1665    559     1025    1937    1298    585     540     667     1015    1393    1884    1911    2014    1763    1376    751     381     
749    2005 1223    707     1716    428     1122    1997    1342    526     371     802     1101    1461    2013    2043    1936    1734    1634    648     344     
749    2006 1273    706     1773    370     1124    2057    1491    397     368     808     1070    1491    1979    2392    1810    1906    1572    991     471     
749    2007 1233    910     1663    700     1265    1812    1140    749     901     778     1459    1566    1816    1813    1806    1511    1221    687     472     
749    2008 1196    773     1624    637     1136    1886    1140    670     778     805     993     1605    1783    1948    1923    1472    1169    778     410     
749    2009 1231    641     1728    361     1165    1979    1358    183     503     795     1164    1535    1827    1992    2113    1722    1312    1043    539     
749    2010 1127    715     1662    378     1089    1956    1198    169     431     778     1169    1322    1803    2110    1949    1603    1225    766     162     
749    2011 -999999 701     -999999 423     -999999 -999999 -999999 452     679     920     1385    -999999 -999999 -999999 -999999 -999999 -999999 -999999 -999999 
