EUROPEAN CLIMATE ASSESSMENT & DATASET (ECA&D), file created on: 10-05-2011
THESE DATA CAN BE USED FREELY PROVIDED THAT THE FOLLOWING SOURCE IS ACKNOWLEDGED: 

Klein Tank, A.M.G. and Coauthors, 2002. Daily dataset of 20th-century surface
air temperature and precipitation series for the European Climate Assessment.
Int. J. of Climatol., 22, 1441-1453.
Data and metadata available at http://eca.knmi.nl

FILE FORMAT (MISSING VALUE CODE = -999999):

THIS FILE HOLDS DATA FOR STATION ROMANIA                                  CRAIOVA                                  (STAID:   2061)
LATITUDE: dd:mm:ss +44:13:48
LONGITUDE: ddd:mm:ss +023:52:12
ELEVATION: m  192

DATA IS FOR INDEX Mean of daily mean temperature (TG) with unit 0.01 Temperature (&#176;C)

01-06 SOUID: Source identifier
08-11 YEAR : YYYY
13-20 ANNUAL DATA VALUES
21-28 WINTER HALF YEAR DATA VALUES
29-36 SUMMER HALF YEAR DATA VALUES
37-44 WINTER (DJF) DATA VALUES
45-52 SPRING (MAM) DATA VALUES
53-60 SUMMER (JJA) DATA VALUES
61-68 AUTUMN (SON) DATA VALUES
69-76 JANUARY DATA VALUES
etc. 
157-164 DECEMBER DATA VALUES

2061   1961 1203    -999999 1873    -999999 1251    2161    1334    -123    255     830     1366    1560    2102    2187    2191    1821    1322    858     16      
2061   1962 1109    363     1935    -95     1086    2232    1326    -135    -173    256     1222    1783    1982    2239    2468    1893    1266    820     -395    
2061   1963 1076    161     1940    -496    1047    2286    1378    -884    -178    323     1090    1729    2077    2359    2416    1947    1241    952     -223    
2061   1964 1068    264     1833    -307    1008    2172    1271    -571    -116    299     1203    1529    2202    2223    2092    1740    1367    702     116     
2061   1965 1053    389     1783    -68     949     2106    1182    -30     -315    436     863     1544    2017    2284    2015    1958    1138    452     177     
2061   1966 1208    449     1873    130     1244    2140    1330    -266    515     681     1384    1673    1892    2239    2280    1751    1630    600     80      
2061   1967 1152    447     1878    -106    1190    2160    1355    -373    -17     724     1121    1722    1888    2289    2294    1928    1447    687     27      
2061   1968 1151    465     1923    13      1333    2105    1205    -234    262     595     1442    1965    2105    2191    2019    1801    1175    640     -166    
2061   1969 1032    142     1842    -346    1006    2074    1317    -646    -212    43      1028    1948    1933    2073    2210    1835    1206    914     -22     
2061   1970 1104    420     1821    -71     1140    2101    1188    -215    35      581     1262    1580    1983    2192    2125    1770    1025    774     82      
2061   1971 1124    418     1829    83      1123    2148    1053    -38     220     437     1102    1829    1951    2169    2317    1582    1045    531     279     
2061   1972 1090    380     1854    17      1238    2184    1006    -232    3       631     1419    1669    2179    2279    2093    1468    906     648     -8      
2061   1973 1033    311     1783    -22     1051    2031    1086    -295    263     360     1097    1698    1932    2127    2030    1796    1125    336     -115    
2061   1974 1098    330     1774    -24     988     2111    1173    -223    295     557     902     1504    1880    2144    2300    1893    1194    432     241     
2061   1975 1146    497     1857    153     1284    2065    1124    138     74      860     1240    1751    2003    2148    2043    1948    1143    279     51      
2061   1976 1007    284     1698    -37     1056    1913    1096    96      -274    370     1212    1590    1797    2118    1819    1641    1021    628     19      
2061   1977 1091    448     1757    76      1172    2068    1160    -224    471     780     1083    1650    1939    2145    2117    1585    1114    783     -382    
2061   1978 1034    320     1714    -221    1082    2015    1067    -147    -125    650     1082    1512    1926    2084    2032    1632    1205    359     112     
2061   1979 1127    378     1828    -41     1194    2099    1127    -194    -41     789     1057    1731    2175    2034    2090    1871    936     630     420     
2061   1980 1038    322     1769    -30     1013    2101    1191    -521    13      445     1098    1499    2010    2184    2106    1700    1350    516     -2      
2061   1981 1129    -999999 1793    -32     1108    2123    1257    -223    141     793     1006    1523    2156    2126    2089    1848    1376    543     70      
2061   1982 1132    364     1890    -77     1084    2145    1254    -196    -109    462     970     1817    2073    2139    2219    2105    1260    395     363     
2061   1983 1199    568     1943    299     1368    2162    1109    366     154     825     1412    1869    1948    2307    2224    1876    1158    289     -115    
2061   1984 1120    302     1818    -9      1038    2059    1352    146     -62     368     1022    1725    1963    2120    2092    1971    1555    524     -32     
2061   1985 1065    194     1948    -407    1184    2195    1138    -675    -525    260     1364    1933    1975    2309    2293    1792    1168    452     317     
2061   1986 1101    359     1915    40      1210    2119    1145    104     -337    385     1421    1830    2018    2055    2281    1871    1129    437     -76     
2061   1987 1091    204     1899    -139    853     2244    1291    -363    46      36      1041    1487    2115    2468    2145    2128    1066    688     152     
2061   1988 1155    508     1919    199     1120    2317    973     203     247     671     1029    1657    2035    2529    2377    1861    1035    22      115     
2061   1989 1207    446     1853    222     1317    2110    1149    103     473     916     1450    1588    1847    2187    2287    1741    1222    480     144     
2061   1990 1219    525     1858    110     1322    2180    1249    -253    473     1078    1192    1692    2008    2283    2245    1708    1245    794     81      
2061   1991 1035    422     1763    -35     997     2108    1161    59      -262    550     1046    1397    2046    2216    2059    1800    1168    516     -258    
2061   1992 1182    384     1898    -23     1141    2275    1275    2       202     670     1196    1559    2005    2228    2584    1794    1312    718     -113    
2061   1993 1153    386     1968    -63     1152    2315    1088    47      -129    440     1169    1846    2186    2347    2406    1830    1422    -1      163     
2061   1994 1296    512     2032    229     1335    2281    1340    274     252     920     1295    1789    2119    2360    2359    2256    1185    585     89      
2061   1995 1135    489     1869    151     1154    2246    1040    -223    633     683     1189    1591    2115    2413    2206    1682    1260    172     -135    
2061   1996 1066    123     1887    -248    1028    2246    1173    -305    -308    28      1101    1956    2228    2277    2233    1503    1205    809     25      
2061   1997 1085    455     1779    31      1073    2129    1059    -269    360     581     811     1819    2091    2187    2109    1633    967     579     65      
2061   1998 1147    443     1928    178     1206    2293    1055    83      408     557     1411    1657    2164    2343    2366    1606    1278    273     -421    
2061   1999 1214    355     1945    -75     1229    2276    1187    45      176     759     1288    1643    2152    2383    2287    1898    1182    483     197     
2061   2000 1274    433     2028    69      1338    2370    1275    -368    400     705     1471    1842    2248    2381    2476    1728    1237    860     285     
2061   2001 1216    636     1906    245     1273    2247    1275    123     336     956     1152    1707    1926    2345    2458    1819    1478    520     -295    
2061   2002 1244    558     1956    104     1357    2304    1202    -61     730     994     1133    1936    2294    2474    2143    1731    1135    742     -344    
2061   2003 1139    245     1997    -281    1174    2377    1134    -145    -362    404     1050    2066    2302    2307    2518    1710    985     713     14      
2061   2004 1158    379     1849    -49     1155    2175    1289    -342    198     702     1212    1554    1985    2291    2244    1792    1345    728     165     
2061   2005 1111    450     1825    41      1123    2081    1158    174     -242    474     1158    1739    1922    2206    2110    1796    1208    468     214     
2061   2006 1097    311     1831    -110    1120    2118    1256    -433    -111    485     1210    1669    1966    2282    2100    1742    1280    745     153     
2061   2007 1250    651     2002    364     1309    2416    995     544     398     765     1289    1871    2298    2652    2295    1578    1127    274     -159    
2061   2008 1190    332     1914    -91     1260    2297    1164    -375    286     833     1242    1706    2174    2284    2430    1628    1248    614     176     
2061   2009 1212    457     1962    90      1208    2275    1282    -37     137     581     1252    1793    2115    2372    2333    1885    1197    767     88      
2061   2010 -999999 -999999 1970    -999999 1239    2326    1270    -999999 -999999 719     1240    1724    2132    2374    2467    1859    924     1039    -22     
2061   2011 -999999 388     -999999 -68     -999999 -999999 -999999 -130    -51     550     1197    -999999 -999999 -999999 -999999 -999999 -999999 -999999 -999999 
