EUROPEAN CLIMATE ASSESSMENT & DATASET (ECA&D), file created on: 10-05-2011
THESE DATA CAN BE USED FREELY PROVIDED THAT THE FOLLOWING SOURCE IS ACKNOWLEDGED: 

Klein Tank, A.M.G. and Coauthors, 2002. Daily dataset of 20th-century surface
air temperature and precipitation series for the European Climate Assessment.
Int. J. of Climatol., 22, 1441-1453.
Data and metadata available at http://eca.knmi.nl

FILE FORMAT (MISSING VALUE CODE = -999999):

THIS FILE HOLDS DATA FOR STATION NORWAY                                   SAUDA                                    (STAID:   1047)
LATITUDE: dd:mm:ss +59:38:54
LONGITUDE: ddd:mm:ss +006:21:47
ELEVATION: m    5

DATA IS FOR INDEX Mean of daily mean temperature (TG) with unit 0.01 Temperature (&#176;C)

01-06 SOUID: Source identifier
08-11 YEAR : YYYY
13-20 ANNUAL DATA VALUES
21-28 WINTER HALF YEAR DATA VALUES
29-36 SUMMER HALF YEAR DATA VALUES
37-44 WINTER (DJF) DATA VALUES
45-52 SPRING (MAM) DATA VALUES
53-60 SUMMER (JJA) DATA VALUES
61-68 AUTUMN (SON) DATA VALUES
69-76 JANUARY DATA VALUES
etc. 
157-164 DECEMBER DATA VALUES

1047   1954 627     -999999 1141    -999999 592     1393    657     -360    -303    93      449     1230    1320    1412    1446    970     646     355     193     
1047   1955 566     29      1179    -265    374     1580    682     -387    -636    -54     426     753     1244    1762    1724    1146    571     334     -174    
1047   1956 562     17      1089    -312    504     1345    598     -251    -525    121     410     980     1188    1552    1290    1094    569     131     135     
1047   1957 634     192     1075    62      571     1355    586     54      -9      254     547     912     1186    1477    1396    912     673     172     -16     
1047   1958 577     3       1132    -204    320     1444    787     -218    -395    -231    423     770     1383    1559    1388    1259    798     303     -181    
1047   1959 685     51      1252    -382    726     1505    768     -629    -331    316     693     1168    1342    1621    1548    1122    666     518     123     
1047   1960 665     169     1233    -140    663     1493    700     -339    -208    242     574     1171    1444    1510    1525    1156    605     344     -77     
1047   1961 695     175     1142    -94     649     1348    879     -292    104     365     546     1035    1272    1456    1312    1217    1047    366     -130    
1047   1962 525     160     1003    -51     309     1254    627     62      -90     -313    397     845     1109    1446    1203    1000    705     174     -283    
1047   1963 523     -154    1172    -624    517     1480    705     -908    -688    37      571     945     1574    1405    1465    1064    715     337     -307    
1047   1964 581     139     1045    -127    575     1243    578     -16     -55     153     548     1022    1140    1268    1318    960     513     263     -161    
1047   1965 560     31      1148    -177    481     1368    606     -185    -185    -70     574     943     1313    1453    1336    1262    707     -154    -316    
1047   1966 536     -108    1087    -455    424     1452    632     -559    -492    126     223     917     1538    1454    1366    1011    666     219     -104    
1047   1967 630     142     1053    -118    505     1306    812     -337    108     300     396     817     1191    1341    1381    1182    727     530     -105    
1047   1968 578     75      1193    -297    478     1499    650     -436    -353    73      449     912     1405    1516    1574    1287    676     -13     -192    
1047   1969 610     -20     1239    -235    478     1587    639     29      -575    -99     483     1051    1526    1449    1783    1125    786     1       -331    
1047   1970 555     -69     1140    -408    430     1506    596     -343    -565    -10     251     1044    1642    1316    1564    1004    663     118     -103    
1047   1971 670     130     1154    -11     539     1406    602     -27     109     17      540     1061    1306    1479    1430    1091    657     56      275     
1047   1972 696     186     1166    22      682     1435    625     -229    20      319     574     1150    1249    1695    1357    948     672     254     311     
1047   1973 615     288     1106    156     551     1417    487     136     7       319     388     940     1309    1669    1270    1043    405     15      -169    
1047   1974 748     189     1172    100     745     1359    663     275     203     403     736     1095    1430    1300    1350    1112    591     288     159     
1047   1975 718     223     1177    104     529     1511    677     219     -83     135     449     1000    1232    1603    1688    1066    685     280     264     
1047   1976 588     110     1166    -76     493     1497    657     -287    -214    -81     468     1092    1350    1615    1522    927     745     297     -410    
1047   1977 643     73      1126    -303    560     1460    653     -207    -291    277     300     1094    1363    1566    1447    959     843     150     131     
1047   1978 625     146     1165    -92     579     1472    709     -76     -357    135     445     1152    1469    1444    1504    955     743     429     -417    
1047   1979 489     -53     1037    -537    448     1326    594     -713    -475    93      521     731     1323    1330    1324    986     670     122     -107    
1047   1980 616     -2      1257    -290    588     1547    541     -427    -341    50      547     1165    1483    1678    1478    1171    490     -36     95      
1047   1981 546     13      1139    -157    560     1333    679     -322    -252    78      422     1174    1201    1439    1355    1222    622     196     -628    
1047   1982 683     -2      1169    -379    566     1511    776     -381    -102    275     499     921     1456    1620    1457    1042    868     416     69      
1047   1983 681     268     1154    24      605     1409    672     254     -279    235     607     975     1289    1498    1435    1103    709     202     69      
1047   1984 730     140     1214    -55     606     1502    812     -184    -50     84      545     1188    1421    1537    1545    1031    807     600     215     
1047   1985 528     136     1110    -257    584     1387    519     -604    -397    160     442     1146    1327    1487    1344    890     791     -133    -193    
1047   1986 548     -82     1045    -485    516     1389    668     -598    -683    263     337     941     1483    1405    1283    808     702     494     54      
1047   1987 571     28      1119    -318    507     1372    721     -835    -159    -89     646     968     1207    1548    1354    973     887     296     12      
1047   1988 726     253     1240    112     513     1558    687     222     103     -12     364     1182    1671    1547    1457    1205    647     210     89      
1047   1989 744     344     1139    275     644     1389    710     403     341     367     628     937     1357    1521    1287    1090    730     311     -72     
1047   1990 766     354     1161    204     727     1414    647     264     443     457     578     1141    1368    1460    1412    992     775     171     103     
1047   1991 682     196     1171    -63     658     1453    652     -19     -296    392     638     943     1089    1727    1530    1075    633     248     142     
1047   1992 701     260     1190    142     635     1447    593     131     153     249     497     1155    1598    1458    1288    1134    435     214     81      
1047   1993 625     184     1110    99      670     1251    528     90      130     151     658     1199    1257    1266    1230    1038    574     -31     -92     
1047   1994 676     42      1162    -153    585     1421    743     30      -422    148     563     1042    1059    1696    1497    1089    626     517     177     
1047   1995 651     273     1151    76      520     1455    771     -39     91      253     447     857     1347    1471    1543    1227    913     168     -504    
1047   1996 565     32      1139    -348    522     1429    614     -245    -293    136     595     839     1294    1299    1689    1103    841     -109    -399    
1047   1997 716     80      1262    -195    562     1691    645     -317    167     299     459     924     1547    1708    1815    1096    525     317     18      
1047   1998 672     219     1158    117     608     1307    621     85      261     116     640     1070    1251    1368    1302    1309    558     -3      84      
1047   1999 732     155     1218    23      630     1409    895     41      -63     285     668     939     1237    1471    1514    1470    731     490     -48     
1047   2000 794     276     1198    77      673     1369    1001    173     106     199     679     1141    1188    1547    1366    1253    1053    696     103     
1047   2001 646     255     1178    -76     529     1439    795     -50     -301    -7      506     1089    1256    1618    1436    1146    962     272     -249    
1047   2002 744     234     1339    -24     695     1614    652     60      131     217     710     1158    1430    1509    1897    1311    543     105     -180    
1047   2003 708     72      1238    -154    608     1556    685     -123    -161    226     725     875     1362    1737    1564    1150    426     488     166     
1047   2004 723     200     1224    -4      712     1456    695     -173    -7      293     798     1047    1285    1435    1641    1122    774     188     247     
1047   2005 721     255     1143    145     549     1396    822     186     -15     124     657     871     1152    1617    1412    1136    894     434     114     
1047   2006 786     198     1294    -18     440     1640    959     -141    -22     -107    402     1023    1386    1805    1722    1404    922     551     434     
1047   2007 713     436     1160    210     710     1448    619     172     3       496     685     950     1527    1408    1411    972     679     206     -2      
1047   2008 765     260     1256    154     676     1517    700     232     239     203     634     1189    1332    1716    1495    1148    695     256     11      
1047   2009 720     166     1268    -82     721     1505    743     -54     -218    270     866     1032    1400    1636    1477    1185    535     516     -67     
1047   2010 -999999 28      1199    -351    571     1501    -999999 -560    -434    151     621     943     1385    1601    1512    1116    -999999 -999999 -697    
1047   2011 -999999 -999999 -999999 -322    -999999 -999999 -999999 -117    -135    165     782     -999999 -999999 -999999 -999999 -999999 -999999 -999999 -999999 
