EUROPEAN CLIMATE ASSESSMENT & DATASET (ECA&D), file created on: 10-05-2011
THESE DATA CAN BE USED FREELY PROVIDED THAT THE FOLLOWING SOURCE IS ACKNOWLEDGED: 

Klein Tank, A.M.G. and Coauthors, 2002. Daily dataset of 20th-century surface
air temperature and precipitation series for the European Climate Assessment.
Int. J. of Climatol., 22, 1441-1453.
Data and metadata available at http://eca.knmi.nl

FILE FORMAT (MISSING VALUE CODE = -999999):

THIS FILE HOLDS DATA FOR STATION NORWAY                                   VARDOE                                   (STAID:    195)
LATITUDE: dd:mm:ss +70:22:01
LONGITUDE: ddd:mm:ss +031:05:04
ELEVATION: m   14

DATA IS FOR INDEX Mean of daily mean temperature (TG) with unit 0.01 Temperature (&#176;C)

01-06 SOUID: Source identifier
08-11 YEAR : YYYY
13-20 ANNUAL DATA VALUES
21-28 WINTER HALF YEAR DATA VALUES
29-36 SUMMER HALF YEAR DATA VALUES
37-44 WINTER (DJF) DATA VALUES
45-52 SPRING (MAM) DATA VALUES
53-60 SUMMER (JJA) DATA VALUES
61-68 AUTUMN (SON) DATA VALUES
69-76 JANUARY DATA VALUES
etc. 
157-164 DECEMBER DATA VALUES

195    1951 132     -999999 523     -999999 -64     770     302     -592    -553    -391    69      133     564     694     1045    622     492     -215    -329    
195    1952 109     -230    521     -383    -149    799     218     -391    -431    -517    -108    180     681     950     762     649     147     -140    -489    
195    1953 191     -344    567     -578    -44     866     352     -537    -722    -356    -42     266     772     822     1001    570     357     129     -32     
195    1954 207     -106    606     -285    43      849     217     -288    -560    -277    25      381     622     1055    864     672     181     -200    -52     
195    1955 47      -266    501     -346    -147    733     200     -350    -667    -542    -123    226     490     789     910     697     197     -293    -825    
195    1956 80      -415    454     -720    -77     733     150     -522    -819    -253    -320    334     737     723     739     499     155     -205    -157    
195    1957 200     -207    584     -241    -87     867     336     -304    -264    -474    -26     242     552     1036    1003    677     300     33      -402    
195    1958 84      -275    461     -507    -203    761     325     -645    -470    -478    -203    71      549     851     877     606     302     68      -553    
195    1959 230     -137    572     -379    43      887     284     -432    -128    -71     -148    343     734     954     966     567     247     39      -336    
195    1960 218     -202    738     -454    145     1022    155     -438    -596    -148    135     449     665     1345    1046    770     -61     -236    -350    
195    1961 238     -263    597     -355    -84     965     458     -355    -361    -223    -233    200     812     1056    1022    710     627     33      -473    
195    1962 92      -239    468     -472    -202    683     323     -498    -441    -695    -65     158     464     801     778     661     218     93      -393    
195    1963 101     -347    577     -555    -78     714     324     -532    -760    -732    -71     570     512     805     817     812     340     -180    -433    
195    1964 190     -226    583     -459    -1      900     274     -337    -617    -154    -157    303     667     1084    940     642     389     -213    -317    
195    1965 56      -267    444     -427    -169    671     196     -454    -518    -511    -67     74      567     685     758     641     167     -220    -488    
195    1966 -14     -497    458     -712    -331    828     132     -785    -880    -802    -290    100     637     976     864     443     -24     -17     -444    
195    1967 213     -283    620     -519    48      893     410     -614    -498    -112    -5      258     695     945     1032    785     237     214     -420    
195    1968 11      -277    379     -571    -194    678     44      -737    -553    -406    -212    37      506     666     856     406     -109    -160    -177    
195    1969 52      -420    457     -595    -199    736     315     -672    -971    -473    -216    91      461     839     899     655     370     -82     -354    
195    1970 178     -233    587     -488    -71     927     285     -315    -827    -245    -275    302     726     982     1067    700     332     -178    -225    
195    1971 32      -299    458     -457    -219    740     89      -528    -635    -589    -234    164     406     875     929     589     116     -439    -328    
195    1972 262     -286    690     -383    -24     1079    264     -363    -463    -255    -89     268     839     1221    1169    710     293     -212    -20     
195    1973 166     -169    626     -253    1       948     135     -334    -423    -345    21      329     729     1160    949     550     53      -197    -543    
195    1974 269     -238    662     -412    41      975     310     -370    -313    -65     -24     209     727     1164    1025    855     253     -175    -98     
195    1975 178     -137    545     -271    89      715     281     -425    -292    -99     2       360     559     836     747     757     138     -47     -428    
195    1976 137     -272    556     -473    11      828     132     -563    -425    -308    -10     350     552     957     966     499     130     -234    -293    
195    1977 125     -294    492     -416    -122    764     278     -483    -476    -424    -184    242     596     857     834     593     163     81      -342    
195    1978 22      -309    431     -553    -129    655     187     -632    -700    -448    -236    293     446     705     806     555     118     -110    -581    
195    1979 107     -386    538     -656    -116    819     232     -738    -647    -375    -240    263     542     917     989     741     106     -146    -185    
195    1980 96      -293    544     -429    -85     785     222     -498    -617    -435    7       176     671     772     908     719     237     -290    -520    
195    1981 68      -398    484     -576    -216    756     313     -579    -634    -621    -238    211     514     870     875     657     346     -66     -570    
195    1982 146     -260    513     -532    -14     744     250     -605    -409    -264    -30     251     401     1007    813     621     188     -57     -209    
195    1983 193     -153    611     -290    49      849     262     -255    -419    -186    102     231     656     1004    881     781     302     -297    -527    
195    1984 200     -279    593     -428    15      819     249     -476    -269    -408    -23     475     680     882     890     638     292     -186    -122    
195    1985 76      -295    512     -561    -82     792     309     -737    -850    -215    -195    160     568     870     931     726     275     -73     -608    
195    1986 133     -295    519     -606    -19     834     291     -540    -675    -175    -169    282     780     808     911     490     338     42      -549    
195    1987 80      -312    462     -608    -129    675     335     -559    -726    -446    -159    219     494     826     698     684     598     -286    -451    
195    1988 104     -249    551     -462    -152    860     202     -521    -410    -433    -288    261     628     1015    929     745     225     -365    -565    
195    1989 305     -250    754     -432    232     990     350     -358    -366    -83     266     513     935     1003    1030    770     222     62      -369    
195    1990 267     -145    656     -326    68      928     283     -550    -31     -188    158     236     679     1006    1089    757     289     -199    -61     
195    1991 230     -162    604     -230    -4      885     291     -365    -266    -378    82      288     682     936     1030    591     313     -31     -153    
195    1992 233     -53     613     -177    101     821     165     -176    -203    -75     -138    508     713     873     873     834     -73     -259    -102    
195    1993 124     -212    479     -224    -30     743     111     -239    -341    -272    -124    305     499     791     932     450     39      -154    -436    
195    1994 205     -295    639     -468    66      892     219     -551    -413    -259    189     273     588     996     1083    690     149     -180    -147    
195    1995 170     -154    568     -257    55      809     199     -323    -305    -132    -7      302     691     879     853     682     170     -255    -542    
195    1996 163     -277    494     -468    -87     795     337     -262    -611    -184    -174    95      552     792     1032    653     372     -15     -336    
195    1997 157     -201    547     -460    -76     820     313     -557    -491    -201    -293    259     543     844     1064    849     246     -155    -273    
195    1998 66      -322    488     -538    -135    767     175     -482    -895    -422    -232    246     447     898     945     606     252     -337    -327    
195    1999 180     -317    589     -524    -72     885     424     -655    -596    -266    -29     80      773     977     902     828     431     13      -343    
195    2000 273     -140    625     -340    11      890     505     -311    -367    -275    -28     335     676     977     1010    766     624     121     -281    
195    2001 223     -102    651     -299    -98     951     319     -153    -480    -475    -76     258     784     1096    968     861     273     -175    -254    
195    2002 227     -193    673     -341    118     937     225     -347    -432    -246    219     384     699     1155    949     615     229     -169    -378    
195    2003 254     -241    654     -447    90      904     433     -714    -229    -184    21      430     552     1112    1035    752     370     181     -313    
195    2004 318     -116    763     -391    162     1064    356     -390    -476    -82     157     411     693     1319    1169    811     334     -77     -91     
195    2005 314     -126    681     -210    -3      979     485     -236    -314    -386    10      368     786     1023    1122    763     486     205     -116    
195    2006 285     -70     704     -271    138     932     295     -248    -463    -315    263     470     826     962     1004    688     224     -24     -16     
195    2007 322     -88     661     -267    168     910     441     -223    -594    56      83      363     751     901     1073    788     560     -19     65      
195    2008 239     -16     539     -124    -28     776     353     -198    -247    -274    -91     278     607     884     831     713     380     -34     -5      
195    2009 223     -122    602     -271    21      813     394     -356    -472    -273    -60     393     650     849     936     831     229     127     -225    
195    2010 208     -222    656     -436    71      855     367     -509    -589    -392    161     447     702     1007    852     758     440     -100    -331    
195    2011 -999999 -218    -999999 -486    -999999 -999999 -999999 -472    -672    -210    248     -999999 -999999 -999999 -999999 -999999 -999999 -999999 -999999 
