EUROPEAN CLIMATE ASSESSMENT & DATASET (ECA&D), file created on: 10-05-2011
THESE DATA CAN BE USED FREELY PROVIDED THAT THE FOLLOWING SOURCE IS ACKNOWLEDGED: 

Klein Tank, A.M.G. and Coauthors, 2002. Daily dataset of 20th-century surface
air temperature and precipitation series for the European Climate Assessment.
Int. J. of Climatol., 22, 1441-1453.
Data and metadata available at http://eca.knmi.nl

FILE FORMAT (MISSING VALUE CODE = -999999):

THIS FILE HOLDS DATA FOR STATION FRANCE                                   LYON-BRON                                (STAID:    751)
LATITUDE: dd:mm:ss +45:42:36
LONGITUDE: ddd:mm:ss +004:57:00
ELEVATION: m  201

DATA IS FOR INDEX Mean of daily mean temperature (TG) with unit 0.01 Temperature (&#176;C)

01-06 SOUID: Source identifier
08-11 YEAR : YYYY
13-20 ANNUAL DATA VALUES
21-28 WINTER HALF YEAR DATA VALUES
29-36 SUMMER HALF YEAR DATA VALUES
37-44 WINTER (DJF) DATA VALUES
45-52 SPRING (MAM) DATA VALUES
53-60 SUMMER (JJA) DATA VALUES
61-68 AUTUMN (SON) DATA VALUES
69-76 JANUARY DATA VALUES
etc. 
157-164 DECEMBER DATA VALUES

751    1920 -999999 -999999 -999999 -999999 -999999 -999999 1133    -999999 -999999 -999999 -999999 -999999 -999999 -999999 -999999 1590    1285    518     221     
751    1921 1168    587     1746    335     1049    2054    1206    501     277     687     915     1541    1872    2321    1962    1843    1471    296     246     
751    1922 1024    535     1566    235     1068    1835    902     113     357     702     868     1627    1840    1822    1842    1378    931     395     363     
751    1923 1147    542     1648    366     1076    1952    1185    138     623     804     1080    1343    1445    2261    2135    1598    1380    571     337     
751    1924 1111    588     1640    263     1147    1845    1179    314     130     765     1104    1572    1802    2060    1671    1621    1187    730     335     
751    1925 1083    604     1600    430     938     1922    1013    430     536     403     1003    1409    1863    1968    1933    1407    1211    414     380     
751    1926 1167    659     1623    509     1040    1852    1362    287     897     778     1120    1225    1587    1958    2004    1836    1307    945     63      
751    1927 1144    647     1666    266     1164    1883    1179    318     433     808     1106    1576    1822    1967    1857    1653    1135    752     259     
751    1928 1203    665     1730    416     1045    2134    1211    425     574     841     992     1301    1829    2378    2186    1673    1178    782     249     
751    1929 1099    440     1680    -16     996     1947    1324    -83     -235    696     842     1445    1823    2058    1955    1945    1244    786     615     
751    1930 1178    739     1643    523     1072    1922    1279    599     337     814     1073    1329    1979    1838    1952    1681    1243    916     322     
751    1931 1061    610     1591    275     1089    1892    1066    287     209     655     1000    1609    1959    1913    1805    1239    1063    897     46      
751    1932 1099    474     1664    91      966     1929    1272    276     -57     602     914     1380    1711    1863    2207    1896    1148    776     432     
751    1933 1102    613     1705    290     1117    1967    1229    63      384     861     1091    1396    1607    2051    2230    1834    1266    586     -194    
751    1934 1177    460     1757    61      1132    1993    1183    264     118     690     1185    1523    1878    2240    1858    1845    1230    472     741     
751    1935 1137    607     1705    417     990     2062    1187    44      473     666     996     1307    1992    2191    2001    1731    1058    775     379     
751    1936 1142    726     1626    556     1092    1863    1059    746     543     846     927     1497    1760    1902    1922    1735    820     632     355     
751    1937 1192    620     1719    548     1075    2001    1164    610     694     620     1042    1561    1857    2095    2046    1694    1237    558     257     
751    1938 1087    604     1554    292     998     1865    1255    331     288     922     809     1256    1822    1892    1879    1650    1123    995     24      
751    1939 1077    577     1569    287     918     1863    1200    523     317     467     1120    1174    1796    1885    1906    1522    1145    935     99      
751    1940 1024    511     1631    75      1099    1852    1172    -359    513     748     1063    1485    1817    1895    1842    1673    1087    758     -231    
751    1941 1042    466     1569    37      954     1929    1101    -93     479     804     921     1135    1832    2127    1826    1560    1019    726     139     
751    1942 1136    426     1769    -66     1209    2014    1273    -210    -132    974     1175    1478    1892    2076    2070    1910    1432    471     398     
751    1943 1283    727     1829    481     1306    2073    1278    540     508     982     1287    1647    1834    2175    2203    1810    1437    581     331     
751    1944 -999999 571     -999999 285     1112    2067    1138    383     129     535     1282    1524    1821    2050    2372    1671    1082    717     311     
751    1945 1260    558     1919    199     1373    2166    1229    -335    665     925     1400    1796    2092    2358    2045    1807    1274    603     458     
751    1946 1165    657     1744    401     1223    1958    1173    94      678     833     1303    1534    1774    2101    1992    1744    1112    667     126     
751    1947 1276    529     1924    157     1289    2215    1360    94      261     895     1339    1635    2015    2318    2305    1918    1298    865     301     
751    1948 1159    735     1636    396     1259    1835    1092    509     376     1042    1156    1576    1745    1811    1946    1570    1131    575     430     
751    1949 1239    556     1849    350     1072    2090    1408    294     321     564     1362    1299    1805    2264    2193    2165    1458    599     490     
751    1950 1220    703     1817    442     1135    2215    1221    207     650     804     949     1645    2102    2350    2190    1642    1212    810     48      
751    1951 1177    615     1673    329     1045    1925    1289    418     543     661     1107    1368    1815    2028    1928    1784    1153    936     354     
751    1952 1189    614     1809    202     1265    2185    1092    109     137     977     1250    1569    2024    2361    2166    1464    1192    616     349     
751    1953 1181    523     1761    151     1231    1959    1255    -114    225     844     1184    1663    1750    2053    2066    1835    1338    589     672     
751    1954 1135    625     1629    310     1067    1904    1279    95      149     859     958     1381    1894    1907    1911    1715    1247    878     558     
751    1955 1173    711     1704    511     1058    1990    1096    504     466     596     1122    1458    1847    2082    2036    1665    1014    612     628     
751    1956 1003    469     1600    147     1072    1775    1065    427     -667    729     938     1545    1600    1933    1786    1782    1027    387     466     
751    1957 1137    630     1612    431     1116    1914    1136    77      784     1047    1065    1235    1804    2015    1918    1624    1179    604     280     
751    1958 1170    611     1715    436     1033    1962    1172    387     663     559     868     1665    1748    2041    2092    1858    1095    565     458     
751    1959 1238    650     1764    403     1195    2049    1247    363     388     1003    1125    1454    1848    2258    2035    1850    1246    645     577     
751    1960 1150    696     1636    454     1193    1879    1174    204     588     906     1031    1635    1943    1823    1873    1496    1198    828     259     
751    1961 1238    703     1757    451     1165    1917    1343    344     784     816     1343    1342    1870    1968    1912    2106    1321    603     436     
751    1962 1047    604     1626    398     929     1927    1084    501     241     489     1003    1298    1688    1982    2105    1662    1124    465     -45     
751    1963 997     313     1607    -166    1063    1863    1244    -347    -100    744     1118    1329    1748    2048    1789    1597    1161    977     -161    
751    1964 1131    513     1764    104     1104    2024    1148    -62     566     615     1136    1562    1906    2215    1947    1805    995     648     234     
751    1965 1097    518     1560    235     1025    1841    1173    371     86      735     952     1386    1819    1857    1845    1486    1298    731     520     
751    1966 1170    697     1679    507     1093    1859    1245    174     862     614     1204    1466    1842    1850    1885    1820    1467    441     407     
751    1967 1159    667     1651    402     1080    1962    1285    263     550     855     957     1424    1689    2194    1994    1624    1503    720     81      
751    1968 1094    615     1578    233     1061    1828    1193    93      546     747     1136    1302    1728    1991    1761    1539    1410    623     242     
751    1969 1108    618     1647    294     1096    1875    1267    430     201     764     1021    1501    1592    2085    1939    1726    1309    765     -107    
751    1970 1122    548     1671    245     912     1995    1244    417     444     458     871     1404    1955    1973    2056    1750    1107    881     110     
751    1971 1086    464     1729    159     1020    1992    1107    35      351     301     1226    1540    1682    2163    2121    1621    1245    451     249     
751    1972 1105    636     1536    412     1062    1846    1081    349     655     865     964     1354    1631    1961    1938    1347    1119    777     285     
751    1973 1105    535     1703    231     985     2016    1169    142     272     600     795     1554    1864    2012    2168    1801    1063    646     284     
751    1974 1182    687     1638    500     1104    1929    1053    642     582     892     1032    1385    1733    1968    2080    1616    775     776     660     
751    1975 1154    659     1696    595     1002    1991    1189    612     504     619     1017    1370    1714    2090    2161    1805    1055    710     154     
751    1976 1180    558     1762    309     1088    2125    1151    296     489     644     1010    1608    2143    2263    1971    1558    1249    644     266     
751    1977 1152    713     1529    476     1077    1802    1187    455     732     929     941     1358    1663    1928    1810    1458    1414    680     424     
751    1978 1099    668     1571    374     994     1867    1081    254     451     766     865     1347    1743    1994    1859    1602    1123    518     609     
751    1979 1151    614     1648    386     1077    1940    1228    18      548     857     926     1443    1894    2075    1850    1682    1396    602     482     
751    1980 1087    688     1600    478     969     1867    1153    246     721     681     912     1312    1685    1855    2056    1768    1138    552     107     
751    1981 1150    525     1674    117     1219    1893    1218    100     145     1070    1172    1415    1767    1908    2002    1772    1265    614     497     
751    1982 1264    699     1787    536     1070    2099    1331    551     564     688     1036    1486    2019    2288    1986    1890    1220    885     511     
751    1983 1243    679     1844    391     1057    2278    1254    400     246     778     1071    1323    1979    2606    2239    1827    1241    695     430     
751    1984 1158    630     1626    402     951     1966    1304    424     349     624     1012    1219    1750    2139    2003    1619    1276    1016    435     
751    1985 1107    581     1718    188     1047    1962    1181    -260    409     606     1148    1391    1728    2162    1987    1881    1270    388     528     
751    1986 1117    515     1658    262     982     1974    1289    292     -66     617     765     1555    1825    2060    2032    1688    1384    792     362     
751    1987 1128    548     1697    176     976     1939    1375    -210    399     557     1152    1226    1660    2113    2036    1989    1411    725     435     
751    1988 1249    755     1759    551     1175    2008    1226    721     491     726     1204    1596    1829    2054    2134    1720    1401    552     520     
751    1989 1271    747     1792    492     1233    2102    1256    397     565     1020    986     1683    1850    2268    2179    1758    1388    617     478     
751    1990 1243    761     1756    550     1190    2058    1281    238     974     887     937     1736    1791    2182    2191    1667    1455    715     122     
751    1991 1216    667     1792    250     1118    2157    1290    349     283     1044    995     1310    1814    2297    2349    1970    1164    741     207     
751    1992 1203    578     1772    240     1201    2060    1185    83      442     829     1119    1651    1753    2132    2285    1669    1007    884     556     
751    1993 1168    648     1732    414     1175    2008    1036    485     180     741     1199    1585    1942    1993    2088    1569    1096    440     617     
751    1994 1326    717     1802    550     1207    2211    1330    392     649     1091    959     1562    1915    2413    2297    1639    1342    1010    588     
751    1995 1255    808     1740    600     1096    2105    1282    427     805     682     1112    1493    1764    2390    2150    1503    1608    723     361     
751    1996 1167    712     1671    417     1090    1988    1149    566     319     669     1138    1464    1968    2000    1995    1449    1272    722     406     
751    1997 1315    722     1852    411     1309    2120    1349    135     724     1075    1169    1680    1868    2060    2425    1887    1296    866     555     
751    1998 1258    783     1831    549     1226    2133    1167    510     587     866     1097    1711    1962    2247    2186    1760    1275    462     375     
751    1999 1306    665     1897    428     1305    2126    1312    542     361     935     1148    1826    1862    2278    2229    2019    1342    574     479     
751    2000 1348    715     1877    489     1302    2126    1366    301     700     890     1231    1781    2074    2011    2292    1857    1320    922     774     
751    2001 1281    908     1770    677     1304    2108    1240    619     634     1152    1019    1733    1877    2207    2232    1525    1681    499     130     
751    2002 1320    750     1757    427     1235    2064    1344    363     828     998     1222    1484    2123    2065    2005    1635    1362    1035    693     
751    2003 1388    787     2082    422     1358    2535    1290    235     329     1032    1293    1746    2564    2378    2663    1831    1129    915     471     
751    2004 1265    687     1817    438     1135    2135    1371    381     465     753     1149    1502    2039    2177    2187    1837    1574    697     388     
751    2005 1289    684     1904    323     1248    2200    1423    350     221     827     1207    1707    2208    2346    2045    1900    1661    700     221     
751    2006 1371    666     1966    258     1243    2265    1604    230     330     824     1216    1687    2185    2645    1961    2090    1687    1032    493     
751    2007 1324    942     1876    670     1416    2075    1186    672     864     898     1605    1750    2060    2127    2036    1667    1244    646     294     
751    2008 1287    717     1811    537     1262    2083    1232    617     710     791     1168    1825    2012    2159    2074    1607    1281    807     375     
751    2009 1369    660     1998    339     1382    2267    1412    202     451     832     1413    1903    2057    2331    2406    1857    1303    1080    531     
751    2010 1244    720     1847    376     1203    2183    1274    139     467     788     1343    1483    1992    2405    2146    1694    1266    861     300     
751    2011 -999999 732     -999999 427     -999999 -999999 -999999 402     595     957     1549    -999999 -999999 -999999 -999999 -999999 -999999 -999999 -999999 
