EUROPEAN CLIMATE ASSESSMENT & DATASET (ECA&D), file created on: 10-05-2011
THESE DATA CAN BE USED FREELY PROVIDED THAT THE FOLLOWING SOURCE IS ACKNOWLEDGED: 

Klein Tank, A.M.G. and Coauthors, 2002. Daily dataset of 20th-century surface
air temperature and precipitation series for the European Climate Assessment.
Int. J. of Climatol., 22, 1441-1453.
Data and metadata available at http://eca.knmi.nl

FILE FORMAT (MISSING VALUE CODE = -999999):

THIS FILE HOLDS DATA FOR STATION GREECE                                   ANCHIALOS                                (STAID:    354)
LATITUDE: dd:mm:ss +39:13:00
LONGITUDE: ddd:mm:ss +022:48:00
ELEVATION: m   15

DATA IS FOR INDEX Mean of daily mean temperature (TG) with unit 0.01 Temperature (&#176;C)

01-06 SOUID: Source identifier
08-11 YEAR : YYYY
13-20 ANNUAL DATA VALUES
21-28 WINTER HALF YEAR DATA VALUES
29-36 SUMMER HALF YEAR DATA VALUES
37-44 WINTER (DJF) DATA VALUES
45-52 SPRING (MAM) DATA VALUES
53-60 SUMMER (JJA) DATA VALUES
61-68 AUTUMN (SON) DATA VALUES
69-76 JANUARY DATA VALUES
etc. 
157-164 DECEMBER DATA VALUES

354    1958 1608    -999999 2102    -999999 1424    2439    1627    661     1061    947     1320    2003    2301    2512    2501    1954    1636    1290    1050    
354    1959 -999999 -999999 2019    758     1353    2358    1500    634     565     1018    1304    1735    2115    2486    2464    1988    1359    1157    1088    
354    1960 1611    -999999 2033    912     1326    2381    1775    784     862     929     1257    1777    2191    2433    2512    2006    1848    1469    1184    
354    1961 1589    -999999 2091    874     1515    2351    1711    703     702     1128    1536    1882    2255    2383    2413    2065    1662    1409    793     
354    1962 1568    1034    2100    685     1431    2392    1770    693     556     1057    1336    1896    2172    2416    2581    2181    1690    1443    638     
354    1963 1567    -999999 2101    676     1275    2445    1764    538     868     793     1285    1748    2247    2535    2545    2226    1682    1386    907     
354    1964 1505    -999999 1980    639     1294    2321    1705    387     611     965     1259    1647    2215    2380    2363    2003    1773    1338    976     
354    1965 -999999 -999999 2049    -999999 1279    2386    1728    799     430     892     1265    1681    2291    2544    2320    2179    1641    1366    1045    
354    1966 1695    -999999 2156    952     1498    2455    1896    600     1213    1116    1585    1795    2170    2537    2649    2181    2098    1403    899     
354    1967 -999999 -999999 2101    -999999 1362    2413    1775    583     -999999 918     1273    1893    2180    2466    2585    2186    1832    1305    936     
354    1968 1563    -999999 2108    773     1434    2362    1687    463     948     910     1394    1997    2206    2485    2389    2157    1584    1324    812     
354    1969 -999999 -999999 2063    -999999 1369    2356    1723    555     963     983     1178    1914    2315    2338    2415    2203    1595    1376    926     
354    1970 -999999 -999999 2059    -999999 1380    2387    1635    996     980     1017    1461    1665    2166    2495    2494    2058    1605    1244    815     
354    1971 -999999 -999999 -999999 -999999 1332    2381    1563    920     742     866     1235    1897    2294    2379    2467    2007    1486    1197    826     
354    1972 -999999 -999999 2083    788     1402    2381    1589    782     754     923     1449    1820    2256    2447    2435    2073    1429    1269    694     
354    1973 -999999 -999999 2073    -999999 1289    2374    1667    -999999 856     745     1289    1835    2185    2562    2373    2194    1740    1064    808     
354    1974 -999999 -999999 2015    785     1275    2374    1721    682     880     931     1140    1715    2248    2434    2435    2099    1846    1213    771     
354    1975 -999999 -999999 2093    680     1438    2348    1710    623     634     1072    1352    1889    2205    2461    2375    2265    1706    1141    723     
354    1976 1503    -999999 1958    706     1314    2237    1670    747     644     916     1302    1711    2134    2392    2180    2016    1727    1264    884     
354    1977 1604    -999999 2128    897     1405    2473    1679    714     1105    980     1341    1892    2310    2575    2529    2100    1524    1420    676     
354    1978 -999999 -999999 2045    -999999 1389    2396    1511    572     960     1102    1306    1755    2351    2484    2351    2009    1547    975     1076    
354    1979 1577    -999999 2077    -999999 1387    2430    1636    671     876     1115    1231    1811    2393    2473    2422    2114    1545    1251    903     
354    1980 -999999 -999999 2027    -999999 1289    2383    1792    549     -999999 963     1212    1679    2213    2480    2452    2109    1825    1441    885     
354    1981 -999999 -999999 2065    -999999 1400    2406    1722    369     726     1195    1359    1639    2364    2446    2405    2168    1961    1029    1051    
354    1982 -999999 -999999 2020    785     1228    2362    1690    734     523     865     1176    1640    2261    2385    2438    2209    1757    1080    936     
354    1983 1534    -999999 2102    727     1469    2354    1593    692     520     982     1471    1953    2136    2550    2369    2115    1572    1092    785     
354    1984 1540    -999999 1999    781     1295    2277    1785    763     795     909     1178    1768    2174    2341    2313    2205    1882    1265    771     
354    1985 1593    1040    2148    699     1468    2421    1680    761     553     962     1494    1948    2306    2435    2519    2169    1525    1350    1003    
354    1986 1583    1102    2139    916     1388    2470    1664    874     868     976     1393    1795    2342    2476    2589    2223    1679    1088    616     
354    1987 1549    -999999 2096    779     1156    2436    1702    849     878     519     1305    1648    2272    2590    2441    2303    1595    1213    895     
354    1988 1570    1065    2160    872     1342    2547    1585    912     808     945     1240    1838    2334    2726    2573    2227    1651    876     651     
354    1989 1562    -999999 2094    699     1428    2388    1676    593     864     1091    1509    1688    2195    2451    2513    2194    1601    1219    717     
354    1990 1621    1033    2121    734     1503    2411    1751    599     903     1161    1487    1859    2310    2536    2383    2137    1704    1412    900     
354    1991 1520    -999999 2056    741     1318    2430    1718    625     695     1034    1288    1631    2307    2479    2499    2114    1785    1253    449     
354    1992 1557    949     2056    573     1293    2422    1823    659     614     913     1329    1639    2261    2401    2597    2093    2033    1336    710     
354    1993 1582    1052    2115    652     1365    2447    1725    709     526     945     1314    1834    2383    2453    2504    2185    1919    1064    1071    
354    1994 1674    1160    2205    945     1526    2455    1845    939     812     1116    1509    1952    2270    2507    2585    2407    1885    1241    832     
354    1995 1624    -999999 2144    879     1413    2485    1586    793     1016    1058    1301    1875    2462    2536    2457    2217    1563    981     1108    
354    1996 1568    988     2115    881     1325    2443    1649    753     773     720     1197    2034    2360    2488    2480    2107    1533    1312    981     
354    1997 1553    1064    2063    870     1308    2460    1582    826     795     916     1071    1930    2360    2605    2412    1977    1524    1246    889     
354    1998 1620    1029    2193    867     1383    2534    1756    793     924     792     1520    1842    2379    2612    2605    2185    1824    1256    667     
354    1999 1680    1061    2223    731     1515    2549    1793    790     737     1069    1504    1958    2460    2589    2596    2212    1905    1259    994     
354    2000 1623    1060    2204    745     1485    2498    1761    444     800     948     1552    1955    2332    2623    2535    2210    1625    1452    957     
354    2001 1720    -999999 2341    907     1641    2724    1813    846     922     1472    1465    1974    2544    2874    2750    2421    1883    1132    295     
354    2002 1676    1006    2248    608     1498    2679    1705    560     1008    1159    1389    1941    2598    2819    2618    2103    1717    1294    860     
354    2003 1670    1029    2302    762     1423    2739    1766    970     424     861     1280    2125    2680    2805    2731    2167    1822    1307    772     
354    2004 1668    1058    2235    710     1466    2622    1792    556     809     1070    1462    1865    2453    2721    2687    2203    1906    1264    986     
