EUROPEAN CLIMATE ASSESSMENT & DATASET (ECA&D), file created on: 10-05-2011
THESE DATA CAN BE USED FREELY PROVIDED THAT THE FOLLOWING SOURCE IS ACKNOWLEDGED: 

Klein Tank, A.M.G. and Coauthors, 2002. Daily dataset of 20th-century surface
air temperature and precipitation series for the European Climate Assessment.
Int. J. of Climatol., 22, 1441-1453.
Data and metadata available at http://eca.knmi.nl

FILE FORMAT (MISSING VALUE CODE = -999999):

THIS FILE HOLDS DATA FOR STATION LIECHTENSTEIN                            BALZERS                                  (STAID:   2182)
LATITUDE: dd:mm:ss +47:04:48
LONGITUDE: ddd:mm:ss +009:31:12
ELEVATION: m  471

DATA IS FOR INDEX Mean of daily mean temperature (TG) with unit 0.01 Temperature (&#176;C)

01-06 SOUID: Source identifier
08-11 YEAR : YYYY
13-20 ANNUAL DATA VALUES
21-28 WINTER HALF YEAR DATA VALUES
29-36 SUMMER HALF YEAR DATA VALUES
37-44 WINTER (DJF) DATA VALUES
45-52 SPRING (MAM) DATA VALUES
53-60 SUMMER (JJA) DATA VALUES
61-68 AUTUMN (SON) DATA VALUES
69-76 JANUARY DATA VALUES
etc. 
157-164 DECEMBER DATA VALUES

2182   1938 -999999 -999999 -999999 -999999 -999999 -999999 993     -999999 -999999 -999999 -999999 -999999 -999999 -999999 -999999 1499    861     624     -42     
2182   1939 869     339     1406    130     727     1687    941     314     118     146     1055    990     1639    1682    1738    1324    874     628     -118    
2182   1940 744     194     1399    -259    878     1597    942     -622    -20     423     955     1258    1578    1638    1574    1382    914     533     -683    
2182   1941 812     195     1373    -294    771     1722    838     -380    231     569     740     1002    1689    1891    1585    1319    776     420     -130    
2182   1942 875     133     1512    -348    968     1708    1016    -549    -365    609     941     1355    1637    1732    1752    1645    1229    165     263     
2182   1943 998     475     1534    198     1078    1750    1019    74      264     822     1015    1396    1473    1809    1960    1531    1215    305     57      
2182   1944 842     231     1518    -66     796     1788    882     -19     -248    49      1061    1287    1501    1776    2077    1387    911     347     -64     
2182   1945 922     239     1586    -136    1043    1816    887     -643    346     550     1036    1543    1797    1931    1720    1471    973     214     92      
2182   1946 928     324     1558    21      1127    1704    915     -269    264     660     1235    1490    1525    1872    1710    1502    851     395     -128    
2182   1947 1027    251     1724    -158    1167    1925    1097    -359    32      699     1204    1600    1828    1967    1976    1759    954     583     23      
2182   1948 981     501     1496    197     1173    1613    961     396     171     860     1107    1549    1542    1547    1747    1471    1003    408     -59     
2182   1949 1004    301     1620    16      926     1821    1136    17      99      320     1228    1241    1654    1958    1845    1791    1175    441     229     
2182   1950 962     445     1573    134     989     1902    918     -153    347     622     777     1561    1879    2026    1800    1371    878     507     -110    
2182   1951 979     363     1502    123     869     1750    1055    168     331     406     906     1296    1615    1838    1794    1548    848     776     184     
2182   1952 898     343     1575    -48     1051    1901    744     -155    -182    568     1155    1434    1760    2072    1866    1142    854     231     -12     
2182   1953 918     176     1533    -208    1023    1688    1026    -451    -155    560     1061    1447    1511    1818    1728    1621    1135    317     345     
2182   1954 845     347     1363    -43     875     1599    1000    -351    -131    720     689     1210    1628    1547    1623    1473    940     587     142     
2182   1955 861     352     1401    101     779     1655    832     107     48      265     855     1218    1612    1719    1634    1354    819     322     325     
2182   1956 772     219     1404    -133    891     1573    837     209     -987    550     787     1332    1360    1754    1596    1576    761     176     68      
2182   1957 912     379     1369    141     915     1680    886     -150    546     882     867     994     1703    1747    1590    1304    878     477     91      
2182   1958 893     288     1502    90      767     1731    917     -87     285     89      629     1578    1577    1813    1797    1594    810     349     242     
2182   1959 999     420     1530    140     1108    1747    947     -9      191     913     1028    1379    1593    1905    1737    1525    958     357     344     
2182   1960 956     451     1436    204     1035    1653    1024    5       267     763     878     1459    1715    1565    1682    1302    1053    715     46      
2182   1961 1014    493     1540    173     1009    1689    1120    11      491     651     1217    1165    1704    1676    1688    1791    1134    434     191     
2182   1962 844     373     1433    127     766     1707    955     165     15      269     922     1111    1554    1716    1846    1441    990     435     -382    
2182   1963 808     65      1467    -473    855     1710    1062    -606    -427    344     1013    1215    1594    1879    1653    1435    888     869     -220    
2182   1964 909     304     1572    -101    958     1806    912     -346    290     360     1025    1493    1782    1956    1680    1485    808     448     -71     
2182   1965 835     260     1354    -71     807     1628    869     205     -377    491     712     1214    1643    1620    1622    1301    872     433     195     
2182   1966 932     378     1450    200     912     1593    1056    -257    713     345     1058    1337    1711    1556    1514    1520    1312    326     57      
2182   1967 950     515     1368    259     852     1624    1012    238     505     644     684     1222    1427    1789    1648    1418    1178    433     175     
2182   1968 890     446     1353    154     855     1572    1031    137     150     580     924     1064    1468    1589    1657    1411    1196    481     -4      
2182   1969 906     420     1385    139     808     1628    1076    435     -30     402     759     1262    1403    1790    1684    1395    1224    604     -124    
2182   1970 912     386     1386    82      694     1645    1114    210     169     217     602     1258    1672    1571    1692    1508    1028    809     166     
2182   1971 913     465     1380    251     804     1590    893     273     320     192     840     1381    1358    1726    1678    1277    992     407     464     
2182   1972 873     509     1258    328     838     1521    827     140     384     653     750     1109    1325    1675    1557    1115    843     524     379     
2182   1973 907     444     1401    271     774     1683    942     216     212     470     624     1224    1567    1654    1824    1497    881     452     216     
2182   1974 949     513     1320    389     849     1546    856     532     422     567     886     1096    1446    1545    1645    1294    667     613     634     
2182   1975 943     555     1410    535     762     1694    939     600     354     445     747     1094    1440    1744    1891    1526    836     459     140     
2182   1976 952     388     1458    231     780     1787    1024    314     238     335     695     1307    1733    1919    1707    1366    1091    611     77      
2182   1977 939     538     1247    273     790     1517    1017    275     487     685     580     1098    1372    1616    1557    1240    1185    620     513     
2182   1978 871     556     1261    300     808     1478    965     232     139     606     648     1163    1426    1519    1486    1308    1049    534     284     
2182   1979 847     322     1309    -48     789     1537    1004    -408    -18     466     739     1160    1513    1566    1531    1333    1128    545     549     
2182   1980 877     554     1321    375     760     1542    931     32      555     514     706     1058    1407    1519    1697    1532    861     402     241     
2182   1981 908     448     1368    186     966     1574    961     216     91      844     788     1262    1437    1643    1639    1423    865     599     33      
2182   1982 977     403     1442    141     831     1691    1130    58      352     512     751     1228    1624    1760    1688    1589    1049    754     325     
2182   1983 969     531     1436    278     794     1791    984     504     -24     534     824     1025    1572    2010    1784    1382    1010    560     367     
2182   1984 907     464     1278    285     672     1563    1098    292     189     349     711     959     1357    1588    1736    1302    1106    885     390     
2182   1985 806     365     1353    -50     801     1538    870     -433    -111    321     819     1265    1358    1689    1562    1411    983     213     530     
2182   1986 845     308     1289    71      767     1592    975     183     -560    415     605     1276    1593    1651    1533    1060    1124    737     411     
2182   1987 836     371     1354    40      736     1538    1040    -364    76      227     1039    951     1353    1644    1612    1521    1077    521     330     
2182   1988 984     555     1365    417     877     1553    975     560     356     474     822     1334    1419    1575    1661    1361    1074    487     651     
2182   1989 1015    641     1401    492     936     1648    1052    380     440     790     631     1378    1458    1752    1728    1438    1211    501     412     
2182   1990 1014    679     1366    529     932     1641    991     437     759     757     715     1317    1437    1632    1847    1223    1197    547     273     
2182   1991 904     509     1341    143     855     1615    991     258     -129    847     772     944     1264    1799    1770    1481    990     503     263     
2182   1992 1032    425     1653    124     1061    1937    1042    -88     202     670     921     1587    1670    1968    2166    1584    892     656     123     
2182   1993 1009    427     1606    167     1106    1786    874     380     -20     497     1200    1624    1765    1754    1838    1439    965     214     374     
2182   1994 1141    550     1629    354     1105    1993    1128    341     346     1031    852     1424    1775    2188    2008    1505    1006    878     273     
2182   1995 1027    550     1552    309     976     1835    1058    52      633     479     1007    1444    1515    2154    1825    1343    1329    495     20      
2182   1996 941     398     1511    52      945     1803    955     56      82      389     1036    1414    1817    1790    1803    1191    1067    603     19      
2182   1997 1055    490     1560    130     1046    1823    1053    -138    549     851     797     1484    1691    1768    2005    1597    988     574     457     
2182   1998 1068    562     1642    393     1076    1919    961     268     460     617     1071    1541    1851    1955    1948    1471    1109    298     186     
2182   1999 1055    450     1657    163     1151    1816    1055    351     -71     770     1028    1651    1618    1951    1873    1801    1160    199     229     
2182   2000 1141    462     1681    237     1187    1861    1185    -21     522     678     1200    1684    1893    1691    1999    1606    1163    788     480     
2182   2001 1077    701     1576    445     1165    1858    1016    375     485     900     846     1737    1638    1940    1989    1273    1480    279     -81     
2182   2002 1141    538     1627    196     1130    1932    1113    46      669     839     1009    1538    2021    1908    1869    1402    1135    800     433     
2182   2003 1129    531     1825    126     1191    2212    1018    67      -148    842     1083    1645    2291    2048    2300    1563    780     718     266     
2182   2004 1037    485     1588    259     1002    1863    1109    178     339     629     1085    1296    1703    1904    1976    1552    1334    432     -13     
2182   2005 1008    401     1640    -12     1092    1832    1111    53      -82     638     1111    1528    1879    1922    1696    1698    1195    436     -46     
2182   2006 1052    282     1652    -104    923     1887    1377    -311    62      337     993     1443    1829    2300    1532    1803    1455    869     264     
2182   2007 1077    695     1658    385     1238    1835    920     367     541     668     1483    1571    1815    1898    1792    1381    1007    368     11      
2182   2008 1070    450     1607    280     1035    1870    1046    395     444     474     926     1701    1841    1883    1885    1383    1125    626     129     
2182   2009 1078    394     1724    36      1146    1906    1187    -167    156     480     1287    1675    1703    1940    2068    1654    1077    833     175     
2182   2010 1041    499     1606    120     1036    1921    1068    -94     298     695     1095    1319    1805    2113    1843    1448    1098    659     148     
2182   2011 -999999 566     -999999 259     -999999 -999999 -999999 236     404     824     1347    -999999 -999999 -999999 -999999 -999999 -999999 -999999 -999999 
