EUROPEAN CLIMATE ASSESSMENT & DATASET (ECA&D), file created on: 10-05-2011
THESE DATA CAN BE USED FREELY PROVIDED THAT THE FOLLOWING SOURCE IS ACKNOWLEDGED: 

Klein Tank, A.M.G. and Coauthors, 2002. Daily dataset of 20th-century surface
air temperature and precipitation series for the European Climate Assessment.
Int. J. of Climatol., 22, 1441-1453.
Data and metadata available at http://eca.knmi.nl

FILE FORMAT (MISSING VALUE CODE = -999999):

THIS FILE HOLDS DATA FOR STATION GERMANY                                  DUSSELDORF                               (STAID:    479)
LATITUDE: dd:mm:ss +51:17:49
LONGITUDE: ddd:mm:ss +006:46:12
ELEVATION: m   37

DATA IS FOR INDEX Mean of daily mean temperature (TG) with unit 0.01 Temperature (&#176;C)

01-06 SOUID: Source identifier
08-11 YEAR : YYYY
13-20 ANNUAL DATA VALUES
21-28 WINTER HALF YEAR DATA VALUES
29-36 SUMMER HALF YEAR DATA VALUES
37-44 WINTER (DJF) DATA VALUES
45-52 SPRING (MAM) DATA VALUES
53-60 SUMMER (JJA) DATA VALUES
61-68 AUTUMN (SON) DATA VALUES
69-76 JANUARY DATA VALUES
etc. 
157-164 DECEMBER DATA VALUES

479    1969 -999999 -999999 -999999 -999999 -999999 -999999 1165    -999999 -999999 -999999 -999999 -999999 -999999 1962    1781    1497    1292    701     -121    
479    1970 980     418     1488    51      793     1780    1157    151     131     334     666     1376    1835    1685    1821    1533    1100    842     235     
479    1971 1042    530     1540    310     951     1765    1005    305     400     295     987     1574    1515    1925    1848    1369    1096    548     589     
479    1972 982     605     1402    407     963     1680    921     129     509     752     854     1281    1519    1850    1667    1220    920     621     438     
479    1973 1024    530     1540    347     873     1866    1038    299     299     581     680     1351    1788    1844    1965    1595    951     570     311     
479    1974 1071    612     1465    481     993     1687    964     607     529     697     1024    1260    1601    1664    1794    1437    745     718     736     
479    1975 1092    658     1584    640     899     1893    1070    723     441     566     874     1255    1599    1972    2098    1684    931     601     311     
479    1976 1086    509     1620    372     913     1956    1146    405     401     400     867     1472    1945    2098    1824    1497    1221    718     164     
479    1977 1069    646     1423    361     953     1709    1119    348     595     828     735     1290    1607    1800    1718    1369    1272    710     521     
479    1978 987     624     1420    343     961     1641    1068    345     144     709     856     1315    1618    1670    1633    1414    1155    632     285     
479    1979 963     405     1464    15      922     1702    1084    -261    21      568     849     1345    1726    1727    1654    1472    1175    602     607     
479    1980 999     602     1482    413     905     1704    1052    69      574     584     829     1300    1598    1662    1848    1645    986     527     361     
479    1981 1012    534     1517    240     1117    1710    1058    189     163     940     962     1443    1589    1782    1754    1559    953     665     87      
479    1982 1106    467     1609    187     956     1875    1275    142     348     604     852     1410    1754    2023    1843    1756    1187    883     418     
479    1983 1109    645     1622    385     950     1993    1090    625     81      630     1018    1203    1796    2197    1979    1523    1105    643     422     
479    1984 1020    549     1422    356     827     1696    1180    375     264     467     866     1149    1474    1719    1888    1419    1235    884     472     
479    1985 940     468     1507    52      982     1690    962     -272    -55     503     966     1477    1487    1860    1715    1518    1075    288     641     
479    1986 999     414     1486    187     935     1805    1112    265     -402    536     726     1536    1766    1876    1770    1219    1247    866     465     
479    1987 964     475     1499    143     863     1685    1151    -311    288     287     1211    1103    1540    1811    1699    1628    1184    640     457     
479    1988 1111    651     1545    522     1040    1730    1080    654     448     506     1007    1606    1602    1775    1808    1453    1161    622     653     
479    1989 1173    742     1599    572     1111    1845    1188    518     543     931     795     1597    1694    1940    1895    1650    1297    613     540     
479    1990 1171    792     1560    642     1132    1836    1116    569     837     893     916     1581    1652    1816    2035    1335    1338    667     379     
479    1991 1064    637     1539    274     1013    1831    1126    379     42      962     932     1144    1453    2069    1959    1656    1097    628     362     
479    1992 1136    615     1683    399     1141    1951    1038    294     550     752     974     1693    1819    2034    1997    1562    796     765     378     
479    1993 1018    542     1529    354     1115    1689    848     520     144     615     1196    1537    1731    1729    1607    1366    920     257     527     
479    1994 1131    544     1574    426     1013    1928    1125    499     232     789     905     1341    1648    2278    1849    1399    970     1012    580     
479    1995 1088    670     1592    515     946     1926    1139    326     651     490     975     1373    1553    2174    2038    1411    1352    647     31      
479    1996 901     422     1438    56      851     1718    971     69      68      352     1028    1179    1658    1703    1792    1256    1088    565     31      
479    1997 1062    505     1537    174     1001    1863    1031    -113    649     828     822     1347    1664    1807    2113    1448    974     674     498     
479    1998 1071    672     1530    537     1098    1709    957     476     647     761     972     1556    1677    1682    1767    1514    988     368     411     
479    1999 1138    565     1651    413     1110    1837    1165    541     274     776     1047    1506    1644    2038    1821    1838    1060    600     440     
479    2000 1145    628     1584    466     1126    1730    1204    406     559     694     1117    1567    1763    1579    1849    1623    1159    832     578     
479    2001 1090    667     1550    460     1003    1851    1141    310     497     614     859     1532    1594    1959    1993    1334    1475    602     258     
479    2002 1137    707     1578    463     1058    1858    1114    422     735     752     973     1448    1806    1839    1926    1462    1018    864     373     
479    2003 1133    591     1700    271     1115    2040    1068    227     206     832     1046    1465    1988    2014    2115    1555    774     886     430     
479    2004 1061    583     1546    407     987     1781    1128    323     473     617     1088    1260    1621    1755    1961    1578    1209    595     237     
479    2005 1105    578     1580    304     1071    1775    1215    475     190     723     1107    1385    1777    1897    1652    1654    1363    624     347     
479    2006 1147    511     1675    220     928     1927    1405    96      216     392     918     1474    1781    2361    1633    1866    1429    919     617     
479    2007 1153    852     1614    644     1231    1796    1015    672     643     813     1360    1524    1829    1809    1751    1403    1012    631     365     
479    2008 1085    628     1552    503     1048    1798    1028    618     527     611     910     1619    1721    1845    1827    1369    1040    675     235     
479    2009 1089    481     1639    177     1136    1821    1194    -24     335     615     1320    1479    1625    1901    1932    1565    1040    984     256     
479    2010 961     515     1535    136     925     1895    1005    -62     223     637     1026    1114    1765    2165    1752    1376    1016    624     -141    
479    2011 -999999 492     -999999 201     -999999 -999999 -999999 313     455     685     1347    -999999 -999999 -999999 -999999 -999999 -999999 -999999 -999999 
