EUROPEAN CLIMATE ASSESSMENT & DATASET (ECA&D), file created on: 10-05-2011
THESE DATA CAN BE USED FREELY PROVIDED THAT THE FOLLOWING SOURCE IS ACKNOWLEDGED: 

Klein Tank, A.M.G. and Coauthors, 2002. Daily dataset of 20th-century surface
air temperature and precipitation series for the European Climate Assessment.
Int. J. of Climatol., 22, 1441-1453.
Data and metadata available at http://eca.knmi.nl

FILE FORMAT (MISSING VALUE CODE = -999999):

THIS FILE HOLDS DATA FOR STATION FRANCE                                   EMBRUN                                   (STAID:    755)
LATITUDE: dd:mm:ss +44:33:36
LONGITUDE: ddd:mm:ss +006:30:00
ELEVATION: m  876

DATA IS FOR INDEX Mean of daily mean temperature (TG) with unit 0.01 Temperature (&#176;C)

01-06 SOUID: Source identifier
08-11 YEAR : YYYY
13-20 ANNUAL DATA VALUES
21-28 WINTER HALF YEAR DATA VALUES
29-36 SUMMER HALF YEAR DATA VALUES
37-44 WINTER (DJF) DATA VALUES
45-52 SPRING (MAM) DATA VALUES
53-60 SUMMER (JJA) DATA VALUES
61-68 AUTUMN (SON) DATA VALUES
69-76 JANUARY DATA VALUES
etc. 
157-164 DECEMBER DATA VALUES

755    1958 1014    -999999 1564    -999999 858     1798    1176    -9      469     309     709     1553    1531    1871    1983    1714    1059    760     192     
755    1959 1066    561     1600    235     1023    1890    1089    -65     615     818     909     1338    1717    2100    1846    1676    1097    493     224     
755    1960 971     476     1507    208     1024    1733    940     56      354     625     957     1490    1765    1724    1710    1384    874     566     138     
755    1961 1099    491     1609    206     1067    1814    1216    5       504     866     1106    1229    1707    1807    1925    1877    1151    623     364     
755    1962 971     482     1544    277     769     1873    1080    257     204     269     849     1191    1624    1908    2080    1592    1244    398     -17     
755    1963 929     293     1498    -119    880     1760    1093    -238    -101    440     919     1283    1611    1973    1691    1497    1074    708     226     
755    1964 1057    525     1628    279     1006    1888    1066    232     387     518     1005    1495    1777    2053    1829    1592    897     715     170     
755    1965 930     379     1462    63      851     1784    1019    20      -9      455     800     1297    1723    1820    1809    1306    1269    474     121     
755    1966 993     480     1562    200     952     1743    1080    -61     578     508     988     1360    1729    1736    1763    1793    1231    210     63      
755    1967 1053    433     1566    135     952     1903    1191    32      330     713     865     1276    1576    2137    1986    1533    1325    710     96      
755    1968 985     500     1477    93      971     1727    1107    -98     294     666     1075    1175    1590    1933    1655    1422    1288    604     198     
755    1969 960     458     1497    79      949     1708    1180    71      -45     585     896     1364    1449    1921    1746    1591    1371    571     -76     
755    1970 977     408     1530    77      709     1853    1164    183     129     250     674     1201    1767    1894    1896    1734    1063    698     190     
755    1971 1003    406     1579    160     860     1826    1067    40      261     177     1108    1302    1457    1966    2044    1577    1243    376     433     
755    1972 1004    566     1405    345     927     1687    1025    231     374     718     865     1195    1483    1839    1731    1299    1069    706     507     
755    1973 989     534     1527    303     835     1839    1069    274     108     505     598     1394    1686    1831    1994    1636    1054    519     204     
755    1974 984     546     1505    320     947     1817    806     406     353     723     894     1222    1537    1872    2034    1453    476     499     295     
755    1975 1028    433     1516    407     831     1796    1042    400     538     404     862     1228    1518    1937    1925    1605    995     526     369     
755    1976 1009    517     1539    343     949     1861    943     177     492     543     869     1433    1897    1922    1765    1330    1042    453     166     
755    1977 984     506     1396    239     944     1621    1062    141     429     796     875     1160    1463    1752    1644    1469    1202    510     326     
755    1978 960     476     1426    172     812     1705    1118    119     60      599     690     1143    1524    1792    1794    1599    1132    621     372     
755    1979 992     491     1517    211     852     1825    1078    -90     367     537     714     1299    1741    1935    1796    1603    1129    499     326     
755    1980 944     497     1448    277     772     1727    1067    16      502     505     722     1086    1475    1713    1984    1696    961     548     112     
755    1981 967     388     1531    28      983     1778    1076    -104    81      708     1034    1209    1687    1712    1933    1601    1067    559     63      
755    1982 1090    486     1640    276     907     1929    1152    394     381     443     932     1348    1738    2151    1893    1760    1053    645     300     
755    1983 1060    517     1575    247     837     1958    1185    393     26      642     785     1083    1664    2297    1905    1701    1136    720     296     
755    1984 940     420     1449    92      747     1808    1088    8       -37     376     917     954     1584    1989    1844    1387    1071    807     349     
755    1985 993     458     1566    159     814     1832    1146    -226    377     374     924     1148    1524    2075    1886    1822    1343    267     358     
755    1986 1004    401     1573    66      927     1851    1209    -78     -100    566     695     1513    1677    1925    1946    1661    1287    677     191     
755    1987 1028    462     1564    137     830     1786    1236    -56     291     370     996     1130    1516    1901    1932    1901    1202    605     510     
755    1988 1055    569     1584    381     947     1849    1114    397     226     451     1016    1377    1559    1954    2025    1551    1270    516     275     
755    1989 1142    648     1580    390     1037    1894    1153    389     517     905     709     1487    1617    2047    2010    1584    1203    670     507     
755    1990 1102    716     1604    511     1055    1910    1121    350     693     866     820     1471    1631    2078    2012    1586    1255    517     -87     
755    1991 1059    501     1606    118     930     1982    1073    355     84      843     837     1106    1609    2159    2166    1740    993     489     247     
755    1992 1091    532     1605    339     1052    1862    1061    365     410     680     993     1480    1481    1932    2160    1557    853     779     374     
755    1993 1058    566     1571    383     985     1878    1007    356     423     607     930     1415    1749    1814    2067    1432    1012    578     262     
755    1994 1145    570     1620    276     1047    2045    1137    274     294     975     726     1431    1772    2214    2141    1406    1153    852     428     
755    1995 1039    571     1530    307     926     1859    1085    7       504     486     990     1304    1577    2156    1835    1294    1361    591     316     
755    1996 992     572     1482    290     953     1772    941     420     124     590     988     1281    1740    1823    1750    1295    1064    459     331     
755    1997 1133    621     1605    407     1103    1827    1227    354     550     954     952     1398    1626    1814    2034    1791    1219    672     197     
755    1998 1065    613     1611    358     974     1974    929     233     673     692     776     1449    1784    2059    2075    1501    985     299     215     
755    1999 1049    417     1647    168     1043    1897    1109    299     -30     688     856     1578    1662    2034    1989    1745    1140    442     94      
755    2000 1089    478     1641    197     1053    1905    1082    89      423     675     931     1548    1850    1795    2069    1640    1123    482     422     
755    2001 1109    603     1601    396     1053    1973    1105    321     451     800     824     1528    1721    2027    2162    1311    1442    552     103     
755    2002 -999999 615     -999999 276     1067    1956    1111    225     522     836     1028    1337    1994    1998    1862    1471    1145    718     428     
755    2003 1204    579     1844    235     1150    2278    1139    121     148     874     1036    1535    2192    2233    2407    1637    987     787     399     
755    2004 1099    534     1644    267     952     1971    1196    37      372     628     951     1275    1821    2031    2056    1718    1298    569     399     
755    2005 1046    -999999 1662    169     1014    1960    1188    71      22      590     945     1477    1954    2029    1896    1659    1317    583     -85     
755    2006 1156    457     1690    87      996     1954    1343    120     241     545     1066    1379    1893    2282    1697    1831    1408    789     596     
755    2007 1155    746     1692    522     1187    1906    1071    429     541     697     1407    1465    1783    1987    1944    1553    1177    478     355     
755    2008 -999999 585     -999999 418     972     -999999 1085    408     496     587     884     1441    1682    1998    1988    1507    1219    523     193     
755    2009 -999999 497     -999999 186     1135    -999999 -999999 166     200     652     1101    1667    1771    -999999 2228    1735    1143    -999999 77      
755    2010 1002    -999999 1630    29      944     1983    1054    -86     99      546     1051    1239    1765    2206    1970    1530    1109    521     -51     
755    2011 -999999 533     -999999 239     -999999 -999999 -999999 258     538     824     1363    -999999 -999999 -999999 -999999 -999999 -999999 -999999 -999999 
