EUROPEAN CLIMATE ASSESSMENT & DATASET (ECA&D), file created on: 10-05-2011
THESE DATA CAN BE USED FREELY PROVIDED THAT THE FOLLOWING SOURCE IS ACKNOWLEDGED: 

Klein Tank, A.M.G. and Coauthors, 2002. Daily dataset of 20th-century surface
air temperature and precipitation series for the European Climate Assessment.
Int. J. of Climatol., 22, 1441-1453.
Data and metadata available at http://eca.knmi.nl

FILE FORMAT (MISSING VALUE CODE = -999999):

THIS FILE HOLDS DATA FOR STATION NORWAY                                   NESBYEN-TODOKK                           (STAID:    953)
LATITUDE: dd:mm:ss +60:34:01
LONGITUDE: ddd:mm:ss +009:08:00
ELEVATION: m  166

DATA IS FOR INDEX Mean of daily mean temperature (TG) with unit 0.01 Temperature (&#176;C)

01-06 SOUID: Source identifier
08-11 YEAR : YYYY
13-20 ANNUAL DATA VALUES
21-28 WINTER HALF YEAR DATA VALUES
29-36 SUMMER HALF YEAR DATA VALUES
37-44 WINTER (DJF) DATA VALUES
45-52 SPRING (MAM) DATA VALUES
53-60 SUMMER (JJA) DATA VALUES
61-68 AUTUMN (SON) DATA VALUES
69-76 JANUARY DATA VALUES
etc. 
157-164 DECEMBER DATA VALUES

953    1943 352     -999999 1076    -999999 539     1373    352     -1286   -260    159     524     932     1372    1567    1180    865     486     -298    -1037   
953    1944 340     -420    1026    -811    221     1437    292     -762    -623    -293    205     750     1182    1627    1494    870     443     -441    -415    
953    1945 395     -327    1170    -735    524     1576    262     -1129   -653    200     539     833     1333    1706    1682    906     477     -606    -634    
953    1946 -999999 -999999 1172    -999999 463     1451    281     -999999 -999999 -309    679     1026    1329    1685    1334    959     82      -193    -498    
953    1947 197     -735    1292    -1171   227     1706    202     -1033   -2070   -807    340     1151    1562    1683    1868    1121    301     -820    -1101   
953    1948 289     -721    1131    -1279   490     1448    235     -1547   -1181   -12     522     962     1343    1645    1352    944     123     -357    -382    
953    1949 451     -275    1194    -392    411     1486    507     -513    -270    -255    511     982     1411    1731    1315    1203    419     -98     -1051   
953    1950 269     -414    1082    -942    464     1403    205     -985    -773    -17     410     998     1343    1445    1419    856     384     -631    -1293   
953    1951 300     -697    1008    -1082   92      1345    454     -1208   -709    -726    142     861     1304    1366    1364    991     401     -27     -216    
953    1952 196     -362    1020    -705    350     1325    60      -1121   -781    -442    518     980     1178    1513    1281    627     181     -633    -987    
953    1953 442     -528    1110    -996    520     1483    532     -1065   -931    225     370     960     1667    1489    1297    861     622     110     -395    
953    1954 259     -383    1043    -938    364     1374    212     -1241   -1204   -255    313     1033    1336    1445    1339    772     186     -320    -424    
953    1955 269     -508    1123    -878    196     1600    348     -1072   -1149   -320    253     656     1212    1904    1673    1009    171     -130    -1076   
953    1956 -999999 -999999 -999999 -1238   294     1315    336     -1382   -1269   -351    232     1025    1273    1523    1145    929     332     -275    -601    
953    1957 311     -999999 1007    -650    256     1369    278     -539    -829    -393    352     812     1243    1557    1302    757     441     -370    -691    
953    1958 198     -647    1021    -1058   22      1399    484     -1142   -1371   -811    179     702     1321    1536    1337    1032    563     -144    -931    
953    1959 364     -493    1172    -1132   468     1541    399     -1485   -964    -34     427     1008    1385    1669    1564    954     294     -47     -495    
953    1960 247     -454    1081    -899    344     1421    245     -1105   -1110   -292    315     1007    1546    1376    1345    883     223     -368    -899    
953    1961 330     -471    1052    -975    471     1348    525     -1333   -663    202     314     894     1379    1450    1217    1045    700     -177    -1119   
953    1962 165     -492    897     -889    23      1222    300     -935    -583    -834    194     714     1156    1391    1117    795     452     -352    -1171   
953    1963 144     -781    1081    -1479   293     1427    320     -1765   -1504   -404    350     935     1487    1443    1352    900     336     -275    -1225   
953    1964 231     -559    1001    -985    288     1271    247     -1099   -606    -478    366     979     1203    1320    1289    828     217     -302    -957    
953    1965 149     -549    985     -904    190     1279    217     -993    -747    -521    370     728     1317    1304    1217    964     426     -745    -1572   
953    1966 139     -862    988     -1582   187     1430    238     -1683   -1482   -172    -33     760     1551    1503    1240    886     286     -460    -844    
953    1967 302     -496    990     -977    357     1350    435     -1463   -586    85      268     714     1306    1427    1315    894     366     49      -789    
953    1968 183     -487    1093    -1080   338     1478    105     -1339   -1115   -120    398     738     1495    1483    1457    973     226     -888    -1157   
953    1969 193     -769    1134    -1076   132     1554    161     -753    -1343   -760    279     882     1539    1527    1595    962     491     -980    -1241   
953    1970 135     -852    1033    -1448   233     1461    119     -1525   -1592   -341    94      942     1700    1312    1380    752     314     -714    -826    
953    1971 358     -460    1026    -655    263     1354    289     -831    -269    -420    264     946     1217    1506    1334    864     356     -354    -363    
953    1972 292     -434    1041    -827    390     1415    196     -1264   -856    -148    364     954     1310    1666    1267    658     351     -424    -425    
953    1973 369     -164    1062    -395    455     1473    43      -397    -360    244     222     892     1463    1681    1273    821     -11     -678    -782    
953    1974 382     -428    1054    -556    393     1336    304     -397    -482    -232    463     949     1346    1355    1308    885     333     -307    -694    
953    1975 444     -354    1143    -634    274     1594    358     -337    -898    -273    174     917     1356    1750    1668    964     368     -258    -219    
953    1976 -999999 -373    1133    -676    356     1557    -999999 -1078   -734    -338    402     1005    1446    1660    1561    694     193     -999999 -999999 
953    1977 278     -999999 1019    -999999 305     1438    345     -1126   -1188   -98     107     900     1346    1560    1406    770     483     -222    -712    
953    1978 253     -458    1042    -914    292     1431    408     -854    -1203   -308    223     959     1503    1404    1390    752     462     9       -1390   
953    1979 150     -635    1022    -1397   310     1394    148     -1675   -1096   -142    342     731     1526    1445    1215    862     175     -593    -1059   
953    1980 173     -762    1143    -1255   346     1483    5       -1328   -1386   -417    413     1045    1502    1580    1367    934     116     -1040   -777    
953    1981 200     -626    1054    -818    295     1338    263     -959    -709    -406    273     1019    1225    1473    1311    1003    247     -459    -1668   
953    1982 342     -641    1138    -1260   466     1510    365     -1286   -779    89      430     877     1362    1702    1460    977     397     -280    -914    
953    1983 423     -348    1128    -750    411     1527    392     -344    -1018   8       364     859     1347    1724    1503    947     517     -292    -655    
953    1984 366     -484    1129    -927    378     1482    399     -1271   -851    -372    472     1036    1392    1580    1469    802     454     -61     -303    
953    1985 140     -443    1007    -942    327     1388    124     -1248   -1311   -261    234     1004    1348    1517    1298    616     582     -842    -1369   
953    1986 267     -740    1043    -1429   388     1474    373     -1566   -1344   34      156     968     1647    1628    1154    683     438     -3      -695    
953    1987 176     -597    984     -1131   206     1309    310     -1881   -783    -656    469     813     1179    1543    1200    681     536     -295    -741    
953    1988 394     -310    1163    -561    277     1532    288     -385    -559    -431    232     1029    1767    1499    1336    1102    171     -403    -658    
953    1989 508     -113    1091    -215    490     1451    362     15      21      182     380     903     1418    1661    1272    892     356     -163    -873    
953    1990 524     -118    1150    -423    660     1471    205     -512    173     335     512     1129    1430    1521    1460    827     305     -519    -402    
953    1991 397     -369    1116    -704    483     1465    330     -791    -942    73      445     930     1097    1776    1509    907     308     -224    -436    
953    1992 461     -113    1134    -317    560     1445    182     -223    -289    174     336     1164    1610    1502    1228    950     90      -492    -550    
953    1993 345     -286    1036    -430    514     1305    146     -504    -214    -47     464     1122    1288    1435    1191    692     283     -540    -1067   
953    1994 318     -622    1125    -1110   381     1513    298     -995    -1284   -189    471     863     1258    1875    1397    858     254     -215    -597    
953    1995 369     -294    1131    -595    381     1535    392     -750    -422    -44     325     862     1451    1575    1575    975     656     -464    -1366   
953    1996 200     -625    1057    -1217   286     1457    218     -1107   -1174   -324    454     733     1391    1423    1555    768     472     -595    -1246   
953    1997 478     -430    1211    -889    468     1660    377     -1038   -329    163     393     847     1482    1735    1758    1026    215     -104    -460    
953    1998 364     -210    1059    -405    368     1328    227     -601    -129    -172    298     976     1267    1416    1299    1081    199     -599    -701    
953    1999 451     -394    1158    -656    443     1441    592     -729    -524    -29     534     827     1316    1611    1394    1257    368     160     -813    
953    2000 553     -160    1124    -504    526     1405    633     -309    -381    9       465     1101    1265    1573    1373    946     715     235     -393    
953    2001 322     -298    1117    -761    279     1458    499     -894    -1020   -485    324     1001    1306    1643    1419    984     570     -58     -1016   
953    2002 418     -269    1273    -732    576     1602    226     -770    -375    32      620     1077    1426    1628    1745    1119    113     -550    -1099   
953    2003 415     -492    1178    -872    471     1572    263     -705    -806    65      509     840     1495    1732    1487    985     18      -208    -510    
953    2004 -999999 -395    1106    -722    496     1395    265     -1058   -590    -30     543     976     1293    1392    1498    917     312     -436    -548    
953    2005 -999999 -999999 1097    -999999 351     1445    469     -999999 -406    -209    515     753     1275    1676    1378    965     371     75      -585    
953    2006 464     -376    1236    -714    202     1671    483     -872    -681    -577    296     890     1551    1888    1571    1200    434     -183    -33     
953    2007 395     -135    1114    -412    538     1464    296     -580    -647    146     561     908     1523    1468    1402    809     363     -285    -999    
953    2008 422     -307    1108    -591    415     1451    323     -474    -281    -162    412     996     1339    1669    1341    871     399     -304    -767    
953    2009 350     -384    1172    -806    533     1460    276     -646    -1025   -21     614     1009    1393    1598    1386    1015    -19     -156    -1034   
953    2010 129     -658    1089    -1234   382     1486    61      -1526   -1131   -112    407     852     1391    1639    1425    800     156     -777    -1655   
953    2011 -999999 -999999 -999999 -1172   -999999 -999999 -999999 -962    -870    -67     837     -999999 -999999 -999999 -999999 -999999 -999999 -999999 -999999 
