EUROPEAN CLIMATE ASSESSMENT & DATASET (ECA&D), file created on: 10-05-2011
THESE DATA CAN BE USED FREELY PROVIDED THAT THE FOLLOWING SOURCE IS ACKNOWLEDGED: 

Klein Tank, A.M.G. and Coauthors, 2002. Daily dataset of 20th-century surface
air temperature and precipitation series for the European Climate Assessment.
Int. J. of Climatol., 22, 1441-1453.
Data and metadata available at http://eca.knmi.nl

FILE FORMAT (MISSING VALUE CODE = -999999):

THIS FILE HOLDS DATA FOR STATION CYPRUS                                   AMIANDOS                                 (STAID:     22)
LATITUDE: dd:mm:ss +34:55:59
LONGITUDE: ddd:mm:ss +032:55:00
ELEVATION: m 1360

DATA IS FOR INDEX Mean of daily mean temperature (TG) with unit 0.01 Temperature (&#176;C)

01-06 SOUID: Source identifier
08-11 YEAR : YYYY
13-20 ANNUAL DATA VALUES
21-28 WINTER HALF YEAR DATA VALUES
29-36 SUMMER HALF YEAR DATA VALUES
37-44 WINTER (DJF) DATA VALUES
45-52 SPRING (MAM) DATA VALUES
53-60 SUMMER (JJA) DATA VALUES
61-68 AUTUMN (SON) DATA VALUES
69-76 JANUARY DATA VALUES
etc. 
157-164 DECEMBER DATA VALUES

22     1980 -999999 -999999 -999999 -999999 -999999 -999999 -999999 -999999 -999999 -999999 -999999 -999999 -999999 -999999 -999999 -999999 1543    995     474     
22     1981 -999999 -999999 -999999 -999999 -999999 -999999 -999999 -999999 -999999 -999999 -999999 -999999 -999999 -999999 -999999 -999999 1627    -999999 654     
22     1982 -999999 -999999 -999999 -999999 -999999 -999999 -999999 -999999 -999999 -999999 -999999 -999999 -999999 -999999 -999999 -999999 1425    682     425     
22     1983 -999999 -999999 -999999 -999999 -999999 -999999 -999999 -999999 -999999 -999999 -999999 -999999 -999999 -999999 -999999 -999999 1297    971     525     
22     1984 -999999 -999999 -999999 -999999 -999999 -999999 -999999 -999999 -999999 -999999 -999999 -999999 -999999 -999999 -999999 -999999 1585    738     382     
22     1985 -999999 -999999 -999999 -999999 -999999 -999999 -999999 -999999 -999999 -999999 -999999 -999999 -999999 -999999 -999999 -999999 1194    1168    654     
22     1986 1318    -999999 1896    570     1169    2230    1348    500     568     880     1350    1283    1964    2355    2363    2049    1353    641     456     
22     1987 1291    660     1863    565     892     2220    1441    564     688     258     902     1517    1967    2368    2316    2085    1316    927     543     
22     1988 1292    687     1970    458     1135    2280    1317    435     390     501     1178    1727    2076    2426    2331    2062    1240    652     453     
22     1989 1346    626     1999    347     1388    2206    1378    216     373     797     1654    1721    1945    2361    2303    1999    1221    918     585     
22     1990 1360    690     1906    398     1183    2236    1569    288     312     784     1148    1615    2018    2364    2318    1954    1547    1207    693     
22     1991 1332    865     1914    498     1222    2229    1505    392     400     920     1237    1508    2106    2273    2304    2047    1523    943     278     
22     1992 1192    553     1800    148     971     2118    1506    169     -13     391     1059    1465    1955    2088    2307    1908    1728    875     326     
22     1993 1307    664     1886    252     1033    2253    1530    308     108     592     1179    1334    1996    2311    2444    2040    1677    867     735     
22     1994 1398    855     2019    606     1266    2269    1547    614     455     743     1381    1679    2082    2319    2399    2240    1636    763     403     
22     1995 1321    759     1916    467     1136    2257    1361    433     575     725     991     1686    2216    2220    2334    2033    1375    673     532     
22     1996 1325    664     1926    459     1079    2299    1418    341     507     547     884     1801    2068    2479    2342    1955    1251    1052    642     
22     1997 1248    700     1799    501     976     2135    1402    584     253     384     783     1755    2016    2299    2085    1829    1402    975     531     
22     1998 1359    724     1949    491     1066    2316    1528    415     531     479     1257    1497    1927    2432    2576    1950    1565    1067    558     
22     1999 -999999 -999999 1957    -999999 -999999 2223    1524    501     -999999 -999999 1196    1871    1961    2340    2359    1990    1538    1044    833     
22     2000 -999999 -999999 -999999 423     1125    2391    1405    150     299     579     1217    1581    2133    2635    2396    1923    1304    1061    535     
22     2001 -999999 -999999 -999999 -999999 -999999 -999999 -999999 -999999 -999999 -999999 -999999 -999999 -999999 -999999 -999999 -999999 1400    784     458     
22     2002 1329    -999999 1828    480     1134    2188    1479    231     763     881     1015    1502    1998    2337    2223    1875    1497    1077    461     
22     2003 1328    715     1944    423     1106    2276    1474    614     169     430     1042    1845    2058    2349    2415    1931    1556    931     500     
22     2004 1336    771     1894    394     1203    2213    1512    270     412     938     1114    1551    2036    2406    2190    2024    1608    901     544     
22     2005 -999999 -999999 -999999 -999999 -999999 -999999 -999999 -999999 -999999 -999999 -999999 -999999 -999999 -999999 -999999 -999999 1165    808     763     
22     2006 -999999 -999999 -999999 -999999 -999999 -999999 -999999 -999999 -999999 -999999 -999999 -999999 -999999 -999999 -999999 -999999 1361    746     499     
