EUROPEAN CLIMATE ASSESSMENT & DATASET (ECA&D), file created on: 10-05-2011
THESE DATA CAN BE USED FREELY PROVIDED THAT THE FOLLOWING SOURCE IS ACKNOWLEDGED: 

Klein Tank, A.M.G. and Coauthors, 2002. Daily dataset of 20th-century surface
air temperature and precipitation series for the European Climate Assessment.
Int. J. of Climatol., 22, 1441-1453.
Data and metadata available at http://eca.knmi.nl

FILE FORMAT (MISSING VALUE CODE = -999999):

THIS FILE HOLDS DATA FOR STATION SPAIN                                    ZAMORA                                   (STAID:   1399)
LATITUDE: dd:mm:ss +41:31:00
LONGITUDE: ddd:mm:ss -005:44:00
ELEVATION: m  656

DATA IS FOR INDEX Mean of daily mean temperature (TG) with unit 0.01 Temperature (&#176;C)

01-06 SOUID: Source identifier
08-11 YEAR : YYYY
13-20 ANNUAL DATA VALUES
21-28 WINTER HALF YEAR DATA VALUES
29-36 SUMMER HALF YEAR DATA VALUES
37-44 WINTER (DJF) DATA VALUES
45-52 SPRING (MAM) DATA VALUES
53-60 SUMMER (JJA) DATA VALUES
61-68 AUTUMN (SON) DATA VALUES
69-76 JANUARY DATA VALUES
etc. 
157-164 DECEMBER DATA VALUES

1399   1958 1285    -999999 1746    -999999 1145    1965    1354    573     767     868     1019    1534    1707    2077    2103    2021    1286    757     657     
1399   1959 1303    801     1789    605     1148    2128    1315    593     560     929     1089    1418    1867    2366    2144    1831    1361    751     657     
1399   1960 1287    821     1803    613     1243    2071    1283    530     655     957     1181    1589    2124    2106    1984    1827    1151    876     446     
1399   1961 1373    828     1866    602     1329    2114    1385    458     933     1125    1248    1605    1974    2167    2196    1993    1337    828     583     
1399   1962 1266    784     1811    572     1115    2119    1345    571     561     807     1081    1448    1950    2130    2271    1975    1465    591     278     
1399   1963 1219    665     1704    361     1084    2023    1372    429     378     823     995     1422    1807    2219    2037    1727    1496    890     329     
1399   1964 1248    717     1878    379     1220    2100    1315    202     621     767     1083    1805    1850    2274    2168    2067    1185    696     243     
1399   1965 1248    620     1759    304     1224    2064    1253    342     330     911     1090    1656    2011    2007    2171    1597    1367    789     624     
1399   1966 1266    859     1775    731     1149    1989    1261    761     818     787     1096    1552    1731    2141    2085    2029    1186    570     394     
1399   1967 1216    -999999 1681    437     1049    2046    1342    324     609     944     994     1199    1716    2335    2077    1744    1495    780     314     
1399   1968 1261    730     1709    439     1051    2048    1402    366     652     770     1043    1340    1924    2138    2079    1719    1584    897     598     
1399   1969 1188    792     1666    496     1024    2044    1211    501     378     758     1023    1282    1686    2295    2141    1548    1375    703     483     
1399   1970 1240    751     1753    600     1017    2028    1417    692     629     604     1031    1404    1849    2208    2021    1994    1213    1052    136     
1399   1971 1162    633     1641    327     977     1877    1330    274     597     530     1103    1289    1631    2083    1910    1817    1539    634     491     
1399   1972 1154    715     1597    436     1027    1915    1233    220     608     817     994     1268    1706    2138    1895    1563    1218    920     488     
1399   1973 1191    699     1737    440     1050    2068    1241    330     508     718     1007    1412    1807    2051    2339    1788    1221    715     332     
1399   1974 1190    713     1667    520     1056    1984    1162    651     582     766     978     1414    1789    2126    2029    1647    999     846     394     
1399   1975 1208    689     1709    547     998     2078    1284    542     722     640     1077    1268    1854    2209    2165    1663    1424    762     128     
1399   1976 1213    664     1755    319     1128    2117    1136    195     656     825     963     1592    2108    2162    2080    1607    1141    659     547     
1399   1977 1220    737     1606    567     1107    1765    1354    425     746     907     1135    1274    1544    1851    1892    1932    1373    757     761     
1399   1978 1227    813     1656    606     1012    1955    1319    346     723     911     895     1223    1570    2119    2165    1946    1250    764     763     
1399   1979 1243    790     1726    666     993     2062    1302    547     691     711     928     1328    1908    2187    2085    1903    1243    763     569     
1399   1980 1205    768     1684    587     1019    1965    1337    479     723     829     948     1277    1674    1995    2217    1981    1321    708     290     
1399   1981 1291    697     1756    359     1118    2114    1402    291     509     1056    1003    1290    1954    2163    2221    1894    1345    970     729     
1399   1982 1310    887     1819    715     1173    2126    1278    705     710     845     1130    1531    1959    2215    2198    1862    1215    760     532     
1399   1983 1252    706     1701    427     1009    2028    1536    268     487     956     937     1132    1909    2173    1997    2052    1440    1120    510     
1399   1984 1209    786     1680    525     973     1985    1316    569     493     573     1374    984     1748    2181    2020    1767    1294    887     605     
1399   1985 1295    763     1831    549     1063    2117    1465    284     780     737     1135    1320    1899    2307    2139    2180    1486    727     515     
1399   1986 1277    780     1770    524     1073    2117    1394    480     582     869     740     1594    1925    2354    2066    1915    1483    782     460     
1399   1987 1340    798     1877    490     1236    2140    1402    376     650     1021    1241    1448    1909    2170    2333    2151    1194    868     677     
1399   1988 1256    830     1694    672     1112    1958    1375    706     631     890     1088    1356    1674    2033    2157    1842    1406    875     383     
1399   1989 1399    767     1881    422     1200    2292    1463    231     675     1027    882     1681    2009    2485    2375    1826    1508    1054    966     
1399   1990 1386    987     1961    767     1267    2292    1394    386     968     1038    1036    1711    2077    2420    2373    2129    1357    697     395     
1399   1991 1329    740     1894    459     1160    2275    1355    453     538     986     1030    1454    2039    2320    2457    2048    1179    844     537     
1399   1992 1303    713     1868    424     1308    2129    1323    152     592     968     1225    1729    1651    2425    2295    1852    1190    930     597     
1399   1993 1218    745     1730    482     1112    2120    1099    276     582     888     1060    1387    1947    2187    2219    1557    1040    701     728     
1399   1994 1350    790     1806    612     1228    2225    1326    474     639     1152    1029    1494    1922    2420    2323    1620    1412    942     703     
1399   1995 1435    921     1877    721     1326    2204    1459    671     797     993     1285    1687    2025    2328    2254    1664    1640    1068    743     
1399   1996 1336    950     1818    693     1200    2167    1321    741     589     900     1264    1437    2126    2267    2106    1695    1364    904     615     
1399   1997 1407    917     1847    648     1401    2042    1521    488     860     1274    1430    1495    1695    2128    2291    2030    1575    955     623     
1399   1998 1333    967     1830    703     1207    2196    1336    677     821     1134    999     1483    1977    2270    2335    1894    1311    804     255     
1399   1999 1297    710     1864    410     1227    2174    1279    448     540     890     1172    1617    1947    2354    2214    1858    1358    619     485     
1399   2000 1295    729     1796    481     1170    2104    1314    160     820     932     959     1611    2057    2103    2150    1879    1276    786     796     
1399   2001 1332    905     1853    732     1287    2196    1309    720     674     1150    1148    1556    2130    2171    2286    1790    1517    620     173     
1399   2002 -999999 -999999 -999999 498     1213    2125    1410    589     769     994     1199    1429    2068    2195    2110    1773    1440    1027    835     
1399   2003 -999999 -999999 -999999 -999999 -999999 -999999 -999999 516     534     1087    1201    -999999 -999999 -999999 -999999 -999999 -999999 -999999 -999999 
1399   2004 -999999 -999999 -999999 -999999 -999999 -999999 1323    -999999 -999999 -999999 -999999 -999999 -999999 2265    2176    1940    1460    607     504     
1399   2005 -999999 -999999 1936    364     1269    2292    1358    215     358     909     1219    1655    2274    2314    2288    1858    1445    784     447     
1399   2006 -999999 -999999 1969    -999999 1348    2260    1574    332     443     1050    1250    1733    2139    2494    2142    2033    1561    1127    481     
1399   2007 -999999 -999999 -999999 623     1209    2028    1301    544     862     877     1228    1511    1826    2166    2091    1861    1329    712     -999999 
