EUROPEAN CLIMATE ASSESSMENT & DATASET (ECA&D), file created on: 10-05-2011
THESE DATA CAN BE USED FREELY PROVIDED THAT THE FOLLOWING SOURCE IS ACKNOWLEDGED: 

Klein Tank, A.M.G. and Coauthors, 2002. Daily dataset of 20th-century surface
air temperature and precipitation series for the European Climate Assessment.
Int. J. of Climatol., 22, 1441-1453.
Data and metadata available at http://eca.knmi.nl

FILE FORMAT (MISSING VALUE CODE = -999999):

THIS FILE HOLDS DATA FOR STATION GREECE                                   ALEXANDROUPOLI                           (STAID:    834)
LATITUDE: dd:mm:ss +40:51:00
LONGITUDE: ddd:mm:ss +025:55:48
ELEVATION: m    3

DATA IS FOR INDEX Mean of daily mean temperature (TG) with unit 0.01 Temperature (&#176;C)

01-06 SOUID: Source identifier
08-11 YEAR : YYYY
13-20 ANNUAL DATA VALUES
21-28 WINTER HALF YEAR DATA VALUES
29-36 SUMMER HALF YEAR DATA VALUES
37-44 WINTER (DJF) DATA VALUES
45-52 SPRING (MAM) DATA VALUES
53-60 SUMMER (JJA) DATA VALUES
61-68 AUTUMN (SON) DATA VALUES
69-76 JANUARY DATA VALUES
etc. 
157-164 DECEMBER DATA VALUES

834    1958 1457    -999999 1977    -999999 1262    2311    1478    541     843     757     1163    1862    2069    2427    2428    1889    1447    1099    910     
834    1959 1350    841     1904    579     1171    2280    1348    502     298     748     1127    1637    1998    2413    2421    1806    1221    1022    927     
834    1960 1489    868     1920    753     1174    2238    1718    672     654     704     1155    1664    2052    2292    2365    1973    1818    1359    1122    
834    1961 1455    1034    1998    709     1310    2323    1614    529     451     877     1389    1667    2152    2356    2457    1948    1567    1327    674     
834    1962 1492    935     2023    598     1297    2372    1719    593     518     904     1227    1757    2123    2395    2589    2025    1673    1462    577     
834    1963 1462    881     2068    493     1196    2434    1669    254     663     656     1191    1742    2187    2531    2577    2161    1555    1297    689     
834    1964 1345    813     1863    431     1117    2225    1551    190     412     726     1111    1514    2134    2318    2220    1864    1629    1156    839     
834    1965 1394    893     1911    587     1121    2249    1554    592     302     789     1051    1521    2135    2352    2255    2141    1370    1158    981     
834    1966 1530    999     1979    860     1268    2317    1742    599     1016    876     1344    1588    2016    2427    2498    1985    1881    1355    749     
834    1967 1414    926     1992    503     1239    2308    1585    376     372     781     1228    1709    1998    2452    2465    2081    1567    1109    754     
834    1968 1438    899     2027    628     1394    2269    1501    404     733     823     1386    1973    2148    2415    2239    1979    1400    1126    615     
834    1969 1407    788     1950    514     1167    2233    1615    237     711     644     1068    1785    2155    2229    2314    2132    1528    1188    851     
834    1970 1448    986     1983    772     1258    2326    1490    703     762     870     1361    1548    2076    2500    2393    2003    1387    1084    650     
834    1971 1391    880     1928    681     1197    2258    1417    787     597     755     1111    1721    2050    2261    2456    1947    1288    1020    640     
834    1972 1408    790     2023    540     1304    2345    1467    442     536     806     1406    1703    2187    2386    2456    1981    1329    1095    543     
834    1973 1382    776     1954    527     1187    2229    1521    345     710     635     1227    1700    2009    2374    2297    2100    1599    861     682     
834    1974 1383    819     1904    544     1130    2255    1617    276     688     797     1034    1555    2027    2291    2439    2056    1775    1015    594     
834    1975 1424    895     2013    503     1353    2283    1562    491     415     1035    1298    1725    2111    2425    2307    2200    1557    930     525     
834    1976 1342    760     1865    456     1189    2152    1523    480     356     692     1210    1664    2084    2288    2081    1850    1553    1166    644     
834    1977 1450    957     1990    722     1266    2331    1513    515     1036    840     1204    1754    2118    2449    2420    1975    1298    1274    497     
834    1978 1374    873     1869    566     1258    2201    1384    442     778     950     1171    1650    2042    2325    2230    1776    1506    864     712     
834    1979 1431    880     1945    633     1293    2261    1496    514     678     988     1120    1765    2226    2237    2320    1988    1365    1140    778     
834    1980 1354    779     1861    495     1105    2212    1579    299     403     678     1096    1541    2017    2333    2279    1878    1647    1210    834     
834    1981 1419    926     1947    573     1225    2312    1517    375     505     956     1187    1533    2258    2357    2318    2020    1720    806     921     
834    1982 1389    825     1945    571     1153    2223    1608    436     333     689     1100    1667    2102    2218    2344    2225    1636    961     878     
834    1983 1360    877     1928    610     1290    2174    1408    455     486     810     1274    1784    1952    2364    2200    1975    1361    889     704     
834    1984 1397    814     1890    645     1175    2136    1652    648     578     692     1112    1719    1998    2230    2175    2089    1745    1117    631     
834    1985 1401    820     1997    437     1292    2277    1497    568     78      721     1304    1852    2050    2288    2484    1983    1334    1178    878     
834    1986 1426    914     2059    741     1273    2380    1450    754     577     742     1403    1678    2178    2393    2564    2126    1453    770     421     
834    1987 1379    695     1968    516     1008    2336    1576    478     662     387     1080    1560    2146    2565    2290    2147    1400    1187    609     
834    1988 1404    898     2000    639     1211    2396    1377    699     605     875     1124    1633    2110    2576    2492    2040    1434    655     567     
834    1989 1394    762     1977    490     1349    2270    1437    324     591     983     1479    1589    1991    2376    2435    1976    1416    919     596     
834    1990 1474    833     1985    551     1305    2363    1582    374     696     985     1256    1671    2083    2507    2489    1881    1499    1370    819     
834    1991 1365    909     1945    590     1167    2323    1550    394     553     799     1168    1534    2155    2386    2422    1987    1550    1114    277     
834    1992 1381    755     1949    370     1157    2328    1603    447     387     742     1174    1556    2100    2274    2603    1965    1740    1099    452     
834    1993 1361    776     1939    363     1177    2282    1476    367     261     698     1178    1655    2087    2334    2419    1942    1701    778     821     
834    1994 1497    923     2084    712     1342    2337    1656    726     577     898     1396    1733    2059    2487    2455    2362    1705    900     595     
834    1995 1435    920     1987    661     1255    2360    1408    537     870     905     1165    1693    2288    2463    2325    1972    1429    823     710     
834    1996 1396    717     1999    521     1188    2335    1473    398     450     477     1133    1951    2190    2439    2371    1881    1417    1121    886     
834    1997 1353    867     1879    658     1130    2252    1412    534     545     678     931     1776    2190    2404    2161    1789    1317    1132    716     
834    1998 -999999 -999999 -999999 -999999 -999999 -999999 -999999 565     -999999 580     1345    1738    -999999 -999999 -999999 -999999 1605    -999999 -999999 
834    1999 -999999 -999999 -999999 -999999 -999999 -999999 -999999 -999999 -999999 805     1330    1787    2297    2590    -999999 -999999 -999999 1009    859     
834    2000 -999999 -999999 -999999 -999999 -999999 2397    -999999 217     608     768     1457    1738    2193    2495    2507    -999999 1522    1261    826     
834    2001 -999999 -999999 -999999 -999999 1383    2499    -999999 -999999 -999999 1179    1241    1730    2159    2633    2704    2122    1684    1009    279     
834    2002 -999999 -999999 -999999 500     1332    2445    1621    403     846     962     1209    1801    2284    2598    2442    2014    1625    1238    518     
834    2003 -999999 -999999 -999999 -999999 1197    2512    -999999 744     192     547     1079    1961    2417    2477    2635    1991    1579    1086    639     
834    2004 -999999 -999999 -999999 556     1292    2369    1676    450     568     958     1265    1652    2213    2498    2389    2131    1743    1170    793     
834    2005 -999999 -999999 -999999 641     1339    2425    1516    600     522     831     1321    1866    2141    2561    2568    2162    1498    931     815     
834    2006 -999999 -999999 2118    536     1369    2474    1574    280     511     910     1419    1763    2258    2530    2619    2093    1629    981     621     
834    2007 -999999 -999999 -999999 748     1397    2608    1547    861     770     982     1243    1962    2467    2742    2605    2011    1643    983     510     
834    2008 -999999 -999999 -999999 482     1436    2531    1639    387     558     1147    1411    1739    2370    2541    2676    2070    1631    1216    825     
834    2009 -999999 -999999 -999999 707     1308    2492    1632    630     663     836     1283    1821    2248    2617    2608    2063    1673    1159    995     
834    2010 1615    -999999 2201    781     1398    2579    1708    545     796     904     1404    1885    2312    2584    2831    2178    1450    1505    928     
834    2011 -999999 950     -999999 644     -999999 -999999 -999999 479     511     801     1112    -999999 -999999 -999999 -999999 -999999 -999999 -999999 -999999 
