EUROPEAN CLIMATE ASSESSMENT & DATASET (ECA&D), file created on: 10-05-2011
THESE DATA CAN BE USED FREELY PROVIDED THAT THE FOLLOWING SOURCE IS ACKNOWLEDGED: 

Klein Tank, A.M.G. and Coauthors, 2002. Daily dataset of 20th-century surface
air temperature and precipitation series for the European Climate Assessment.
Int. J. of Climatol., 22, 1441-1453.
Data and metadata available at http://eca.knmi.nl

FILE FORMAT (MISSING VALUE CODE = -999999):

THIS FILE HOLDS DATA FOR STATION UNITED KINGDOM                           NOTTINGHAM: WATNALL                      (STAID:   1850)
LATITUDE: dd:mm:ss +53:00:18
LONGITUDE: ddd:mm:ss -001:15:00
ELEVATION: m  117

DATA IS FOR INDEX Mean of daily mean temperature (TG) with unit 0.01 Temperature (&#176;C)

01-06 SOUID: Source identifier
08-11 YEAR : YYYY
13-20 ANNUAL DATA VALUES
21-28 WINTER HALF YEAR DATA VALUES
29-36 SUMMER HALF YEAR DATA VALUES
37-44 WINTER (DJF) DATA VALUES
45-52 SPRING (MAM) DATA VALUES
53-60 SUMMER (JJA) DATA VALUES
61-68 AUTUMN (SON) DATA VALUES
69-76 JANUARY DATA VALUES
etc. 
157-164 DECEMBER DATA VALUES

1850   1960 -999999 -999999 -999999 -999999 905     1517    965     331     316     549     897     1269    1595    1479    1479    1267    945     682     368     
1850   1961 -999999 -999999 -999999 -999999 929     1471    -999999 276     -999999 826     953     1016    1461    1452    1497    1475    1067    527     90      
1850   1962 -999999 -999999 -999999 -999999 630     1380    906     381     -999999 234     702     976     1346    1399    1396    1235    1007    471     106     
1850   1963 -999999 -999999 -999999 -999999 787     1437    -999999 -233    -135    509     786     1031    1448    1498    1367    1264    997     719     227     
1850   1964 -999999 -999999 -999999 -999999 825     1491    -999999 240     374     336     846     1293    1348    1565    1549    1378    825     708     254     
1850   1965 -999999 -999999 -999999 -999999 -999999 1413    -999999 298     -999999 418     794     1112    1453    1310    1462    1215    1023    -999999 347     
1850   1966 -999999 -999999 -999999 -999999 777     1480    -999999 183     491     611     649     1077    1530    1470    1439    1354    986     490     426     
1850   1967 -999999 -999999 -999999 -999999 -999999 1581    969     381     496     700     692     990     1411    1724    1602    1365    1042    469     -999999 
1850   1968 -999999 -999999 -999999 -999999 822     -999999 1054    360     169     606     854     991     1500    1431    1514    1360    1224    578     235     
1850   1969 -999999 -999999 -999999 -999999 -999999 -999999 -999999 494     -15     251     656     1079    1352    1656    1587    1323    1216    452     313     
1850   1970 -999999 -999999 -999999 -999999 744     -999999 -999999 323     226     300     643     1285    1646    1520    1589    1380    1022    693     379     
1850   1971 -999999 -999999 -999999 -999999 789     1481    -999999 424     -999999 490     747     1122    1208    1696    1520    1414    1089    509     589     
1850   1972 -999999 -999999 -999999 420     826     1400    -999999 308     351     615     791     1056    1184    1500    1505    1135    984     610     445     
1850   1973 -999999 -999999 -999999 -999999 -999999 1556    935     386     -999999 610     673     1091    1505    1562    1606    1387    887     536     459     
1850   1974 -999999 -999999 -999999 -999999 782     1442    -999999 513     485     511     731     1083    1344    1462    1513    1170    749     579     713     
1850   1975 -999999 -999999 -999999 -999999 715     -999999 -999999 600     -999999 431     802     929     1433    1723    1914    1311    971     564     495     
1850   1976 -999999 -999999 -999999 -999999 790     1773    966     517     426     448     778     1157    1709    1849    1755    1323    1011    550     146     
1850   1977 -999999 -999999 -999999 -999999 -999999 1430    -999999 205     -999999 621     674     983     1229    1541    1523    1256    1075    589     546     
1850   1978 -999999 -999999 -999999 -999999 782     1408    -999999 -999999 181     629     579     1114    1323    1434    1467    1317    1123    764     257     
1850   1979 -999999 -999999 -999999 -999999 -999999 1498    990     -94     32      391     734     951     1412    1592    1489    1304    1063    604     499     
1850   1980 -999999 -999999 -999999 -999999 787     1432    980     151     511     441     859     1074    1351    1398    1543    1447    827     624     496     
1850   1981 -999999 -999999 -999999 -999999 -999999 -999999 984     393     217     683     701     1125    1290    1563    1586    1462    784     668     -62     
1850   1982 -999999 -999999 -999999 -999999 874     1586    -999999 192     420     572     857     1173    1583    1638    1537    1368    953     -999999 341     
1850   1983 -999999 -999999 -999999 -999999 749     1666    -999999 593     90      581     647     996     1368    1911    1718    1314    948     662     498     
1850   1984 -999999 -999999 -999999 -999999 -999999 1628    -999999 -999999 283     376     795     942     1423    1686    1758    1323    1047    741     -999999 
1850   1985 -999999 -999999 -999999 -999999 740     1411    -999999 66      -999999 438     777     1039    1212    1584    1443    1438    1064    334     524     
1850   1986 -999999 -999999 -999999 -999999 727     1429    942     212     -182    465     572     1115    1407    1553    1326    1104    1027    705     547     
1850   1987 -999999 -999999 -999999 -999999 778     -999999 -999999 -23     328     362     983     983     1207    1567    1526    1318    883     606     567     
1850   1988 -999999 -999999 -999999 487     823     1463    -999999 457     440     574     764     1136    1406    1459    1518    1297    971     490     687     
1850   1989 -999999 -999999 -999999 -999999 838     1625    -999999 533     492     652     591     1259    1451    1790    1634    1441    1130    554     -999999 
1850   1990 -999999 -999999 -999999 -999999 943     -999999 1047    561     676     808     777     1251    1314    1637    1794    1304    1164    663     392     
1850   1991 -999999 -999999 -999999 -999999 862     1532    1028    263     143     758     769     1054    1177    1728    1711    1476    1007    602     420     
1850   1992 -999999 -999999 -999999 -999999 955     1583    895     309     522     669     868     1341    1617    1605    1531    1292    739     667     269     
1850   1993 -999999 -999999 -999999 -999999 -999999 1463    -999999 452     -999999 614     921     1097    1478    1477    1435    1202    798     417     420     
1850   1994 -999999 -999999 -999999 -999999 829     1635    -999999 444     -999999 696     790     996     1441    1844    1601    1226    911     892     525     
1850   1995 -999999 -999999 -999999 -999999 -999999 -999999 -999999 388     587     471     858     1202    -999999 1913    -999999 1361    1221    -999999 -999999 
1850   1996 -999999 -999999 -999999 -999999 -999999 -999999 -999999 343     222     356     804     891     1430    1638    1666    1330    1105    481     -999999 
1850   1997 -999999 -999999 -999999 -999999 -999999 -999999 -999999 190     -999999 805     881     1106    1377    1655    1880    1367    954     776     489     
1850   1998 -999999 -999999 -999999 -999999 -999999 1498    978     439     707     743     771     1224    1362    1545    1571    1432    976     542     470     
1850   1999 -999999 -999999 -999999 -999999 -999999 1570    1114    499     456     707     931     1273    1360    1770    1573    1579    1037    727     388     
1850   2000 -999999 -999999 -999999 475     883     -999999 -999999 485     552     688     791     1173    1457    1506    1675    1421    989     618     470     
1850   2001 -999999 -999999 -999999 -999999 -999999 1598    1088    260     405     442     713     1226    1398    1718    1677    1286    1293    704     321     
1850   2002 -999999 -999999 -999999 -999999 941     -999999 -999999 424     651     699     915     1185    1432    1608    1731    1419    935     770     455     
1850   2003 -999999 -999999 -999999 -999999 961     -999999 1045    423     344     727     953     1203    1598    1719    1796    1458    899     736     420     
1850   2004 -999999 -999999 -999999 -999999 -999999 -999999 -999999 457     478     612     953     1227    1508    1583    1723    1425    1009    696     535     
1850   2005 1036    -999999 1402    500     908     1619    1139    548     407     687     892     1146    1556    1658    1639    1514    1287    613     433     
1850   2006 1078    603     1501    410     844     1753    1237    421     370     469     834     1230    1642    2017    1596    1674    1253    785     598     
1850   2007 1046    765     1386    614     997     1540    1068    653     588     696     1132    1167    1494    1526    1599    1394    1099    710     465     
1850   2008 986     664     1368    526     887     1583    981     605     507     587     771     1298    1433    1647    1665    1378    968     599     351     
1850   2009 -999999 559     -999999 357     974     -999999 -999999 309     416     698     1007    1217    1516    -999999 -999999 -999999 -999999 -999999 -999999 
1850   2010 -999999 -999999 -999999 -999999 -999999 -999999 1003    -999999 -999999 -999999 -999999 -999999 -999999 -999999 1556    1416    1068    511     2       
1850   2011 -999999 -999999 -999999 350     -999999 -999999 -999999 409     657     718     1219    -999999 -999999 -999999 -999999 -999999 -999999 -999999 -999999 
