EUROPEAN CLIMATE ASSESSMENT & DATASET (ECA&D), file created on: 10-05-2011
THESE DATA CAN BE USED FREELY PROVIDED THAT THE FOLLOWING SOURCE IS ACKNOWLEDGED: 

Klein Tank, A.M.G. and Coauthors, 2002. Daily dataset of 20th-century surface
air temperature and precipitation series for the European Climate Assessment.
Int. J. of Climatol., 22, 1441-1453.
Data and metadata available at http://eca.knmi.nl

FILE FORMAT (MISSING VALUE CODE = -999999):

THIS FILE HOLDS DATA FOR STATION GERMANY                                  MANNHEIM (WST)                           (STAID:    820)
LATITUDE: dd:mm:ss +49:31:12
LONGITUDE: ddd:mm:ss +008:33:00
ELEVATION: m   96

DATA IS FOR INDEX Mean of daily mean temperature (TG) with unit 0.01 Temperature (&#176;C)

01-06 SOUID: Source identifier
08-11 YEAR : YYYY
13-20 ANNUAL DATA VALUES
21-28 WINTER HALF YEAR DATA VALUES
29-36 SUMMER HALF YEAR DATA VALUES
37-44 WINTER (DJF) DATA VALUES
45-52 SPRING (MAM) DATA VALUES
53-60 SUMMER (JJA) DATA VALUES
61-68 AUTUMN (SON) DATA VALUES
69-76 JANUARY DATA VALUES
etc. 
157-164 DECEMBER DATA VALUES

820    1958 1029    -999999 1591    -999999 862     1843    1073    158     450     210     797     1578    1668    1934    1920    1627    997     597     374     
820    1959 1096    501     1710    191     1159    1995    996     158     25      814     1138    1524    1857    2221    1903    1597    972     419     437     
820    1960 1056    515     1558    308     1108    1794    1070    159     329     761     1049    1514    1887    1725    1772    1390    1051    771     250     
820    1961 1090    610     1611    336     1116    1764    1155    156     631     809     1275    1269    1752    1713    1826    1830    1182    453     169     
820    1962 935     444     1537    253     845     1820    931     359     229     254     1065    1224    1728    1797    1932    1466    998     326     -202    
820    1963 915     129     1631    -366    1017    1878    1114    -499    -401    507     1126    1420    1776    2058    1797    1594    889     865     -231    
820    1964 1039    335     1705    -39     1035    1972    1035    -189    327     362     1097    1648    1946    2134    1834    1551    877     681     191     
820    1965 967     437     1484    173     936     1748    882     304     7       527     902     1378    1788    1744    1712    1368    899     377     524     
820    1966 1075    495     1617    380     1092    1799    1051    -87     739     535     1164    1580    1894    1740    1765    1552    1287    307     410     
820    1967 1096    583     1622    372     1073    1912    1097    254     461     758     963     1495    1700    2150    1880    1524    1292    469     153     
820    1968 1005    502     1559    192     1033    1796    1035    131     300     655     1124    1323    1798    1839    1751    1509    1144    449     25      
820    1969 981     389     1601    85      989     1854    1062    237     -18     461     962     1543    1643    2084    1829    1524    999     664     -222    
820    1970 1004    342     1583    -11     879     1901    1115    19      190     401     827     1408    1929    1850    1925    1543    1076    728     106     
820    1971 1040    416     1661    114     1048    1914    966     -60     315     334     1156    1658    1622    2101    2008    1397    1042    456     391     
820    1972 970     508     1504    257     1032    1818    859     24      363     763     994     1338    1651    1999    1798    1220    825     534     105     
820    1973 1039    399     1653    144     985     1956    1035    74      265     585     816     1549    1891    1946    2029    1668    900     540     150     
820    1974 1101    575     1560    396     1072    1797    954     542     508     800     1066    1350    1673    1802    1912    1543    691     636     655     
820    1975 1088    578     1672    525     991     1966    1025    575     324     565     981     1427    1719    2086    2084    1717    876     486     156     
820    1976 1086    425     1710    241     993     2089    1067    339     229     454     954     1571    2103    2226    1938    1451    1132    615     -10     
820    1977 1063    560     1508    252     1001    1826    1059    233     562     828     794     1373    1719    1930    1825    1388    1142    643     283     
820    1978 963     521     1481    203     1001    1713    939     242     73      704     973     1325    1646    1787    1705    1436    967     414     220     
820    1979 1000    354     1543    16      964     1833    1049    -311    153     665     850     1374    1895    1884    1721    1524    1105    516     563     
820    1980 966     550     1504    332     954     1733    975     -10     451     667     862     1331    1626    1659    1911    1619    925     383     158     
820    1981 1024    415     1604    80      1148    1822    1068    -45     133     909     1065    1468    1741    1854    1867    1615    965     626     29      
820    1982 1077    376     1683    10      987     1982    1182    -140    157     608     911     1440    1880    2146    1917    1789    1045    717     399     
820    1983 1090    569     1706    335     983     2113    1003    505     76      632     1075    1246    1873    2338    2120    1567    1050    391     132     
820    1984 985     426     1480    222     839     1788    1046    317     217     436     885     1197    1612    1856    1888    1425    1145    565     247     
820    1985 943     340     1596    -73     1022    1804    923     -344    -126    518     1019    1529    1585    1985    1834    1604    972     193     459     
820    1986 1018    365     1587    154     1007    1900    1017    272     -314    538     846     1631    1883    1921    1894    1324    1079    647     388     
820    1987 964     370     1572    60      880     1778    1147    -351    152     290     1170    1190    1590    1942    1797    1734    1109    599     312     
820    1988 1106    572     1629    393     1073    1856    1024    494     370     539     1055    1625    1721    1880    1962    1509    1146    414     513     
820    1989 1115    629     1639    427     1152    1892    1024    323     448     904     864     1679    1734    2021    1917    1594    1147    327     356     
820    1990 1134    626     1628    468     1155    1921    1035    344     730     852     942     1664    1694    1976    2087    1375    1136    590     184     
820    1991 1056    506     1657    143     1000    2007    1071    282     -55     849     933     1216    1598    2225    2184    1767    951     497     133     
820    1992 1123    476     1732    224     1154    2030    1026    200     348     717     1029    1711    1867    2061    2155    1543    822     721     270     
820    1993 1078    489     1687    263     1187    1894    860     451     47      586     1309    1669    1848    1889    1944    1448    930     200     526     
820    1994 1196    552     1717    416     1138    2083    1120    440     268     908     997     1504    1892    2365    1985    1538    937     891     549     
820    1995 1092    628     1645    466     1029    1969    1043    208     659     534     1098    1459    1652    2227    2018    1392    1305    423     97      
820    1996 946     387     1541    51      935     1848    983     -20     77      422     1068    1319    1800    1836    1905    1303    1044    599     -27     
820    1997 1074    460     1643    67      1092    1950    1023    -295    573     879     910     1481    1765    1895    2184    1602    933     535     391     
820    1998 1104    574     1662    395     1153    1919    977     347     453     774     1053    1630    1899    1872    1985    1517    1076    335     260     
820    1999 1155    511     1766    296     1169    1968    1140    405     216     738     1139    1629    1759    2158    1979    1913    1040    470     341     
820    2000 1179    573     1699    385     1204    1909    1163    283     542     757     1194    1660    1971    1721    2038    1602    1141    747     475     
820    2001 -999999 -999999 -999999 -999999 -999999 -999999 -999999 -999999 -999999 -999999 -999999 -999999 -999999 -999999 -999999 -999999 -999999 -999999 -999999 
820    2002 -999999 -999999 -999999 -999999 -999999 -999999 -999999 -999999 -999999 -999999 -999999 -999999 -999999 -999999 -999999 -999999 -999999 -999999 -999999 
820    2003 -999999 -999999 -999999 -999999 -999999 -999999 -999999 -999999 -999999 -999999 -999999 -999999 -999999 -999999 -999999 -999999 -999999 -999999 -999999 
820    2004 1126    -999999 1701    -999999 1060    1986    1173    225     448     625     1204    1356    1848    1988    2118    1691    1247    578     189     
820    2005 -999999 -999999 1747    213     1135    1979    1216    345     97      671     1185    1552    1955    2098    1883    1798    1292    556     237     
820    2006 -999999 -999999 -999999 110     1080    2071    1380    -70     176     474     1115    1671    1935    2452    1797    1883    1394    828     474     
820    2007 -999999 -999999 -999999 582     1300    1956    1023    660     613     786     1437    1703    1971    1970    1929    1467    1070    496     224     
820    2008 1160    -999999 1709    411     1161    2007    1063    499     510     679     1017    1782    1989    2065    1970    1419    1102    667     218     
820    2009 -999999 -999999 1778    68      1213    1993    1223    -216    225     628     1358    1612    1771    2050    2144    1711    1067    890     223     
820    2010 -999999 -999999 1659    -999999 1041    2018    1044    -57     -999999 692     1140    1296    1923    2227    1901    1452    965     718     -133    
820    2011 -999999 502     -999999 161     -999999 -999999 -999999 251     387     822     1424    -999999 -999999 -999999 -999999 -999999 -999999 -999999 -999999 
