EUROPEAN CLIMATE ASSESSMENT & DATASET (ECA&D), file created on: 10-05-2011
THESE DATA CAN BE USED FREELY PROVIDED THAT THE FOLLOWING SOURCE IS ACKNOWLEDGED: 

Klein Tank, A.M.G. and Coauthors, 2002. Daily dataset of 20th-century surface
air temperature and precipitation series for the European Climate Assessment.
Int. J. of Climatol., 22, 1441-1453.
Data and metadata available at http://eca.knmi.nl

FILE FORMAT (MISSING VALUE CODE = -999999):

THIS FILE HOLDS DATA FOR STATION SWEDEN                                   HARNOSAND                                (STAID:    466)
LATITUDE: dd:mm:ss +62:37:59
LONGITUDE: ddd:mm:ss +017:55:59
ELEVATION: m   15

DATA IS FOR INDEX Mean of daily mean temperature (TG) with unit 0.01 Temperature (&#176;C)

01-06 SOUID: Source identifier
08-11 YEAR : YYYY
13-20 ANNUAL DATA VALUES
21-28 WINTER HALF YEAR DATA VALUES
29-36 SUMMER HALF YEAR DATA VALUES
37-44 WINTER (DJF) DATA VALUES
45-52 SPRING (MAM) DATA VALUES
53-60 SUMMER (JJA) DATA VALUES
61-68 AUTUMN (SON) DATA VALUES
69-76 JANUARY DATA VALUES
etc. 
157-164 DECEMBER DATA VALUES

466    1961 613     -999999 1163    -999999 501     1520    806     -601    -76     261     383     855     1488    1603    1468    1166    953     295     -473    
466    1962 397     -140    1046    -474    121     1383    565     -488    -458    -683    312     741     1264    1483    1400    1061    720     -92     -544    
466    1963 425     -367    1162    -796    264     1506    592     -850    -1018   -475    292     976     1322    1599    1592    1169    647     -42     -223    
466    1964 483     -87     1063    -302    330     1381    556     -111    -592    -233    332     892     1297    1452    1391    998     678     -13     -344    
466    1965 381     -114    1050    -382    247     1367    511     -442    -359    -226    335     636     1262    1474    1363    1218    703     -394    -1039   
466    1966 281     -684    1077    -1342   85      1602    466     -1360   -1656   -441    -46     739     1659    1694    1453    940     440     20      -215    
466    1967 450     -158    1091    -531    391     1450    690     -1083   -270    156     291     723     1326    1529    1490    1171    596     307     -860    
466    1968 374     -296    1128    -888    354     1544    255     -1045   -749    -35     478     623     1529    1590    1514    1021    262     -519    -224    
466    1969 371     -423    1138    -616    155     1615    472     -581    -1088   -457    272     652     1522    1623    1697    1040    616     -244    -708    
466    1970 347     -478    1080    -1005   191     1548    453     -995    -1346   -265    63      770     1558    1523    1563    982     515     -140    -189    
466    1971 433     -183    1063    -314    132     1474    421     -331    -433    -541    157     780     1328    1583    1506    1004    532     -277    -185    
466    1972 505     -216    1118    -482    274     1582    541     -811    -447    -125    246     701     1374    1866    1500    995     575     53      95      
466    1973 500     133     1105    -35     442     1576    266     85      -312    254     263     803     1441    1860    1424    814     332     -349    -690    
466    1974 525     -200    1094    -369    329     1459    504     -217    -181    -95     389     694     1417    1500    1459    1094    426     -5      -221    
466    1975 575     0       1091    -165    384     1445    610     -216    -45     60      244     843     1199    1588    1541    1110    571     150     -192    
466    1976 323     -234    1003    -535    172     1405    371     -973    -433    -526    203     841     1235    1434    1541    737     404     -31     -580    
466    1977 362     -310    922     -720    192     1302    502     -662    -938    -105    5       671     1203    1360    1340    936     548     22      -134    
466    1978 274     -243    975     -568    174     1352    481     -538    -1083   -343    73      789     1282    1420    1351    914     471     58      -1198   
466    1979 297     -532    1050    -1191   232     1483    420     -1330   -1028   -196    115     773     1501    1488    1461    942     341     -19     -571    
466    1980 304     -473    1124    -827    133     1489    390     -951    -968    -686    368     725     1413    1599    1454    1175    385     -390    -510    
466    1981 313     -398    1052    -574    133     1398    451     -623    -591    -679    260     822     1213    1561    1413    1022    447     -116    -1024   
466    1982 406     -404    1040    -920    326     1406    549     -1107   -598    -37     273     740     1128    1600    1482    993     505     150     -329    
466    1983 442     -119    1073    -385    280     1433    476     -306    -535    -233    209     862     1293    1606    1395    1054    563     -192    -483    
466    1984 461     -327    1124    -604    277     1481    531     -958    -353    -536    368     1002    1350    1566    1524    914     643     32      -41     
466    1985 177     -424    1009    -960    112     1461    456     -1312   -1590   -376    22      688     1305    1536    1538    940     703     -282    -1182   
466    1986 323     -501    977     -1140   271     1404    537     -1202   -1026   -61     23      843     1499    1528    1186    763     598     247     -616    
466    1987 260     -454    930     -990    81      1253    597     -1592   -740    -625    233     641     1058    1504    1192    938     705     143     -395    
466    1988 461     -96     1163    -354    229     1582    438     -207    -468    -373    145     913     1496    1815    1433    1151    404     -238    -574    
466    1989 573     -69     1144    -216    444     1477    597     -40     -14     49      292     987     1363    1624    1441    1134    546     112     -655    
466    1990 581     -48     1136    -379    538     1449    536     -565    133     165     425     1019    1251    1549    1540    1007    618     -19     -182    
466    1991 507     -90     1087    -388    363     1492    528     -247    -773    1       344     745     1077    1746    1640    939     476     172     -138    
466    1992 526     73      1085    -120    437     1428    336     -92     -131    139     101     1060    1421    1459    1404    1041    55      -79     -102    
466    1993 492     -61     1023    -141    466     1329    389     -195    -125    74      339     981     1117    1520    1343    813     427     -74     -370    
466    1994 401     -378    1121    -777    249     1548    453     -724    -1289   -320    354     717     1224    1831    1579    994     435     -68     -57     
466    1995 464     -48     1065    -222    303     1475    525     -480    -120    -4      229     682     1453    1463    1509    1040    708     -178    -769    
466    1996 372     -311    1045    -719    208     1459    470     -449    -954    -264    254     635     1255    1467    1647    994     611     -199    -589    
466    1997 550     -119    1180    -412    322     1658    511     -322    -316    79      229     655     1413    1823    1732    1205    383     -50     -301    
466    1998 449     -131    1024    -266    182     1380    455     -234    -261    -333    76      799     1204    1540    1391    1113    504     -253    -220    
466    1999 492     -216    1146    -451    298     1497    724     -642    -496    -218    366     746     1399    1659    1428    1267    581     329     -563    
466    2000 612     -42     1121    -371    433     1439    770     -293    -249    -56     349     1004    1276    1572    1465    1037    830     440     -70     
466    2001 504     -28     1164    -308    215     1540    674     -181    -713    -527    322     854     1386    1695    1534    1175    714     131     -424    
466    2002 562     -28     1326    -330    482     1772    373     -408    -139    -46     479     1012    1625    1814    1871    1130    232     -239    -633    
466    2003 518     -286    1183    -648    429     1629    482     -876    -411    200     226     855     1311    1937    1628    1113    361     -22     -181    
466    2004 521     -129    1164    -372    425     1510    513     -599    -333    -11     401     884     1266    1591    1666    1152    521     -135    -181    
466    2005 -999999 -67     1111    -174    281     1506    -999999 -66     -285    -276    406     718     1259    1731    1520    1011    -999999 298     -127    
466    2006 -999999 -999999 1220    -195    160     1630    -999999 -196    -263    -519    186     813     1314    1634    1931    1417    675     -999999 275     
466    2007 -999999 -999999 -999999 -169    500     -999999 558     -275    -556    149     576     776     -999999 1603    1570    989     635     47      83      
466    2008 -999999 147     -999999 78      409     1509    622     68      82      -43     327     937     1361    1670    1492    1096    652     116     -16     
466    2009 -999999 -999999 -999999 -999999 -999999 1491    677     -310    -726    -999999 -999999 907     1302    1584    1584    1255    417     367     -391    
466    2010 366     -253    1147    -714    320     1523    488     -798    -977    -184    287     857     1264    1730    1566    1155    532     -225    -905    
466    2011 -999999 -286    -999999 -690    -999999 -999999 -999999 -368    -809    13      608     -999999 -999999 -999999 -999999 -999999 -999999 -999999 -999999 
