EUROPEAN CLIMATE ASSESSMENT & DATASET (ECA&D), file created on: 10-05-2011
THESE DATA CAN BE USED FREELY PROVIDED THAT THE FOLLOWING SOURCE IS ACKNOWLEDGED: 

Klein Tank, A.M.G. and Coauthors, 2002. Daily dataset of 20th-century surface
air temperature and precipitation series for the European Climate Assessment.
Int. J. of Climatol., 22, 1441-1453.
Data and metadata available at http://eca.knmi.nl

FILE FORMAT (MISSING VALUE CODE = -999999):

THIS FILE HOLDS DATA FOR STATION SWEDEN                                   FALUN                                    (STAID:      2)
LATITUDE: dd:mm:ss +60:37:00
LONGITUDE: ddd:mm:ss +015:37:00
ELEVATION: m  160

DATA IS FOR INDEX Mean of daily mean temperature (TG) with unit 0.01 Temperature (&#176;C)

01-06 SOUID: Source identifier
08-11 YEAR : YYYY
13-20 ANNUAL DATA VALUES
21-28 WINTER HALF YEAR DATA VALUES
29-36 SUMMER HALF YEAR DATA VALUES
37-44 WINTER (DJF) DATA VALUES
45-52 SPRING (MAM) DATA VALUES
53-60 SUMMER (JJA) DATA VALUES
61-68 AUTUMN (SON) DATA VALUES
69-76 JANUARY DATA VALUES
etc. 
157-164 DECEMBER DATA VALUES

2      1860 233     -999999 972     -999999 82      1412    331     -516    -1065   -494    105     635     1404    1515    1318    839     317     -162    -1142   
2      1861 394     -414    1013    -849    200     1523    344     -1030   -324    -125    159     566     1612    1635    1325    762     546     -282    -164    
2      1862 296     -361    962     -605    170     1242    474     -831    -841    -637    137     1010    1172    1285    1266    882     432     110     -513    
2      1863 517     -62     1020    -255    272     1391    563     -79     -165    -167    227     739     1446    1407    1321    964     581     145     -277    
2      1864 261     -236    925     -533    6       1337    232     -742    -582    -560    65      496     1357    1600    1055    967     152     -398    -306    
2      1865 364     -458    1087    -624    212     1382    434     -424    -1199   -620    262     1050    1170    1754    1216    1040    227     40      -216    
2      1866 336     -255    -999999 -287    -1      1439    352     -107    -565    -932    268     678     1557    1411    1351    1143    397     -487    -673    
2      1867 128     -568    834     -877    -173    1310    392     -1468   -468    -726    -74     283     1139    1355    1430    854     512     -194    -1182   
2      1868 455     -378    1160    -821    365     1637    336     -890    -363    -143    208     1026    1492    1760    1654    786     388     -168    -330    
2      1869 321     -252    973     -392    137     1319    271     -520    -320    -565    380     602     1148    1558    1246    889     314     -392    -528    
2      1870 -999999 -999999 -999999 -682    263     1406    337     -382    -1193   -385    381     800     1356    1587    1269    868     218     -53     -1115   
2      1871 197     -999999 905     -1150   203     1402    169     -955    -1403   65      -70     606     1136    1628    1436    677     319     -495    -711    
2      1872 476     -279    1073    -389    236     1500    529     -89     -377    -350    195     883     1411    1813    1272    834     646     104     -655    
2      1873 -999999 -999999 -999999 -999999 -999999 -999999 -999999 -999999 -999999 -999999 -999999 -999999 -999999 -999999 -999999 -999999 -999999 -999999 -999999 
2      1874 -999999 -999999 -999999 -999999 -999999 -999999 -999999 -999999 -999999 -999999 -999999 -999999 -999999 -999999 -999999 -999999 -999999 -999999 -999999 
2      1875 -999999 -999999 -999999 -999999 -999999 -999999 -999999 -999999 -999999 -999999 -999999 -999999 -999999 -999999 -999999 -999999 -999999 -999999 -999999 
2      1876 -999999 -999999 -999999 -999999 -999999 -999999 -999999 -999999 -999999 -999999 -999999 -999999 -999999 -999999 -999999 -999999 -999999 -999999 -999999 
2      1877 -999999 -999999 -999999 -999999 -999999 -999999 -999999 -999999 -999999 -999999 -999999 -999999 -999999 -999999 -999999 -999999 -999999 -999999 -999999 
2      1878 -999999 -999999 -999999 -999999 -999999 -999999 -999999 -999999 -999999 -999999 -999999 -999999 -999999 -999999 -999999 -999999 -999999 -999999 -999999 
2      1879 -999999 -999999 -999999 -999999 -999999 -999999 -999999 -999999 -999999 -999999 -999999 -999999 -999999 -999999 -999999 -999999 -999999 -999999 -999999 
2      1880 -999999 -999999 -999999 -999999 -999999 -999999 -999999 -999999 -999999 -999999 -999999 -999999 -999999 -999999 -999999 -999999 -999999 -999999 -999999 
2      1881 -999999 -999999 -999999 -999999 -999999 -999999 -999999 -999999 -999999 -999999 -999999 -999999 -999999 -999999 -999999 -999999 -999999 -999999 -999999 
2      1882 -999999 -999999 -999999 -999999 -999999 -999999 -999999 -999999 -999999 -999999 -999999 -999999 -999999 -999999 -999999 -999999 -999999 -999999 -999999 
2      1883 -999999 -999999 -999999 -999999 -999999 -999999 -999999 -999999 -999999 -999999 -999999 -999999 -999999 -999999 -999999 -999999 -999999 -999999 -999999 
2      1884 -999999 -999999 -999999 -999999 -999999 -999999 -999999 -999999 -999999 -999999 -999999 -999999 -999999 -999999 -999999 -999999 -999999 -999999 -999999 
2      1885 -999999 -999999 -999999 -999999 -999999 -999999 -999999 -999999 -999999 -999999 -999999 -999999 -999999 -999999 -999999 -999999 -999999 -999999 -999999 
2      1886 -999999 -999999 -999999 -999999 -999999 -999999 -999999 -999999 -999999 -999999 -999999 -999999 -999999 -999999 -999999 -999999 -999999 -999999 -999999 
2      1887 -999999 -999999 -999999 -999999 -999999 -999999 -999999 -999999 -999999 -999999 -999999 -999999 -999999 -999999 -999999 -999999 -999999 -999999 -999999 
2      1888 -999999 -999999 -999999 -999999 -999999 -999999 -999999 -999999 -999999 -999999 -999999 -999999 -999999 -999999 -999999 -999999 -999999 -999999 -999999 
2      1889 -999999 -999999 -999999 -999999 -999999 -999999 -999999 -999999 -999999 -999999 -999999 -999999 -999999 -999999 -999999 -999999 -999999 -999999 -999999 
2      1890 -999999 -999999 -999999 -999999 -999999 -999999 -999999 -999999 -999999 -999999 -999999 -999999 -999999 -999999 -999999 -999999 -999999 -999999 -999999 
2      1891 -999999 -999999 -999999 -999999 -999999 -999999 -999999 -999999 -999999 -999999 -999999 -999999 -999999 -999999 -999999 -999999 -999999 -999999 -999999 
2      1892 -999999 -999999 -999999 -999999 -999999 -999999 -999999 -999999 -999999 -999999 -999999 -999999 -999999 -999999 -999999 -999999 -999999 -999999 -999999 
2      1893 -999999 -999999 -999999 -999999 -999999 -999999 -999999 -999999 -999999 -999999 -999999 -999999 -999999 -999999 -999999 -999999 -999999 -999999 -999999 
2      1894 -999999 -999999 -999999 -999999 -999999 -999999 -999999 -999999 -999999 -999999 -999999 -999999 -999999 -999999 -999999 -999999 -999999 -999999 -999999 
2      1895 -999999 -999999 -999999 -999999 -999999 -999999 -999999 -999999 -999999 -999999 -999999 -999999 -999999 -999999 -999999 -999999 -999999 -999999 -999999 
2      1896 -999999 -999999 -999999 -999999 -999999 -999999 -999999 -999999 -999999 -999999 -999999 -999999 -999999 -999999 -999999 -999999 -999999 -999999 -999999 
2      1897 -999999 -999999 -999999 -999999 -999999 -999999 -999999 -999999 -999999 -999999 -999999 -999999 -999999 -999999 -999999 -999999 -999999 -999999 -999999 
2      1898 -999999 -999999 -999999 -999999 -999999 -999999 -999999 -999999 -999999 -999999 -999999 -999999 -999999 -999999 -999999 -999999 -999999 -999999 -999999 
2      1899 -999999 -999999 -999999 -999999 -999999 -999999 -999999 -999999 -999999 -999999 -999999 -999999 -999999 -999999 -999999 -999999 -999999 -999999 -999999 
2      1900 323     -999999 1031    -999999 131     1484    427     -643    -1240   -416    137     673     1466    1508    1478    908     487     -116    -477    
2      1901 432     -369    1248    -724    299     1698    507     -796    -917    -440    279     1058    1421    2066    1599    1030    798     -316    -705    
2      1902 209     -311    827     -639    6       1215    304     -441    -786    -463    -58     538     1267    1232    1147    819     210     -113    -902    
2      1903 419     -253    1022    -620    425     1356    296     -886    -13     211     150     905     1303    1484    1280    988     218     -315    -321    
2      1904 351     -316    1024    -460    176     1419    322     -320    -757    -431    236     724     1295    1596    1362    912     430     -380    -509    
2      1905 430     -263    1077    -493    306     1482    291     -578    -383    -171    84      999     1610    1576    1264    909     124     -154    -179    
2      1906 476     -217    1119    -311    332     1481    495     -360    -403    -346    361     983     1458    1601    1384    909     420     158     -508    
2      1907 390     -191    940     -553    270     1270    598     -677    -464    -87     221     676     1257    1395    1157    919     804     64      -641    
2      1908 420     -183    1056    -491    181     1468    367     -519    -300    -505    216     833     1349    1569    1481    862     572     -339    -219    
2      1909 328     -259    955     -437    3       1442    407     -305    -825    -497    5       502     1395    1489    1441    878     745     -414    -567    
2      1910 476     -170    1088    -460    437     1403    406     -651    -130    -9      359     960     1403    1462    1344    987     414     -183    -280    
2      1911 478     -186    1132    -392    388     1476    389     -548    -343    -190    306     1044    1248    1533    1641    992     248     -70     -185    
2      1912 406     -269    1080    -615    384     1542    278     -1008   -653    34      299     816     1397    1786    1439    716     251     -131    -115    
2      1913 491     -133    1107    -317    454     1454    530     -648    -176    18      388     954     1381    1615    1364    922     481     189     -627    
2      1914 576     -129    1239    -413    396     1675    401     -591    20      -221    538     875     1472    2051    1496    977     343     -115    32      
2      1915 212     -265    973     -430    165     1340    212     -885    -439    -540    278     760     1222    1454    1340    762     136     -260    -1309   
2      1916 415     -464    1024    -720    188     1403    439     -427    -401    -510    308     769     1254    1686    1264    841     244     239     -311    
2      1917 308     -455    1111    -836    58      1577    512     -1473   -714    -721    11      883     1700    1480    1556    1016    526     -7      -610    
2      1918 456     -274    1121    -685    435     1461    550     -1006   -413    -137    360     1079    1264    1675    1436    882     653     113     -491    
2      1919 395     -204    1166    -564    363     1496    335     -414    -810    -325    271     1140    1371    1851    1262    1075    359     -428    -709    
2      1920 -999999 -999999 1194    -999999 622     1503    515     -999999 -121    271     470     1121    1441    1677    1387    1045    422     82      -462    
2      1921 532     -108    1201    -465    713     1429    392     -474    -460    217     673     1248    1350    1528    1405    981     533     -343    -353    
2      1922 383     -302    1060    -604    315     1427    357     -886    -568    -222    140     1021    1402    1580    1297    896     317     -139    -313    
2      1923 430     -177    1060    -416    357     1427    431     -194    -776    -15     268     815     1119    1797    1355    978     530     -218    -598    
2      1924 494     -358    1151    -664    201     1529    651     -590    -813    -484    168     918     1332    1664    1585    1214    674     64      138     
2      1925 497     38      1272    -55     413     1681    280     -175    -135    -353    526     1071    1528    1973    1536    972     280     -413    -886    
2      1926 444     -403    1169    -781    417     1573    474     -678    -778    22      435     796     1363    1824    1527    1046    205     178     -689    
2      1927 448     -146    1132    -476    370     1607    369     -345    -386    147     293     668     1276    1895    1639    995     359     -247    -983    
2      1928 431     -363    1025    -675    306     1309    530     -571    -458    -279    339     859     1122    1456    1343    1012    524     53      -264    
2      1929 515     -195    1089    -655    428     1434    680     -700    -1039   184     100     991     1328    1596    1376    1121    609     311     175     
2      1930 668     150     1268    -24     570     1663    532     134     -418    37      508     1164    1598    1802    1588    922     624     46      -80     
2      1931 430     -184    1077    -416    241     1460    514     -700    -475    -542    244     1020    1269    1683    1423    794     435     317     -368    
2      1932 602     0       1177    -182    374     1573    454     -25     -150    -207    342     988     1269    1844    1598    994     350     20      162     
2      1933 574     -23     1248    -186    441     1687    562     -265    -484    35      376     910     1667    1860    1534    1120    612     -48     -508    
2      1934 726     -4      1294    -210    552     1594    727     -48     -60     20      424     1207    1519    1676    1585    1335    684     163     145     
2      1935 585     29      1193    -182    376     1620    626     -418    -283    -145    429     846     1613    1717    1530    1006    544     332     -200    
2      1936 594     -70     1250    -422    444     1718    502     -446    -633    -38     269     1095    1798    1790    1569    955     390     166     156     
2      1937 600     -88     1367    -254    515     1729    655     -296    -660    -333    575     1306    1572    1858    1753    1109    781     71      -630    
2      1938 690     1       1275    -416    635     1627    739     -494    -93     366     503     1031    1405    1752    1717    1223    676     321     -178    
2      1939 558     56      1266    -193    438     1686    491     -421    43      -96     414     994     1524    1731    1798    1111    255     114     -785    
2      1940 334     -579    1207    -1067   267     1610    463     -1173   -1257   -648    271     1178    1701    1727    1405    937     430     24      -633    
2      1941 354     -504    1256    -1065   317     1718    441     -1589   -965    -320    279     991     1583    2096    1469    1093    366     -134    -700    
2      1942 365     -625    1207    -1123   274     1557    572     -1545   -1124   -647    540     939     1370    1666    1629    1075    571     70      -258    
2      1943 683     0       1335    -309    742     1634    650     -691    59      257     707     1262    1650    1714    1538    1122    754     71      -284    
2      1944 577     -96     1233    -429    355     1696    602     -673    -323    -130    285     908     1303    1899    1875    1099    652     55      -65     
2      1945 584     -19     1314    -327    598     1726    457     -656    -253    131     605     1057    1505    1895    1770    1029    485     -144    -475    
2      1946 581     -256    1332    -573    532     1658    580     -603    -649    -187    673     1115    1448    1938    1580    1215    410     122     -174    
2      1947 453     -349    1386    -664    363     1763    503     -469    -1424   -651    386     1354    1718    1791    1778    1266    478     -236    -701    
2      1948 522     -365    1264    -834    599     1579    465     -1132   -658    42      639     1116    1477    1816    1440    1077    366     -45     81      
2      1949 652     10      1279    -45     558     1500    700     -184    -31     -133    537     1271    1348    1715    1432    1350    552     202     -275    
2      1950 482     -149    1227    -549    525     1576    489     -915    -449    -29     480     1124    1553    1574    1601    1009    605     -151    -678    
2      1951 494     -336    1159    -626    187     1536    642     -828    -345    -614    351     827     1411    1566    1627    1152    574     203     -39     
2      1952 396     -122    1138    -359    396     1461    265     -605    -439    -438    675     958     1336    1626    1417    794     312     -313    -599    
2      1953 623     -316    1268    -729    645     1632    702     -824    -768    252     580     1101    1758    1640    1503    1012    825     264     36      
2      1954 495     -89     1206    -559    525     1540    486     -749    -1008   19      324     1227    1483    1648    1487    1039    504     -87     -69     
2      1955 432     -248    1223    -516    191     1719    577     -656    -854    -378    202     750     1340    1972    1831    1216    455     63      -849    
2      1956 337     -440    1108    -962    324     1452    355     -935    -1111   -289    156     1100    1439    1631    1286    1014    466     -418    -362    
2      1957 500     -210    1119    -334    316     1517    477     -239    -408    -322    342     929     1317    1759    1467    871     521     39      -344    
2      1958 405     -369    1152    -713    171     1517    693     -767    -1062   -653    228     941     1456    1632    1460    1174    723     181     -552    
2      1959 574     -194    1304    -723    557     1707    602     -1116   -478    62      516     1090    1553    1845    1717    1079    533     196     -182    
2      1960 475     -217    1227    -625    461     1578    483     -740    -977    -167    372     1176    1658    1619    1459    1060    312     84      -203    
2      1961 566     -88     1210    -390    557     1552    736     -714    -238    225     431     1012    1672    1599    1388    1143    936     123     -826    
2      1962 353     -234    1050    -578    149     1377    476     -500    -391    -751    404     801     1370    1456    1304    950     621     -149    -920    
2      1963 401     -553    1244    -1115   367     1580    566     -1253   -1178   -488    371     1218    1520    1647    1570    1117    586     -7      -395    
2      1964 479     -165    1172    -451    490     1438    500     -388    -578    -232    539     1165    1412    1534    1367    996     533     -32     -601    
2      1965 381     -213    1131    -502    328     1435    423     -421    -483    -292    431     848     1449    1467    1390    1190    610     -536    -1131   
2      1966 357     -674    1171    -1319   297     1650    495     -1313   -1534   -217    68      1032    1771    1726    1457    947     453     85      -325    
2      1967 503     -189    1209    -631    499     1591    705     -1163   -380    185     402     908     1476    1721    1572    1158    645     314     -840    
2      1968 387     -345    1254    -1008   457     1677    334     -1325   -847    -29     603     802     1756    1679    1598    1078    363     -440    -629    
2      1969 407     -502    1294    -775    215     1795    470     -602    -1129   -632    324     957     1792    1775    1818    1073    645     -316    -933    
2      1970 358     -589    1209    -1223   330     1671    425     -1177   -1595   -248    178     1056    1859    1566    1596    980     557     -265    -360    
2      1971 505     -201    1184    -379    338     1572    427     -446    -326    -383    247     1146    1493    1705    1516    971     554     -248    -229    
2      1972 575     -204    1236    -485    400     1706    543     -872    -344    -93     287     1001    1636    1955    1523    989     556     82      146     
2      1973 548     110     1236    -55     511     1719    271     -23     -314    169     300     1059    1698    1921    1537    872     293     -352    -655    
2      1974 644     -145    1241    -276    544     1547    565     -134    -11     -5      594     1043    1553    1532    1554    1154    433     114     -140    
2      1975 690     -2      1340    -201    509     1759    682     -82     -400    28      352     1142    1524    1926    1821    1246    595     208     -160    
2      1976 448     -186    1239    -504    382     1679    400     -955    -390    -415    386     1175    1566    1767    1700    811     416     -26     -684    
2      1977 476     -279    1112    -694    388     1508    565     -582    -831    -10     152     1015    1539    1510    1475    960     677     54      -350    
2      1978 408     -200    1146    -590    382     1539    543     -483    -975    -190    244     1087    1601    1572    1446    902     520     208     -1124   
2      1979 383     -449    1180    -1112   398     1568    453     -1150   -1057   -129    296     1022    1731    1527    1451    1040    345     -22     -547    
2      1980 393     -461    1270    -864    334     1631    388     -974    -1086   -511    502     1015    1689    1727    1479    1197    350     -383    -341    
2      1981 414     -338    1216    -537    375     1546    512     -740    -529    -404    359     1169    1362    1743    1528    1109    507     -80     -1118   
2      1982 514     -411    1228    -995    484     1618    623     -1263   -562    47      402     999     1332    1819    1695    1095    540     237     -238    
2      1983 568     -64     1241    -357    452     1639    544     -145    -724    -107    380     1064    1463    1808    1642    1061    603     -33     -320    
2      1984 546     -213    1226    -493    446     1563    581     -782    -368    -382    515     1207    1439    1630    1615    924     688     128     -96     
2      1985 266     -351    1111    -910    320     1532    406     -1257   -1428   -232    178     1008    1477    1638    1479    860     645     -295    -1005   
2      1986 432     -432    1122    -990    454     1537    512     -900    -1074   -21     125     1248    1730    1652    1236    713     534     288     -457    
2      1987 322     -410    1054    -897    228     1367    536     -1545   -667    -613    450     854     1207    1646    1245    906     642     57      -375    
2      1988 523     -75     1272    -268    378     1669    378     -129    -301    -356    241     1244    1738    1787    1486    1114    341     -319    -603    
2      1989 661     -38     1269    -146    603     1612    572     79      110     172     439     1192    1556    1797    1481    1129    543     44      -649    
2      1990 659     37      1242    -231    709     1575    427     -212    209     305     589     1230    1528    1624    1572    884     531     -139    -249    
2      1991 568     -121    1190    -402    496     1566    560     -365    -613    63      504     921     1168    1878    1638    1004    543     133     -150    
2      1992 619     74      1252    -141    601     1633    344     -72     -206    177     234     1381    1747    1683    1474    967     125     -53     -69     
2      1993 515     -62     1128    -144    611     1379    315     -157    -212    -18     534     1314    1232    1605    1295    758     368     -184    -411    
2      1994 532     -334    1286    -698    487     1709    485     -642    -1077   -127    582     1008    1382    2145    1589    980     424     54      -65     
2      1995 498     -49     1190    -264    391     1651    499     -563    -155    3       254     913     1587    1700    1665    1001    763     -275    -962    
2      1996 439     -373    1168    -859    358     1616    496     -670    -952    -174    465     785     1512    1540    1794    894     651     -63     -567    
2      1997 628     -63     1325    -370    461     1842    470     -320    -208    117     367     897     1634    1925    1959    1138    297     -20     -308    
2      1998 500     -93     1100    -236    410     1374    420     -276    -112    -136    310     1054    1274    1540    1305    1097    412     -248    -268    
2      1999 551     -205    1252    -455    456     1598    701     -591    -511    -53     528     894     1561    1797    1436    1287    551     289     -604    
2      2000 640     -55     1161    -400    568     1441    745     -303    -286    17      519     1166    1332    1546    1441    938     830     464     -17     
2      2001 511     -23     1222    -360    356     1600    609     -366    -733    -370    385     1053    1419    1834    1541    1075    705     46      -547    
2      2002 553     -85     1370    -434    598     1777    307     -585    -143    16      586     1190    1641    1785    1900    1095    132     -299    -722    
2      2003 573     -280    1225    -587    533     1602    508     -564    -464    216     370     1006    1456    1842    1505    1147    289     97      -99     
2      2004 572     -78     1202    -291    547     1466    547     -541    -230    11      588     1044    1312    1488    1593    1167    526     -52     -67     
2      2005 615     -33     1209    -133    398     1524    698     -5      -347    -285    576     909     1338    1738    1489    1186    595     315     -187    
2      2006 645     -115    1309    -345    249     1717    768     -391    -470    -575    356     971     1592    1858    1695    1358    705     243     324     
2      2007 605     137     1223    -149    656     1547    520     -251    -559    294     680     995     1529    1558    1552    1011    558     -10     -181    
2      2008 632     70      1186    -35     524     1519    531     15      66      -29     552     1051    1500    1700    1356    939     626     26      -240    
2      2009 543     -103    1243    -408    573     1482    615     -371    -635    -71     761     1037    1258    1624    1560    1214    284     358     -568    
2      2010 -999999 -999999 -999999 -999999 407     1592    374     -999999 -890    -182    450     953     1374    1862    1526    1000    450     -330    -1128   
2      2011 -999999 -383    -999999 -787    -999999 -999999 -999999 -458    -774    -92     844     -999999 -999999 -999999 -999999 -999999 -999999 -999999 -999999 
