EUROPEAN CLIMATE ASSESSMENT & DATASET (ECA&D), file created on: 10-05-2011
THESE DATA CAN BE USED FREELY PROVIDED THAT THE FOLLOWING SOURCE IS ACKNOWLEDGED: 

Klein Tank, A.M.G. and Coauthors, 2002. Daily dataset of 20th-century surface
air temperature and precipitation series for the European Climate Assessment.
Int. J. of Climatol., 22, 1441-1453.
Data and metadata available at http://eca.knmi.nl

FILE FORMAT (MISSING VALUE CODE = -999999):

THIS FILE HOLDS DATA FOR STATION GREENLAND [DENMARK]                      ILULISSAT (JAKOBSHAVN)                   (STAID:    300)
LATITUDE: dd:mm:ss +69:13:00
LONGITUDE: ddd:mm:ss -051:03:00
ELEVATION: m   39

DATA IS FOR INDEX Mean of daily mean temperature (TG) with unit 0.01 Temperature (&#176;C)

01-06 SOUID: Source identifier
08-11 YEAR : YYYY
13-20 ANNUAL DATA VALUES
21-28 WINTER HALF YEAR DATA VALUES
29-36 SUMMER HALF YEAR DATA VALUES
37-44 WINTER (DJF) DATA VALUES
45-52 SPRING (MAM) DATA VALUES
53-60 SUMMER (JJA) DATA VALUES
61-68 AUTUMN (SON) DATA VALUES
69-76 JANUARY DATA VALUES
etc. 
157-164 DECEMBER DATA VALUES

300    1877 -999999 -999999 -999999 -999999 -999999 699     -999999 -999999 -999999 -999999 -999999 166     649     737     710     405     -307    -1055   -1401   
300    1878 -999999 -999999 -999999 -999999 -999999 674     -999999 -999999 -999999 -1324   -657    -154    549     774     699     -4      -354    -999999 -999999 
300    1879 -999999 -999999 -999999 -999999 -999999 -999999 -999999 -938    -999999 -1768   -775    35      435     741     735     33      -999999 -673    -999999 
300    1880 -999999 -999999 -999999 -999999 -999999 -999999 -999999 -999999 -999999 -999999 -999999 -999999 -999999 -999999 -999999 -999999 -999999 -999999 -999999 
300    1881 -999999 -999999 -999999 -999999 -999999 -999999 -999999 -999999 -999999 -999999 -999999 -999999 -999999 -999999 -999999 -999999 -999999 -999999 -999999 
300    1882 -999999 -999999 -999999 -999999 -999999 -999999 -999999 -999999 -999999 -999999 -999999 -999999 -999999 -999999 -999999 -999999 -999999 -999999 -999999 
300    1883 -999999 -999999 -999999 -999999 -999999 -999999 -999999 -999999 -999999 -999999 -999999 -999999 -999999 -999999 -999999 -999999 -999999 -999999 -999999 
300    1884 -999999 -999999 -999999 -999999 -999999 -999999 -999999 -999999 -999999 -999999 -999999 -999999 -999999 -999999 -999999 -999999 -999999 -999999 -999999 
300    1885 -999999 -999999 -999999 -999999 -999999 -999999 -999999 -999999 -999999 -999999 -999999 -999999 -999999 -999999 -999999 -999999 -999999 -999999 -999999 
300    1886 -999999 -999999 -999999 -999999 -999999 -999999 -999999 -999999 -999999 -999999 -999999 -999999 -999999 -999999 -999999 -999999 -999999 -999999 -999999 
300    1887 -999999 -999999 -999999 -999999 -999999 -999999 -999999 -999999 -999999 -999999 -999999 -999999 -999999 -999999 -999999 -999999 -999999 -999999 -999999 
300    1888 -999999 -999999 -999999 -999999 -999999 -999999 -999999 -999999 -999999 -999999 -999999 -999999 -999999 -999999 -999999 -999999 -999999 -999999 -999999 
300    1889 -999999 -999999 -999999 -999999 -999999 -999999 -999999 -999999 -999999 -999999 -999999 -999999 -999999 -999999 -999999 -999999 -999999 -999999 -999999 
300    1890 -999999 -999999 -999999 -999999 -999999 -999999 -999999 -999999 -999999 -999999 -999999 -999999 -999999 -999999 -999999 -999999 -999999 -999999 -999999 
300    1891 -999999 -999999 -999999 -999999 -999999 -999999 -999999 -999999 -999999 -999999 -999999 -999999 -999999 -999999 -999999 -999999 -999999 -999999 -999999 
300    1892 -999999 -999999 -999999 -999999 -999999 -999999 -999999 -999999 -999999 -999999 -999999 -999999 -999999 -999999 -999999 -999999 -999999 -999999 -999999 
300    1893 -999999 -999999 -999999 -999999 -999999 -999999 -999999 -999999 -999999 -999999 -999999 -999999 -999999 -999999 -999999 -999999 -999999 -999999 -999999 
300    1894 -999999 -999999 -999999 -999999 -999999 -999999 -999999 -999999 -999999 -999999 -999999 -80     162     822     655     -999999 -333    -999999 -1707   
300    1895 -999999 -999999 -999999 -999999 -999999 -999999 -999999 -999999 -999999 -1298   -911    -215    321     757     628     -38     -999999 -999999 -1346   
300    1896 -999999 -999999 -999999 -999999 -999999 -999999 -999999 -999999 -999999 -2029   -1729   -551    422     836     780     312     -999999 -1012   -999999 
300    1897 -999999 -999999 -999999 -999999 -999999 680     -999999 -2067   -999999 -1432   -1424   -379    560     869     605     155     -999999 -999999 -999999 
300    1898 -999999 -999999 -999999 -999999 -999999 -999999 -999999 -999999 -999999 -1905   -1357   -214    -999999 585     492     150     -195    -999999 -999999 
300    1899 -999999 -999999 -999999 -999999 -734    -999999 -999999 -1904   -999999 -1505   -704    59      566     699     680     187     -592    -1164   -1407   
300    1900 -999999 -999999 -999999 -999999 -999999 -999999 -999999 -1990   -880    -806    -917    110     809     878     731     83      -318    -999999 -999999 
300    1901 -999999 -999999 -999999 -999999 -999999 -999999 -999999 -2122   -999999 -999999 -1070   -258    254     701     606     278     -567    -999999 -999999 
300    1902 -999999 -999999 -999999 -999999 -999999 790     -999999 -999999 -999999 -1953   -905    20      647     893     818     284     -999999 -999999 -1467   
300    1903 -999999 -999999 -999999 -999999 -999999 576     -999999 -1485   -999999 -2173   -878    -143    436     787     502     270     -153    -873    -594    
300    1904 -999999 -999999 -999999 -999999 -999999 -999999 -999999 -999999 -999999 -1746   -1336   -3      516     749     849     146     -999999 -948    -909    
300    1905 -999999 -999999 -999999 -999999 -999999 -999999 -999999 -999999 -999999 -1000   -230    41      392     790     687     17      -122    -652    -999999 
300    1906 -999999 -999999 -999999 -999999 -1041   -999999 -999999 -999999 -999999 -1879   -1237   55      461     783     945     253     -999999 -999999 -999999 
300    1907 -999999 -999999 -999999 -999999 -1279   652     -999999 -999999 -999999 -2242   -1344   -315    439     821     683     198     -109    -1130   -1096   
300    1908 -999999 -999999 -999999 -999999 -999999 -999999 -999999 -999999 -999999 -999999 -999999 -63     492     1056    611     407     -599    -999999 -999999 
300    1909 -999999 -999999 -999999 -999999 -999999 -999999 -999999 -999999 -999999 -865    -708    157     -999999 737     531     334     -834    -999999 -999999 
300    1910 -999999 -999999 -999999 -999999 -999999 630     -999999 -2729   -999999 -2013   -1006   -30     266     729     855     194     -416    -999999 -1397   
300    1911 -999999 -999999 -999999 -999999 -999999 -999999 -999999 -999999 -999999 -1766   -697    -103    434     784     704     108     -156    -999999 -1448   
300    1912 -999999 -999999 -999999 -999999 -999999 -999999 -999999 -1119   -999999 -1464   -590    12      682     728     769     286     -610    -999999 -999999 
300    1913 -999999 -999999 -999999 -999999 -999999 -999999 -999999 -1380   -999999 -1918   -1153   -95     -999999 648     543     -999999 -999999 -1268   -999999 
300    1914 -999999 -999999 -999999 -999999 -999999 -999999 -999999 -999999 -2648   -1986   -1313   -409    157     701     590     47      -999999 -999999 -1712   
300    1915 -999999 -999999 -999999 -999999 -999999 -999999 -999999 -999999 -999999 -1976   -1157   -999999 461     663     647     -999999 -282    -999999 -999999 
300    1916 -999999 -999999 -999999 -999999 -999999 -999999 -999999 -1471   -999999 -300    -1179   329     373     -999999 884     399     -999999 -999999 -999999 
300    1917 -999999 -999999 -999999 -999999 -999999 -999999 -999999 -999999 -999999 -999999 -999999 -999999 -999999 -999999 -999999 -999999 -999999 -999999 -999999 
300    1918 -999999 -999999 -999999 -999999 -999999 -999999 -999999 -999999 -999999 -999999 -999999 -999999 -999999 -999999 -999999 -999999 -575    -999999 -999999 
300    1919 -999999 -999999 -999999 -999999 -999999 -999999 -999999 -1843   -999999 -999999 -1814   59      212     665     584     -999999 -130    -999999 -1012   
300    1920 -999999 -999999 -999999 -999999 -999999 -999999 -999999 -999999 -999999 -999999 -999999 -999999 -999999 688     545     74      -999999 -999999 -999999 
300    1921 -999999 -999999 -999999 -999999 -999999 -999999 -999999 -999999 -999999 -999999 -999999 1       423     -999999 -999999 -999999 -999999 -999999 -999999 
300    1922 -999999 -999999 -999999 -999999 -999999 -999999 -999999 -999999 -2818   -1495   -999999 -254    211     717     545     -999999 -999999 -999999 -999999 
300    1923 -999999 -999999 -999999 -999999 -999999 -999999 -999999 -999999 -999999 -999999 -999999 55      558     -999999 693     75      -999999 -999999 -999999 
300    1924 -999999 -999999 -999999 -999999 -999999 -999999 -999999 -999999 -999999 -999999 -484    112     711     722     556     41      -640    -999999 -999999 
300    1925 -999999 -999999 -999999 -999999 -999999 -999999 -999999 -999999 -999999 -999999 -999999 -146    -999999 515     537     -999999 -999999 -999999 -999999 
300    1926 -999999 -999999 -999999 -999999 -999999 -999999 -999999 -999999 -999999 -1566   -881    69      -999999 -999999 -999999 -999999 -999999 -745    -1237   
300    1927 -999999 -999999 -999999 -999999 -999999 -999999 -999999 -999999 -999999 -1986   -932    90      569     707     751     -999999 -999999 -999999 -999999 
300    1928 -999999 -999999 -999999 -999999 -999999 -999999 -999999 -999999 -999999 -999999 -564    186     -999999 800     866     431     -999999 -999999 -961    
300    1929 -999999 -999999 -999999 -999999 -999999 -999999 -999999 -999999 -999999 -999999 -476    -999999 429     -999999 721     -999999 -999999 -999999 -999999 
300    1930 -999999 -999999 -999999 -999999 -999999 -999999 -999999 -999999 -999999 -999999 -999999 -999999 -999999 782     -999999 -999999 -454    -999999 -999999 
300    1931 -999999 -999999 -999999 -999999 -999999 -999999 -999999 -999999 -999999 -999999 -1009   63      -999999 949     852     -999999 -999999 -999999 -999999 
300    1932 -999999 -999999 -999999 -999999 -999999 -999999 -999999 -999999 -999999 -999999 -999999 321     572     764     513     -999999 -999999 -999999 -999999 
300    1933 -999999 -999999 -999999 -999999 -999999 -999999 -999999 -999999 -999999 -999999 -999999 -999999 387     852     723     107     -999999 -999999 -999999 
300    1934 -999999 -999999 -999999 -999999 -999999 -999999 -999999 -999999 -999999 -999999 -999999 -999999 -999999 855     -999999 -999999 -999999 -999999 -999999 
300    1935 -999999 -999999 -999999 -999999 -999999 -999999 -999999 -999999 -999999 -999999 -999999 -999999 -999999 818     -999999 -999999 -999999 -999999 -999999 
300    1936 -999999 -999999 -999999 -999999 -999999 -999999 -999999 -999999 -999999 -999999 -999999 -999999 -999999 -999999 -999999 -999999 -999999 -999999 -999999 
300    1937 -999999 -999999 -999999 -999999 -999999 -999999 -999999 -999999 -999999 -999999 -1160   -999999 -999999 -999999 -999999 221     -601    -999999 -999999 
300    1938 -999999 -999999 -999999 -999999 -999999 -999999 -999999 -1783   -999999 -1795   -999999 -44     353     -999999 -999999 -999999 -527    -1134   -999999 
300    1939 -999999 -999999 -999999 -999999 -999999 -999999 -999999 -999999 -999999 -1389   -999999 140     -999999 926     550     383     -999999 -999999 -999999 
300    1940 -999999 -999999 -999999 -999999 -999999 -999999 -999999 -999999 -999999 -999999 -510    -51     -999999 -999999 519     165     -353    -823    -999999 
300    1941 -999999 -999999 -999999 -999999 -999999 -999999 -999999 -999999 -999999 -875    -999999 75      439     715     857     334     -999999 -999999 -999999 
300    1942 -999999 -999999 -999999 -999999 -999999 -999999 -999999 -999999 -999999 -1228   -853    309     -999999 770     573     228     -564    -999999 -999999 
300    1943 -999999 -999999 -999999 -999999 -999999 -999999 -999999 -999999 -999999 -999999 -978    -170    465     742     678     -999999 -666    -999999 -999999 
300    1944 -999999 -999999 -999999 -999999 -999999 -999999 -999999 -999999 -999999 -999999 -457    -999999 557     666     638     -999999 -999999 -999999 -1261   
300    1945 -999999 -999999 -999999 -999999 -999999 -999999 -999999 -999999 -999999 -999999 -1078   -160    -999999 -999999 -999999 135     -172    -999999 -868    
300    1946 -999999 -999999 -999999 -999999 -999999 -999999 -999999 -999999 -999999 -854    -999999 210     -999999 656     629     175     -999999 -999999 -999999 
300    1947 -999999 -999999 -999999 -999999 -999999 -999999 -999999 -999999 -999999 -824    -676    255     -999999 719     -999999 -999999 -999999 -999999 -999999 
300    1948 -999999 -999999 -999999 -999999 -999999 -999999 -999999 -999999 -999999 -1677   -759    -174    744     -999999 600     214     -456    -999999 -1568   
300    1949 -999999 -999999 -999999 -999999 -999999 -999999 -999999 -999999 -999999 -999999 -1390   -118    -999999 913     631     -999999 -409    -999999 -1274   
300    1950 -999999 -999999 -999999 -999999 -999999 -999999 -999999 -999999 -999999 -999999 -1245   -45     658     885     707     243     -509    -999999 -999999 
300    1951 -999999 -999999 -999999 -999999 -999999 -999999 -999999 -999999 -999999 -1630   -1048   169     705     786     671     357     -999999 -580    -999999 
300    1952 -999999 -999999 -999999 -999999 -999999 -999999 -999999 -999999 -999999 -1908   -939    34      558     782     741     -999999 -347    -540    -999999 
300    1953 -999999 -999999 -999999 -999999 -999999 -999999 -999999 -999999 -999999 -999999 -440    117     387     793     655     -999999 -702    -1075   -1781   
300    1954 -999999 -999999 -999999 -999999 -999999 -999999 -999999 -999999 -999999 -999999 -484    188     487     614     663     176     -440    -999999 -1504   
300    1955 -999999 -999999 -999999 -999999 -999999 -999999 -999999 -1934   -999999 -999999 -1373   -58     574     604     483     110     -999999 -999999 -1302   
300    1956 -999999 -999999 -999999 -999999 -999999 -999999 -999999 -999999 -999999 -1333   -651    -130    335     707     699     -32     -999999 -1077   -1568   
300    1957 -999999 -999999 -999999 -999999 -999999 -999999 -999999 -999999 -999999 -1442   -937    87      703     961     770     403     -999999 -840    -999999 
300    1958 -999999 -999999 -999999 -999999 -999999 -999999 -999999 -999999 -999999 -1242   -1027   129     605     883     569     133     -434    -1096   -999999 
300    1959 -999999 -999999 -999999 -999999 -975    -999999 -999999 -999999 -999999 -2059   -951    163     564     794     588     155     -252    -667    -1381   
300    1960 -999999 -999999 -999999 -999999 -999999 895     -999999 -1103   -999999 -1779   -1189   31      638     1095    950     222     314     -999999 -1074   
300    1961 -999999 -999999 -999999 -999999 -1035   778     -999999 -1166   -2191   -2163   -1010   29      684     903     749     153     -429    -925    -990    
300    1962 -999999 -999999 -999999 -999999 -999999 -999999 -999999 -999999 -999999 -647    -534    133     471     841     599     122     -475    -999999 -1059   
300    1963 -999999 -999999 -999999 -999999 -999999 -999999 -999999 -687    -999999 -999999 -529    -207    366     654     728     87      -612    -999999 -999999 
300    1964 -999999 -999999 -999999 -999999 -999999 -999999 -999999 -999999 -999999 -1842   -1023   -297    -999999 504     569     227     -524    -999999 -999999 
300    1965 -999999 -999999 -999999 -999999 -999999 -999999 -999999 -1362   -999999 -1330   -953    246     -999999 838     669     246     -999999 -999999 -1304   
300    1966 -999999 -999999 -999999 -999999 -999999 -999999 -999999 -999999 -999999 -1734   -924    -252    415     645     790     377     130     -999999 -999999 
300    1967 -999999 -999999 -999999 -999999 -999999 654     -999999 -892    -999999 -1667   -1144   131     445     800     712     -999999 -556    -1005   -999999 
300    1968 -999999 -999999 -999999 -999999 -999999 -999999 -999999 -999999 -999999 -2084   -613    170     550     896     721     288     -308    -999999 -995    
300    1969 -999999 -999999 -999999 -999999 -999999 664     -999999 -928    -999999 -1442   -870    171     534     721     735     110     -635    -999999 -999999 
300    1970 -999999 -999999 -999999 -999999 -999999 526     -999999 -999999 -999999 -1565   -958    -419    378     656     541     414     -999999 -999999 -999999 
300    1971 -999999 -999999 -999999 -999999 -999999 664     -999999 -999999 -999999 -1811   -1161   -196    596     861     536     286     -637    -890    -999999 
300    1972 -999999 -999999 -999999 -999999 -999999 421     -999999 -999999 -999999 -2003   -1446   174     262     491     501     428     -198    -1071   -999999 
300    1973 -999999 -999999 -999999 -999999 -999999 625     -999999 -1131   -999999 -1708   -572    -265    430     742     694     279     -237    -999999 -999999 
300    1974 -999999 -999999 -999999 -999999 -999999 -999999 -999999 -1417   -999999 -1056   -648    17      409     793     681     163     -217    -944    -999999 
300    1975 -999999 -999999 -999999 -999999 -999999 -999999 -999999 -1859   -1463   -1753   -1062   -77     568     834     680     86      -336    -914    -999999 
300    1976 -999999 -999999 -999999 -999999 -999999 -999999 -999999 -1884   -999999 -1482   -1084   -101    616     -999999 513     443     -341    -999999 -774    
300    1977 -999999 -999999 -999999 -999999 -999999 711     -999999 -1002   -999999 -1025   -604    123     378     957     776     172     -449    -582    -999999 
300    1978 -999999 -999999 -999999 -999999 -999999 -999999 -999999 -999999 -1342   -1489   -871    -135    294     974     789     309     -999999 -999999 -999999 
300    1979 -999999 -999999 -999999 -999999 -999999 669     -372    -830    -999999 -999999 -538    -52     443     772     790     179     -232    -1118   -1312   
300    1980 -999999 -999999 -999999 -999999 -999999 673     -999999 -563    -1038   -987    -872    97      478     820     734     307     -344    -738    -1064   
300    1981 -999999 -999999 -999999 -999999 -677    -999999 -999999 -1468   -1728   -1148   -835    -14     641     847     648     -999999 -312    -999999 -1014   
300    1982 -999999 -999999 -999999 -999999 -999999 -999999 -999999 -999999 -999999 -999999 -999999 -183    -999999 -999999 -999999 -999999 -999999 -999999 -999999 
300    1983 -999999 -999999 -999999 -999999 -999999 -999999 -999999 -999999 -999999 -2565   -1096   -192    -999999 619     -999999 197     -999999 -999999 -999999 
300    1984 -999999 -999999 -999999 -999999 -999999 -999999 -999999 -999999 -999999 -2170   -999999 -556    -999999 -999999 -999999 -999999 -999999 -999999 -999999 
300    1985 -999999 -999999 -999999 -999999 -999999 -999999 -999999 -999999 -999999 -1460   -999999 -999999 642     -999999 -999999 -999999 -999999 -999999 -999999 
300    1986 -999999 -999999 -999999 -999999 -999999 -999999 -999999 -999999 -999999 -999999 -999999 -999999 314     -999999 -999999 -999999 -999999 -999999 -999999 
300    1987 -999999 -999999 -999999 -999999 -999999 -999999 -999999 -999999 -999999 -999999 -999999 -999999 -999999 -999999 -999999 -999999 -999999 -999999 -999999 
300    1988 -999999 -999999 -999999 -999999 -999999 -999999 -999999 -999999 -999999 -999999 -859    -999999 392     784     736     317     -219    -999999 -999999 
300    1989 -999999 -999999 -999999 -999999 -999999 -999999 -999999 -999999 -2486   -2221   -999999 -999999 -999999 700     558     -4      -999999 -574    -999999 
300    1990 -999999 -999999 -999999 -999999 -999999 775     -999999 -999999 -999999 -1938   -1146   -999999 787     857     680     -999999 -999999 -999999 -999999 
300    1991 -999999 -999999 -999999 -999999 -999999 -999999 -999999 -999999 -999999 -1418   -999999 -999999 491     814     567     273     -209    -1088   -1027   
300    1992 -999999 -999999 -999999 -1647   -1219   473     -290    -1297   -2618   -2104   -1075   -451    167     686     565     159     9       -1038   -1269   
300    1993 -999999 -999999 -999999 -999999 -999999 -999999 -214    -2012   -2102   -2680   -1251   -999999 -999999 802     577     450     -45     -1052   -1485   
300    1994 -632    -1402   164     -1666   -1071   595     -406    -1785   -1735   -2329   -1015   133     372     731     678     68      -515    -767    -1447   
300    1995 -514    -1602   375     -1984   -972    765     -55     -2303   -2226   -2389   -689    171     764     866     664     458     -469    -168    -935    
300    1996 -412    -923    143     -1129   -759    508     -356    -1115   -1352   -1471   -873    65      396     652     474     122     -437    -752    -690    
300    1997 -405    -1042   172     -1122   -922    629     -235    -887    -1862   -1696   -1101   26      831     546     517     194     -258    -639    -637    
300    1998 -313    -980    347     -1109   -699    732     -221    -841    -1926   -1655   -463    30      649     846     699     300     -336    -623    -558    
300    1999 -514    -1066   154     -1228   -967    643     -399    -1311   -1877   -1759   -621    -509    360     870     691     116     -411    -901    -911    
300    2000 -999999 -999999 -999999 -999999 -999999 720     -163    -1132   -1462   -1553   -999999 -122    664     796     698     478     -444    -514    -919    
300    2001 -366    -1041   307     -1326   -721    771     -211    -1412   -1680   -1324   -686    -154    578     866     863     354     -249    -737    -929    
300    2002 -401    -1099   212     -1252   -948    595     -117    -911    -1977   -1857   -1222   226     565     726     493     460     -263    -543    -633    
300    2003 -179    -727    365     -904    -462    772     -95     -707    -1421   -856    -627    91      762     810     744     389     89      -768    -758    
300    2004 -354    -910    271     -1049   -742    651     -98     -1196   -1204   -1635   -820    227     579     688     685     243     -52     -487    -1298   
300    2005 -999999 -741    -999999 -1159   -367    -999999 -999999 -1292   -862    -478    -619    -11     823     877     -999999 -999999 -395    -396    -857    
300    2006 -999999 -884    -999999 -1212   -999999 -999999 -999999 -1564   -1215   -892    -999999 -999999 -999999 -999999 -999999 -999999 -999999 -941    -1065   
300    2007 -283    -999999 263     -894    -721    776     -307    -976    -614    -1220   -932    -17     630     957     737     172     -428    -661    -1061   
