EUROPEAN CLIMATE ASSESSMENT & DATASET (ECA&D), file created on: 10-05-2011
THESE DATA CAN BE USED FREELY PROVIDED THAT THE FOLLOWING SOURCE IS ACKNOWLEDGED: 

Klein Tank, A.M.G. and Coauthors, 2002. Daily dataset of 20th-century surface
air temperature and precipitation series for the European Climate Assessment.
Int. J. of Climatol., 22, 1441-1453.
Data and metadata available at http://eca.knmi.nl

FILE FORMAT (MISSING VALUE CODE = -999999):

THIS FILE HOLDS DATA FOR STATION NORWAY                                   OSLO BLINDERN                            (STAID:    193)
LATITUDE: dd:mm:ss +59:56:34
LONGITUDE: ddd:mm:ss +010:43:14
ELEVATION: m   94

DATA IS FOR INDEX Mean of daily mean temperature (TG) with unit 0.01 Temperature (&#176;C)

01-06 SOUID: Source identifier
08-11 YEAR : YYYY
13-20 ANNUAL DATA VALUES
21-28 WINTER HALF YEAR DATA VALUES
29-36 SUMMER HALF YEAR DATA VALUES
37-44 WINTER (DJF) DATA VALUES
45-52 SPRING (MAM) DATA VALUES
53-60 SUMMER (JJA) DATA VALUES
61-68 AUTUMN (SON) DATA VALUES
69-76 JANUARY DATA VALUES
etc. 
157-164 DECEMBER DATA VALUES

193    1937 -999999 -999999 1330    -999999 509     1681    657     -999999 -999999 -246    595     1182    1342    1851    1839    1139    833     -8      -557    
193    1938 695     47      1240    -327    621     1567    776     -306    -96     399     546     915     1309    1645    1737    1266    701     363     -195    
193    1939 600     73      1284    -222    529     1634    573     -389    -67     21      501     1065    1518    1608    1772    1222    307     199     -585    
193    1940 452     -342    1204    -757    410     1573    510     -797    -897    -296    300     1223    1708    1620    1396    957     476     99      -414    
193    1941 428     -349    1218    -833    350     1641    536     -1302   -779    -202    303     948     1578    1915    1427    1113    456     40      -434    
193    1942 422     -426    1160    -841    300     1477    617     -1218   -875    -552    506     952     1288    1631    1507    1059    625     167     -111    
193    1943 661     86      1247    -209    689     1543    678     -554    65      327     644     1093    1525    1686    1417    1100    796     134     -336    
193    1944 618     29      1180    -250    408     1583    619     -223    -187    -23     374     873     1257    1778    1704    1069    718     66      -28     
193    1945 659     58      1324    -243    639     1720    565     -532    -161    268     638     1013    1450    1866    1835    1117    634     -59     -222    
193    1946 608     -90     1271    -343    576     1534    611     -440    -371    -109    667     1173    1340    1749    1509    1166    410     265     -125    
193    1947 570     -244    1469    -580    476     1860    565     -371    -1316   -414    405     1434    1699    1850    2027    1368    571     -242    -317    
193    1948 608     -159    1280    -482    665     1557    548     -707    -417    142     679     1176    1432    1751    1484    1142    462     44      68      
193    1949 727     98      1333    27      577     1613    766     -34     48      -8      595     1143    1493    1831    1512    1407    657     238     -200    
193    1950 588     15      1252    -325    638     1549    549     -540    -224    142     574     1196    1444    1590    1608    1078    646     -81     -434    
193    1951 -999999 -152    -999999 -396    327     1501    716     -527    -209    -310    340     975     1426    1534    1543    1221    664     249     102     
193    1952 493     26      1151    -179    497     1441    359     -405    -239    -216    643     1068    1264    1628    1426    857     412     -194    -351    
193    1953 687     -138    1270    -439    615     1644    768     -473    -499    242     534     1066    1804    1642    1493    1066    874     360     58      
193    1954 544     -1      1188    -411    516     1487    576     -571    -753    -36     382     1198    1392    1545    1519    1066    538     126     18      
193    1955 572     -78     1307    -332    325     1811    647     -443    -597    -155    317     813     1393    2120    1907    1263    565     115     -523    
193    1956 486     -233    1169    -661    475     1459    508     -687    -780    -115    426     1112    1381    1679    1316    1078    572     -128    -77     
193    1957 578     -29     1163    -187    435     1536    554     -203    -292    -77     481     902     1369    1715    1517    970     609     83      -199    
193    1958 516     -173    1182    -462    275     1548    743     -464    -753    -362    308     880     1477    1686    1478    1244    797     185     -371    
193    1959 684     -34     1364    -447    622     1729    716     -665    -290    122     545     1196    1554    1846    1782    1238    613     301     -102    
193    1960 575     -19     1247    -380    621     1531    529     -400    -655    100     523     1236    1607    1496    1493    1112    406     74      -142    
193    1961 647     4       1246    -263    655     1528    791     -479    -159    309     583     1070    1556    1625    1403    1226    960     183     -555    
193    1962 479     -29     1073    -309    299     1366    570     -247    -106    -408    474     836     1327    1466    1305    1018    701     -13     -633    
193    1963 475     -326    1213    -780    374     1572    629     -863    -851    -339    396     1067    1607    1617    1494    1080    687     119     -400    
193    1964 560     -36     1165    -332    558     1405    569     -260    -336    -37     572     1140    1319    1430    1462    1047    545     115     -310    
193    1965 493     -36     1131    -273    436     1408    527     -295    -206    -76     465     922     1417    1431    1377    1164    687     -276    -729    
193    1966 481     -350    1172    -845    362     1613    610     -818    -1003   -22     137     963     1703    1675    1463    1073    568     190     -260    
193    1967 589     -48     1203    -439    533     1552    738     -756    -288    242     437     917     1448    1628    1577    1193    682     340     -404    
193    1968 530     -86     1273    -545    542     1624    495     -691    -541    79      636     915     1629    1597    1646    1201    496     -213    -428    
193    1969 562     -247    1320    -489    375     1759    587     -311    -755    -319    427     1019    1745    1688    1844    1177    731     -152    -448    
193    1970 491     -296    1226    -752    423     1627    537     -757    -1083   -139    227     1174    1822    1441    1624    1050    636     -77     -140    
193    1971 626     -11     1221    -149    471     1532    567     -243    -56     -195    466     1143    1430    1681    1483    1103    691     -97     60      
193    1972 618     -41     1221    -282    530     1573    596     -615    -291    -13     473     1128    1435    1812    1467    983     660     143     188     
193    1973 634     211     1220    44      585     1625    418     -16     -49     315     393     1040    1571    1832    1469    990     351     -86     -261    
193    1974 698     31      1267    -81     686     1510    593     8       19      149     754     1156    1499    1509    1520    1151    484     148     -61     
193    1975 723     53      1309    -126    538     1696    720     16      -354    51      429     1132    1441    1801    1837    1188    722     252     69      
193    1976 584     27      1296    -220    489     1723    506     -482    -247    -160    482     1146    1568    1822    1774    953     498     67      -438    
193    1977 578     -131    1189    -482    484     1573    639     -440    -579    68      247     1128    1535    1637    1545    1016    719     178     -210    
193    1978 524     -53     1178    -368    468     1534    643     -233    -693    -135    386     1150    1604    1516    1485    906     644     379     -804    
193    1979 457     -207    1138    -753    401     1507    498     -787    -659    -40     388     854     1575    1549    1400    1049    465     -19     -358    
193    1980 523     -255    1291    -589    503     1607    482     -662    -759    -223    539     1194    1590    1721    1510    1177    456     -186    -131    
193    1981 498     -140    1216    -305    481     1469    589     -392    -402    -210    454     1199    1258    1613    1531    1217    500     52      -898    
193    1982 601     -225    1252    -702    551     1608    680     -809    -366    169     503     979     1383    1809    1624    1189    612     240     -183    
193    1983 683     86      1268    -166    579     1620    657     68      -407    143     537     1056    1416    1786    1652    1139    706     124     -112    
193    1984 647     -26     1251    -292    564     1558    691     -486    -275    -126    575     1245    1451    1609    1610    994     792     282     55      
193    1985 417     -108    1136    -565    459     1492    505     -865    -918    -63     271     1164    1404    1610    1460    880     750     -121    -674    
193    1986 532     -230    1133    -695    465     1527    639     -670    -747    38      261     1088    1639    1648    1298    844     665     408     -178    
193    1987 436     -166    1094    -561    343     1385    589     -1055   -436    -405    519     920     1211    1636    1303    956     765     40      -271    
193    1988 634     55      1287    -115    471     1651    522     60      -136    -138    330     1217    1859    1616    1486    1196    496     -125    -278    
193    1989 740     157     1235    66      655     1545    679     234     262     353     514     1093    1518    1699    1416    1154    639     247     -274    
193    1990 757     247     1278    41      781     1586    545     83      342     456     645     1238    1509    1655    1593    1010    616     5       -105    
193    1991 650     6       1233    -262    595     1550    662     -287    -409    176     545     1062    1164    1819    1655    1125    634     228     3       
193    1992 684     181     1280    -18     670     1605    500     -57     1       265     417     1320    1780    1640    1401    1102    306     98      -85     
193    1993 588     59      1162    -58     687     1374    423     -7      -86     116     637     1308    1358    1470    1295    885     432     -49     -347    
193    1994 614     -176    1285    -503    584     1666    565     -412    -776    45      609     1100    1363    2033    1592    987     532     178     3       
193    1995 616     85      1234    -111    498     1640    640     -287    -41     119     386     985     1510    1641    1765    1095    876     -59     -647    
193    1996 530     -169    1200    -595    419     1613    602     -512    -630    -69     484     846     1420    1587    1826    1014    758     30      -443    
193    1997 718     24      1381    -304    557     1874    606     -403    -41     233     503     934     1625    1947    2042    1209    467     146     -105    
193    1998 635     98      1186    -34     553     1429    563     -112    130     68      422     1164    1319    1538    1425    1231    532     -74     -66     
193    1999 680     -2      1297    -174    549     1579    820     -221    -240    31      663     956     1398    1739    1594    1417    641     407     -274    
193    2000 775     147     1257    -122    692     1505    884     -39     -49     191     630     1253    1359    1624    1527    1129    942     578     117     
193    2001 621     118     1269    -225    487     1609    748     -286    -535    -158    427     1190    1464    1775    1584    1149    886     206     -338    
193    2002 698     125     1456    -192    730     1808    507     -279    64      206     692     1291    1657    1740    2022    1308    340     -122    -586    
193    2003 696     -142    1349    -417    589     1748    630     -385    -267    156     597     1015    1627    1888    1725    1225    385     288     29      
193    2004 709     63      1341    -168    729     1604    662     -383    -149    200     741     1245    1422    1601    1784    1234    647     104     30      
193    2005 747     134     1310    42      529     1639    813     169     -86     -83     703     972     1451    1872    1588    1255    745     441     -112    
193    2006 771     35      1432    -220    443     1807    915     -237    -322    -325    463     1192    1602    2006    1806    1499    835     412     238     
193    2007 724     259     1319    -48     757     1652    645     -86     -322    424     760     1086    1702    1609    1646    1100    687     145     -144    
193    2008 755     176     1321    42      664     1643    654     87      192     91      671     1230    1583    1828    1517    1075    677     209     -117    
193    2009 675     34      1368    -275    698     1643    704     -225    -505    117     775     1203    1584    1727    1614    1291    439     391     -382    
193    2010 490     -156    1298    -607    575     1648    500     -812    -631    27      600     1099    1529    1804    1609    1127    573     -202    -915    
193    2011 -999999 -216    -999999 -589    -999999 -999999 -999999 -348    -494    62      934     -999999 -999999 -999999 -999999 -999999 -999999 -999999 -999999 
