EUROPEAN CLIMATE ASSESSMENT & DATASET (ECA&D), file created on: 10-05-2011
THESE DATA CAN BE USED FREELY PROVIDED THAT THE FOLLOWING SOURCE IS ACKNOWLEDGED: 

Klein Tank, A.M.G. and Coauthors, 2002. Daily dataset of 20th-century surface
air temperature and precipitation series for the European Climate Assessment.
Int. J. of Climatol., 22, 1441-1453.
Data and metadata available at http://eca.knmi.nl

FILE FORMAT (MISSING VALUE CODE = -999999):

THIS FILE HOLDS DATA FOR STATION FINLAND                                  VARKAUS KAPYKANGAS                       (STAID:    715)
LATITUDE: dd:mm:ss +62:18:00
LONGITUDE: ddd:mm:ss +027:51:00
ELEVATION: m   91

DATA IS FOR INDEX Mean of daily mean temperature (TG) with unit 0.01 Temperature (&#176;C)

01-06 SOUID: Source identifier
08-11 YEAR : YYYY
13-20 ANNUAL DATA VALUES
21-28 WINTER HALF YEAR DATA VALUES
29-36 SUMMER HALF YEAR DATA VALUES
37-44 WINTER (DJF) DATA VALUES
45-52 SPRING (MAM) DATA VALUES
53-60 SUMMER (JJA) DATA VALUES
61-68 AUTUMN (SON) DATA VALUES
69-76 JANUARY DATA VALUES
etc. 
157-164 DECEMBER DATA VALUES

715    1959 -999999 -999999 -999999 -999999 -999999 1599    282     -999999 -999999 -999999 -999999 895     1532    1685    1577    731     255     -140    -1065   
715    1960 296     -631    1172    -1146   226     1652    207     -1217   -1156   -483    176     985     1581    1869    1502    889     26      -288    -384    
715    1961 455     -289    1088    -424    240     1576    550     -597    -278    -214    26      902     1661    1660    1408    844     762     37      -802    
715    1962 264     -401    992     -750    76      1290    476     -655    -796    -973    394     818     1202    1436    1229    855     532     40      -966    
715    1963 240     -696    1181    -1221   112     1471    506     -1313   -1402   -1113   220     1232    1270    1593    1543    1198    475     -152    -779    
715    1964 299     -470    1044    -826    128     1433    371     -536    -1188   -675    166     893     1367    1555    1375    884     593     -373    -546    
715    1965 235     -428    1001    -744    40      1389    269     -660    -1057   -585    162     548     1411    1400    1358    1118    387     -702    -652    
715    1966 77      -901    986     -1467   -26     1518    324     -1938   -1850   -738    -164    819     1606    1665    1285    674     277     22      -865    
715    1967 294     -489    1089    -1073   327     1480    585     -1462   -873    -55     181     849     1276    1559    1598    1047    534     175     -1362   
715    1968 153     -660    1018    -1461   183     1487    88      -2035   -953    -311    190     671     1581    1376    1507    769     -33     -468    -479    
715    1969 123     -779    997     -1134   -8      1464    318     -1547   -1401   -794    148     629     1347    1525    1516    793     341     -182    -991    
715    1970 187     -664    1038    -1272   145     1519    212     -1265   -1589   -370    16      784     1522    1644    1393    847     222     -433    -655    
715    1971 184     -538    948     -755    -14     1408    125     -573    -1066   -768    -75     800     1284    1495    1440    713     150     -488    -800    
715    1972 364     -626    1154    -962    107     1730    301     -1275   -800    -547    93      776     1646    1960    1581    840     305     -243    -15     
715    1973 283     -252    1090    -417    285     1595    15      -520    -748    -340    217     975     1586    1841    1357    532     25      -511    -1095   
715    1974 422     -480    1018    -707    84      1495    476     -778    -199    -294    33      510     1384    1666    1430    1064    414     -49     -154    
715    1975 409     -165    1083    -418    354     1412    376     -459    -666    -123    172     1009    1249    1613    1368    1062    262     -193    -474    
715    1976 79      -647    909     -1061   60      1299    65      -1571   -1144   -781    33      928     1129    1441    1321    570     -135    -234    -646    
715    1977 224     -571    953     -881    165     1366    273     -900    -1119   -435    62      863     1291    1531    1272    673     234     -88     -791    
715    1978 77      -625    952     -1168   144     1370    259     -1099   -1663   -425    -6      860     1360    1479    1270    726     114     -57     -1749   
715    1979 259     -732    1054    -1403   239     1496    315     -1172   -1276   -283    -46     1038    1456    1552    1479    814     174     -37     -696    
715    1980 176     -622    1055    -1011   16      1522    183     -1165   -1181   -843    269     631     1637    1535    1399    845     339     -640    -760    
715    1981 246     -610    1020    -813    -3      1440    390     -700    -997    -937    -13     941     1310    1705    1302    844     489     -166    -915    
715    1982 247     -553    956     -1166   253     1325    362     -1632   -928    -187    142     802     964     1594    1406    795     191     105     -371    
715    1983 305     -373    1119    -708    323     1429    259     -574    -1230   -427    333     1062    1295    1656    1331    1011    342     -581    -676    
715    1984 330     -543    1082    -785    273     1377    401     -852    -829    -680    321     1180    1314    1524    1292    838     505     -145    -555    
715    1985 66      -740    991     -1496   106     1461    326     -2058   -1915   -367    -84     764     1313    1535    1529    860     473     -361    -1040   
715    1986 229     -610    1035    -1225   320     1507    366     -1211   -1444   -151    119     985     1625    1662    1239    552     375     171     -1285   
715    1987 56      -796    909     -1531   26      1278    288     -2208   -1054   -768    75      772     1337    1410    1090    753     524     -419    -904    
715    1988 291     -444    1127    -792    154     1628    202     -722    -747    -414    -90     959     1577    1932    1374    981     262     -639    -1030   
715    1989 482     -323    1151    -538    468     1511    383     -330    -223    22      382     999     1557    1601    1378    974     314     -136    -791    
715    1990 389     -302    1040    -616    349     1421    224     -959    -43     -169    389     828     1248    1509    1501    739     355     -427    -335    
715    1991 402     -390    1079    -663    225     1542    505     -729    -951    -309    249     737     1368    1678    1574    844     508     161     -399    
715    1992 402     -118    1107    -456    348     1459    150     -540    -428    -19     6       1045    1479    1554    1346    1191    -190    -540    -119    
715    1993 298     -351    978     -402    394     1328    30      -563    -538    -177    182     1172    1082    1553    1341    503     181     -599    -641    
715    1994 315     -619    1114    -975    235     1531    335     -785    -1556   -405    410     705     1335    1790    1461    965     330     -290    -325    
715    1995 406     -207    1118    -405    334     1539    389     -563    -319    -90     225     864     1676    1469    1478    979     652     -472    -1074   
715    1996 309     -543    1039    -1026   199     1480    499     -764    -1254   -390    188     797     1362    1428    1645    788     512     196     -857    
715    1997 341     -327    1109    -797    132     1660    276     -859    -662    -306    -21     718     1519    1806    1652    953     126     -245    -658    
715    1998 331     -473    1079    -692    82      1498    379     -429    -1019   -656    7       891     1465    1674    1355    1059    458     -383    -551    
715    1999 416     -456    1195    -850    274     1650    541     -1039   -973    -298    477     651     1820    1765    1370    1083    570     -32     -483    
715    2000 542     -208    1177    -530    429     1553    602     -595    -509    -214    525     978     1452    1731    1473    879     759     161     -176    
