EUROPEAN CLIMATE ASSESSMENT & DATASET (ECA&D), file created on: 10-05-2011
THESE DATA CAN BE USED FREELY PROVIDED THAT THE FOLLOWING SOURCE IS ACKNOWLEDGED: 

Klein Tank, A.M.G. and Coauthors, 2002. Daily dataset of 20th-century surface
air temperature and precipitation series for the European Climate Assessment.
Int. J. of Climatol., 22, 1441-1453.
Data and metadata available at http://eca.knmi.nl

FILE FORMAT (MISSING VALUE CODE = -999999):

THIS FILE HOLDS DATA FOR STATION ITALY                                    BERGAMO ORIO AL SERIO                    (STAID:   1714)
LATITUDE: dd:mm:ss +45:40:00
LONGITUDE: ddd:mm:ss +009:42:00
ELEVATION: m  236

DATA IS FOR INDEX Mean of daily mean temperature (TG) with unit 0.01 Temperature (&#176;C)

01-06 SOUID: Source identifier
08-11 YEAR : YYYY
13-20 ANNUAL DATA VALUES
21-28 WINTER HALF YEAR DATA VALUES
29-36 SUMMER HALF YEAR DATA VALUES
37-44 WINTER (DJF) DATA VALUES
45-52 SPRING (MAM) DATA VALUES
53-60 SUMMER (JJA) DATA VALUES
61-68 AUTUMN (SON) DATA VALUES
69-76 JANUARY DATA VALUES
etc. 
157-164 DECEMBER DATA VALUES

1714   1952 -999999 -999999 -999999 -999999 1229    2277    1134    153     245     697     1339    1656    2146    2469    2212    1656    1209    570     263     
1714   1953 -999999 -999999 -999999 -999999 1292    2039    1348    -999999 321     828     1302    1744    1789    2202    2119    1837    1486    671     602     
1714   1954 -999999 -999999 -999999 226     1131    2006    1324    -27     103     848     1052    1491    1990    2044    1986    1919    1255    781     517     
1714   1955 -999999 -999999 -999999 424     1082    -999999 1268    347     409     591     1123    1533    1910    2172    1987    1795    1297    711     321     
1714   1956 -999999 -999999 -999999 70      1103    2063    -999999 210     -323    639     980     1670    1801    2170    2218    1870    1292    621     265     
1714   1957 -999999 -999999 -999999 -999999 -999999 -999999 -999999 -999999 -999999 -999999 -999999 -999999 -999999 -999999 -999999 -999999 -999999 -999999 -999999 
1714   1958 -999999 -999999 -999999 -999999 -999999 -999999 -999999 -999999 -999999 -999999 -999999 -999999 -999999 -999999 -999999 -999999 -999999 -999999 -999999 
1714   1959 -999999 -999999 -999999 -999999 1266    2154    1274    201     542     996     1191    1608    2029    2324    2105    1816    1253    755     472     
1714   1960 1209    -999999 1797    309     1241    2062    1240    185     279     800     1233    1675    2060    2026    2100    1684    1228    808     409     
1714   1961 1324    730     1904    413     1350    2107    1441    87      777     1076    1459    1518    2033    2133    2155    2121    1458    742     279     
1714   1962 -999999 615     -999999 331     1007    2122    1327    289     431     464     1116    1445    1885    2133    2393    1904    1407    670     112     
1714   1963 1172    -999999 1825    7       1164    2092    1389    -109    23      653     1232    1609    1924    2276    2070    1823    1335    1012    147     
1714   1964 -999999 595     -999999 188     1214    -999999 -999999 5       427     645     1254    1743    2157    2298    -999999 -999999 -999999 -999999 -999999 
1714   1965 -999999 -999999 -999999 -999999 1135    2046    -999999 250     267     734     1078    1547    1969    2157    2003    1664    1288    -999999 274     
1714   1966 1244    -999999 1859    289     1273    2081    1329    -48     676     828     1294    1696    2151    2079    2014    1911    1528    541     227     
1714   1967 1256    619     1848    216     1237    2164    1374    83      350     959     1079    1668    1927    2400    2158    1830    1487    802     266     
1714   1968 1227    688     1807    298     1272    2033    1349    141     502     925     1350    1543    1941    2198    1955    1844    1399    803     114     
1714   1969 1216    566     1837    145     1220    2073    1393    166     155     728     1139    1791    1867    2274    2070    1862    1499    813     146     
1714   1970 1195    607     1809    233     1019    2135    1370    237     326     599     1048    1410    2066    2190    2147    1984    1271    859     163     
1714   1971 1253    596     1876    303     1149    2183    1292    270     494     520     1288    1645    1847    2319    2371    1765    1325    786     361     
1714   1972 1185    730     1708    429     1218    2035    1085    294     646     967     1140    1544    1913    2150    2037    1443    1135    675     258     
1714   1973 -999999 -999999 1804    297     1102    2140    1239    269     370     728     890     1610    2036    2135    2246    1890    1191    639     185     
1714   1974 -999999 649     1775    411     1125    2103    -999999 415     657     809     1066    1498    1816    2212    2272    1765    839     -999999 -999999 
1714   1975 1228    -999999 1818    -999999 1152    2074    1268    432     461     725     1150    1580    1849    2223    2145    1944    1230    633     307     
1714   1976 1181    567     1770    322     1099    2097    1223    177     492     561     1109    1626    2141    2257    1893    1578    1326    760     237     
1714   1977 1177    664     1681    315     1131    1984    1247    207     521     922     1031    1436    1872    2083    1993    1654    1423    659     271     
1714   1978 -999999 -999999 -999999 255     1090    2016    1224    299     191     822     1021    1407    1875    2101    2068    1816    1276    575     215     
1714   1979 1222    551     1826    196     1151    2167    1266    -25     420     832     965     1651    2134    2222    2143    1824    1308    665     465     
1714   1980 1204    647     1816    373     1083    2127    1300    148     516     775     1016    1456    1897    2107    2370    2035    1324    542     235     
1714   1981 1210    581     1834    224     1224    2130    1252    130     315     937     1219    1515    2077    2095    2215    1873    1282    599     209     
1714   1982 1279    549     1930    221     1179    2230    1390    202     256     717     1162    1658    2170    2362    2155    2062    1260    852     427     
1714   1983 1262    661     1901    334     1178    2263    1307    396     163     825     1202    1506    2046    2543    2192    1897    1369    653     272     
1714   1984 1158    572     1710    251     985     2087    1275    225     256     642     1103    1215    1900    2259    2097    1669    1346    808     351     
1714   1985 1184    514     1871    82      1108    2162    1342    -237    138     653     1110    1560    1872    2364    2240    2061    1411    553     406     
1714   1986 1230    575     1852    256     1199    2115    1360    225     125     685     1044    1864    1972    2179    2189    1841    1433    802     317     
1714   1987 1231    571     1884    235     1033    2175    1430    48      351     463     1208    1433    1907    2387    2221    2134    1355    806     412     
1714   1988 -999999 726     -999999 463     1238    2211    1312    476     504     793     1218    1704    1901    2357    2334    1845    1511    490     335     
1714   1989 1255    -999999 1842    353     1279    2147    1217    165     580     1017    1089    1723    1949    2255    2231    1781    1215    657     311     
1714   1990 1302    701     1896    413     1315    2203    1314    246     707     1056    1093    1804    2021    2304    2277    1852    1411    653     149     
1714   1991 1252    617     1904    186     1164    2292    1313    229     178     1039    1074    1384    1971    2451    2445    2066    1213    664     233     
1714   1992 1275    599     1920    282     1275    2218    1291    185     437     856     1148    1816    1918    2265    2462    1885    1170    823     304     
1714   1993 1357    636     1964    355     1248    2290    1419    320     449     738     1208    1797    2143    2171    2552    1893    1562    797     561     
1714   1994 1404    -999999 1960    558     1353    2349    1359    622     484     1169    1161    1716    2072    2517    2455    1829    1294    957     528     
1714   1995 -999999 750     -999999 496     1192    2234    1385    369     600     743     1215    1620    1858    2571    2273    1755    1581    805     440     
1714   1996 -999999 -999999 -999999 435     1262    -999999 -999999 437     429     754     1312    1720    2216    2257    2208    1647    1397    -999999 467     
1714   1997 -999999 -999999 -999999 -999999 1425    -999999 -999999 482     692     1166    1241    1833    2050    2278    -999999 -999999 -999999 863     449     
1714   1998 -999999 -999999 2009    540     1317    2376    1300    403     791     920     1198    1813    2217    2423    2478    1881    1379    640     324     
1714   1999 -999999 -999999 -999999 418     1377    2303    1417    473     459     905     1321    1919    2124    2432    2351    2063    1459    727     304     
1714   2000 -999999 -999999 -999999 398     1411    2301    1439    293     623     962     1348    1999    2310    2216    2381    1974    1451    893     560     
1714   2001 -999999 -999999 -999999 524     1372    2346    1336    378     634     1005    1182    1942    2153    2379    2505    1664    1629    717     220     
1714   2002 -999999 763     -999999 364     1375    -999999 1457    263     636     1109    1272    1744    2382    2336    2225    1808    1476    1088    572     
1714   2003 1530    -999999 2251    425     1466    2693    1476    386     305     1038    1255    2096    2661    2572    2845    2052    1328    1053    677     
1714   2004 1350    775     1930    516     1155    2261    1496    455     410     711     1230    1539    2153    2237    2386    2017    1535    936     597     
1714   2005 -999999 -999999 2043    419     1350    2361    1388    318     330     879     1254    1914    2362    2482    2236    1998    1425    738     280     
1714   2006 -999999 -999999 -999999 -999999 -999999 -999999 1557    192     -999999 770     -999999 1813    2358    -999999 2113    2095    1600    978     636     
1714   2007 -999999 -999999 -999999 674     1629    2410    -999999 639     755     1117    1759    2000    2281    2584    2366    1911    1471    820     519     
1714   2008 -999999 -999999 -999999 645     1444    2398    -999999 692     731     1074    1371    1914    2226    2466    2485    1947    1632    1039    544     
1714   2009 -999999 -999999 -999999 -999999 1545    -999999 -999999 355     540     997     1515    2124    -999999 -999999 -999999 -999999 -999999 -999999 -999999 
1714   2010 -999999 -999999 -999999 -999999 -999999 2287    1299    -999999 431     774     1264    -999999 2164    2507    2190    1803    1235    862     120     
1714   2011 -999999 -999999 -999999 302     -999999 -999999 -999999 211     588     906     1571    -999999 -999999 -999999 -999999 -999999 -999999 -999999 -999999 
