EUROPEAN CLIMATE ASSESSMENT & DATASET (ECA&D), file created on: 10-05-2011
THESE DATA CAN BE USED FREELY PROVIDED THAT THE FOLLOWING SOURCE IS ACKNOWLEDGED: 

Klein Tank, A.M.G. and Coauthors, 2002. Daily dataset of 20th-century surface
air temperature and precipitation series for the European Climate Assessment.
Int. J. of Climatol., 22, 1441-1453.
Data and metadata available at http://eca.knmi.nl

FILE FORMAT (MISSING VALUE CODE = -999999):

THIS FILE HOLDS DATA FOR STATION SPAIN                                    TARIFA                                   (STAID:   1406)
LATITUDE: dd:mm:ss +36:00:55
LONGITUDE: ddd:mm:ss -005:35:51
ELEVATION: m   32

DATA IS FOR INDEX Mean of daily mean temperature (TG) with unit 0.01 Temperature (&#176;C)

01-06 SOUID: Source identifier
08-11 YEAR : YYYY
13-20 ANNUAL DATA VALUES
21-28 WINTER HALF YEAR DATA VALUES
29-36 SUMMER HALF YEAR DATA VALUES
37-44 WINTER (DJF) DATA VALUES
45-52 SPRING (MAM) DATA VALUES
53-60 SUMMER (JJA) DATA VALUES
61-68 AUTUMN (SON) DATA VALUES
69-76 JANUARY DATA VALUES
etc. 
157-164 DECEMBER DATA VALUES

1406   1958 -999999 -999999 -999999 -999999 -999999 -999999 -999999 -999999 -999999 -999999 -999999 -999999 -999999 2109    2288    2222    1902    -999999 -999999 
1406   1959 -999999 -999999 2050    -999999 -999999 2255    -999999 1410    1342    -999999 1587    1739    2071    2345    2343    2206    1986    -999999 1318    
1406   1960 -999999 -999999 2035    -999999 1641    2207    1876    1235    -999999 1480    1614    1828    2108    2267    2242    2145    1842    1642    1209    
1406   1961 1820    1460    2114    1263    1695    2266    1933    1201    1390    1476    1692    1910    2045    2345    2401    2280    1937    1583    1540    
1406   1962 1794    1557    2056    1459    1601    2211    1954    1455    1373    1432    1564    1800    1984    2249    2394    2334    2071    1455    1373    
1406   1963 1811    1501    2051    1344    1615    2245    1995    1394    1255    1433    1615    1791    2057    2345    2326    2165    2076    1741    1478    
1406   1964 1843    1607    2155    1439    1650    2343    2005    1420    1416    1501    1527    1917    2157    2408    2458    2450    1962    1603    1287    
1406   1965 1783    1478    2070    1280    1692    2233    1893    1258    1299    1447    1667    1955    2154    2211    2333    2089    1970    1617    1341    
1406   1966 -999999 -999999 2088    1434    1703    2207    -999999 1460    1506    1521    1669    1911    2034    2211    2371    2325    -999999 1463    1351    
1406   1967 1781    -999999 2035    1358    1639    2225    1911    1335    1390    1523    1561    1827    1987    2305    2375    2145    1989    1597    1293    
1406   1968 1786    1482    2027    1303    1573    2210    2009    1265    1354    1390    1563    1766    2028    2308    2288    2202    2129    1692    1433    
1406   1969 1786    1609    2022    1431    1622    2237    1910    1507    1346    1523    1575    1765    1982    2341    2379    2074    1987    1665    1247    
1406   1970 1809    1532    2050    1367    1585    2236    1980    1444    1414    1425    1576    1749    2007    2343    2352    2265    1958    1718    1412    
1406   1971 1754    1533    1973    1385    1499    2140    1985    1331    1415    1354    1522    1616    1855    2293    2262    2280    2172    1499    1408    
1406   1972 1656    1494    1846    1311    1489    1985    1842    1211    1315    1351    1510    1608    1785    2021    2142    2000    1873    1651    1397    
1406   1973 1702    1480    1931    1327    1526    2101    1861    1317    1261    1359    1496    1717    1943    2132    2223    2066    1820    1699    1354    
1406   1974 1714    1495    1942    1370    1479    2167    1775    1426    1327    1331    1398    1700    1991    2249    2255    2046    1683    1598    1521    
1406   1975 1708    1495    1913    1454    1470    2115    1831    1401    1437    1321    1476    1609    1859    2167    2311    2044    1896    1552    1390    
1406   1976 1711    1490    1950    1370    1488    2172    1786    1331    1390    1375    1400    1686    2032    2195    2283    2093    1768    1499    1471    
1406   1977 1697    1488    1852    1398    1565    1945    1840    1353    1366    1461    1569    1661    1810    1984    2036    2050    1892    1577    1572    
1406   1978 1712    1540    1862    1446    1485    1998    1910    1306    1461    1422    1447    1582    1733    2054    2199    2150    1898    1684    1586    
1406   1979 1745    1593    1947    1521    1534    2105    1865    1509    1462    1402    1496    1699    1916    2149    2243    2168    1837    1590    1439    
1406   1980 1727    1511    1960    1391    1585    2079    1899    1321    1416    1460    1563    1731    1964    2074    2197    2228    1830    1642    1296    
1406   1981 1754    1480    1935    1292    1574    2103    1948    1278    1301    1524    1529    1665    2001    2125    2180    2104    1976    1763    1564    
1406   1982 1746    1614    1979    1476    1624    2106    1859    1436    1424    1503    1598    1767    2042    2073    2202    2189    1784    1605    1303    
1406   1983 1772    1479    1930    1320    1568    2055    2045    1402    1248    1514    1534    1654    1995    2051    2118    2225    2055    1854    1567    
1406   1984 -999999 1581    -999999 1406    1518    2093    -999999 1338    1307    1355    1616    1586    1857    2195    2221    -999999 -999999 -999999 -999999 
1406   1985 -999999 -999999 -999999 -999999 -999999 -999999 -999999 -999999 -999999 -999999 -999999 -999999 -999999 -999999 -999999 -999999 -999999 -999999 -999999 
1406   1986 -999999 -999999 -999999 -999999 -999999 -999999 -999999 -999999 1321    1433    1396    -999999 1956    2177    -999999 2202    1999    1673    -999999 
1406   1987 1743    -999999 1964    -999999 1583    2090    1884    1317    1309    1448    1567    1731    1940    2172    2152    2220    1833    1600    1592    
1406   1988 1707    1492    1941    1378    1534    2108    1862    1284    1251    1383    1529    1690    1953    2141    2225    2099    1806    1684    1429    
1406   1989 1774    1514    1987    1380    1560    2192    1899    1349    1360    1447    1440    1787    2014    2276    2280    2110    1935    1651    1599    
1406   1990 1732    -999999 1970    1453    1601    2099    1873    1334    1423    1491    1522    1781    1929    2111    2251    2218    1860    1541    1293    
1406   1991 1674    1426    1922    1252    1478    2106    1802    1270    1187    1389    1423    1622    1932    2149    2232    2165    1745    1486    1441    
1406   1992 1681    -999999 1907    1353    1583    2025    1758    1292    1321    1409    1534    1804    1786    2114    2166    2027    1703    1545    1431    
1406   1993 1656    1445    1869    1335    1495    2070    1734    1281    1290    1404    1421    1654    1905    2100    2199    1920    1737    1545    1381    
1406   1994 1697    1447    1897    1300    1557    2094    1815    1251    1264    1491    1474    1704    1920    2215    2142    1914    1839    1690    1429    
1406   1995 1736    1517    1915    1377    1564    2093    1864    1310    1393    1433    1512    1744    1935    2111    2227    1950    1913    1728    1547    
1406   1996 1713    1555    1934    1415    1601    2098    1775    1458    1227    1434    1605    1753    2030    2143    2119    1948    1817    1559    1427    
1406   1997 1750    1517    -999999 1401    1630    2030    1944    1340    1439    1512    1646    1735    1899    2028    2149    2137    2003    1690    1413    
1406   1998 -999999 -999999 1891    1402    1557    2057    1783    1359    -999999 1534    1474    1661    1904    2084    2179    2034    1741    1575    1335    
1406   1999 -999999 -999999 -999999 1264    -999999 2063    1801    1236    1216    -999999 1577    -999999 1965    2109    2111    2006    1885    1510    1384    
1406   2000 -999999 -999999 -999999 -999999 -999999 2219    1767    -999999 -999999 -999999 -999999 1781    2113    2237    2286    2152    1736    1413    1370    
