EUROPEAN CLIMATE ASSESSMENT & DATASET (ECA&D), file created on: 10-05-2011
THESE DATA CAN BE USED FREELY PROVIDED THAT THE FOLLOWING SOURCE IS ACKNOWLEDGED: 

Klein Tank, A.M.G. and Coauthors, 2002. Daily dataset of 20th-century surface
air temperature and precipitation series for the European Climate Assessment.
Int. J. of Climatol., 22, 1441-1453.
Data and metadata available at http://eca.knmi.nl

FILE FORMAT (MISSING VALUE CODE = -999999):

THIS FILE HOLDS DATA FOR STATION HUNGARY                                  DEBRECEN AIRPORT                         (STAID:    852)
LATITUDE: dd:mm:ss +47:28:48
LONGITUDE: ddd:mm:ss +021:37:48
ELEVATION: m  110

DATA IS FOR INDEX Mean of daily mean temperature (TG) with unit 0.01 Temperature (&#176;C)

01-06 SOUID: Source identifier
08-11 YEAR : YYYY
13-20 ANNUAL DATA VALUES
21-28 WINTER HALF YEAR DATA VALUES
29-36 SUMMER HALF YEAR DATA VALUES
37-44 WINTER (DJF) DATA VALUES
45-52 SPRING (MAM) DATA VALUES
53-60 SUMMER (JJA) DATA VALUES
61-68 AUTUMN (SON) DATA VALUES
69-76 JANUARY DATA VALUES
etc. 
157-164 DECEMBER DATA VALUES

852    1958 1077    -999999 1752    -999999 981     2022    1149    -218    291     178     801     1959    1820    2149    2091    1658    1137    652     347     
852    1959 1071    455     1712    42      1152    2051    984     -64     -179    778     1083    1592    1875    2243    2029    1426    964     563     446     
852    1960 1071    402     1649    65      1081    1953    1163    -237    -21     677     1079    1486    1933    1965    1961    1454    1271    761     483     
852    1961 1083    521     1747    114     1168    1976    1250    -243    100     718     1375    1419    1979    1960    1987    1756    1298    695     -99     
852    1962 984     325     1694    -85     982     1934    1147    -30     -131    185     1253    1515    1725    1880    2191    1583    1123    735     -292    
852    1963 986     122     1853    -478    1078    2121    1248    -765    -367    270     1213    1756    1961    2239    2157    1774    1034    942     -452    
852    1964 928     73      1740    -598    938     2080    1121    -1001   -323    244     1129    1448    2248    2098    1900    1613    1127    622     19      
852    1965 938     315     1620    -143    963     1875    986     -25     -452    535     949     1405    1852    1990    1782    1732    949     279     161     
852    1966 1083    324     1707    53      1124    1941    1220    -465    508     528     1292    1557    1847    2017    1956    1558    1532    559     75      
852    1967 1059    408     1774    -123    1121    2036    1234    -418    -16     682     1077    1602    1852    2227    2025    1847    1296    556     -93     
852    1968 1041    366     1746    -66     1152    1961    1135    -389    306     524     1250    1685    2031    1975    1880    1642    1065    700     -180    
852    1969 982     257     1693    -205    1030    1927    1166    -446    34      359     947     1781    1823    2023    1931    1631    1066    805     -222    
852    1970 1008    325     1674    -131    977     2007    1053    -94     -72     442     1055    1437    1912    2084    2022    1515    930     718     77      
852    1971 1030    362     1734    58      1090    2015    901     -108    220     330     1133    1809    1835    2020    2183    1397    889     415     177     
852    1972 1083    429     1740    153     1216    2071    902     -123    423     792     1263    1596    1986    2264    1959    1355    873     478     107     
852    1973 1003    353     1721    77      1043    1974    987     -94     234     514     1000    1615    1862    2030    2027    1778    988     195     -155    
852    1974 1071    391     1663    97      1086    1939    1025    -67     559     837     991     1425    1708    1917    2185    1736    824     522     184     
852    1975 1101    433     1793    118     1234    2025    1086    154     6       874     1048    1775    1963    2088    2023    1843    1114    299     -55     
852    1976 979     216     1652    -123    964     1892    1143    -162    -153    233     1141    1525    1791    2111    1771    1557    1178    693     33      
852    1977 1021    514     1624    121     1119    1930    1013    -81     443     816     910     1626    1904    2000    1885    1400    1142    491     -325    
852    1978 939     314     1546    -143    1007    1820    908     -91     0       643     997     1381    1779    1862    1817    1424    1105    190     86      
852    1979 1058    332     1710    -30     1131    1963    1063    -315    156     747     944     1695    2189    1826    1883    1715    936     542     329     
852    1980 910     325     1557    1       894     1868    1012    -412    91      455     899     1327    1801    1890    1910    1499    1172    361     -94     
852    1981 1018    312     1705    -168    1106    1995    1089    -404    11      801     930     1582    2039    2012    1936    1718    1210    336     -19     
852    1982 1023    205     1750    -300    1008    2025    1212    -605    -272    541     808     1670    1939    2056    2077    1932    1200    503     337     
852    1983 1078    498     1810    188     1243    2050    933     202     8       690     1266    1774    1883    2195    2066    1655    1009    132     -22     
852    1984 1013    287     1656    25      1057    1857    1151    -15     116     485     1124    1566    1739    1854    1974    1665    1241    546     -164    
852    1985 912     121     1673    -535    1081    1917    989     -669    -797    496     1061    1687    1617    2034    2092    1522    1014    432     320     
852    1986 1038    345     1810    31      1199    2034    1059    -36     -215    505     1302    1794    1938    1995    2164    1647    1029    502     -251    
852    1987 974     131     1723    -275    858     1999    1178    -594    53      49      1090    1442    1960    2262    1775    1797    1173    563     75      
852    1988 1024    467     1726    200     1033    2032    839     250     279     454     1015    1629    1800    2230    2059    1599    1009    -98     21      
852    1989 1084    310     1740    38      1238    1953    1066    -199    320     796     1350    1572    1757    2078    2017    1654    1117    424     73      
852    1990 1102    488     1688    151     1209    1978    1048    -61     474     898     1101    1625    1838    2011    2080    1449    1089    604     72      
852    1991 1003    395     1696    -47     1024    2059    1117    -5      -223    780     979     1311    1916    2260    1995    1698    1040    617     -409    
852    1992 1094    286     1864    -177    1117    2255    1058    -207    103     572     1192    1588    2047    2187    2525    1621    1019    534     -88     
852    1993 1021    237     1744    -174    1095    1993    1016    -142    -305    363     1041    1879    1943    1967    2069    1545    1264    231     295     
852    1994 1172    510     1877    253     1186    2151    1158    258     199     771     1186    1599    1940    2314    2193    2012    974     495     58      
852    1995 1075    404     1748    103     1056    2115    1027    -214    505     621     1001    1544    1879    2315    2144    1581    1249    242     -10     
852    1996 1030    203     1784    -156    1090    2060    1146    -168    -299    173     1236    1866    2064    1996    2121    1402    1195    838     -107    
852    1997 1051    394     1716    -68     1008    2049    1070    -209    133     503     794     1720    1987    2024    2135    1613    889     713     254     
852    1998 1053    496     1768    316     1102    2045    999     289     416     415     1310    1587    2006    2071    2057    1560    1134    298     -538    
852    1999 1082    220     1836    -272    1145    2112    1119    -106    -163    658     1226    1552    2044    2266    2023    1897    1086    375     45      
852    2000 1170    324     1840    -20     1234    2103    1283    -362    278     522     1408    1778    2032    2023    2250    1530    1375    939     254     
852    2001 -999999 -999999 -999999 208     1230    -999999 1012    92      278     802     1118    1737    1779    2148    2270    1500    1334    235     -528    
852    2002 -999999 -999999 -999999 -999999 1261    2170    1104    -106    -999999 759     1147    1875    2035    2341    2133    1566    1041    698     -146    
852    2003 1024    -999999 -999999 -337    1099    2206    1072    -328    -559    380     998     1944    2139    2191    2286    1624    864     735     18      
852    2004 -999999 -999999 -999999 -999999 1096    2026    1096    -292    -999999 595     1205    1491    1903    2112    2061    1545    1245    552     131     
852    2005 -999999 319     -999999 -78     1060    1993    1100    -39     -354    324     1167    1670    1838    2108    2023    1731    1146    421     30      
852    2006 -999999 267     -999999 -115    1060    2063    1245    -285    -88     347     1246    1591    1945    2310    1938    1796    1268    670     244     
852    2007 1221    657     1905    352     1347    2266    1003    395     427     909     1280    1849    2202    2325    2267    1506    1089    410     -27     
852    2008 -999999 452     -999999 170     1206    2102    1193    170     381     702     1217    1699    2064    2086    2152    1601    1255    720     304     
852    2009 -999999 -999999 -999999 74      1267    2159    1266    -141    66      596     1480    1709    1924    2270    2255    1897    1138    766     201     
852    2010 1090    455     1801    63      1160    2126    1087    -145    140     610     1203    1667    1985    2244    2145    1538    856     876     -97     
852    2011 -999999 349     -999999 -95     -999999 -999999 -999999 -48     -143    619     1254    -999999 -999999 -999999 -999999 -999999 -999999 -999999 -999999 
