EUROPEAN CLIMATE ASSESSMENT & DATASET (ECA&D), file created on: 10-05-2011
THESE DATA CAN BE USED FREELY PROVIDED THAT THE FOLLOWING SOURCE IS ACKNOWLEDGED: 

Klein Tank, A.M.G. and Coauthors, 2002. Daily dataset of 20th-century surface
air temperature and precipitation series for the European Climate Assessment.
Int. J. of Climatol., 22, 1441-1453.
Data and metadata available at http://eca.knmi.nl

FILE FORMAT (MISSING VALUE CODE = -999999):

THIS FILE HOLDS DATA FOR STATION ISRAEL                                   TEL AVIV SEDE DOV-1                      (STAID:    126)
LATITUDE: dd:mm:ss +32:06:00
LONGITUDE: ddd:mm:ss +034:46:00
ELEVATION: m    4

DATA IS FOR INDEX Mean of daily mean temperature (TG) with unit 0.01 Temperature (&#176;C)

01-06 SOUID: Source identifier
08-11 YEAR : YYYY
13-20 ANNUAL DATA VALUES
21-28 WINTER HALF YEAR DATA VALUES
29-36 SUMMER HALF YEAR DATA VALUES
37-44 WINTER (DJF) DATA VALUES
45-52 SPRING (MAM) DATA VALUES
53-60 SUMMER (JJA) DATA VALUES
61-68 AUTUMN (SON) DATA VALUES
69-76 JANUARY DATA VALUES
etc. 
157-164 DECEMBER DATA VALUES

126    1963 -999999 -999999 -999999 -999999 -999999 -999999 2185    -999999 -999999 -999999 -999999 -999999 -999999 2536    2653    2495    2281    1777    1330    
126    1964 1920    1597    2245    1287    1762    2464    2104    1186    1348    1650    1749    1887    2317    2504    2565    2441    2096    1775    1505    
126    1965 1949    1620    2296    1403    1793    2522    2084    1323    1380    1623    1779    1978    2405    2544    2615    2446    2051    1755    1453    
126    1966 1984    1567    2284    1380    1737    2485    2269    1345    1337    1448    1815    1952    2302    2542    2605    2480    2214    2115    1615    
126    1967 1902    1624    2244    1364    1661    2443    2158    1232    1233    1316    1690    1978    2261    2495    2566    2466    2195    1812    1536    
126    1968 1994    1608    2365    1378    1829    2571    2183    1309    1283    1498    1825    2163    2451    2641    2618    2478    2183    1888    1570    
126    1969 2010    1686    2324    1443    1841    2521    2224    1310    1449    1703    1672    2142    2462    2519    2580    2557    2267    1846    1568    
126    1970 1997    1719    2338    1465    1920    2511    2145    1414    1409    1782    1896    2081    2337    2561    2630    2513    2034    1893    1380    
126    1971 1956    1632    2284    1422    1778    2473    2141    1523    1356    1587    1643    2100    2339    2488    2589    2536    2140    1749    1374    
126    1972 1951    1558    2333    1312    1836    2492    2199    1263    1299    1511    1966    2036    2349    2529    2595    2515    2271    1807    1250    
126    1973 1977    1605    2301    1329    1783    2493    2198    1246    1508    1548    1772    2030    2305    2555    2612    2520    2300    1771    1530    
126    1974 1989    1652    2308    1396    1838    2489    2257    1234    1428    1632    1855    2028    2320    2546    2596    2495    2370    1903    1421    
126    1975 2009    1679    2352    1378    1898    2510    2212    1333    1381    1645    2019    2033    2367    2547    2612    2529    2192    1916    1494    
126    1976 1996    1638    2307    1396    1836    2467    2254    1411    1277    1521    1908    2082    2317    2530    2550    2447    2338    1973    1575    
126    1977 1999    1707    2355    1466    1812    2558    2197    1297    1534    1518    1824    2095    2383    2609    2675    2535    2172    1885    1437    
126    1978 2003    1658    2332    1423    1864    2512    2171    1335    1504    1607    1840    2145    2354    2638    2540    2466    2309    1734    1531    
126    1979 2058    1700    2364    1500    1897    2537    2309    1409    1566    1639    2027    2030    2438    2581    2588    2518    2328    2080    1465    
126    1980 2000    1676    2345    1371    1864    2515    2222    1301    1344    1531    1946    2117    2322    2574    2642    2462    2236    1967    1538    
126    1981 2005    1677    2334    1412    1818    2529    2222    1277    1423    1607    1844    2005    2352    2599    2630    2568    2330    1765    1615    
126    1982 1956    1633    2331    1432    1791    2496    2174    1412    1253    1393    1929    2055    2297    2558    2626    2515    2308    1693    1383    
126    1983 1936    1518    2296    1234    1706    2513    2226    1103    1215    1383    1707    2027    2341    2576    2617    2494    2202    1983    1538    
126    1984 1978    1697    2285    1458    1832    2453    2210    1403    1432    1616    1774    2105    2322    2501    2531    2469    2260    1899    1408    
126    1985 2026    1666    2357    1437    1831    2543    2236    1549    1345    1514    1806    2172    2383    2515    2724    2528    2181    2000    1544    
126    1986 2010    1717    2369    1484    1866    2541    2199    1437    1469    1655    1984    1964    2428    2551    2641    2646    2270    1680    1372    
126    1987 1982    1605    2309    1430    1691    2529    2204    1387    1541    1376    1701    1996    2299    2576    2704    2568    2192    1852    1566    
126    1988 2022    1652    2415    1451    1859    2618    2187    1397    1387    1510    1841    2226    2458    2687    2703    2562    2254    1743    1469    
126    1989 1985    1560    2384    1272    1881    2539    2236    1095    1250    1523    1941    2180    2368    2587    2656    2561    2192    1957    1468    
126    1990 2018    1623    2320    1353    1765    2531    2334    1282    1303    1514    1778    2002    2353    2591    2645    2540    2375    2085    1706    
126    1991 2037    1786    2367    1510    1929    2527    2287    1353    1466    1710    1958    2121    2342    2574    2660    2540    2397    1920    1362    
126    1992 1951    1574    2328    1227    1748    2525    2312    1169    1146    1436    1768    2039    2364    2550    2657    2579    2341    2015    1329    
126    1993 2055    1612    2409    1258    1837    2622    2358    1231    1210    1518    1873    2122    2489    2652    2721    2591    2561    1916    1710    
126    1994 2098    1814    2470    1611    1923    2617    2357    1598    1516    1555    2049    2168    2457    2669    2721    2750    2539    1775    1342    
126    1995 2007    1676    2372    1363    1815    2596    2226    1364    1385    1625    1775    2044    2430    2598    2755    2628    2273    1774    1409    
126    1996 2087    1660    2432    1440    1872    2631    2324    1387    1530    1581    1796    2238    2442    2707    2739    2656    2309    2008    1636    
126    1997 2019    1685    2364    1448    1765    2596    2272    1456    1231    1436    1764    2095    2460    2678    2646    2530    2288    1999    1594    
126    1998 2131    1722    2494    1492    1923    2666    2415    1421    1459    1554    2032    2188    2441    2685    2865    2746    2445    2052    1645    
126    1999 2126    1796    2479    1528    1921    2691    2375    1451    1484    1679    1842    2238    2513    2729    2825    2714    2415    1996    1587    
126    2000 2089    1700    2505    1429    1893    2719    2313    1322    1375    1492    2027    2165    2528    2805    2819    2677    2324    1937    1573    
126    2001 2130    1761    2484    1493    2018    2661    2347    1454    1448    1809    2021    2225    2475    2675    2827    2671    2401    1969    1544    
126    2002 2138    1764    2479    1464    1953    2717    2399    1305    1551    1800    1922    2135    2529    2777    2833    2666    2425    2085    1596    
126    2003 2105    -999999 2477    1523    1933    2651    2306    1554    1407    1498    1920    2378    2480    2690    2776    2605    2338    1974    1585    
126    2004 2012    1704    2371    1423    1868    2579    2261    1316    1364    1633    1808    2162    2384    2667    2681    2515    2348    1918    1325    
126    2005 2023    1641    2404    1336    1851    2604    2208    1347    1336    1551    1937    2067    2411    2654    2741    2606    2227    1792    1565    
126    2006 2020    1663    2415    1446    1864    2624    2220    1323    1452    1601    1886    2105    2479    2662    2725    2623    2307    1728    1315    
126    2007 2067    1594    2466    1322    1909    2658    2311    1250    1411    1540    1865    2322    2501    2708    2759    2625    2401    1903    1480    
126    2008 2065    1674    2458    1294    1976    2672    2276    1105    1298    1841    2004    2084    2535    2699    2777    2640    2259    1930    1591    
126    2009 2099    1696    2461    1477    1863    2692    2334    1385    1453    1543    1883    2163    2530    2754    2787    2639    2475    1881    1646    
126    2010 2219    1850    2525    1626    1999    2744    2485    1567    1668    1846    1932    2216    2577    2728    2921    2767    2563    2123    1689    
126    2011 -999999 1835    -999999 1580    -999999 -999999 -999999 1505    1541    1561    1937    -999999 -999999 -999999 -999999 -999999 -999999 -999999 -999999 
