EUROPEAN CLIMATE ASSESSMENT & DATASET (ECA&D), file created on: 10-05-2011
THESE DATA CAN BE USED FREELY PROVIDED THAT THE FOLLOWING SOURCE IS ACKNOWLEDGED: 

Klein Tank, A.M.G. and Coauthors, 2002. Daily dataset of 20th-century surface
air temperature and precipitation series for the European Climate Assessment.
Int. J. of Climatol., 22, 1441-1453.
Data and metadata available at http://eca.knmi.nl

FILE FORMAT (MISSING VALUE CODE = -999999):

THIS FILE HOLDS DATA FOR STATION UNITED KINGDOM                           ST MAWGAN                                (STAID:   1816)
LATITUDE: dd:mm:ss +50:26:12
LONGITUDE: ddd:mm:ss -004:59:56
ELEVATION: m  103

DATA IS FOR INDEX Mean of daily mean temperature (TG) with unit 0.01 Temperature (&#176;C)

01-06 SOUID: Source identifier
08-11 YEAR : YYYY
13-20 ANNUAL DATA VALUES
21-28 WINTER HALF YEAR DATA VALUES
29-36 SUMMER HALF YEAR DATA VALUES
37-44 WINTER (DJF) DATA VALUES
45-52 SPRING (MAM) DATA VALUES
53-60 SUMMER (JJA) DATA VALUES
61-68 AUTUMN (SON) DATA VALUES
69-76 JANUARY DATA VALUES
etc. 
157-164 DECEMBER DATA VALUES

1816   1960 -999999 -999999 -999999 -999999 -999999 1505    -999999 580     506     799     -999999 1262    1506    1504    1506    1378    1101    851     538     
1816   1961 -999999 -999999 -999999 639     999     1487    -999999 576     822     810     1051    1141    1379    1530    1552    1496    1137    786     575     
1816   1962 -999999 -999999 -999999 -999999 733     1419    1063    628     -999999 356     823     1000    1321    1480    1450    1295    1168    724     555     
1816   1963 -999999 -999999 -999999 -999999 874     1445    1156    -95     234     701     858     1051    1412    1485    1435    1341    1181    951     414     
1816   1964 -999999 -999999 -999999 -999999 -999999 1482    1154    535     557     568     842     1196    1364    1540    1543    1497    1058    891     580     
1816   1965 -999999 -999999 -999999 -999999 868     1419    -999999 525     381     631     859     1116    1341    1417    1495    1246    1230    695     728     
1816   1966 -999999 -999999 -999999 -999999 940     1485    1123    555     792     775     942     1114    1434    1499    1521    1531    1141    684     805     
1816   1967 -999999 -999999 -999999 -999999 857     1504    1110    604     618     736     846     992     1399    1559    1548    1411    1157    741     676     
1816   1968 -999999 -999999 -999999 -999999 797     1467    1212    649     371     659     762     960     1368    1434    1591    1408    1332    828     609     
1816   1969 -999999 -999999 -999999 -999999 834     1483    1185    716     274     555     854     1074    1378    1555    1518    1423    1379    755     583     
1816   1970 -999999 -999999 -999999 -999999 797     1523    1205    648     -999999 501     722     1143    1532    1469    1567    1468    1155    996     586     
1816   1971 -999999 -999999 -999999 -999999 843     1509    -999999 669     618     567     804     1137    1283    1663    1583    1539    1289    791     743     
1816   1972 -999999 -999999 -999999 -999999 866     1364    1078    506     580     758     854     986     1089    1522    1473    1277    1147    797     774     
1816   1973 -999999 -999999 -999999 -999999 857     1520    -999999 607     -999999 677     748     1127    1387    1491    1681    1500    1100    893     675     
1816   1974 -999999 -999999 -999999 -999999 864     1434    992     747     646     629     893     1048    1354    1449    1497    1205    919     855     894     
1816   1975 -999999 -999999 -999999 -999999 -999999 1612    1126    781     677     586     830     1050    1476    1669    1688    1353    1146    860     612     
1816   1976 -999999 -999999 -999999 611     847     1696    1076    678     542     611     840     1097    1565    1689    1825    1333    1090    813     454     
1816   1977 -999999 -999999 -999999 562     -999999 1481    1147    502     734     789     780     1089    1246    1623    1563    1362    1285    791     783     
1816   1978 -999999 -999999 -999999 -999999 -999999 1429    -999999 582     496     714     690     1147    1343    1428    1514    1430    1313    1003    647     
1816   1979 -999999 -999999 -999999 -999999 766     1467    1164    300     -999999 582     805     914     1350    1577    1471    1373    1223    883     -999999 
1816   1980 -999999 -999999 -999999 -999999 862     1433    -999999 409     775     623     881     1083    1310    1412    1560    1457    1020    725     740     
1816   1981 -999999 -999999 -999999 628     -999999 1487    1134    661     469     865     873     1066    1309    1482    1664    1486    975     933     481     
1816   1982 -999999 -999999 -999999 -999999 905     -999999 -999999 640     -999999 681     908     1127    1450    1631    1552    1424    1110    909     615     
1816   1983 -999999 -999999 -999999 -999999 808     1692    -999999 759     348     696     710     1000    1402    1892    1787    1421    1132    918     767     
1816   1984 -999999 -999999 -999999 -999999 819     1586    1169    543     559     539     958     980     1371    1669    1711    1432    1185    870     726     
1816   1985 -999999 -999999 -999999 509     855     -999999 1097    263     548     591     890     1082    1287    1557    1437    1479    1185    605     780     
1816   1986 -999999 -999999 -999999 -999999 766     1409    -999999 608     50      645     595     1047    1372    1502    1349    1194    1207    886     798     
1816   1987 -999999 -999999 -999999 -999999 880     1479    1134    214     533     586     1014    1029    1265    1578    1593    1450    1066    857     749     
1816   1988 -999999 -999999 -999999 -999999 916     1454    1124    747     571     750     904     1113    1462    1418    1485    1375    1170    825     905     
1816   1989 -999999 -999999 -999999 -999999 986     1652    -999999 765     -999999 797     719     1413    1431    1822    1687    1483    1298    859     705     
1816   1990 -999999 -999999 -999999 -999999 1010    -999999 1194    805     -999999 868     804     1348    1330    1695    1688    1458    1277    838     589     
1816   1991 -999999 -999999 -999999 484     920     1479    1179    519     335     815     838     1085    1255    1550    1639    1577    1107    841     706     
1816   1992 -999999 -999999 -999999 605     980     1530    1057    485     630     764     867     1294    1468    1612    1507    1336    923     935     568     
1816   1993 -999999 -999999 -999999 -999999 928     1459    983     769     631     709     964     1110    1409    1476    1490    1321    905     719     755     
1816   1994 -999999 -999999 -999999 -999999 913     1520    -999999 714     596     821     817     1097    1334    1624    1590    1333    1188    1120    862     
1816   1995 -999999 -999999 -999999 -999999 901     1730    -999999 678     784     653     871     1161    1466    1771    1954    1418    1388    912     550     
1816   1996 -999999 -999999 -999999 -999999 824     1523    1161    672     473     619     885     962     1404    1584    1567    1415    1252    781     472     
1816   1997 -999999 -999999 -999999 -999999 1025    -999999 -999999 390     782     871     969     1229    1355    1602    1771    1509    1247    1039    728     
1816   1998 -999999 -999999 -999999 -999999 1010    1493    -999999 669     794     875     816     1334    1379    1495    1595    1527    1219    874     757     
1816   1999 -999999 -999999 -999999 -999999 -999999 1570    -999999 757     709     778     977     1299    1343    1701    1662    1523    1190    903     714     
1816   2000 -999999 -999999 -999999 -999999 929     1551    1150    620     759     772     828     1205    1414    1584    1644    1498    1125    842     738     
1816   2001 -999999 -999999 -999999 -999999 934     1557    1268    578     669     736     846     1231    1388    1611    1657    1469    1387    939     592     
1816   2002 -999999 -999999 -999999 -999999 968     1468    1259    811     803     858     923     1123    1312    1499    1592    1499    1220    1029    773     
1816   2003 -999999 -999999 -999999 -999999 1034    1639    -999999 588     593     896     1051    1148    1491    1652    1780    1492    1085    988     748     
1816   2004 -999999 -999999 -999999 -999999 970     1577    1221    730     643     710     954     1237    1497    1531    1696    1544    1139    982     788     
1816   2005 1130    -999999 1414    702     957     1626    1265    778     526     821     948     1103    1540    1697    1636    1550    1362    882     672     
1816   2006 1147    774     1469    577     910     1690    1344    566     483     655     919     1156    1558    1863    1645    1663    1383    985     838     
1816   2007 1162    946     1414    826     1076    1533    1231    839     799     821     1182    1229    1509    1502    1587    1474    1263    956     770     
1816   2008 -999999 887     1355    783     994     1496    1136    819     758     748     848     1380    1389    1542    1555    1402    1121    885     -999999 
