EUROPEAN CLIMATE ASSESSMENT & DATASET (ECA&D), file created on: 10-05-2011
THESE DATA CAN BE USED FREELY PROVIDED THAT THE FOLLOWING SOURCE IS ACKNOWLEDGED: 

Klein Tank, A.M.G. and Coauthors, 2002. Daily dataset of 20th-century surface
air temperature and precipitation series for the European Climate Assessment.
Int. J. of Climatol., 22, 1441-1453.
Data and metadata available at http://eca.knmi.nl

FILE FORMAT (MISSING VALUE CODE = -999999):

THIS FILE HOLDS DATA FOR STATION ESTONIA                                  TALLINN                                  (STAID:    681)
LATITUDE: dd:mm:ss +59:22:59
LONGITUDE: ddd:mm:ss +024:34:59
ELEVATION: m   34

DATA IS FOR INDEX Mean of daily mean temperature (TG) with unit 0.01 Temperature (&#176;C)

01-06 SOUID: Source identifier
08-11 YEAR : YYYY
13-20 ANNUAL DATA VALUES
21-28 WINTER HALF YEAR DATA VALUES
29-36 SUMMER HALF YEAR DATA VALUES
37-44 WINTER (DJF) DATA VALUES
45-52 SPRING (MAM) DATA VALUES
53-60 SUMMER (JJA) DATA VALUES
61-68 AUTUMN (SON) DATA VALUES
69-76 JANUARY DATA VALUES
etc. 
157-164 DECEMBER DATA VALUES

681    1936 623     -999999 1304    -999999 432     1793    576     -286    -863    -8      337     963     1818    1937    1624    1123    332     281     157     
681    1937 608     -106    1389    -349    529     1749    747     -697    -524    -213    568     1232    1724    1779    1742    1272    739     229     -618    
681    1938 683     8       1299    -364    448     1722    882     -348    -99     140     284     914     1378    1912    1865    1415    727     508     -550    
681    1939 575     5       1236    -355    328     1744    490     -517    41      -158    296     845     1456    1803    1963    1025    246     206     -338    
681    1940 349     -537    1161    -972    130     1575    628     -1175   -1431   -762    124     1027    1430    1788    1501    1068    570     248     -264    
681    1941 -999999 -308    -999999 -741    49      -999999 -999999 -1084   -889    -468    -51     663     -999999 -999999 -999999 -999999 273     -306    -779    
681    1942 268     -773    1079    -1210   -45     1473    637     -1563   -1297   -1002   144     728     1216    1577    1618    1166    761     -20     -215    
681    1943 644     -34     1207    -352    509     1539    747     -794    -15     84      506     936     1509    1599    1507    1172    852     215     114     
681    1944 -999999 87      -999999 -119    256     1616    -999999 -131    -353    -197    174     790     1281    1823    1734    -999999 649     117     -121    
681    1945 465     -82     1148    -324    274     1589    486     -523    -328    -301    371     756     1313    1816    1628    979     446     33      -664    
681    1946 -999999 -999999 -999999 -999999 -999999 -999999 511     -401    -999999 -999999 -999999 -999999 -999999 -999999 1575    1207    357     -25     -288    
681    1947 420     -438    1229    -778    196     1638    586     -801    -1295   -645    295     940     1550    1741    1620    1209    580     -31     -248    
681    1948 577     -191    1215    -513    445     1527    709     -551    -755    -169    459     1047    1437    1626    1515    1190    689     250     135     
681    1949 696     132     1239    2       482     1471    832     -58     -78     -163    457     1151    1290    1626    1492    1399    834     264     80      
681    1950 547     -32     1216    -408    483     1500    662     -970    -327    -91     562     979     1373    1532    1591    1241    636     111     -123    
681    1951 539     -171    1199    -423    193     1589    687     -617    -538    -519    448     658     1369    1572    1818    1314    715     31      141     
681    1952 449     -55     1073    -102    101     1464    424     -103    -361    -767    417     665     1306    1588    1493    951     386     -64     -148    
681    1953 603     -155    1240    -402    447     1628    737     -339    -754    -64     550     857     1626    1711    1547    1134    819     254     -203    
681    1954 527     -115    1179    -585    397     1544    647     -524    -1075   -44     190     1037    1397    1658    1571    1196    699     46      35      
681    1955 470     -79     1126    -271    60      1574    750     -304    -573    -421    -72     668     1145    1742    1822    1420    741     90      -692    
681    1956 395     -317    1055    -811    162     1500    505     -545    -1221   -322    20      784     1589    1543    1370    1005    612     -104    -63     
681    1957 567     -59     1094    -114    153     1512    686     -123    -160    -525    143     842     1209    1733    1583    1026    723     308     -13     
681    1958 447     -135    1062    -419    129     1407    786     -553    -722    -598    157     828     1265    1493    1458    1151    803     404     -395    
681    1959 614     90      1238    -259    512     1650    567     -265    -101    87      516     933     1468    1759    1717    1014    577     111     -496    
681    1960 501     -285    1204    -656    283     1602    540     -695    -785    -443    272     1021    1477    1789    1535    1107    461     55      165     
681    1961 677     122     1179    23      479     1549    771     -160    68      135     360     938     1621    1577    1450    1112    902     296     -212    
681    1962 497     -15     1046    -228    211     1322    694     -128    -358    -611    479     773     1133    1467    1361    1049    826     202     -281    
681    1963 472     -298    1274    -688    265     1568    726     -851    -958    -774    335     1235    1369    1689    1638    1352    747     79      -296    
681    1964 540     -138    1150    -381    234     1501    731     -126    -743    -523    301     927     1421    1613    1466    1154    840     197     -104    
681    1965 466     -53     1119    -356    264     1447    553     -318    -677    -306    398     705     1479    1409    1454    1264    675     -284    -281    
681    1966 387     -377    1126    -850    271     1594    588     -1156   -1141   -146    12      940     1614    1712    1456    998     630     136     -515    
681    1967 534     -176    1192    -657    473     1517    840     -1017   -417    115     369     931     1332    1645    1567    1289    912     315     -690    
681    1968 477     -181    1195    -755    382     1599    504     -1078   -477    -70     440     779     1603    1534    1661    1140    349     28      -206    
681    1969 376     -395    1154    -691    140     1572    599     -1005   -882    -688    324     791     1481    1680    1551    1078    620     100     -607    
681    1970 427     -342    1169    -887    336     1592    526     -944    -1134   -148    244     908     1583    1630    1563    1063    484     32      -270    
681    1971 542     -114    1162    -269    314     1530    520     -123    -431    -403    296     1049    1323    1648    1613    1018    585     -44     -108    
681    1972 580     -170    1258    -455    323     1752    580     -902    -347    -211    268     910     1623    1949    1680    1092    510     140     217     
681    1973 564     57      1226    -97     434     1726    387     -241    -285    -30     332     998     1674    1940    1563    822     389     -51     -410    
681    1974 616     -67     1119    -246    320     1487    722     -291    -15     -20     302     679     1374    1567    1517    1259    659     249     78      
681    1975 698     144     1297    -35     539     1620    677     -21     -177    51      354     1206    1365    1778    1710    1342    616     75      -1      
681    1976 390     -184    1104    -455    282     1457    394     -703    -676    -442    224     1060    1244    1580    1541    948     130     112     -375    
681    1977 462     -277    1089    -588    335     1477    594     -635    -771    -155    216     940     1469    1457    1505    923     605     252     -345    
681    1978 397     -197    1081    -623    315     1462    620     -574    -983    -201    201     941     1400    1539    1444    937     530     396     -960    
681    1979 497     -291    1189    -867    426     1554    592     -775    -866    -102    248     1127    1586    1438    1640    1071    542     165     -211    
681    1980 452     -252    1161    -563    195     1563    588     -728    -764    -533    432     695     1585    1631    1475    1139    638     -16     -169    
681    1981 513     -103    1146    -287    294     1492    626     -283    -420    -393    186     1084    1361    1656    1455    1105    679     92      -437    
681    1982 571     -120    1128    -518    422     1475    716     -642    -471    33      292     937     1163    1654    1597    1100    597     455     66      
681    1983 639     58      1284    -164    510     1565    689     -1      -599    -219    601     1151    1328    1741    1620    1241    728     95      -118    
681    1984 592     -49     1223    -274    503     1486    675     -257    -460    -303    556     1257    1380    1528    1546    1049    854     117     -214    
681    1985 380     -281    1105    -847    314     1496    596     -1024   -1352   -161    166     931     1318    1534    1629    1023    819     -61     -399    
681    1986 508     -172    1166    -619    485     1581    613     -500    -994    25      341     1083    1633    1675    1437    804     646     388     -553    
681    1987 352     -341    1038    -824    162     1366    576     -1363   -526    -632    277     846     1273    1503    1319    991     654     81      -239    
681    1988 578     -43     1261    -273    393     1661    560     -285    -297    -185    248     1114    1622    1901    1459    1200    607     -128    -360    
681    1989 722     96      1268    -52     649     1562    676     101     119     234     639     1072    1524    1698    1464    1197    645     187     -258    
681    1990 664     144     1172    -76     609     1514    540     -173    233     241     649     939     1409    1550    1580    888     625     105     -104    
681    1991 629     23      1153    -214    401     1546    721     -124    -438    30      438     736     1263    1688    1678    1095    694     375     30      
681    1992 -999999 -999999 -999999 -999999 -999999 -999999 -999999 4       -102    168     -999999 -999999 -999999 -999999 -999999 -999999 -999999 -999999 -999999 
681    1993 -999999 -999999 -999999 -999999 -999999 -999999 -999999 -33     -999999 -999999 -999999 -999999 -999999 -999999 -999999 -999999 -999999 -999999 -189    
681    1994 -999999 -999999 -999999 -999999 -999999 -999999 -999999 -286    -999999 -154    610     754     1238    1843    -999999 1223    542     95      -24     
681    1995 -999999 -999999 -999999 -85     -999999 1635    678     -258    42      97      431     912     1714    1588    1607    1143    889     -6      -518    
681    1996 -999999 -999999 -999999 -692    306     1506    673     -606    -956    -269    368     843     1277    1470    1763    940     709     369     -339    
681    1997 582     40      1224    -285    340     1717    546     -311    -198    -3      231     788     1493    1785    1864    1157    424     60      -362    
681    1998 539     -84     1162    -230    346     1473    485     -32     -295    -314    415     939     1447    1567    1404    1188    629     -368    -189    
681    1999 -999999 -999999 -999999 -321    485     -999999 808     -327    -465    36      701     727     1774    1850    1566    1369    753     248     -57     
681    2000 -999999 -999999 -999999 -80     634     1533    808     -112    -72     23      804     1096    1409    1612    1577    1031    943     454     145     
681    2001 -999999 136     1306    -125    452     1656    763     -94     -459    -219    619     977     1359    1983    1625    1263    885     116     -679    
681    2002 -999999 -999999 -999999 -281    629     1750    -999999 -189    28      152     556     1175    1549    1886    1813    1118    197     -83     -704    
681    2003 585     -999999 1235    -664    413     1628    682     -715    -562    -32     236     1028    1272    1969    1632    1242    475     336     56      
681    2004 624     -21     1266    -314    523     1565    703     -635    -365    0       550     1021    1289    1650    1746    1319    668     123     83      
681    2005 -999999 -999999 1285    -144    335     1612    863     -69     -492    -552    501     1034    1325    1833    1670    1323    867     385     -236    
681    2006 736     -999999 1444    -437    393     1810    929     -381    -720    -494    593     1088    1641    1944    1841    1540    910     338     434     
681    2007 753     220     1374    -117    736     1729    716     -97     -751    397     642     1165    1546    1767    1867    1231    773     142     228     
681    2008 766     234     1273    119     627     1592    778     -29     160     122     699     1063    1463    1697    1613    1086    916     328     48      
681    2009 652     119     1325    -176    567     1598    741     -207    -390    -22     603     1121    1393    1733    1661    1421    538     291     -360    
681    2010 542     -246    1414    -725    532     1822    601     -1090   -726    -158    578     1176    1410    2211    1833    1245    495     65      -621    
681    2011 -999999 -222    -999999 -624    -999999 -999999 -999999 -383    -894    -47     587     -999999 -999999 -999999 -999999 -999999 -999999 -999999 -999999 
