EUROPEAN CLIMATE ASSESSMENT & DATASET (ECA&D), file created on: 10-05-2011
THESE DATA CAN BE USED FREELY PROVIDED THAT THE FOLLOWING SOURCE IS ACKNOWLEDGED: 

Klein Tank, A.M.G. and Coauthors, 2002. Daily dataset of 20th-century surface
air temperature and precipitation series for the European Climate Assessment.
Int. J. of Climatol., 22, 1441-1453.
Data and metadata available at http://eca.knmi.nl

FILE FORMAT (MISSING VALUE CODE = -999999):

THIS FILE HOLDS DATA FOR STATION BOSNIA AND HERZEGOVINA                   BJELASNICA                               (STAID:    320)
LATITUDE: dd:mm:ss +44:04:00
LONGITUDE: ddd:mm:ss +018:16:00
ELEVATION: m 2067

DATA IS FOR INDEX Mean of daily mean temperature (TG) with unit 0.01 Temperature (&#176;C)

01-06 SOUID: Source identifier
08-11 YEAR : YYYY
13-20 ANNUAL DATA VALUES
21-28 WINTER HALF YEAR DATA VALUES
29-36 SUMMER HALF YEAR DATA VALUES
37-44 WINTER (DJF) DATA VALUES
45-52 SPRING (MAM) DATA VALUES
53-60 SUMMER (JJA) DATA VALUES
61-68 AUTUMN (SON) DATA VALUES
69-76 JANUARY DATA VALUES
etc. 
157-164 DECEMBER DATA VALUES

320    1952 173     -999999 753     -999999 -27     1093    218     -699    -812    -589    261     256     815     1092    1362    718     180     -242    -306    
320    1953 198     -418    725     -601    -108    1029    439     -736    -784    -659    63      278     930     1228    925     917     508     -111    -279    
320    1954 107     -294    632     -676    -65     986     260     -979    -780    -164    -256    219     1011    928     1021    861     165     -242    -552    
320    1955 -999999 -322    500     -453    -172    814     -999999 -342    -465    -508    -442    425     752     932     756     555     188     -999999 -316    
320    1956 54      -999999 642     -749    -207    965     261     -668    -1299   -705    -220    303     617     999     1268    866     220     -303    -495    
320    1957 181     -333    633     -544    -65     1002    365     -725    -397    -303    -105    212     986     1053    967     653     524     -87     -642    
320    1958 171     -344    645     -572    -153    953     339     -668    -387    -797    -400    724     696     1058    1096    632     280     106     -353    
320    1959 98      -249    508     -609    36      799     118     -853    -623    -77     -151    331     634     925     834     457     75      -177    -260    
320    1960 142     -303    520     -455    -90     850     258     -545    -567    -355    -154    239     680     785     1079    474     338     -40     -266    
320    1961 154     -271    623     -502    -14     839     391     -683    -564    -433    194     205     746     824     944     823     391     -42     -594    
320    1962 120     -367    665     -659    -55     942     310     -505    -900    -590    -6      431     579     985     1250    731     303     -102    -811    
320    1963 151     -498    711     -854    -128    1040    381     -1000   -742    -646    -41     306     883     1047    1185    872     130     150     -381    
320    1964 104     -322    549     -616    -72     873     215     -744    -731    -367    -127    275     922     825     872     518     216     -88     -355    
320    1965 56      -430    542     -745    -207    886     300     -589    -1350   -489    -276    155     737     1130    787     694     325     -121    -436    
320    1966 144     -335    626     -539    -88     889     366     -935    -215    -619    23      317     744     924     995     743     531     -181    -637    
320    1967 133     -384    631     -745    -103    943     442     -809    -793    -448    -248    381     665     1055    1100    815     538     -29     -700    
320    1968 131     -364    648     -731    118     812     247     -998    -479    -513    175     694     794     906     735     570     278     -107    -492    
320    1969 127     -328    587     -582    44      749     334     -706    -543    -412    -157    695     602     779     861     727     284     6       -638    
320    1970 101     -346    540     -605    -226    894     270     -447    -743    -565    -130    20      770     899     1008    663     153     -1      -472    
320    1971 109     -363    617     -543    -60     927     60      -348    -837    -710    -43     574     725     856     1193    370     99      -289    -365    
