EUROPEAN CLIMATE ASSESSMENT & DATASET (ECA&D), file created on: 10-05-2011
THESE DATA CAN BE USED FREELY PROVIDED THAT THE FOLLOWING SOURCE IS ACKNOWLEDGED: 

Klein Tank, A.M.G. and Coauthors, 2002. Daily dataset of 20th-century surface
air temperature and precipitation series for the European Climate Assessment.
Int. J. of Climatol., 22, 1441-1453.
Data and metadata available at http://eca.knmi.nl

FILE FORMAT (MISSING VALUE CODE = -999999):

THIS FILE HOLDS DATA FOR STATION UNITED KINGDOM                           SLAPTON                                  (STAID:   1815)
LATITUDE: dd:mm:ss +50:17:30
LONGITUDE: ddd:mm:ss -003:39:03
ELEVATION: m   32

DATA IS FOR INDEX Mean of daily mean temperature (TG) with unit 0.01 Temperature (&#176;C)

01-06 SOUID: Source identifier
08-11 YEAR : YYYY
13-20 ANNUAL DATA VALUES
21-28 WINTER HALF YEAR DATA VALUES
29-36 SUMMER HALF YEAR DATA VALUES
37-44 WINTER (DJF) DATA VALUES
45-52 SPRING (MAM) DATA VALUES
53-60 SUMMER (JJA) DATA VALUES
61-68 AUTUMN (SON) DATA VALUES
69-76 JANUARY DATA VALUES
etc. 
157-164 DECEMBER DATA VALUES

1815   1960 -999999 -999999 -999999 -999999 -999999 -999999 1178    -999999 -999999 -999999 -999999 1276    -999999 1553    1527    1432    1172    913     -999999 
1815   1961 -999999 -999999 1417    -999999 1024    1572    1198    585     833     833     1083    1158    1507    1623    1583    1544    1224    800     -999999 
1815   1962 -999999 -999999 -999999 -999999 750     1445    -999999 -999999 -999999 411     799     1024    1354    1480    1502    1364    1185    713     558     
1815   1963 -999999 -999999 -999999 -999999 883     1451    -999999 -999999 -999999 705     853     1081    1408    1491    1450    1392    1217    1005    481     
1815   1964 -999999 -999999 -999999 -999999 904     1560    -999999 585     608     613     871     1218    1441    1652    1584    1517    1064    927     552     
1815   1965 -999999 -999999 -999999 -999999 890     1465    -999999 472     406     617     896     1140    1381    1477    1533    1235    1271    695     692     
1815   1966 -999999 -999999 -999999 -999999 946     -999999 1124    571     838     765     942     1135    1484    1561    1561    1531    1181    655     759     
1815   1967 -999999 -999999 -999999 -999999 913     1540    -999999 582     695     767     897     1074    1448    1600    1572    1432    1165    756     627     
1815   1968 -999999 -999999 -999999 -999999 860     1529    -999999 636     394     692     823     1058    1430    1539    1622    1456    1366    -999999 569     
1815   1969 -999999 -999999 -999999 -999999 870     1564    1216    778     -999999 556     895     1109    1416    1650    1614    1491    1407    729     540     
1815   1970 -999999 -999999 -999999 -999999 -999999 1561    -999999 675     517     523     -999999 1214    1565    1524    1594    1468    1168    -999999 567     
1815   1971 -999999 -999999 -999999 -999999 -999999 1544    -999999 692     619     652     838     1159    1325    1735    1558    1531    1330    719     -999999 
1815   1972 -999999 -999999 -999999 -999999 938     1438    1126    610     639     803     945     1066    1162    1555    1587    1351    1239    773     842     
1815   1973 -999999 -999999 -999999 -999999 904     1601    -999999 616     -999999 740     831     1139    1527    1575    1701    1549    1114    910     689     
1815   1974 -999999 -999999 -999999 -999999 936     1517    1042    784     722     703     940     1127    1415    1557    1575    1310    920     892     878     
1815   1975 -999999 -999999 -999999 -999999 896     -999999 1158    800     763     615     920     1136    1539    -999999 1802    1414    1187    853     617     
1815   1976 -999999 -999999 -999999 -999999 919     1788    -999999 697     537     654     891     1193    1659    1835    1865    1403    1149    840     481     
1815   1977 -999999 -999999 -999999 -999999 -999999 1516    1177    -999999 732     792     840     1128    1283    1653    1600    1399    1311    786     821     
1815   1978 -999999 -999999 -999999 -999999 -999999 1493    1272    525     494     750     742     1232    1409    1480    1585    1466    1335    987     -999999 
1815   1979 -999999 -999999 -999999 -999999 800     1520    1191    314     -999999 583     873     940     1365    1645    1541    1420    1304    846     766     
1815   1980 -999999 -999999 -999999 -999999 943     1504    -999999 450     774     662     984     1174    1376    1482    1645    1542    1067    751     688     
1815   1981 -999999 -999999 -999999 -999999 984     1583    -999999 615     488     917     902     1122    1381    1627    1725    1513    959     -999999 486     
1815   1982 -999999 -999999 -999999 -999999 954     1615    -999999 628     -999999 718     948     1180    1521    1704    1618    1510    1143    965     602     
1815   1983 -999999 -999999 -999999 -999999 896     1742    -999999 742     399     758     811     1120    1487    1938    1791    1449    1162    -999999 757     
1815   1984 -999999 -999999 1352    638     803     1601    1202    577     570     571     872     954     1423    1631    1743    1485    1183    928     693     
1815   1985 -999999 -999999 -999999 -999999 909     -999999 -999999 306     -999999 620     929     1179    -999999 1610    1481    1457    1210    620     -999999 
1815   1986 -999999 -999999 -999999 -999999 778     -999999 -999999 561     86      599     642     1082    1416    1589    -999999 1220    1212    877     741     
1815   1987 -999999 -999999 -999999 -999999 904     1554    -999999 -999999 537     590     989     1117    1340    1652    1657    1459    -999999 836     782     
1815   1988 -999999 -999999 -999999 692     -999999 1499    -999999 717     574     770     834     -999999 1466    1482    1546    1421    1240    871     865     
1815   1989 -999999 -999999 -999999 -999999 -999999 1705    -999999 749     739     811     715     1347    1456    1893    1757    1537    1328    -999999 797     
1815   1990 -999999 -999999 1425    835     -999999 1613    -999999 844     866     -999999 887     1338    1372    1679    1787    1464    1313    -999999 -999999 
1815   1991 -999999 -999999 -999999 -999999 975     1531    1196    542     -999999 861     820     1234    1297    1595    1700    1612    1149    814     731     
1815   1992 -999999 -999999 1412    -999999 1020    1605    1089    559     -999999 811     934     1314    1537    1680    1594    1399    929     934     662     
1815   1993 -999999 -999999 -999999 -999999 990     1540    -999999 781     -999999 753     1030    1190    1496    1583    1541    1414    -999999 730     726     
1815   1994 -999999 -999999 1358    -999999 927     1612    1244    712     -999999 858     831     1097    1469    1709    1652    1357    1202    1164    839     
1815   1995 -999999 -999999 -999999 -999999 925     1732    -999999 668     851     690     898     1167    1502    1767    1918    1489    1412    944     557     
1815   1996 -999999 -999999 -999999 -999999 -999999 1552    1174    699     484     602     852     966     1414    1648    1594    1468    1270    771     519     
1815   1997 -999999 -999999 -999999 -999999 1017    1615    1304    -999999 760     875     974     1192    1404    1626    1801    1519    1300    1077    764     
1815   1998 -999999 -999999 -999999 -999999 1042    1538    1181    710     774     896     832     1375    1456    1553    1600    1547    1180    817     744     
1815   1999 -999999 -999999 1458    -999999 1039    1609    1237    699     670     798     1013    1306    1401    1741    1679    1577    1225    874     661     
1815   2000 -999999 -999999 -999999 677     -999999 1583    1165    595     776     835     -999999 1161    1426    1611    1706    1535    1143    818     747     
1815   2001 -999999 -999999 -999999 -999999 953     1584    -999999 613     657     728     893     1214    1427    1634    1688    1444    1410    -999999 594     
1815   2002 -999999 -999999 1419    -999999 1037    1580    1298    772     -999999 879     1011    1210    1407    1590    1738    1559    1267    1068    814     
1815   2003 -999999 -999999 -999999 689     1040    1700    -999999 608     636     880     1020    1198    1541    1710    1854    1516    1138    996     771     
1815   2004 -999999 -999999 -999999 -999999 985     1637    1239    736     633     756     923     1264    1581    1588    1739    1560    1200    951     759     
1815   2005 -999999 -999999 1446    695     973     1664    1285    764     555     800     960     1160    1566    1745    1679    1555    1429    852     -999999 
1815   2006 1183    -999999 1507    -999999 945     1721    1381    651     503     675     962     1199    1552    1855    1749    1713    1433    995     865     
1815   2007 -999999 975     1466    845     1120    1602    1249    829     841     875     1178    1310    1561    1616    1628    1495    1305    924     777     
1815   2008 1126    -999999 1417    782     1026    1588    1157    810     756     805     904     1360    1476    1606    1679    1446    1118    909     617     
1815   2009 -999999 765     -999999 580     1002    -999999 -999999 536     587     810     965     1231    1503    -999999 -999999 -999999 -999999 -999999 -999999 
