EUROPEAN CLIMATE ASSESSMENT & DATASET (ECA&D), file created on: 10-05-2011
THESE DATA CAN BE USED FREELY PROVIDED THAT THE FOLLOWING SOURCE IS ACKNOWLEDGED: 

Klein Tank, A.M.G. and Coauthors, 2002. Daily dataset of 20th-century surface
air temperature and precipitation series for the European Climate Assessment.
Int. J. of Climatol., 22, 1441-1453.
Data and metadata available at http://eca.knmi.nl

FILE FORMAT (MISSING VALUE CODE = -999999):

THIS FILE HOLDS DATA FOR STATION FRANCE                                   BOURGES AERODROME                        (STAID:     32)
LATITUDE: dd:mm:ss +47:04:00
LONGITUDE: ddd:mm:ss +002:22:00
ELEVATION: m  161

DATA IS FOR INDEX Mean of daily mean temperature (TG) with unit 0.01 Temperature (&#176;C)

01-06 SOUID: Source identifier
08-11 YEAR : YYYY
13-20 ANNUAL DATA VALUES
21-28 WINTER HALF YEAR DATA VALUES
29-36 SUMMER HALF YEAR DATA VALUES
37-44 WINTER (DJF) DATA VALUES
45-52 SPRING (MAM) DATA VALUES
53-60 SUMMER (JJA) DATA VALUES
61-68 AUTUMN (SON) DATA VALUES
69-76 JANUARY DATA VALUES
etc. 
157-164 DECEMBER DATA VALUES

32     1945 -999999 -999999 1748    -999999 1248    1967    1185    -999999 -999999 854     1291    1600    1885    2068    1945    1689    1199    666     451     
32     1946 1080    627     1591    381     1098    1773    1157    87      630     728     1204    1365    1590    1969    1755    1651    1132    688     139     
32     1947 1249    533     1853    159     1255    2104    1352    138     205     868     1276    1622    1889    2171    2245    1900    1284    874     440     
32     1948 1152    796     1566    507     1230    1742    1131    637     440     1081    1125    1481    1625    1746    1852    1554    1107    734     411     
32     1949 1218    642     1750    452     1071    1971    1341    479     468     642     1301    1277    1718    2148    2038    2010    1393    618     482     
32     1950 1149    720     1661    487     1090    2002    1139    282     720     823     907     1534    1990    2102    1912    1499    1134    783     75      
32     1951 1113    613     1535    368     955     1763    1212    519     527     640     1002    1224    1639    1883    1764    1692    1045    905     481     
32     1952 1117    645     1662    333     1211    1981    977     267     244     911     1210    1511    1847    2130    1963    1291    1104    531     355     
32     1953 1116    520     1616    202     1159    1790    1156    17      238     849     1105    1523    1602    1833    1929    1692    1241    532     766     
32     1954 1068    620     1493    376     1012    1700    1220    165     179     792     922     1318    1666    1708    1725    1611    1258    789     624     
32     1955 1135    683     1634    517     957     1930    1103    517     399     486     1099    1290    1754    2026    2003    1615    1032    663     679     
32     1956 980     515     1502    211     1029    1645    1079    433     -526    749     858     1474    1459    1810    1659    1735    1059    442     530     
32     1957 1115    674     1541    494     1062    1848    1121    231     744     1038    1001    1145    1789    1918    1834    1551    1203    607     293     
32     1958 1100    611     1565    441     941     1765    1162    384     669     517     852     1450    1584    1821    1885    1782    1109    598     522     
32     1959 1238    670     1738    465     1173    1981    1280    345     534     896     1094    1526    1817    2135    1986    1855    1264    722     628     
32     1960 1109    732     1546    496     1141    1768    1141    327     537     899     997     1522    1809    1713    1784    1441    1125    857     285     
32     1961 1207    726     1665    490     1157    1803    1294    385     833     885     1270    1321    1749    1835    1824    1990    1276    615     494     
32     1962 1041    617     1540    459     876     1813    1136    500     376     417     993     1222    1659    1835    1940    1580    1267    555     106     
32     1963 1003    411     1529    -43     1027    1763    1240    -180    -56     730     1075    1278    1666    1923    1695    1526    1218    975     123     
32     1964 1132    608     1713    265     1087    1943    1168    82      611     650     1069    1543    1773    2096    1955    1827    973     711     291     
32     1965 1088    567     1490    308     1022    1734    1153    428     195     771     964     1331    1707    1732    1762    1431    1327    695     648     
32     1966 1163    756     1604    610     1081    1766    1213    292     919     666     1194    1385    1805    1716    1778    1746    1356    533     566     
32     1967 1117    708     1549    503     1025    1839    1197    339     616     823     957     1292    1592    2081    1837    1518    1367    701     245     
32     1968 1070    646     1489    354     974     1728    1200    362     462     730     1009    1183    1587    1830    1763    1552    1399    642     299     
32     1969 1081    648     1562    359     1033    1789    1212    509     259     741     1007    1352    1529    1969    1861    1638    1291    703     49      
32     1970 1073    569     1562    311     867     1840    1225    405     496     465     773     1360    1819    1823    1876    1710    1104    865     155     
32     1971 1069    537     1608    283     1014    1799    1088    326     377     391     1190    1466    1522    2012    1854    1586    1186    487     384     
32     1972 1048    654     1419    447     1015    1674    1039    352     618     891     922     1228    1420    1862    1730    1331    1082    703     413     
32     1973 1074    555     1624    302     938     1917    1157    225     266     621     764     1424    1742    1855    2148    1793    1032    652     307     
32     1974 1125    673     1534    511     1021    1818    1009    679     553     803     994     1265    1672    1821    1956    1481    762     793     679     
32     1975 1077    667     1559    639     897     1855    1080    627     607     532     952     1208    1574    1894    2089    1621    974     649     167     
32     1976 1126    538     1668    324     988     2053    1092    321     494     624     942     1398    2049    2101    2010    1495    1193    585     284     
32     1977 1099    670     1446    452     996     1690    1168    385     714     859     836     1286    1540    1819    1706    1471    1322    707     515     
32     1978 1060    693     1458    446     957     1688    1104    332     496     768     831     1268    1553    1784    1724    1577    1149    585     614     
32     1979 1074    598     1515    375     953     1778    1183    37      484     709     887     1261    1692    1895    1745    1600    1277    668     595     
32     1980 1024    671     1501    473     916     1726    1095    178     656     649     887     1213    1526    1689    1956    1727    1061    500     238     
32     1981 1118    575     1563    281     1141    1765    1182    340     262     1014    1092    1316    1551    1807    1930    1670    1182    695     496     
32     1982 1224    715     1696    568     1038    1957    1316    621     590     695     973     1445    1869    2137    1861    1877    1195    881     512     
32     1983 1160    697     1662    454     953     2055    1197    548     288     728     933     1198    1834    2342    1982    1662    1178    751     410     
32     1984 1076    632     1483    421     874     1801    1200    456     395     587     984     1053    1610    1939    1849    1452    1168    982     412     
32     1985 1039    558     1592    208     970     1792    1151    -198    431     556     1070    1287    1561    2023    1785    1816    1258    376     465     
32     1986 1079    523     1536    277     926     1864    1222    422     -94     646     715     1411    1832    1958    1800    1482    1394    784     496     
32     1987 1059    549     1601    190     957     1796    1278    -265    354     520     1191    1166    1556    1920    1904    1860    1299    675     490     
32     1988 1167    731     1595    573     1083    1793    1188    702     524     684     1091    1474    1665    1790    1921    1617    1331    613     564     
32     1989 1202    740     1656    494     1166    1918    1231    367     558     983     863     1643    1714    2074    1959    1658    1362    668     520     
32     1990 1238    803     1682    629     1162    1960    1258    455     942     881     962     1635    1645    2062    2162    1599    1413    756     317     
32     1991 1117    686     1620    302     1042    1911    1200    415     160     1004    917     1201    1535    2025    2159    1863    1071    671     303     
32     1992 1152    587     1661    317     1137    1923    1153    184     475     812     980     1614    1702    2002    2058    1586    947     931     510     
32     1993 1122    684     1607    485     1112    1856    978     638     286     759     1099    1476    1800    1860    1906    1484    1041    407     636     
32     1994 1272    708     1670    589     1134    2029    1305    549     582     1009    915     1472    1769    2256    2052    1529    1305    1079    684     
32     1995 1205    836     1639    645     1041    1979    1242    468     797     686     1008    1427    1666    2193    2067    1446    1565    706     392     
32     1996 1088    708     1564    425     1008    1876    1076    572     304     687     1045    1294    1846    1920    1860    1409    1157    661     275     
32     1997 1223    647     1697    362     1157    1976    1285    129     716     952     1038    1477    1692    1943    2284    1727    1237    892     561     
32     1998 1158    767     1646    537     1108    1912    1094    477     576     844     930     1543    1785    1922    2024    1653    1161    467     469     
32     1999 1223    665     1730    490     1191    1944    1234    559     437     869     1073    1627    1694    2110    2019    1836    1291    573     522     
32     2000 1244    702     1691    522     1134    1917    1297    383     672     765     1039    1595    1885    1813    2053    1746    1255    893     813     
32     2001 1198    860     1630    668     1163    1954    1187    599     583     991     901     1589    1740    2021    2094    1406    1610    530     245     
32     2002 1265    783     1648    532     1149    1933    1257    572     804     934     1118    1395    1942    1927    1931    1566    1268    937     757     
32     2003 1299    784     1902    474     1270    2311    1210    263     393     1055    1240    1513    2255    2147    2527    1714    1055    866     502     
32     2004 1195    689     1692    504     1058    1970    1291    503     507     695     1082    1396    1885    1993    2031    1752    1398    720     352     
32     2005 1214    671     1751    363     1152    2028    1317    464     263     790     1124    1540    2068    2095    1922    1744    1571    629     291     
32     2006 1276    656     1808    311     1125    2091    1499    318     325     773     1084    1516    1988    2491    1790    1966    1554    974     471     
32     2007 1240    884     1720    655     1312    1882    1115    672     839     792     1528    1623    1887    1909    1849    1515    1198    629     417     
32     2008 1194    726     1654    591     1138    1909    1152    629     738     743     995     1670    1810    1989    1924    1515    1202    738     359     
32     2009 1244    625     1776    325     1220    2024    1342    193     433     808     1224    1628    1837    2055    2175    1718    1268    1042    502     
32     2010 1137    687     1704    342     1114    2006    1183    107     424     763     1235    1349    1871    2162    1982    1614    1185    751     158     
32     2011 -999999 675     -999999 391     -999999 -999999 -999999 416     623     919     1437    -999999 -999999 -999999 -999999 -999999 -999999 -999999 -999999 
