EUROPEAN CLIMATE ASSESSMENT & DATASET (ECA&D), file created on: 10-05-2011
THESE DATA CAN BE USED FREELY PROVIDED THAT THE FOLLOWING SOURCE IS ACKNOWLEDGED: 

Klein Tank, A.M.G. and Coauthors, 2002. Daily dataset of 20th-century surface
air temperature and precipitation series for the European Climate Assessment.
Int. J. of Climatol., 22, 1441-1453.
Data and metadata available at http://eca.knmi.nl

FILE FORMAT (MISSING VALUE CODE = -999999):

THIS FILE HOLDS DATA FOR STATION GERMANY                                  LEIPZIG-SCHKEUDITZ                       (STAID:    482)
LATITUDE: dd:mm:ss +51:26:09
LONGITUDE: ddd:mm:ss +012:14:29
ELEVATION: m  131

DATA IS FOR INDEX Mean of daily mean temperature (TG) with unit 0.01 Temperature (&#176;C)

01-06 SOUID: Source identifier
08-11 YEAR : YYYY
13-20 ANNUAL DATA VALUES
21-28 WINTER HALF YEAR DATA VALUES
29-36 SUMMER HALF YEAR DATA VALUES
37-44 WINTER (DJF) DATA VALUES
45-52 SPRING (MAM) DATA VALUES
53-60 SUMMER (JJA) DATA VALUES
61-68 AUTUMN (SON) DATA VALUES
69-76 JANUARY DATA VALUES
etc. 
157-164 DECEMBER DATA VALUES

482    1900 961     -999999 1521    -999999 761     1837    1013    148     143     181     829     1276    1742    1958    1809    1499    1001    539     357     
482    1901 882     263     1560    -99     903     1837    936     -376    -298    306     939     1465    1709    1999    1797    1433    1022    350     153     
482    1902 803     394     1347    170     777     1639    741     417     -86     458     846     1028    1689    1678    1551    1284    754     185     -224    
482    1903 981     345     1458    124     936     1727    1048    133     500     732     638     1429    1654    1805    1720    1483    1096    562     -17     
482    1904 963     361     1545    35      932     1845    899     -70     204     389     1027    1382    1633    2019    1875    1312    931     454     367     
482    1905 918     418     1521    178     882     1890    759     -84     257     569     674     1396    1888    1980    1803    1364    559     362     208     
482    1906 956     308     1515    195     940     1738    1061    205     171     332     996     1496    1621    1816    1773    1371    1072    740     -168    
482    1907 885     348     1395    -46     848     1606    991     66      -37     387     716     1436    1623    1525    1669    1387    1244    334     193     
482    1908 857     378     1457    105     817     1765    793     -104    234     357     637     1451    1833    1873    1592    1338    886     152     10      
482    1909 849     174     1412    -86     776     1662    931     -100    -178    241     879     1211    1577    1643    1764    1388    1141    258     288     
482    1910 952     471     1455    316     898     1725    854     274     393     457     836     1399    1824    1664    1690    1308    965     285     294     
482    1911 1044    389     1635    186     957     1954    1032    11      261     502     910     1456    1675    2066    2112    1566    961     572     371     
482    1912 900     462     1391    164     945     1732    718     -208    341     729     807     1295    1695    1961    1537    1030    743     381     463     
482    1913 972     439     1420    248     1015    1616    1054    31      249     748     944     1351    1627    1607    1615    1367    1035    762     283     
482    1914 976     480     1515    153     966     1806    892     -257    465     604     1102    1198    1594    1926    1889    1363    897     417     487     
482    1915 896     388     1480    247     829     1780    738     70      177     259     781     1445    1931    1784    1630    1297    687     230     411     
482    1916 948     397     1435    330     962     1625    915     442     124     465     975     1447    1428    1718    1724    1297    908     541     263     
482    1917 870     186     1601    -129    750     1932    1031    -252    -427    35      579     1629    2084    1892    1826    1581    887     631     -105    
482    1918 975     398     1490    120     1033    1623    906     206     274     493     1092    1518    1402    1775    1685    1451    903     364     483     
482    1919 835     398     1424    235     780     1656    779     117     92      400     685     1252    1614    1606    1745    1630    678     33      119     
482    1920 968     386     1541    272     1136    1731    733     310     394     769     1100    1539    1603    1921    1665    1403    659     139     85      
482    1921 1000    401     1530    278     1064    1776    860     536     206     750     911     1525    1514    1935    1872    1401    1174    -5      99      
482    1922 813     231     1405    -88     866     1682    692     -271    -94     442     664     1486    1679    1709    1656    1215    536     329     336     
482    1923 894     361     1388    236     872     1612    1002    280     77      578     740     1293    1197    1935    1689    1450    1152    399     -129    
482    1924 883     227     1491    -181    878     1714    965     -214    -200    333     741     1556    1695    1829    1618    1490    1053    348     295     
482    1925 979     474     1528    397     925     1798    848     391     515     244     957     1576    1629    1952    1808    1222    966     351     103     
482    1926 984     405     1514    198     954     1714    1046    45      474     496     1142    1230    1500    1907    1727    1569    872     702     125     
482    1927 918     504     1450    212     929     1739    912     306     203     792     829     1164    1535    1882    1792    1481    972     281     -276    
482    1928 934     313     1431    89      765     1753    1023    238     319     343     827     1128    1539    1971    1741    1361    982     727     15      
482    1929 861     111     1530    -486    811     1814    1128    -470    -1056   378     559     1487    1611    1906    1917    1677    1100    609     465     
482    1930 1002    524     1536    295     934     1838    1032    337     61      531     962     1311    1986    1790    1743    1417    983     697     150     
482    1931 893     344     1488    84      842     1776    863     91      4       115     678     1728    1733    1877    1716    1167    866     556     118     
482    1932 970     322     1596    113     822     1875    1045    310     -103    165     884     1420    1585    1965    2066    1632    1002    502     172     
482    1933 876     367     1506    5       931     1813    930     -221    71      652     802     1335    1564    2015    1852    1448    1013    327     -402    
482    1934 1125    329     1702    3       1106    1920    1123    166     269     595     1214    1513    1893    2010    1857    1719    1119    531     557     
482    1935 979     484     1553    296     805     1899    1050    23      308     348     897     1174    1933    1946    1818    1542    983     627     114     
482    1936 968     479     1502    219     904     1822    876     431     104     598     738     1371    1794    1888    1784    1418    755     459     238     
482    1937 984     336     1617    122     1018    1835    1004    -156    303     417     969     1666    1802    1865    1838    1543    1033    435     57      
482    1938 1012    488     1502    184     917     1867    1129    298     198     879     617     1245    1764    1845    1987    1532    1008    852     -134    
482    1939 971     459     1554    196     812     1886    957     409     326     292     994     1157    1791    1921    1945    1506    732     640     -89     
482    1940 776     43      1499    -515    916     1760    956     -956    -498    411     989     1349    1900    1793    1591    1366    825     681     -158    
482    1941 831     225     1417    -191    711     1811    831     -500    114     391     672     1068    1776    1998    1658    1314    918     257     258     
482    1942 867     79      1552    -301    826     1766    1130    -717    -460    172     897     1410    1580    1745    1966    1699    1228    459     331     
482    1943 1033    538     1608    277     1068    1867    991     91      424     683     1089    1432    1604    1989    1999    1515    1094    360     67      
482    1944 980     364     1601    171     858     1923    986     449     -17     207     1039    1334    1620    1983    2157    1449    985     525     -12     
482    1945 1034    417     1601    68      1091    1853    1028    -263    522     758     980     1531    1846    1929    1784    1525    1112    445     214     
482    1946 967     416     1641    149     1085    1825    941     -94     345     469     1188    1601    1623    2043    1803    1568    767     494     -227    
482    1947 971     18      1812    -511    1035    2056    1130    -491    -849    346     1147    1616    1986    2111    2068    1932    846     622     195     
482    1948 1053    463     1620    228     1123    1787    1050    412     67      615     1240    1516    1784    1770    1807    1594    1005    552     242     
482    1949 1086    447     1651    260     978     1825    1203    239     304     328     1165    1447    1548    1988    1929    1812    1277    518     424     
482    1950 1003    529     1626    262     989     1961    959     -45     423     567     818     1578    1965    1959    1960    1456    888     534     -96     
482    1951 1037    371     1583    149     879     1855    1077    242     318     341     981     1318    1717    1912    1932    1622    846     770     408     
482    1952 936     439     1580    239     965     1884    763     135     171     298     1252    1355    1671    1974    2001    1208    849     230     55      
482    1953 1072    333     1617    84      1068    1874    1120    50      153     642     1089    1473    1816    1953    1850    1505    1204    649     418     
482    1954 921     369     1497    -70     909     1743    1075    -303    -352    539     746     1436    1831    1600    1802    1555    1158    508     444     
482    1955 887     345     1478    69      731     1783    984     -120    -138    177     814     1205    1632    1863    1847    1489    954     511     337     
482    1956 812     227     1422    -155    809     1643    953     75      -927    347     629     1445    1494    1851    1578    1513    983     360     306     
482    1957 1014    516     1490    324     938     1845    990     162     524     754     890     1169    1904    1969    1664    1333    1074    560     141     
482    1958 972     376     1526    187     741     1789    1069    92      342     48      649     1523    1612    1886    1862    1599    1105    502     398     
482    1959 1060    512     1662    220     1114    1961    968     162     86      776     1140    1425    1810    2135    1932    1511    954     440     275     
482    1960 985     394     1518    167     915     1797    1069    115     107     459     849     1435    1816    1798    1778    1418    1045    743     231     
482    1961 1045    567     1574    272     1048    1753    1187    17      599     776     1213    1161    1825    1691    1745    1812    1252    495     -51     
482    1962 865     388     1428    132     775     1674    926     310     139     165     1003    1163    1625    1660    1735    1376    1014    386     -233    
482    1963 869     64      1601    -491    943     1884    1117    -755    -486    415     1007    1409    1803    2035    1811    1526    952     878     -239    
482    1964 955     261     1641    -119    871     1923    991     -171    65      88      998     1532    1976    2025    1772    1530    860     588     183     
482    1965 905     373     1459    145     828     1708    855     253     -17     338     860     1286    1748    1679    1699    1471    946     145     383     
482    1966 1002    350     1576    162     1021    1814    1012    -231    352     497     1058    1510    1925    1751    1769    1434    1228    365     328     
482    1967 989     517     1476    278     918     1749    1070    161     350     650     725     1372    1543    1964    1733    1500    1260    442     110     
482    1968 886     388     1472    32      880     1747    984     -88     77      508     976     1160    1723    1721    1795    1447    1102    399     -201    
482    1969 837     199     1502    -106    716     1792    1050    101     -231    -12     772     1391    1605    1985    1780    1459    1074    617     -566    
482    1970 839     143     1428    -347    678     1768    994     -343    -107    176     649     1210    1828    1728    1750    1389    944     651     137     
482    1971 937     338     1502    75      839     1794    911     -123    226     193     846     1477    1504    1919    1951    1285    990     457     460     
482    1972 838     411     1379    137     882     1688    761     -278    235     591     833     1221    1553    1871    1636    1144    662     481     86      
482    1973 879     313     1448    81      780     1778    871     0       164     476     572     1285    1653    1819    1858    1481    754     381     57      
482    1974 939     417     1370    258     835     1618    868     371     356     574     790     1141    1435    1614    1799    1427    630     554     536     
482    1975 951     457     1515    387     778     1820    925     500     98      391     706     1236    1507    1935    2007    1675    797     309     177     
482    1976 888     261     1497    116     719     1846    932     136     30      105     726     1326    1767    2045    1723    1377    933     485     -20     
482    1977 913     407     1335    120     818     1651    969     69      333     640     616     1190    1612    1691    1651    1235    1091    578     206     
482    1978 834     415     1329    75      819     1608    885     123     -122    570     693     1191    1565    1631    1626    1249    968     435     9       
482    1979 829     185     1422    -238    814     1687    887     -419    -310    388     726     1324    1782    1577    1705    1409    839     413     433     
482    1980 806     324     1351    118     690     1640    877     -328    257     328     642     1099    1592    1578    1747    1437    880     314     121     
482    1981 878     331     1460    5       976     1695    958     -120    15      747     772     1403    1633    1733    1715    1484    896     496     -296    
482    1982 982     239     1566    -167    851     1871    1157    -189    -1      512     717     1321    1731    1966    1910    1734    1063    677     275     
482    1983 967     474     1549    186     910     1871    958     454     -207    523     947     1261    1662    2068    1876    1462    1003    407     57      
482    1984 857     316     1354    80      718     1626    972     168     9       232     729     1194    1440    1616    1816    1312    1104    497     125     
482    1985 814     203     1458    -243    863     1680    827     -526    -336    314     843     1431    1432    1832    1767    1423    938     117     435     
482    1986 850     190     1438    -89     848     1731    959     39      -810    321     691     1527    1630    1815    1744    1195    1023    657     228     
482    1987 770     168     1405    -208    649     1633    986     -738    -103    -70     971     1058    1494    1785    1616    1498    947     514     226     
482    1988 978     440     1519    290     882     1768    935     392     249     298     853     1494    1574    1860    1863    1449    1000    353     314     
482    1989 1039    518     1540    320     1015    1791    1021    287     365     770     812     1455    1660    1859    1851    1588    1174    295     292     
482    1990 1040    588     1490    422     1012    1791    980     327     670     769     791     1468    1643    1756    1969    1289    1107    539     113     
482    1991 912     414     1461    36      819     1789    989     200     -230    694     741     1019    1452    2035    1869    1632    899     440     106     
482    1992 1016    414     1630    196     987     1976    885     125     368     541     906     1512    1864    1987    2072    1419    692     550     129     
482    1993 891     336     1484    117     1040    1646    674     262     -56     409     1116    1598    1626    1656    1655    1235    832     -52     331     
482    1994 1042    360     1587    223     978     1950    969     356     -45     684     913     1336    1698    2281    1863    1410    805     699     417     
482    1995 950     472     1520    314     841     1863    976     36      506     379     877     1268    1495    2129    1954    1369    1249    301     -194    
482    1996 739     129     1386    -290    712     1698    883     -419    -253    72      915     1157    1624    1646    1820    1136    995     515     -361    
482    1997 945     323     1522    -69     885     1860    893     -271    477     602     681     1365    1662    1817    2094    1489    813     380     204     
482    1998 991     459     1548    338     1027    1774    840     306     521     533     1029    1519    1759    1776    1786    1406    919     193     111     
482    1999 1032    379     1613    181     995     1816    1059    334     89      596     974     1415    1601    2009    1831    1835    965     381     285     
482    2000 1061    460     1582    281     1082    1786    1077    125     444     558     1110    1578    1810    1639    1908    1432    1158    637     317     
482    2001 951     474     1493    212     889     1797    1007    107     213     395     801     1470    1473    1949    1958    1278    1281    452     -31     
482    2002 984     489     1557    210     932     1889    923     145     548     542     779     1470    1755    1879    2028    1409    862     501     -133    
482    2003 979     255     1668    -120    966     2040    907     -26     -210    502     868     1525    1985    2013    2119    1475    628     626     167     
482    2004 939     353     1484    132     875     1756    991     -52     292     461     965     1203    1566    1749    1947    1460    1056    455     146     
482    2005 953     367     1525    108     888     1745    1065    257     -98     342     982     1343    1657    1905    1670    1583    1149    460     113     
482    2006 1016    256     1634    -93     812     1917    1273    -315    -75     179     885     1373    1743    2343    1659    1788    1256    774     508     
482    2007 1054    696     1585    488     1104    1838    872     527     423     666     1126    1519    1860    1866    1789    1336    874     407     206     
482    2008 1034    477     1559    360     954     1884    951     444     436     493     835     1530    1814    1944    1893    1315    986     550     145     
482    2009 982     344     1619    -7      1071    1817    1068    -253    96      523     1260    1436    1518    1923    2001    1559    841     810     24      
482    2010 828     272     1506    -177    832     1896    889     -483    -60     483     918     1098    1731    2183    1768    1317    836     516     -415    
482    2011 -999999 275     -999999 -82     -999999 -999999 -999999 154     25      519     1258    -999999 -999999 -999999 -999999 -999999 -999999 -999999 -999999 
