EUROPEAN CLIMATE ASSESSMENT & DATASET (ECA&D), file created on: 10-05-2011
THESE DATA CAN BE USED FREELY PROVIDED THAT THE FOLLOWING SOURCE IS ACKNOWLEDGED: 

Klein Tank, A.M.G. and Coauthors, 2002. Daily dataset of 20th-century surface
air temperature and precipitation series for the European Climate Assessment.
Int. J. of Climatol., 22, 1441-1453.
Data and metadata available at http://eca.knmi.nl

FILE FORMAT (MISSING VALUE CODE = -999999):

THIS FILE HOLDS DATA FOR STATION UKRAINE                                  IZJUM                                    (STAID:   1603)
LATITUDE: dd:mm:ss +49:12:00
LONGITUDE: ddd:mm:ss +037:18:00
ELEVATION: m   79

DATA IS FOR INDEX Mean of daily mean temperature (TG) with unit 0.01 Temperature (&#176;C)

01-06 SOUID: Source identifier
08-11 YEAR : YYYY
13-20 ANNUAL DATA VALUES
21-28 WINTER HALF YEAR DATA VALUES
29-36 SUMMER HALF YEAR DATA VALUES
37-44 WINTER (DJF) DATA VALUES
45-52 SPRING (MAM) DATA VALUES
53-60 SUMMER (JJA) DATA VALUES
61-68 AUTUMN (SON) DATA VALUES
69-76 JANUARY DATA VALUES
etc. 
157-164 DECEMBER DATA VALUES

1603   1995 -999999 -999999 -999999 -999999 1021    -999999 849     -406    147     363     1144    1581    2187    2056    1965    1546    753     184     -544    
1603   1996 -999999 -999999 -999999 -762    806     2042    867     -1067   -660    -362    897     1842    1948    2207    1971    1258    764     584     -387    
1603   1997 -999999 -999999 -999999 -999999 832     1992    749     -729    -394    131     712     1668    1956    2080    1936    1165    827     265     -537    
1603   1998 -999999 -999999 -999999 -406    964     2176    739     -382    -292    157     1106    1606    2219    2287    2021    1487    896     -140    -452    
1603   1999 -999999 -999999 -999999 -203    951     2229    734     -74     -75     434     1197    1230    2181    2441    2069    1462    893     -158    98      
1603   2000 -999999 -999999 -999999 -186    971     -999999 -999999 -550    -117    165     1360    1413    1875    2184    2078    1368    805     158     164     
1603   2001 -999999 -999999 -999999 -999999 -999999 2135    892     38      -242    291     1108    1423    1799    2490    2104    1523    761     379     -823    
1603   2002 -999999 -999999 -999999 -304    990     2109    929     -320    291     554     910     1498    1872    2511    1938    1669    786     363     -926    
1603   2003 -999999 -999999 -999999 -792    755     1931    813     -527    -929    -223    691     1794    1718    2100    1989    1358    797     304     -85     
1603   2004 -999999 -999999 -999999 -133    945     1942    -999999 -72     -250    520     895     1419    1759    2001    2063    -999999 846     310     -18     
1603   2005 -999999 -999999 -999999 -169    908     2007    958     23      -539    -142    1061    1743    1828    2070    2118    1633    926     384     -77     
1603   2006 -999999 -999999 -999999 -644    -999999 2140    1000    -1035   -840    83      941     1476    2102    2012    2309    1580    1101    327     122     
1603   2007 -999999 -999999 1840    12      1044    2247    873     196     -313    461     860     1798    2099    2283    2356    1593    941     88      -159    
1603   2008 951     -999999 1718    -300    1103    2095    913     -581    -148    696     1196    1421    1897    2213    2169    1376    1041    334     -231    
1603   2009 957     157     1719    -250    855     2125    1077    -455    -43     284     777     1501    2166    2329    1879    1642    1054    535     -241    
1603   2010 1040    91      1944    -435    1009    2413    1047    -800    -247    225     1042    1761    2285    2489    2460    1597    665     891     35      
1603   2011 -999999 14      -999999 -497    -999999 -999999 -999999 -679    -886    -1      869     -999999 -999999 -999999 -999999 -999999 -999999 -999999 -999999 
