EUROPEAN CLIMATE ASSESSMENT & DATASET (ECA&D), file created on: 10-05-2011
THESE DATA CAN BE USED FREELY PROVIDED THAT THE FOLLOWING SOURCE IS ACKNOWLEDGED: 

Klein Tank, A.M.G. and Coauthors, 2002. Daily dataset of 20th-century surface
air temperature and precipitation series for the European Climate Assessment.
Int. J. of Climatol., 22, 1441-1453.
Data and metadata available at http://eca.knmi.nl

FILE FORMAT (MISSING VALUE CODE = -999999):

THIS FILE HOLDS DATA FOR STATION IRELAND                                  DUBLIN PHOENIX PARK                      (STAID:    121)
LATITUDE: dd:mm:ss +53:21:50
LONGITUDE: ddd:mm:ss -006:19:09
ELEVATION: m   49

DATA IS FOR INDEX Mean of daily mean temperature (TG) with unit 0.01 Temperature (&#176;C)

01-06 SOUID: Source identifier
08-11 YEAR : YYYY
13-20 ANNUAL DATA VALUES
21-28 WINTER HALF YEAR DATA VALUES
29-36 SUMMER HALF YEAR DATA VALUES
37-44 WINTER (DJF) DATA VALUES
45-52 SPRING (MAM) DATA VALUES
53-60 SUMMER (JJA) DATA VALUES
61-68 AUTUMN (SON) DATA VALUES
69-76 JANUARY DATA VALUES
etc. 
157-164 DECEMBER DATA VALUES

121    1881 843     -999999 1173    -999999 767     1367    971     -46     411     546     679     1072    1258    1517    1322    1176    805     938     417     
121    1882 909     709     1168    586     844     1374    861     653     698     750     741     1036    1235    1450    1432    1098    922     562     294     
121    1883 859     535     1151    473     659     1343    894     545     584     300     709     969     1255    1354    1418    1191    904     588     482     
121    1884 925     641     1218    569     759     1440    940     666     560     643     640     991     1302    1477    1535    1350    926     545     446     
121    1885 827     557     1104    476     653     1318    846     438     551     437     716     807     1182    1483    1284    1146    703     695     474     
121    1886 847     486     1181    360     679     1421    1002    245     361     434     680     922     1295    1501    1461    1213    1050    740     237     
121    1887 860     562     1225    388     647     1555    801     448     490     407     596     936     1530    1632    1503    1138    766     501     353     
121    1888 839     459     1116    375     667     1301    946     490     277     359     664     977     1232    1315    1354    1147    887     807     544     
121    1889 899     619     1199    475     801     1375    924     504     367     587     689     1125    1349    1367    1408    1247    804     724     574     
121    1890 906     638     1198    549     813     1312    1040    623     441     646     740     1050    1358    1288    1292    1455    1009    656     287     
121    1891 858     554     1164    407     620     1408    909     356     597     425     606     828     1397    1424    1403    1321    876     531     524     
121    1892 803     490     1151    413     675     1332    849     281     435     288     677     1061    1230    1306    1455    1164    651     738     343     
121    1893 970     570     1321    422     968     1518    894     415     519     754     911     1236    1406    1542    1602    1215    910     557     542     
121    1894 894     615     1146    530     788     1354    898     423     634     622     904     843     1258    1451    1350    1066    865     766     542     
121    1895 842     489     1243    233     809     1407    942     121     16      591     761     1073    1355    1404    1461    1393    686     756     439     
121    1896 926     621     1277    537     903     1458    811     570     608     675     921     1116    1524    1495    1356    1245    648     545     411     
121    1897 944     522     1206    429     751     1480    1028    234     665     645     694     914     1406    1523    1508    1183    1085    816     645     
121    1898 988     724     1258    654     768     1430    1054    775     529     477     868     961     1298    1488    1501    1429    1063    670     763     
121    1899 953     694     1252    597     771     1525    1023    491     531     627     793     894     1420    1579    1571    1245    894     933     434     
121    1900 900     556     1237    384     719     1451    941     501     199     354     841     965     1332    1623    1394    1259    916     650     712     
121    1901 871     586     1225    502     728     1430    935     470     305     436     771     978     1229    1616    1438    1305    897     603     367     
121    1902 887     571     1128    403     755     1322    991     513     320     702     691     869     1249    1384    1331    1239    988     747     564     
121    1903 876     690     1112    582     753     1296    926     453     745     649     624     983     1179    1428    1276    1169    981     628     383     
121    1904 890     557     1203    416     761     1392    932     477     387     475     822     988     1270    1482    1418    1225    960     611     541     
121    1905 911     641     1208    549     780     1452    786     559     546     618     696     1024    1359    1629    1365    1161    708     492     738     
121    1906 906     571     1208    549     717     1480    983     572     314     575     618     955     1361    1465    1609    1226    970     755     405     
121    1907 871     605     1144    408     750     1320    948     467     347     670     696     884     1167    1417    1370    1325    920     600     551     
121    1908 937     603     1191    545     733     1392    1072    441     650     460     581     1155    1247    1521    1403    1225    1193    795     557     
121    1909 861     664     1163    524     744     1355    855     519     493     413     809     1012    1154    1441    1465    1082    960     519     434     
121    1910 877     573     1161    454     743     1378    864     410     524     584     665     977     1333    1375    1426    1179    1000    409     610     
121    1911 941     587     1275    523     812     1505    916     440     520     533     785     1117    1296    1648    1565    1221    941     587     607     
121    1912 884     644     1123    538     866     1261    839     449     558     715     805     1076    1252    1397    1134    1070    790     659     686     
121    1913 916     618     1177    575     762     1354    1027    514     519     533     739     1015    1277    1364    1418    1239    1041    801     512     
121    1914 939     690     1242    570     812     1450    958     529     680     581     840     1014    1311    1502    1533    1240    988     646     390     
121    1915 842     556     1166    375     757     1341    846     369     365     562     784     924     1256    1363    1400    1261    897     377     504     
121    1916 913     560     1215    572     704     1413    1034    782     420     367     723     1023    1137    1497    1595    1297    1067    737     288     
121    1917 850     507     1216    269     688     1438    963     258     260     416     564     1081    1317    1521    1471    1325    714     858     378     
121    1918 918     639     1157    552     766     1384    854     504     797     607     595     1091    1239    1380    1528    1091    863     608     701     
121    1919 846     546     1203    475     764     1371    796     384     326     376     750     1167    1310    1297    1503    1182    880     324     610     
121    1920 945     620     1180    618     828     1332    1044    562     687     655     757     1071    1306    1365    1323    1250    1025    858     481     
121    1921 1023    740     1256    613     816     1489    1079    774     582     711     724     1011    1342    1719    1401    1326    1181    727     737     
121    1922 865     709     1107    598     724     1291    909     478     578     543     461     1160    1252    1313    1308    1135    881     713     533     
121    1923 900     670     1174    594     722     1446    831     624     630     638     690     836     1295    1614    1424    1177    948     363     529     
121    1924 907     550     1166    518     695     1380    966     591     429     424     631     1028    1337    1426    1376    1185    924     790     726     
121    1925 887     672     1204    597     736     1474    850     613     438     524     678     1003    1390    1530    1499    1111    1023    410     388     
121    1926 950     628     1268    554     816     1490    895     598     688     659     855     936     1266    1604    1592    1345    789     556     498     
121    1927 909     598     1189    500     848     1382    929     492     512     732     804     1006    1131    1520    1487    1169    1009    608     406     
121    1928 926     637     1172    536     766     1373    998     561     649     588     723     985     1213    1502    1398    1201    1039    752     487     
121    1929 906     615     1215    423     773     1403    997     369     412     613     675     1029    1234    1492    1477    1373    938     682     547     
121    1930 891     575     1215    425     770     1421    947     475     233     547     750     1011    1353    1477    1430    1257    1008    574     528     
121    1931 899     573     1197    462     753     1415    926     384     476     460     775     1024    1416    1464    1366    1129    900     751     619     
121    1932 932     652     1221    585     709     1494    917     695     432     507     646     974     1376    1564    1538    1216    830     707     680     
121    1933 995     618     1399    478     949     1614    1015    313     438     722     959     1167    1445    1718    1672    1421    1028    596     424     
121    1934 1013    625     1313    510     809     1552    1025    619     484     581     731     1111    1482    1717    1453    1374    1045    656     853     
121    1935 949     741     1265    670     810     1527    947     544     607     725     735     968     1392    1593    1593    1298    945     597     363     
121    1936 925     569     1232    382     786     1470    977     343     443     714     627     1011    1359    1463    1585    1338    1035    555     604     
121    1937 919     601     1283    572     772     1471    938     572     536     299     901     1121    1337    1519    1554    1254    908     654     347     
121    1938 992     676     1216    519     895     1403    1103    600     620     923     723     1034    1324    1421    1462    1324    1052    934     457     
121    1939 962     696     1273    504     876     1453    1028    411     659     669     854     1104    1349    1485    1520    1314    890     884     396     
121    1940 942     583     1297    348     904     1494    980     108     553     677     902     1134    1539    1401    1545    1252    999     690     502     
121    1941 909     547     1233    345     711     1445    1074    140     397     547     652     931     1401    1504    1430    1472    1070    679     656     
121    1942 929     637     1261    462     880     1446    894     422     292     672     912     1057    1339    1485    1510    1256    945     479     731     
121    1943 979     682     1268    655     907     1441    996     567     669     690     996     1037    1342    1507    1471    1245    1064    676     470     
121    1944 961     661     1286    547     886     1482    908     709     455     580     1002    1080    1287    1557    1594    1181    891     654     522     
121    1945 1038    651     1324    486     994     1484    1120    162     804     891     970     1121    1394    1553    1504    1393    1168    797     687     
121    1946 926     723     1205    587     805     1362    1053    446     631     604     852     960     1240    1490    1351    1329    1041    789     372     
121    1947 944     521     1321    278     808     1520    1094    385     56      450     851     1126    1401    1480    1675    1381    1113    787     555     
121    1948 991     728     1235    523     911     1412    1092    462     556     889     837     1003    1280    1490    1462    1330    1048    899     622     
121    1949 1042    755     1351    646     884     1532    1117    623     697     640     978     1036    1429    1601    1564    1494    1141    715     570     
121    1950 936     721     1267    571     871     1505    908     575     567     744     748     1117    1507    1545    1464    1210    981     532     208     
121    1951 908     497     1205    328     684     1428    1063    431     346     473     663     915     1334    1538    1410    1362    1083    743     562     
121    1952 923     636     1286    421     954     1496    859     289     412     716     913     1232    1353    1599    1532    1069    949     554     429     
121    1953 991     594     1280    487     838     1456    1076    468     570     590     678     1240    1372    1483    1510    1386    1004    841     723     
121    1954 927     684     1172    538     826     1339    996     451     429     638     774     1065    1277    1392    1345    1167    1153    661     731     
121    1955 937     592     1318    448     754     1529    1034    382     207     382     924     962     1297    1607    1675    1432    878     796     653     
121    1956 919     608     1224    415     868     1360    1017    383     195     724     748     1128    1278    1500    1299    1385    963     705     693     
121    1957 984     746     1242    602     945     1457    976     599     507     987     807     1036    1360    1536    1470    1233    1028    665     536     
121    1958 948     612     1262    506     750     1441    1098    458     526     452     775     1023    1323    1505    1491    1447    1069    781     504     
121    1959 1042    682     1362    476     953     1572    1111    293     646     801     901     1155    1448    1629    1635    1391    1208    731     632     
121    1960 967     700     1312    512     951     1478    1004    503     394     712     911     1229    1501    1500    1435    1290    998     723     393     
121    1961 986     704     1285    529     984     1423    1022    432     787     902     977     1073    1370    1435    1462    1391    995     681     318     
121    1962 881     569     1172    455     710     1357    955     487     571     365     769     999     1258    1403    1407    1189    1044    630     433     
121    1963 877     513     1206    224     848     1391    1026    55      179     706     843     995     1356    1411    1406    1218    1111    747     451     
121    1964 964     663     1294    517     881     1435    1015    575     526     560     868     1214    1322    1527    1451    1369    918     760     459     
121    1965 912     596     1224    415     871     1398    940     397     385     643     848     1123    1395    1331    1467    1174    1119    521     506     
121    1966 961     678     1259    549     870     1438    950     499     651     766     749     1091    1450    1448    1416    1395    907     549     590     
121    1967 945     644     1238    564     817     1461    952     538     564     702     857     892     1382    1559    1438    1292    995     566     530     
121    1968 940     604     1208    467     781     1407    1118    575     284     654     747     941     1381    1396    1442    1339    1238    774     482     
121    1969 922     619     1269    408     765     1489    1025    559     160     463     768     1064    1304    1603    1555    1307    1296    464     453     
121    1970 960     589     1312    415     829     1505    1070    433     353     508     716     1261    1519    1485    1512    1371    1085    753     482     
121    1971 999     677     1267    544     799     1437    1121    571     584     581     779     1037    1245    1584    1475    1474    1217    668     737     
121    1972 908     692     1164    552     807     1333    963     431     484     600     823     1000    1134    1491    1368    1154    1115    614     663     
121    1973 967     702     1275    605     830     1490    983     624     520     654     740     1094    1444    1496    1528    1336    955     659     522     
121    1974 916     649     1175    570     777     1382    834     647     539     564     748     1019    1261    1446    1435    1128    773     603     793     
121    1975 990     654     1296    674     761     1591    1010    636     585     528     850     907     1411    1679    1679    1240    1096    690     544     
121    1976 974     698     1339    602     834     1614    938     639     623     589     816     1097    1613    1644    1585    1268    946     600     262     
121    1977 938     561     1219    352     826     1424    1006    275     536     747     747     983     1222    1548    1494    1307    1202    501     659     
121    1978 945     635     1227    473     815     1395    1146    355     398     666     665     1108    1293    1435    1454    1397    1183    857     493     
121    1979 868     576     1200    312     688     1443    1027    146     296     466     715     885     1356    1557    1413    1266    1087    726     468     
121    1980 914     619     1227    453     802     1373    982     317     581     534     828     1044    1291    1357    1469    1366    845     738     599     
121    1981 933     674     1267    538     887     1459    957     559     445     838     758     1061    1314    1462    1598    1398    711     770     250     
121    1982 -999999 580     1314    444     885     1500    1064    456     646     658     902     1096    1408    1570    1520    1377    1057    723     533     
121    1983 -999999 -999999 1312    519     790     1622    1110    650     371     734     660     969     1375    1779    1705    1366    1087    870     722     
121    1984 -999999 -999999 1332    562     818     1583    1067    379     585     567     878     1011    1445    1614    1686    1346    1110    744     644     
121    1985 938     -999999 1248    -999999 833     1365    1045    286     483     580     892     1028    1205    1525    1360    1473    1141    517     688     
121    1986 -999999 -999999 1163    430     755     1373    1030    401     175     609     606     1045    1382    1499    1239    1194    1108    776     617     
121    1987 973     666     1282    514     860     1448    1002    411     515     561     974     1049    1240    1577    1521    1323    958     726     788     
121    1988 1017    721     1278    639     919     1451    1033    595     522     728     896     1132    1450    1432    1469    1284    1083    731     839     
121    1989 1084    -999999 1337    774     895     1594    1126    776     700     798     681     1195    1388    1788    1600    1354    1208    817     644     
121    1990 1065    -999999 1327    699     1001    1528    1061    731     723     904     838     1256    1312    1598    1666    1275    1155    750     502     
121    1991 987     -999999 1309    448     918     1493    1017    449     391     788     803     1158    1222    1603    1645    1412    1005    647     677     
121    1992 -999999 -999999 1308    657     969     1506    951     570     719     814     858     1225    1498    1567    1451    1239    802     813     518     
121    1993 -999999 -999999 1274    639     918     1459    938     689     712     740     982     1034    1416    1506    1453    1250    867     698     552     
121    1994 -999999 -999999 1184    -999999 838     1401    1056    560     466     795     778     937     1304    1499    1396    1182    1011    977     647     
121    1995 1022    -999999 1329    591     818     1590    1138    495     642     551     864     1041    1331    1667    1763    1292    1305    812     445     
121    1996 921     683     1221    483     737     1434    1019    610     388     517     842     855     1332    1517    1448    1324    1124    604     468     
121    1997 -999999 -999999 1282    509     908     1471    1092    437     644     801     908     1019    1257    1521    1626    1338    1076    861     664     
121    1998 1017    -999999 1257    685     892     1441    1042    576     821     816     703     1150    1322    1466    1530    1357    1058    709     640     
121    1999 1013    715     1318    586     948     1452    1107    522     601     744     911     1188    1254    1614    1483    1450    1063    800     470     
121    2000 958     -999999 1240    536     825     1449    987     514     631     755     656     1060    1335    1469    1539    1368    965     628     545     
121    2001 962     585     1265    462     811     1454    1133    384     458     518     758     1155    1317    1533    1508    1307    1266    809     450     
121    2002 1019    -999999 1266    612     907     1437    1049    712     675     748     865     1107    1325    1449    1534    1306    968     872     641     
121    2003 1014    709     1344    564     914     1550    1042    536     511     718     912     1112    1407    1630    1607    1384    927     810     558     
121    2004 1035    678     1369    543     934     1555    1075    551     519     696     948     1158    1507    1504    1654    1435    974     820     645     
121    2005 1046    736     1349    603     916     1565    1107    670     483     803     862     1080    1525    1590    1580    1453    1224    640     594     
121    2006 1062    688     1405    546     873     1621    1178    531     509     609     866     1145    1536    1763    1561    1554    1220    760     650     
121    2007 1056    763     1351    638     988     1472    1128    677     583     669     1130    1169    1405    1488    1522    1387    1147    850     612     
121    2008 999     752     1328    618     922     1509    997     650     590     654     826     1282    1358    1587    1579    1319    947     726     449     
121    2009 1011    642     1347    468     959     1538    1097    427     535     762     936     1180    1451    1552    1609    1345    1183    760     357     
121    2010 877     567     1297    284     848     1491    980     198     297     589     889     1066    1432    1606    1432    1348    1040    549     44      
121    2011 -999999 563     -999999 380     -999999 -999999 -999999 392     739     628     1048    -999999 -999999 -999999 -999999 -999999 -999999 -999999 -999999 
