EUROPEAN CLIMATE ASSESSMENT & DATASET (ECA&D), file created on: 10-05-2011
THESE DATA CAN BE USED FREELY PROVIDED THAT THE FOLLOWING SOURCE IS ACKNOWLEDGED: 

Klein Tank, A.M.G. and Coauthors, 2002. Daily dataset of 20th-century surface
air temperature and precipitation series for the European Climate Assessment.
Int. J. of Climatol., 22, 1441-1453.
Data and metadata available at http://eca.knmi.nl

FILE FORMAT (MISSING VALUE CODE = -999999):

THIS FILE HOLDS DATA FOR STATION SWEDEN                                   JACKVIK                                  (STAID:   1427)
LATITUDE: dd:mm:ss +66:22:47
LONGITUDE: ddd:mm:ss +017:00:00
ELEVATION: m  430

DATA IS FOR INDEX Mean of daily mean temperature (TG) with unit 0.01 Temperature (&#176;C)

01-06 SOUID: Source identifier
08-11 YEAR : YYYY
13-20 ANNUAL DATA VALUES
21-28 WINTER HALF YEAR DATA VALUES
29-36 SUMMER HALF YEAR DATA VALUES
37-44 WINTER (DJF) DATA VALUES
45-52 SPRING (MAM) DATA VALUES
53-60 SUMMER (JJA) DATA VALUES
61-68 AUTUMN (SON) DATA VALUES
69-76 JANUARY DATA VALUES
etc. 
157-164 DECEMBER DATA VALUES

1427   1961 -28     -999999 689     -999999 -171    1147    251     -1594   -862    -508    -437    424     1076    1346    1015    683     413     -347    -1587   
1427   1962 -263    -974    558     -1433   -450    871     -71     -1409   -1290   -1635   -43     342     711     1031    865     426     178     -827    -1564   
1427   1963 -57     -995    757     -1444   -107    1028    -30     -1313   -1457   -1026   -67     772     866     1062    1151    738     119     -951    -689    
1427   1964 -12     -699    598     -844    -162    930     64      -395    -1489   -846    -138    497     764     1100    921     419     362     -600    -821    
1427   1965 -228    -750    631     -1126   -304    1008    -79     -1711   -815    -918    -160    171     947     1033    1043    743     134     -1120   -2098   
1427   1966 -342    -1459   556     -2209   -522    1107    -126    -2189   -2355   -1205   -597    233     1302    1143    883     354     -169    -563    -1071   
1427   1967 -135    -852    666     -1339   -85     1024    175     -2090   -805    -402    -224    368     836     1073    1156    770     -23     -216    -2073   
1427   1968 -226    -1060   575     -1837   -183    952     -325    -2046   -1362   -630    -51     135     911     1061    883     501     -529    -946    -674    
1427   1969 -274    -1149   670     -1467   -378    1210    -172    -1764   -2015   -1025   -263    158     1133    1164    1331    479     138     -1143   -1600   
1427   1970 -163    -1173   670     -1798   -246    1188    -160    -1828   -1983   -696    -433    385     1274    1231    1062    482     -36     -930    -625    
1427   1971 -195    -902    568     -1033   -501    1015    -261    -1267   -1225   -1360   -411    270     935     1103    1004    483     -48     -1225   -682    
1427   1972 -15     -881    704     -1133   -148    1179    -24     -1428   -1301   -639    -154    348     1165    1352    1018    477     112     -666    -515    
1427   1973 -127    -556    610     -799    -157    1117    -305    -615    -1317   -411    -375    310     971     1512    863     352     -284    -985    -1650   
1427   1974 15      -893    749     -1116   -93     1091    -2      -786    -890    -769    18      476     1073    1168    1031    716     -18     -705    -1186   
1427   1975 10      -675    559     -970    -150    913     139     -1174   -505    -445    -385    374     709     1047    975     608     200     -392    -930    
1427   1976 -201    -823    613     -1278   -221    1049    -228    -2040   -836    -927    -281    543     899     1180    1065    241     -183    -744    -1341   
1427   1977 -193    -1018   504     -1580   -283    969     -83     -1583   -1843   -488    -533    165     748     1149    1002    468     57      -778    -813    
1427   1978 -285    -961    597     -1410   -330    1081    -61     -1640   -1815   -854    -419    281     1050    1241    950     455     -43     -596    -2123   
1427   1979 -192    -1157   654     -1887   -202    1120    -162    -2034   -1464   -692    -238    324     1041    1266    1049    459     -215    -727    -1148   
1427   1980 -226    -1126   805     -1572   -248    1253    -175    -1733   -1851   -1113   -24     401     1255    1370    1135    676     -230    -970    -1677   
1427   1981 -295    -1214   653     -1562   -330    971     -174    -1448   -1562   -1423   -137    575     718     1195    992     549     -65     -1008   -2011   
1427   1982 -80     -1009   597     -1515   -94     957     -37     -1717   -741    -485    -135    338     683     1167    1011    491     32      -638    -1009   
1427   1983 -101    -784    682     -1099   -104    971     -112    -1243   -1039   -829    -80     597     869     1165    876     643     -11     -970    -1249   
1427   1984 -93     -981    729     -1314   -77     1031    -158    -1832   -832    -982    -31     783     981     1122    988     506     18      -1004   -853    
1427   1985 -371    -1162   606     -1716   -375    1110    -87     -1945   -2419   -886    -491    249     1025    1242    1060    526     196     -991    -2168   
1427   1986 -162    -1131   627     -1857   -101    1069    14      -2105   -1237   -489    -364    542     1196    1170    844     354     175     -493    -1603   
1427   1987 -211    -1121   578     -1767   -351    941     121     -2149   -1526   -1150   -207    310     898     1107    817     524     408     -579    -1065   
1427   1988 -97     -813    719     -1217   -358    1202    0       -1180   -1418   -1078   -437    437     1124    1417    1061    687     32      -720    -1138   
1427   1989 69      -607    689     -822    -30     1019    93      -614    -703    -509    -36     456     951     1054    1048    643     -86     -270    -1149   
1427   1990 99      -641    741     -1006   -55     1167    51      -1434   -376    -496    -94     423     1070    1285    1142    597     223     -673    -512    
1427   1991 -1      -685    675     -992    -173    1136    -3      -775    -1765   -712    -105    302     877     1298    1226    428     101     -541    -493    
1427   1992 17      -432    652     -587    -98     1034    -269    -653    -618    -405    -459    558     1160    1033    914     687     -629    -855    -562    
1427   1993 -80     -756    619     -841    -88     995     -141    -1147   -811    -540    -235    505     730     1240    1006    436     -146    -713    -1334   
1427   1994 -999999 -999999 671     -999999 -195    1072    -57     -999999 -1780   -880    -25     325     802     1307    1098    495     -51     -614    -659    
1427   1995 -85     -645    593     -915    -170    1008    -19     -1151   -938    -484    -319    286     956     1048    1018    548     120     -729    -1431   
1427   1996 -88     -882    703     -1319   -187    1135    -79     -1030   -1509   -750    -83     276     891     1198    1308    603     134     -980    -1178   
1427   1997 43      -706    755     -960    -235    1299    -24     -663    -1047   -542    -502    330     1118    1513    1261    780     -13     -840    -971    
1427   1998 -999999 -808    -999999 -1044   -999999 1084    -80     -956    -1224   -887    -394    -999999 893     1333    1022    681     82      -1008   -1091   
1427   1999 -32     -937    737     -1348   -115    1069    330     -1547   -1411   -696    43      313     1109    1192    907     852     181     -38     -1359   
1427   2000 105     -621    759     -1055   -50     1106    304     -867    -930    -712    -47     610     891     1312    1110    656     410     -157    -1058   
